layers/maxent/arawak.asc
ncols         638
nrows         825
xllcorner     -2985163.8955
yllcorner     -3022031.214
cellsize      10000.0
NODATA_value  -9999
[rows 290 to 318 of 825, columns 325 to 389 of 638]
2.32232E-1 2.33412E-1 2.75412E-1 3.11944E-1 3.53594E-1 3.13303E-1 2.70556E-1 2.7594E-1 3.03856E-1 2.52855E-1 2.21317E-1 2.29938E-1 2.20702E-1 2.29324E-1 2.76194E-1 2.97588E-1 3.48126E-1 2.64176E-1 2.69576E-1 2.98592E-1 2.64093E-1 1.87416E-1 2.53917E-1 2.4347E-1 1.92357E-1 2.26093E-1 2.76884E-1 2.73436E-1 2.47766E-1 2.47804E-1 2.5847E-1 3.1786E-1 3.9477E-1 4.17431E-1 3.55606E-1 2.93192E-1 2.98657E-1 3.92052E-1 3.80959E-1 3.45579E-1 3.5849E-1 4.19307E-1 3.91221E-1 3.52844E-1 3.64535E-1 3.24843E-1 3.73459E-1 3.99917E-1 3.98147E-1 3.78116E-1 4.14846E-1 3.94664E-1 3.89153E-1 3.70268E-1 4.57584E-1 4.19388E-1 3.71617E-1 3.37449E-1 3.44506E-1 3.77244E-1 3.50597E-1 4.52725E-1 4.84746E-1 4.88131E-1 5.04403E-1
1.67362E-1 1.66055E-1 2.08549E-1 3.44814E-1 3.51091E-1 3.55168E-1 3.91168E-1 3.16878E-1 2.85605E-1 3.00973E-1 3.16754E-1 2.48198E-1 2.09814E-1 2.40776E-1 3.26428E-1 2.681E-1 2.91295E-1 2.63745E-1 2.41768E-1 2.73791E-1 2.36369E-1 1.79734E-1 2.46748E-1 1.99468E-1 2.1934E-1 2.47406E-1 2.85966E-1 2.50933E-1 2.72062E-1 2.99749E-1 3.72439E-1 4.07132E-1 4.69044E-1 3.73565E-1 3.38805E-1 3.8057E-1 3.31012E-1 3.27648E-1 3.76042E-1 4.14876E-1 4.01679E-1 4.45436E-1 4.48853E-1 4.00998E-1 3.85442E-1 3.52442E-1 3.83466E-1 4.17815E-1 4.19208E-1 3.85073E-1 4.30337E-1 4.11509E-1 4.13751E-1 4.07271E-1 4.55461E-1 3.72125E-1 4.46997E-1 4.25118E-1 4.0808E-1 3.04106E-1 3.13081E-1 4.17244E-1 4.42468E-1 3.53516E-1 4.5142E-1
2.14682E-1 1.45724E-1 1.87988E-1 2.62594E-1 3.72235E-1 2.61703E-1 2.58729E-1 3.5981E-1 3.49686E-1 3.72084E-1 2.96258E-1 2.63984E-1 2.24648E-1 2.71409E-1 2.45481E-1 2.21676E-1 2.53832E-1 2.70766E-1 2.32123E-1 2.44498E-1 3.04688E-1 2.2772E-1 1.9062E-1 2.24156E-1 2.52562E-1 2.84175E-1 2.21159E-1 2.85467E-1 3.55683E-1 3.80665E-1 4.01738E-1 3.93457E-1 3.7986E-1 3.48189E-1 3.61097E-1 4.11444E-1 4.69304E-1 4.37978E-1 4.72064E-1 4.7883E-1 4.85285E-1 4.42766E-1 4.0618E-1 4.92898E-1 3.99816E-1 3.6857E-1 3.61621E-1 4.1328E-1 3.9879E-1 4.1411E-1 4.18829E-1 4.10289E-1 4.3424E-1 4.67824E-1 4.8442E-1 4.53967E-1 4.54319E-1 4.31507E-1 3.59882E-1 3.25329E-1 3.25535E-1 4.22948E-1 4.66031E-1 4.41711E-1 4.65133E-1
2.51822E-1 2.10602E-1 1.89866E-1 2.55644E-1 3.36126E-1 3.41882E-1 3.74628E-1 2.35131E-1 2.62232E-1 2.28343E-1 1.99691E-1 1.96012E-1 2.14206E-1 2.40814E-1 2.19807E-1 2.76876E-1 2.87686E-1 2.5091E-1 2.23102E-1 2.38768E-1 2.33132E-1 1.72488E-1 1.98691E-1 2.22532E-1 2.82205E-1 2.32414E-1 2.16903E-1 3.20722E-1 3.70773E-1 3.33477E-1 3.34556E-1 3.85312E-1 3.83293E-1 4.38886E-1 4.6355E-1 4.8355E-1 5.02863E-1 4.89832E-1 4.719E-1 4.11804E-1 3.95775E-1 4.00957E-1 3.98335E-1 3.95774E-1 4.4658E-1 3.87358E-1 3.94491E-1 4.16719E-1 4.04273E-1 4.41402E-1 4.31274E-1 4.12255E-1 4.14469E-1 4.54362E-1 4.55286E-1 4.62282E-1 4.81084E-1 4.57988E-1 3.77927E-1 3.42818E-1 3.35621E-1 4.93414E-1 4.9549E-1 4.38663E-1 4.62462E-1
2.35301E-1 1.88775E-1 2.00838E-1 2.43309E-1 2.69063E-1 3.52257E-1 3.26382E-1 3.06413E-1 3.88413E-1 3.60922E-1 2.67259E-1 2.50469E-1 2.29517E-1 2.15244E-1 2.50059E-1 3.28436E-1 2.88449E-1 2.38748E-1 2.65437E-1 2.69945E-1 2.27924E-1 1.82529E-1 1.79383E-1 1.76436E-1 2.52952E-1 2.74112E-1 2.62317E-1 3.01295E-1 3.27178E-1 3.64765E-1 4.07833E-1 4.41271E-1 4.68531E-1 5.21737E-1 5.10003E-1 4.7114E-1 4.78584E-1 5.10972E-1 4.31059E-1 3.85246E-1 4.84173E-1 3.83677E-1 4.2081E-1 4.63842E-1 4.57791E-1 4.17914E-1 3.73276E-1 3.79079E-1 4.13191E-1 4.15921E-1 4.23537E-1 3.99635E-1 4.31452E-1 4.40833E-1 4.54089E-1 4.5823E-1 4.79743E-1 4.4942E-1 4.019E-1 3.29028E-1 3.6969E-1 3.73283E-1 4.74183E-1 4.00941E-1 4.23682E-1
3.21592E-1 2.68984E-1 2.37933E-1 2.98834E-1 3.01211E-1 3.39565E-1 3.3394E-1 3.30864E-1 2.96964E-1 3.57561E-1 4.07969E-1 3.48505E-1 2.3792E-1 2.43548E-1 3.05607E-1 2.99188E-1 2.43262E-1 2.63488E-1 2.55228E-1 1.85581E-1 2.1079E-1 1.78739E-1 1.64536E-1 1.9816E-1 2.23617E-1 3.09671E-1 2.90819E-1 2.78168E-1 3.23773E-1 3.62064E-1 4.31915E-1 4.86459E-1 5.17399E-1 5.23258E-1 4.71083E-1 5.02999E-1 4.71449E-1 4.22523E-1 4.01673E-1 4.26483E-1 4.55225E-1 3.7505E-1 4.41095E-1 4.49589E-1 4.74009E-1 4.432E-1 4.5316E-1 4.18548E-1 4.34379E-1 4.23615E-1 4.2741E-1 4.28139E-1 4.15104E-1 4.17782E-1 4.03214E-1 4.46556E-1 3.82548E-1 3.5655E-1 4.18902E-1 4.08784E-1 3.99666E-1 3.27222E-1 4.27046E-1 4.26202E-1 3.12601E-1
2.68912E-1 2.4521E-1 1.96467E-1 2.36195E-1 2.48695E-1 3.40057E-1 2.85067E-1 2.35126E-1 2.24693E-1 2.79724E-1 3.14816E-1 3.0656E-1 3.20089E-1 3.10126E-1 3.59586E-1 2.88997E-1 2.48729E-1 3.27881E-1 2.29933E-1 1.7922E-1 2.37768E-1 1.74629E-1 1.69986E-1 1.70704E-1 2.16752E-1 2.46291E-1 2.66933E-1 3.24144E-1 4.03136E-1 5.22831E-1 5.33708E-1 4.81269E-1 4.55112E-1 4.01476E-1 4.53622E-1 5.29874E-1 4.09961E-1 4.40201E-1 4.30503E-1 4.53954E-1 4.5226E-1 4.41438E-1 5.13618E-1 4.678E-1 5.08155E-1 4.93179E-1 4.63769E-1 4.24032E-1 4.30866E-1 3.94712E-1 3.84784E-1 4.11603E-1 3.7689E-1 3.88884E-1 4.04139E-1 4.0925E-1 3.56835E-1 3.80998E-1 4.11135E-1 3.55603E-1 3.43574E-1 3.71399E-1 4.57762E-1 3.84802E-1 2.83548E-1
2.61443E-1 2.20746E-1 2.16732E-1 1.96262E-1 2.17751E-1 3.2456E-1 3.8437E-1 2.68892E-1 2.19146E-1 2.30594E-1 2.87726E-1 2.64042E-1 2.12287E-1 2.32024E-1 2.86517E-1 2.89034E-1 2.46249E-1 2.81503E-1 2.60334E-1 2.07335E-1 1.73256E-1 1.68438E-1 1.64627E-1 1.87578E-1 2.48835E-1 2.44002E-1 2.97027E-1 4.36704E-1 4.98384E-1 4.59362E-1 4.82447E-1 3.92711E-1 3.99025E-1 4.70995E-1 5.89468E-1 4.92039E-1 3.90622E-1 4.39005E-1 4.92899E-1 4.15392E-1 4.39655E-1 4.4054E-1 4.60361E-1 4.69513E-1 4.59614E-1 5.04955E-1 4.21832E-1 4.07223E-1 4.05067E-1 3.58108E-1 3.84623E-1 3.93857E-1 3.7318E-1 3.66713E-1 3.85717E-1 3.7788E-1 3.27592E-1 3.82033E-1 3.86302E-1 3.85346E-1 3.26497E-1 3.11502E-1 3.56268E-1 4.14113E-1 2.88874E-1
3.04561E-1 2.54184E-1 2.14271E-1 1.69491E-1 2.37608E-1 2.88296E-1 3.43351E-1 3.3062E-1 3.15143E-1 2.63811E-1 2.86369E-1 2.09858E-1 2.02706E-1 3.17993E-1 3.3955E-1 2.70174E-1 2.79723E-1 3.14356E-1 2.3153E-1 2.11255E-1 1.78282E-1 1.54287E-1 1.76054E-1 2.19759E-1 2.47182E-1 2.78283E-1 4.36194E-1 4.5834E-1 4.3724E-1 4.74837E-1 4.488E-1 4.41971E-1 4.96301E-1 5.04305E-1 5.51969E-1 4.73992E-1 4.17319E-1 3.88574E-1 4.36025E-1 4.25823E-1 4.20314E-1 4.33533E-1 4.25014E-1 4.64271E-1 4.42571E-1 4.99313E-1 5.14193E-1 4.73395E-1 4.04072E-1 3.84738E-1 3.7051E-1 3.81651E-1 3.70344E-1 4.03468E-1 3.66526E-1 3.87676E-1 3.1954E-1 3.73208E-1 3.56245E-1 3.36655E-1 3.00562E-1 2.90414E-1 3.39758E-1 4.56912E-1 2.79226E-1
2.51259E-1 2.36467E-1 1.5793E-1 1.42031E-1 2.17351E-1 2.83159E-1 3.32337E-1 3.59041E-1 3.35759E-1 2.56707E-1 2.12175E-1 1.91194E-1 2.18592E-1 3.01096E-1 2.81694E-1 2.69505E-1 2.50254E-1 2.79567E-1 2.41094E-1 1.8857E-1 1.76514E-1 1.82117E-1 1.86334E-1 1.99469E-1 2.18881E-1 2.97221E-1 4.63616E-1 3.68799E-1 4.09587E-1 4.38735E-1 4.76599E-1 4.92936E-1 4.88626E-1 4.52415E-1 4.42959E-1 4.83704E-1 3.92128E-1 4.20681E-1 3.87832E-1 3.96904E-1 3.71368E-1 4.40384E-1 4.88499E-1 4.78513E-1 4.65106E-1 4.21578E-1 4.30726E-1 4.29324E-1 3.93712E-1 4.0138E-1 4.0029E-1 3.74848E-1 3.51735E-1 3.38908E-1 3.13938E-1 3.30021E-1 3.22704E-1 3.40438E-1 3.0178E-1 2.75825E-1 3.03312E-1 3.5343E-1 3.40521E-1 3.24471E-1 2.57881E-1
2.76341E-1 2.57046E-1 2.33535E-1 1.631E-1 2.57362E-1 2.69221E-1 2.85099E-1 3.37623E-1 3.15877E-1 2.48445E-1 1.93217E-1 1.9718E-1 2.25192E-1 2.32171E-1 2.11163E-1 2.49255E-1 2.35416E-1 2.2321E-1 2.71605E-1 2.2307E-1 1.88917E-1 1.87893E-1 1.88695E-1 2.17174E-1 2.42785E-1 3.63976E-1 3.48391E-1 3.84794E-1 4.55976E-1 4.51509E-1 4.04756E-1 4.4991E-1 4.80897E-1 4.17972E-1 4.56541E-1 4.27565E-1 3.66873E-1 4.1119E-1 3.81176E-1 3.54434E-1 4.21389E-1 3.80496E-1 4.50113E-1 4.30732E-1 4.65688E-1 4.30497E-1 3.98753E-1 4.25926E-1 3.89257E-1 4.1262E-1 4.04239E-1 4.09184E-1 3.63262E-1 3.1925E-1 3.06406E-1 2.90762E-1 3.09499E-1 3.19918E-1 3.13148E-1 3.07285E-1 3.46274E-1 3.16408E-1 2.84666E-1 2.63141E-1 2.04149E-1
2.55656E-1 2.86957E-1 2.463E-1 2.10802E-1 2.06885E-1 1.94153E-1 2.51285E-1 3.44339E-1 3.44883E-1 3.01911E-1 2.42106E-1 2.46077E-1 2.18619E-1 2.15615E-1 2.32081E-1 2.51177E-1 2.54546E-1 2.46121E-1 2.90168E-1 2.51006E-1 1.86336E-1 1.98375E-1 1.85414E-1 2.05962E-1 2.39896E-1 4.12814E-1 3.24E-1 4.55591E-1 5.0666E-1 4.41011E-1 4.14016E-1 4.74325E-1 5.21273E-1 4.71449E-1 4.9531E-1 3.94801E-1 3.37969E-1 4.20134E-1 3.52417E-1 3.46303E-1 3.68761E-1 3.51627E-1 4.41294E-1 4.2575E-1 4.50156E-1 4.08885E-1 4.27487E-1 4.56742E-1 4.27839E-1 3.79572E-1 4.01321E-1 4.18952E-1 3.66293E-1 3.29719E-1 3.18924E-1 2.92318E-1 2.79434E-1 2.63496E-1 2.7209E-1 2.75035E-1 3.21893E-1 3.42515E-1 2.76066E-1 2.08726E-1 1.78571E-1
2.19958E-1 2.82337E-1 2.64293E-1 2.44852E-1 1.55719E-1 2.13937E-1 2.97071E-1 3.53263E-1 3.54863E-1 3.26131E-1 3.4977E-1 3.04755E-1 2.75695E-1 2.28795E-1 2.18944E-1 2.49057E-1 2.6633E-1 2.36239E-1 3.17643E-1 1.8797E-1 1.797E-1 1.95751E-1 2.24604E-1 2.35594E-1 2.51698E-1 3.82743E-1 3.68959E-1 5.18916E-1 5.09965E-1 4.79881E-1 4.35745E-1 4.423E-1 4.61263E-1 4.78841E-1 4.01492E-1 3.66375E-1 3.94772E-1 4.28393E-1 3.10358E-1 3.33802E-1 3.63225E-1 3.72098E-1 4.45155E-1 4.6906E-1 4.4566E-1 4.22898E-1 4.41209E-1 3.68788E-1 4.10181E-1 3.62483E-1 3.39617E-1 3.53487E-1 3.26958E-1 3.35421E-1 2.77722E-1 3.05309E-1 3.26781E-1 2.56779E-1 2.74951E-1 3.26174E-1 3.13579E-1 3.01615E-1 2.52452E-1 1.85386E-1 1.70979E-1
2.7165E-1 2.23144E-1 2.30688E-1 2.41524E-1 1.60923E-1 2.56585E-1 3.14566E-1 3.24606E-1 3.56229E-1 2.57898E-1 3.27738E-1 3.31914E-1 2.85965E-1 2.43507E-1 2.08524E-1 2.21691E-1 2.32178E-1 2.19376E-1 3.01432E-1 2.17689E-1 1.96894E-1 1.93749E-1 2.13459E-1 2.10734E-1 2.58571E-1 4.12809E-1 3.36893E-1 4.97067E-1 4.96941E-1 4.10824E-1 3.98373E-1 4.42087E-1 4.73059E-1 3.92158E-1 3.8154E-1 3.32353E-1 3.4178E-1 3.45517E-1 2.64523E-1 3.11135E-1 3.06281E-1 3.94731E-1 4.441E-1 4.39588E-1 3.69831E-1 4.45122E-1 4.25084E-1 4.44849E-1 4.47329E-1 3.61156E-1 3.10882E-1 3.61861E-1 3.2075E-1 3.37078E-1 3.22174E-1 3.07893E-1 2.88744E-1 2.58707E-1 2.91283E-1 3.28408E-1 3.56857E-1 2.99196E-1 2.31283E-1 1.73823E-1 1.73733E-1
2.34462E-1 2.29081E-1 2.1453E-1 2.29081E-1 2.03315E-1 2.34479E-1 2.4927E-1 3.17176E-1 3.20202E-1 2.59339E-1 2.34917E-1 2.46612E-1 3.0896E-1 2.34162E-1 1.97987E-1 2.11272E-1 2.19557E-1 2.14749E-1 2.26558E-1 2.56452E-1 2.23893E-1 1.85744E-1 1.90994E-1 2.14264E-1 2.74817E-1 2.60521E-1 3.87601E-1 4.16885E-1 3.97018E-1 3.86505E-1 3.68499E-1 4.47294E-1 3.98058E-1 3.47766E-1 3.36378E-1 3.614E-1 3.3891E-1 2.88265E-1 2.60595E-1 2.85619E-1 3.8076E-1 3.96415E-1 4.23664E-1 3.77297E-1 3.81241E-1 4.55507E-1 3.72248E-1 4.2718E-1 4.06623E-1 3.78766E-1 3.25859E-1 3.1353E-1 3.57764E-1 3.01436E-1 2.5959E-1 3.19932E-1 2.67146E-1 2.30426E-1 2.61654E-1 3.11321E-1 2.7518E-1 2.58917E-1 2.01271E-1 1.75503E-1 1.67117E-1
1.83088E-1 2.00046E-1 2.37962E-1 2.22763E-1 1.81619E-1 2.25228E-1 1.97551E-1 2.53052E-1 3.03117E-1 2.66334E-1 2.43475E-1 2.3022E-1 2.56737E-1 2.45462E-1 2.0338E-1 2.19124E-1 2.27556E-1 2.05863E-1 1.9331E-1 2.77535E-1 2.41276E-1 1.78458E-1 1.64705E-1 2.04143E-1 2.22557E-1 2.27202E-1 2.98291E-1 3.15077E-1 2.7712E-1 3.00963E-1 3.26641E-1 3.81999E-1 2.60656E-1 2.99732E-1 2.83184E-1 3.59997E-1 3.15612E-1 2.07691E-1 2.48866E-1 2.59404E-1 4.03007E-1 3.63801E-1 4.2688E-1 3.35061E-1 3.34174E-1 3.75867E-1 4.11679E-1 4.00808E-1 3.70469E-1 4.06812E-1 3.6848E-1 3.33006E-1 3.30421E-1 3.11574E-1 2.83273E-1 3.35996E-1 3.46271E-1 3.06119E-1 2.96724E-1 3.22887E-1 3.57712E-1 2.60383E-1 1.9499E-1 1.75014E-1 1.6638E-1
1.35881E-1 2.15623E-1 1.99416E-1 2.03967E-1 1.89773E-1 1.8339E-1 2.01232E-1 2.9102E-1 3.02301E-1 3.19962E-1 2.76916E-1 2.51417E-1 2.49412E-1 2.12344E-1 2.04715E-1 2.37628E-1 2.17808E-1 1.90181E-1 2.00492E-1 2.55091E-1 2.24578E-1 2.18185E-1 1.82252E-1 1.76234E-1 1.88348E-1 2.36236E-1 2.6885E-1 2.76772E-1 2.49859E-1 2.57701E-1 3.68288E-1 2.6316E-1 2.37689E-1 2.98543E-1 2.05999E-1 2.52905E-1 2.73034E-1 2.05546E-1 2.2222E-1 3.50012E-1 3.06014E-1 3.62569E-1 4.30547E-1 3.19496E-1 3.31682E-1 4.14445E-1 3.9556E-1 3.84506E-1 3.59446E-1 3.57211E-1 3.84736E-1 3.43173E-1 3.01064E-1 3.30222E-1 3.34881E-1 3.9823E-1 4.14079E-1 3.78842E-1 2.93784E-1 3.33146E-1 3.39345E-1 2.59034E-1 2.1095E-1 1.81773E-1 1.6228E-1
1.21395E-1 1.89916E-1 1.77391E-1 1.57225E-1 1.83593E-1 1.8432E-1 1.8148E-1 2.27748E-1 2.87123E-1 3.02577E-1 2.76982E-1 2.4835E-1 2.40035E-1 2.00593E-1 1.9491E-1 2.11971E-1 1.93943E-1 1.91721E-1 1.75882E-1 2.05927E-1 2.48302E-1 2.68967E-1 1.75526E-1 1.77752E-1 1.859E-1 1.91765E-1 2.32891E-1 2.31007E-1 1.84693E-1 2.78191E-1 2.53506E-1 2.02498E-1 1.7474E-1 1.8502E-1 1.7527E-1 1.65798E-1 1.77481E-1 1.78734E-1 2.83433E-1 2.73228E-1 2.91619E-1 2.89158E-1 4.01163E-1 3.11619E-1 2.98475E-1 4.07868E-1 4.54649E-1 3.3129E-1 3.32435E-1 3.73707E-1 4.20956E-1 3.8378E-1 3.23927E-1 2.96193E-1 3.44598E-1 4.0075E-1 3.85293E-1 4.03469E-1 3.81441E-1 3.6213E-1 3.93441E-1 2.68923E-1 2.17251E-1 1.84974E-1 1.6274E-1
1.66801E-1 1.89436E-1 1.62822E-1 1.35087E-1 1.78701E-1 1.64863E-1 1.80455E-1 2.39036E-1 2.91824E-1 3.21653E-1 2.69802E-1 3.04405E-1 2.47147E-1 2.22023E-1 2.1776E-1 2.17957E-1 1.875E-1 1.81719E-1 1.77348E-1 1.91031E-1 1.81868E-1 2.35037E-1 2.05607E-1 1.59629E-1 1.62011E-1 1.61027E-1 1.80278E-1 1.9625E-1 1.97016E-1 2.50781E-1 2.63436E-1 1.64934E-1 1.20243E-1 1.38479E-1 1.28562E-1 1.49522E-1 1.14901E-1 1.28948E-1 2.01583E-1 2.79131E-1 2.59007E-1 2.59106E-1 4.26363E-1 2.99312E-1 3.46707E-1 4.35976E-1 4.34536E-1 3.30206E-1 3.26126E-1 3.74146E-1 3.44165E-1 3.6799E-1 3.46641E-1 3.5081E-1 3.5059E-1 3.76346E-1 3.59351E-1 3.73645E-1 3.39461E-1 3.93422E-1 3.22785E-1 2.55606E-1 2.0315E-1 1.76838E-1 1.52488E-1
1.05285E-1 1.29067E-1 1.06565E-1 1.36055E-1 9.93878E-2 1.17122E-1 1.80389E-1 2.67442E-1 2.80843E-1 2.97583E-1 3.37836E-1 3.32962E-1 2.66094E-1 2.55741E-1 1.97657E-1 2.02426E-1 1.71952E-1 1.7279E-1 1.69896E-1 1.77126E-1 1.78802E-1 1.8501E-1 2.26443E-1 1.75812E-1 1.38224E-1 1.55912E-1 1.43026E-1 1.50997E-1 1.90072E-1 1.94219E-1 2.07469E-1 1.25199E-1 1.10993E-1 9.62205E-2 9.87305E-2 1.33024E-1 1.10241E-1 1.8729E-1 2.51516E-1 2.78871E-1 2.29694E-1 2.6225E-1 3.37382E-1 3.77559E-1 3.82203E-1 5.25744E-1 4.06325E-1 4.15356E-1 3.51114E-1 3.65968E-1 3.38045E-1 3.25815E-1 3.78945E-1 3.37721E-1 2.99345E-1 3.00983E-1 3.39451E-1 3.03731E-1 3.09836E-1 4.81886E-1 2.69292E-1 2.22643E-1 1.95536E-1 1.78466E-1 1.5066E-1
9.77339E-2 7.82395E-2 9.6559E-2 1.04446E-1 7.02857E-2 1.31888E-1 1.99345E-1 2.43737E-1 2.65904E-1 2.24404E-1 2.70539E-1 3.39347E-1 2.84069E-1 2.42981E-1 1.98805E-1 1.8574E-1 1.7353E-1 1.60444E-1 1.58726E-1 1.72036E-1 1.43759E-1 1.63192E-1 1.81842E-1 2.11975E-1 2.37865E-1 1.5206E-1 1.22544E-1 1.2295E-1 1.62846E-1 1.80367E-1 1.68709E-1 1.15584E-1 1.15096E-1 1.1845E-1 1.39761E-1 1.33757E-1 1.15034E-1 3.27411E-1 3.04271E-1 2.22625E-1 2.01228E-1 2.65507E-1 3.81943E-1 4.00204E-1 4.22745E-1 5.04036E-1 4.62378E-1 3.71228E-1 3.31308E-1 3.29307E-1 3.16126E-1 3.27425E-1 4.38868E-1 3.6843E-1 3.15583E-1 2.9902E-1 3.2276E-1 2.71443E-1 3.28079E-1 4.02E-1 2.64129E-1 2.19485E-1 1.86393E-1 1.67162E-1 1.54033E-1
7.5043E-2 8.59856E-2 6.4237E-2 5.80544E-2 9.07998E-2 1.65047E-1 1.72912E-1 1.97656E-1 2.28066E-1 1.89004E-1 3.07759E-1 3.24512E-1 2.62654E-1 1.97687E-1 2.11222E-1 1.8374E-1 1.65934E-1 1.54002E-1 1.51381E-1 1.43219E-1 1.58229E-1 1.54253E-1 1.53754E-1 2.09628E-1 2.55979E-1 1.90656E-1 1.26132E-1 1.17792E-1 1.60923E-1 1.45208E-1 1.2796E-1 1.08007E-1 1.09389E-1 1.60205E-1 1.37638E-1 1.41539E-1 1.92772E-1 3.51203E-1 2.98757E-1 3.22703E-1 1.60931E-1 3.17237E-1 3.07452E-1 4.00001E-1 4.80633E-1 4.66038E-1 3.9688E-1 3.53871E-1 3.89148E-1 2.35984E-1 3.35579E-1 4.18855E-1 4.30005E-1 4.21169E-1 3.60644E-1 3.57946E-1 4.23756E-1 3.18658E-1 4.72207E-1 3.04031E-1 2.3562E-1 2.14123E-1 1.74576E-1 1.52177E-1 1.48308E-1
8.37469E-2 7.53197E-2 6.74333E-2 9.62515E-2 7.91146E-2 1.03468E-1 9.39552E-2 1.63536E-1 1.91813E-1 1.80434E-1 2.9029E-1 3.34786E-1 2.54144E-1 1.85239E-1 1.82246E-1 1.8151E-1 1.58882E-1 1.45763E-1 1.36034E-1 1.43208E-1 1.30862E-1 1.24974E-1 1.40411E-1 2.24005E-1 2.58664E-1 2.40479E-1 2.32485E-1 1.29317E-1 1.07001E-1 1.5996E-1 1.37211E-1 1.13523E-1 1.2959E-1 1.68524E-1 1.40577E-1 1.47144E-1 3.15148E-1 3.06193E-1 2.2801E-1 2.20145E-1 2.45581E-1 3.24406E-1 3.40667E-1 4.12539E-1 4.36266E-1 4.40475E-1 4.06085E-1 4.46833E-1 3.57223E-1 2.9699E-1 3.37004E-1 3.76077E-1 3.91201E-1 4.76048E-1 4.30858E-1 4.31126E-1 4.80154E-1 4.10627E-1 3.40205E-1 2.35854E-1 2.34221E-1 1.95537E-1 1.62222E-1 1.72705E-1 1.43815E-1
8.07862E-2 7.27468E-2 7.20807E-2 8.90117E-2 1.07635E-1 1.38225E-1 1.81472E-1 2.09537E-1 1.59154E-1 1.22473E-1 2.93103E-1 3.78177E-1 3.00324E-1 2.04382E-1 1.89283E-1 1.66097E-1 1.3895E-1 1.34509E-1 1.23423E-1 1.21734E-1 1.30611E-1 1.34909E-1 1.4369E-1 2.05767E-1 2.48075E-1 3.088E-1 2.23575E-1 1.70928E-1 1.31193E-1 1.65848E-1 1.67337E-1 1.26708E-1 1.55192E-1 1.2269E-1 1.3702E-1 1.17885E-1 2.64114E-1 2.36845E-1 2.49146E-1 2.23224E-1 2.51628E-1 3.13848E-1 3.93251E-1 4.51043E-1 3.91483E-1 4.29047E-1 5.05097E-1 4.2627E-1 3.1123E-1 3.28674E-1 3.12431E-1 3.48705E-1 4.58509E-1 4.11863E-1 3.80375E-1 5.08519E-1 3.91229E-1 2.81136E-1 2.59653E-1 2.71107E-1 2.36318E-1 1.83142E-1 1.77768E-1 1.61466E-1 1.45732E-1
8.75267E-2 8.69177E-2 8.25827E-2 8.4166E-2 7.04851E-2 1.517E-1 2.10941E-1 1.93706E-1 1.38788E-1 1.37158E-1 1.77611E-1 3.699E-1 3.1824E-1 3.39263E-1 2.26603E-1 1.8919E-1 1.49692E-1 1.76293E-1 1.64172E-1 1.50583E-1 1.17877E-1 1.02139E-1 1.15419E-1 1.9804E-1 2.32925E-1 2.5622E-1 2.57181E-1 2.24433E-1 1.80468E-1 2.00266E-1 1.55593E-1 1.41621E-1 1.57769E-1 1.34857E-1 1.5711E-1 1.22217E-1 1.2417E-1 1.42427E-1 1.52434E-1 1.43004E-1 1.94458E-1 2.99793E-1 3.81214E-1 4.22194E-1 3.5955E-1 5.5155E-1 4.689E-1 4.62301E-1 3.69636E-1 3.16114E-1 3.51995E-1 4.38658E-1 4.21857E-1 3.78651E-1 3.51416E-1 3.99518E-1 4.38621E-1 3.48621E-1 3.09929E-1 2.35546E-1 2.17926E-1 1.87112E-1 1.67422E-1 1.59446E-1 1.50858E-1
9.86845E-2 8.94296E-2 9.38192E-2 8.06639E-2 8.2955E-2 1.11119E-1 1.5427E-1 2.1401E-1 1.95271E-1 1.22968E-1 1.87999E-1 3.99106E-1 3.77504E-1 3.6739E-1 3.14007E-1 3.01251E-1 2.74806E-1 2.2981E-1 2.07691E-1 1.86026E-1 1.29286E-1 1.04202E-1 1.3495E-1 2.04192E-1 2.01617E-1 2.61622E-1 2.91387E-1 2.86695E-1 2.1651E-1 1.92869E-1 1.30447E-1 1.2581E-1 1.23053E-1 1.04473E-1 1.27579E-1 1.04721E-1 8.6842E-2 1.22847E-1 1.07212E-1 1.16562E-1 2.57842E-1 3.06716E-1 4.0232E-1 3.23131E-1 3.91667E-1 4.67696E-1 4.22366E-1 3.23207E-1 3.30127E-1 3.72825E-1 4.07204E-1 4.49262E-1 4.11192E-1 3.62788E-1 3.32352E-1 3.7631E-1 5.10077E-1 2.85352E-1 2.47268E-1 2.12469E-1 1.91592E-1 1.74927E-1 1.65702E-1 1.66262E-1 1.48711E-1
1.47308E-1 2.12182E-1 2.10564E-1 2.05062E-1 2.06534E-1 2.69006E-1 2.80394E-1 2.5833E-1 1.92174E-1 1.12773E-1 2.12362E-1 4.01175E-1 2.8802E-1 3.05819E-1 3.79356E-1 3.04384E-1 1.93882E-1 1.92639E-1 2.00648E-1 2.28218E-1 1.40217E-1 1.0104E-1 8.6367E-2 1.23994E-1 1.76467E-1 2.17446E-1 2.91672E-1 2.40779E-1 1.82151E-1 1.37089E-1 1.16948E-1 1.92134E-1 1.70636E-1 1.41041E-1 1.00409E-1 8.78174E-2 9.31621E-2 8.51916E-2 9.42634E-2 1.67599E-1 2.96265E-1 2.62207E-1 3.29195E-1 2.38679E-1 4.24448E-1 4.14371E-1 3.42528E-1 2.48104E-1 3.67091E-1 4.52359E-1 4.44012E-1 4.83919E-1 4.53379E-1 3.78087E-1 3.32242E-1 4.66149E-1 3.40465E-1 2.42054E-1 2.01681E-1 1.94501E-1 1.95761E-1 1.72884E-1 1.72385E-1 1.5682E-1 1.38382E-1
4.96328E-1 4.90358E-1 4.10739E-1 3.02288E-1 3.75318E-1 4.1689E-1 3.81657E-1 3.02477E-1 2.67516E-1 1.90615E-1 2.59616E-1 3.06595E-1 2.83594E-1 2.13501E-1 2.27111E-1 1.73487E-1 1.83744E-1 1.71641E-1 2.00051E-1 1.64715E-1 1.65839E-1 3.4492E-1 1.7787E-1 2.26234E-1 2.27923E-1 2.29222E-1 3.01484E-1 2.86343E-1 2.34592E-1 2.1506E-1 2.15191E-1 2.54217E-1 2.48922E-1 1.8514E-1 1.01864E-1 7.64627E-2 8.02028E-2 7.90589E-2 9.55411E-2 1.35252E-1 1.99999E-1 3.51498E-1 3.45178E-1 2.96134E-1 3.64443E-1 4.23957E-1 4.04698E-1 3.12043E-1 2.99571E-1 4.88358E-1 5.16665E-1 4.76342E-1 4.22618E-1 3.25783E-1 4.33399E-1 3.65034E-1 2.62937E-1 2.17379E-1 2.14137E-1 1.85571E-1 1.85527E-1 1.74116E-1 1.65564E-1 1.50873E-1 1.3234E-1
4.99612E-1 4.13338E-1 3.16275E-1 2.90176E-1 3.52034E-1 3.49867E-1 3.65324E-1 2.31353E-1 2.17161E-1 3.47928E-1 3.95185E-1 2.96318E-1 2.39209E-1 1.74729E-1 2.13357E-1 2.5004E-1 2.24677E-1 2.38362E-1 3.48339E-1 4.94853E-1 4.15422E-1 3.68877E-1 3.80469E-1 3.95864E-1 3.07286E-1 3.42813E-1 3.29298E-1 3.55716E-1 3.33779E-1 3.06705E-1 3.07426E-1 3.37546E-1 2.72245E-1 2.07413E-1 1.29639E-1 8.90975E-2 6.5631E-2 6.04189E-2 1.22659E-1 2.4569E-1 2.62806E-1 2.67855E-1 2.00557E-1 2.83433E-1 3.18196E-1 3.4888E-1 3.94923E-1 2.90547E-1 3.15997E-1 4.54109E-1 4.96291E-1 4.31705E-1 3.68141E-1 3.00548E-1 3.49618E-1 2.6956E-1 2.20877E-1 2.07973E-1 2.11631E-1 1.70022E-1 2.13145E-1 1.7886E-1 1.61288E-1 1.42919E-1 1.30774E-1
