layers/maxent/arawak.asc
ncols         638
nrows         825
xllcorner     -2985163.8955
yllcorner     -3022031.214
cellsize      10000.0
NODATA_value  -9999
[rows 87 to 115 of 825, columns 260 to 324 of 638]
3.25058E-2 2.04017E-2 2.39998E-2 1.971E-2 2.52224E-2 3.59855E-2 4.24109E-2 3.51299E-2 2.6117E-2 3.38194E-2 6.62705E-2 1.71115E-1 5.45109E-1 5.91946E-1 5.89438E-1 4.114E-1 3.4971E-1 4.11789E-1 4.4837E-1 4.29733E-1 4.26744E-1 3.50273E-1 3.10339E-1 3.30638E-1 3.65041E-1 2.76865E-1 2.55114E-1 4.01158E-1 4.89149E-2 6.59213E-2 5.78153E-2 2.20863E-1 1.87341E-1 7.13241E-2 6.56969E-2 1.37435E-1 1.30778E-1 1.26331E-1 2.29764E-1 2.60911E-1 2.91E-1 3.55451E-1 4.10536E-1 4.36522E-1 3.30798E-1 2.64287E-1 2.24711E-1 2.38986E-1 2.44703E-1 2.68082E-1 3.16108E-1 4.25711E-1 3.19521E-1 3.94908E-1 4.13273E-1 -9999 8.04394E-1 8.09263E-1 7.63834E-1 7.94677E-1 8.91765E-1 9.32721E-1 -9999 -9999 -9999
1.48496E-2 1.10635E-2 8.31592E-3 5.20529E-3 5.98607E-3 7.29426E-3 1.517E-2 1.25155E-2 9.08022E-3 1.84574E-2 4.30524E-2 1.25814E-1 5.15299E-1 5.26439E-1 5.53896E-1 3.61004E-1 2.97432E-1 4.26281E-1 4.34378E-1 3.90276E-1 3.78091E-1 2.81089E-1 2.41256E-1 2.26068E-1 2.82527E-1 1.89733E-1 2.03322E-1 5.57943E-2 9.97182E-2 8.51503E-2 4.81222E-2 1.2838E-1 2.15E-1 5.59604E-2 9.93125E-2 2.43102E-1 2.89047E-1 2.18321E-1 2.26935E-1 2.65005E-1 2.54753E-1 4.08163E-1 4.17076E-1 4.80351E-1 3.45385E-1 2.58813E-1 2.06435E-1 2.20655E-1 2.25259E-1 1.92439E-1 1.63289E-1 2.94082E-1 1.68569E-1 3.8358E-1 3.63077E-1 6.59542E-1 8.30687E-1 8.08969E-1 8.41981E-1 8.85678E-1 9.44992E-1 9.59042E-1 9.80196E-1 9.74542E-1 9.72903E-1
6.01756E-3 9.00707E-3 3.86063E-3 1.37516E-3 3.22943E-3 5.01526E-3 2.851E-3 7.22396E-3 9.84249E-3 1.45433E-2 9.52438E-3 5.0298E-2 1.81436E-1 3.6167E-1 3.5043E-1 2.94132E-1 2.73292E-1 4.49119E-1 4.2563E-1 3.95382E-1 3.72402E-1 3.04164E-1 1.7273E-1 1.72705E-1 2.10409E-1 4.30887E-1 1.3305E-1 6.69176E-2 6.71496E-2 5.71318E-2 1.07407E-1 1.31876E-1 2.07258E-1 2.17658E-1 1.28826E-1 1.57128E-1 2.39628E-1 2.50906E-1 2.45942E-1 2.384E-1 2.48994E-1 5.60325E-1 7.33487E-1 3.97357E-1 3.28546E-1 2.46317E-1 2.49206E-1 2.13978E-1 2.29839E-1 1.26895E-1 2.2728E-1 2.13413E-1 3.23528E-1 5.47096E-1 3.27419E-1 6.93969E-1 7.64876E-1 6.62768E-1 8.23997E-1 8.45715E-1 9.32145E-1 9.55685E-1 9.71374E-1 9.78982E-1 9.67267E-1
2.01692E-3 3.43412E-3 4.46803E-3 1.23736E-3 2.72892E-3 1.70716E-3 2.2004E-3 3.82867E-3 4.66308E-3 7.48728E-3 2.5667E-2 2.445E-2 6.63974E-2 1.23372E-1 4.07908E-2 1.65385E-1 3.28075E-1 4.06182E-1 3.796E-1 3.52121E-1 3.55295E-1 2.67081E-1 2.38444E-1 2.85228E-1 2.20905E-1 1.26403E-1 9.01551E-2 5.57132E-2 6.67909E-2 6.79934E-2 1.27932E-1 7.84284E-2 1.73758E-1 2.30839E-1 2.28886E-1 1.58646E-1 2.54762E-1 2.46153E-1 2.50645E-1 2.56922E-1 2.62666E-1 4.67744E-1 2.31307E-1 2.46644E-1 1.07065E-1 2.58902E-1 2.53449E-1 2.34976E-1 2.42241E-1 1.28706E-1 2.04698E-1 1.5892E-1 3.30543E-1 4.82918E-1 3.87092E-1 7.27604E-1 5.64924E-1 4.89285E-1 8.23461E-1 8.64096E-1 9.23253E-1 9.48334E-1 9.60621E-1 9.6114E-1 9.66634E-1
1.14453E-3 3.05118E-3 2.50858E-3 9.38123E-4 2.12016E-3 3.15168E-3 3.26607E-3 2.02695E-3 2.03038E-3 8.82518E-3 1.43069E-2 5.31773E-2 2.5706E-2 1.2012E-1 3.19378E-2 1.23628E-1 2.14845E-1 3.70352E-1 3.26234E-1 3.28456E-1 3.15937E-1 1.48636E-1 1.27365E-1 2.08712E-1 1.15258E-1 5.86331E-2 9.03222E-2 8.70931E-2 5.60415E-2 6.02227E-2 7.8508E-2 8.23381E-2 1.03466E-1 6.5499E-1 1.12653E-1 2.39843E-1 2.88889E-1 2.6334E-1 2.66265E-1 2.8702E-1 2.64247E-1 2.52937E-1 1.40532E-1 8.47869E-2 1.59134E-1 2.76449E-1 1.90946E-1 2.4923E-1 2.39995E-1 3.32441E-1 1.96682E-1 1.63565E-1 3.20406E-1 6.49975E-1 4.04484E-1 -9999 5.27741E-1 3.93397E-1 6.4349E-1 7.90349E-1 8.01463E-1 8.78986E-1 9.14484E-1 9.44032E-1 9.57742E-1
6.05592E-4 9.86608E-4 1.54234E-3 1.65792E-3 2.28865E-3 1.85408E-3 1.65411E-3 2.97499E-3 9.76887E-3 2.27549E-2 2.37682E-2 3.5232E-2 2.80495E-2 4.2941E-2 1.58263E-1 7.25744E-2 6.84674E-2 1.30092E-1 1.01407E-1 2.1271E-1 3.24094E-1 1.68145E-1 3.31437E-2 2.75867E-2 1.43154E-1 6.97506E-2 7.16437E-2 1.26723E-1 8.51325E-2 6.74106E-2 4.33174E-2 8.42156E-2 4.04047E-2 1.32233E-1 1.21941E-1 2.07881E-1 2.72099E-1 2.62614E-1 2.7867E-1 2.97049E-1 2.3601E-1 2.16237E-1 1.18612E-1 2.21329E-1 2.14683E-1 1.79195E-1 2.22221E-1 2.70342E-1 2.39435E-1 2.53634E-1 2.33744E-1 2.43609E-1 5.42373E-1 3.92172E-1 5.80513E-1 -9999 6.36765E-1 4.83583E-1 6.64492E-1 6.96809E-1 7.55092E-1 8.47265E-1 8.73962E-1 9.21682E-1 9.33194E-1
9.09111E-4 3.43899E-4 3.35299E-3 8.07315E-4 1.83265E-3 1.18023E-3 3.42344E-3 6.32997E-3 5.34656E-2 8.71713E-3 2.17189E-2 2.45681E-2 2.33827E-2 4.2249E-2 3.46419E-2 6.17485E-2 4.34584E-2 2.64454E-2 1.97414E-2 5.32174E-2 1.55664E-1 7.5315E-2 5.95166E-2 4.87982E-2 4.4062E-2 5.01578E-2 5.0488E-2 5.21456E-2 5.17216E-2 6.51577E-2 5.42881E-2 6.90655E-2 5.72496E-2 6.89586E-2 6.83024E-2 2.31758E-1 1.33512E-1 2.6992E-1 2.81086E-1 3.12836E-1 1.89204E-1 1.28588E-1 2.10397E-1 1.80693E-1 1.1001E-1 2.23396E-1 3.5631E-1 3.8497E-1 3.55181E-1 2.74184E-1 2.73898E-1 4.29865E-1 3.35049E-1 2.19546E-1 3.77399E-1 6.72308E-1 6.28011E-1 4.96429E-1 5.95099E-1 6.99031E-1 7.00396E-1 7.94407E-1 8.71199E-1 8.73951E-1 9.17019E-1
5.78996E-4 7.27827E-4 2.2509E-3 7.87202E-4 1.88793E-3 2.56149E-3 9.34543E-3 7.55505E-3 8.89962E-3 8.48094E-3 1.1036E-2 3.43034E-2 3.84256E-2 6.64048E-2 5.68789E-2 2.48309E-2 3.16075E-2 2.53804E-2 3.09432E-2 3.46424E-2 2.05315E-2 5.17747E-2 3.90383E-2 2.30717E-2 6.98849E-2 6.13952E-2 4.07659E-2 3.26118E-2 4.60649E-2 6.95735E-2 5.77406E-2 1.75086E-1 8.16856E-2 5.55008E-2 6.89754E-2 6.65326E-2 8.23102E-2 1.36999E-1 2.35398E-1 3.02163E-1 2.56828E-1 1.7942E-1 1.88604E-1 2.25858E-1 2.02249E-1 1.86478E-1 3.49817E-1 4.2115E-1 4.13596E-1 4.46957E-1 2.79198E-1 3.27706E-1 2.4776E-1 2.14297E-1 2.56692E-1 -9999 6.04585E-1 4.35571E-1 5.38545E-1 5.85879E-1 6.22719E-1 7.28117E-1 8.20697E-1 8.22968E-1 8.73781E-1
4.93629E-4 6.30181E-4 1.61707E-3 1.64211E-3 1.02099E-3 8.11944E-4 7.73208E-3 1.92538E-3 5.44621E-3 2.13493E-3 1.24707E-2 4.07439E-2 3.20068E-2 2.47009E-2 1.13649E-1 2.11849E-2 3.19092E-2 3.5034E-2 5.19476E-2 3.73712E-2 3.61068E-2 4.95392E-2 3.4133E-2 3.24019E-2 3.06808E-2 4.25262E-2 5.45256E-2 4.51409E-2 8.03083E-2 9.41047E-2 9.83624E-2 9.84005E-2 1.03627E-1 1.19343E-1 5.05522E-2 5.96543E-2 1.61419E-1 1.02253E-1 1.1663E-1 2.38794E-1 2.48743E-1 2.47633E-1 2.43184E-1 2.39875E-1 2.22977E-1 2.00105E-1 2.2222E-1 1.47813E-1 1.50325E-1 1.36845E-1 1.44539E-1 2.17435E-1 2.48922E-1 2.11645E-1 2.78124E-1 -9999 5.79173E-1 3.90077E-1 4.10284E-1 4.91861E-1 6.08419E-1 7.04157E-1 8.00007E-1 8.01814E-1 8.57765E-1
7.80105E-4 7.30977E-4 1.59695E-3 2.0255E-3 7.31805E-4 3.79456E-4 9.08097E-4 1.64219E-3 1.4768E-3 1.00468E-3 1.45814E-2 2.83775E-2 2.77664E-2 3.27235E-2 2.08411E-2 1.54511E-2 1.91269E-2 8.96428E-2 1.98274E-2 2.71684E-2 2.56718E-2 4.50649E-2 3.8104E-2 4.90662E-2 1.95502E-2 3.22868E-2 1.27508E-1 8.43892E-2 9.35528E-2 6.83898E-2 7.05279E-2 7.83764E-2 1.37945E-1 7.58459E-2 8.81087E-2 4.43546E-2 8.09339E-2 6.56331E-2 1.02691E-1 8.71533E-2 1.6874E-1 2.26424E-1 2.50128E-1 2.16413E-1 2.48403E-1 2.3732E-1 2.19913E-1 1.34658E-1 1.22144E-1 9.3452E-2 1.18201E-1 2.20961E-1 2.00037E-1 2.04632E-1 3.12468E-1 7.96951E-1 4.03165E-1 3.22491E-1 3.27704E-1 4.26477E-1 5.20649E-1 6.84048E-1 7.68431E-1 8.11728E-1 8.31331E-1
1.23657E-3 1.98249E-3 1.34076E-3 2.64897E-3 5.98795E-4 4.37602E-4 2.31871E-3 2.38902E-3 1.0785E-3 3.26761E-3 2.34517E-2 4.71371E-2 1.38919E-2 3.00999E-2 2.30676E-2 3.15606E-2 2.57825E-2 8.19406E-2 2.86654E-2 3.12539E-2 4.29539E-2 4.7036E-2 6.51764E-2 6.045E-2 5.53825E-2 2.5148E-2 5.76212E-2 4.74968E-2 6.01497E-2 4.39321E-2 4.92289E-2 9.67913E-2 1.01023E-1 1.12295E-1 1.0989E-1 6.90612E-2 4.61111E-2 9.14008E-2 2.1607E-1 5.28071E-2 1.1675E-1 1.0233E-1 2.29399E-1 2.0245E-1 2.14689E-1 2.19737E-1 2.12816E-1 2.18088E-1 1.8924E-1 1.19969E-1 2.04987E-1 1.97699E-1 2.08347E-1 2.38618E-1 3.00282E-1 3.00752E-1 2.73883E-1 3.28722E-1 3.20363E-1 3.41681E-1 5.05566E-1 6.57824E-1 7.46563E-1 8.03125E-1 8.43648E-1
1.41433E-3 1.35756E-3 1.49409E-3 2.52663E-3 1.095E-3 1.28307E-3 2.64201E-3 1.98551E-3 2.01389E-3 2.69445E-2 2.08161E-2 2.72393E-2 3.99585E-2 4.10724E-2 2.45274E-2 3.43908E-2 2.5057E-2 4.41832E-2 3.47514E-2 4.08656E-2 4.94694E-2 2.69086E-2 5.14405E-2 4.88348E-2 7.03041E-2 9.97531E-2 1.17033E-1 5.25501E-2 9.27117E-2 7.40627E-2 1.10465E-1 1.12798E-1 9.89046E-2 1.08133E-1 1.0783E-1 7.55179E-2 1.06864E-1 7.28429E-2 4.53235E-2 9.61124E-2 1.07051E-1 9.6685E-2 1.98007E-1 1.66721E-1 1.76812E-1 2.07257E-1 2.05594E-1 1.99319E-1 1.99945E-1 2.00527E-1 2.10471E-1 1.98384E-1 1.9011E-1 2.50872E-1 3.12197E-1 3.71106E-1 2.45057E-1 3.05301E-1 2.9505E-1 3.21806E-1 4.50562E-1 5.9807E-1 7.30458E-1 7.90529E-1 8.03142E-1
1.29806E-3 1.47853E-3 3.19617E-3 1.85761E-3 2.49615E-3 2.63685E-3 8.8135E-3 1.63575E-3 1.36739E-2 2.00008E-2 1.69186E-2 1.86306E-2 2.54854E-2 2.65063E-2 3.74436E-2 3.73982E-2 2.49836E-2 3.72834E-2 1.66214E-1 2.91201E-2 3.57854E-2 3.65033E-2 5.64677E-2 5.00651E-2 6.50913E-2 5.34554E-2 1.45351E-2 2.02471E-2 3.49524E-2 1.53587E-1 1.18838E-1 9.75116E-2 8.26228E-2 1.1171E-1 1.08569E-1 1.06587E-1 7.28569E-2 4.56823E-2 3.84999E-2 6.69638E-2 7.11342E-2 4.66172E-2 7.01386E-2 3.82148E-1 4.74848E-2 1.19033E-1 1.95895E-1 1.27316E-1 2.07463E-1 2.18245E-1 1.89404E-1 1.95963E-1 2.72111E-1 4.13658E-1 3.50245E-1 2.80364E-1 2.17326E-1 3.11275E-1 3.37826E-1 3.48542E-1 5.11559E-1 6.24312E-1 7.38084E-1 7.53719E-1 7.68539E-1
1.94441E-3 3.43426E-3 4.24965E-3 2.81994E-3 2.81554E-3 2.08045E-3 4.51859E-3 7.42844E-3 6.07526E-3 1.54217E-2 1.12619E-2 1.98701E-2 8.53574E-2 2.04922E-2 1.62698E-2 2.40534E-2 2.90446E-2 2.72603E-2 3.90151E-2 3.67108E-2 2.86676E-2 2.82013E-2 2.10287E-2 4.56473E-2 3.89268E-2 5.10109E-2 9.08883E-2 3.79427E-2 7.46703E-2 6.84753E-2 7.03546E-2 7.42843E-2 7.7323E-2 1.0667E-1 1.15995E-1 7.93555E-2 5.22117E-2 3.83955E-2 4.63857E-2 7.14292E-2 7.63043E-2 7.46516E-2 7.47538E-2 5.01087E-2 6.64343E-2 2.89527E-1 1.68541E-1 1.17403E-1 2.51219E-1 1.54736E-1 1.5715E-1 2.666E-1 2.73759E-1 4.82206E-1 3.24099E-1 2.80977E-1 2.99707E-1 3.9861E-1 3.20093E-1 4.01112E-1 5.69792E-1 6.56328E-1 7.13221E-1 6.43051E-1 7.31245E-1
5.68204E-3 5.71668E-3 5.72021E-3 5.45877E-3 4.88368E-3 1.05878E-2 8.20595E-3 1.61715E-2 7.52728E-3 2.74427E-2 2.00208E-2 8.10141E-3 9.91833E-3 9.92084E-3 1.0269E-2 2.09861E-2 1.56057E-2 2.13535E-2 1.74742E-2 3.94302E-2 2.54286E-2 2.48231E-2 4.59961E-2 6.82762E-2 6.02304E-2 4.53922E-2 4.22582E-2 5.42477E-2 2.52182E-2 2.88869E-2 3.55724E-2 6.85222E-2 6.7405E-2 7.62359E-2 6.09143E-2 5.94087E-2 5.26291E-2 5.20429E-2 4.05778E-2 6.25517E-2 6.45278E-2 7.13812E-2 8.52439E-2 5.82362E-2 6.97001E-2 1.70271E-1 7.66238E-2 7.23757E-2 8.29982E-2 1.41824E-1 1.19611E-1 1.52412E-1 2.77008E-1 2.92233E-1 2.29828E-1 2.39413E-1 2.45432E-1 3.09669E-1 3.18494E-1 4.98015E-1 6.63266E-1 6.96638E-1 6.55345E-1 6.11102E-1 6.78462E-1
1.03124E-2 1.00121E-2 1.32525E-2 1.10338E-2 1.14915E-2 1.29561E-2 1.80083E-2 1.90256E-2 8.09104E-3 3.94379E-2 2.01573E-2 3.62119E-3 2.67827E-2 1.24131E-2 3.98481E-2 1.1589E-2 4.04174E-2 2.06758E-2 3.19281E-2 2.57546E-2 1.75788E-2 3.59966E-2 4.38443E-2 4.41932E-2 4.42749E-2 4.98106E-2 3.26724E-2 3.82403E-2 2.65492E-2 2.24536E-2 2.8764E-2 5.24929E-2 1.01765E-1 4.98195E-2 5.23392E-2 2.77664E-2 4.8159E-2 6.17617E-2 4.41605E-2 3.62553E-2 5.27823E-2 6.55019E-2 5.36006E-2 4.07547E-2 9.21087E-2 1.3756E-1 3.56839E-2 1.30054E-1 1.09819E-1 7.74564E-2 2.49508E-1 2.1962E-1 2.99756E-1 2.46284E-1 2.2872E-1 2.16274E-1 2.55264E-1 2.98193E-1 3.18211E-1 5.15937E-1 6.64937E-1 6.45173E-1 6.16637E-1 6.23729E-1 6.399E-1
7.86356E-3 1.49074E-2 2.08466E-2 1.08439E-2 1.6825E-2 1.89299E-2 2.45905E-2 2.46917E-2 2.18776E-2 2.48051E-2 2.72105E-2 4.88727E-2 2.11932E-2 3.19831E-2 1.59418E-2 1.64526E-2 3.96292E-2 4.92626E-2 5.34694E-2 2.33857E-2 2.23184E-2 5.85561E-2 3.31991E-2 3.48948E-2 3.65794E-2 5.27756E-2 5.66508E-2 4.85401E-2 3.48553E-2 3.97416E-2 3.8668E-2 4.05738E-2 8.02043E-2 6.14969E-2 1.06619E-1 5.77943E-2 4.43363E-2 1.53798E-1 6.45222E-2 4.82277E-2 9.4995E-2 5.84706E-2 5.62686E-2 1.1794E-1 1.64203E-1 8.29358E-2 1.5353E-1 3.95034E-2 1.02097E-1 6.63785E-2 7.23117E-2 9.73205E-2 2.50936E-1 2.43817E-1 3.33663E-1 1.76187E-1 1.45247E-1 2.88494E-1 3.97518E-1 6.87869E-1 5.9961E-1 5.19314E-1 5.50864E-1 5.95714E-1 5.93478E-1
1.18895E-2 1.37261E-2 1.80566E-2 1.63908E-2 2.37466E-2 2.33688E-2 3.93965E-2 2.65649E-2 3.51423E-2 2.87318E-2 4.85171E-2 2.61524E-2 4.71341E-2 2.31629E-2 1.49954E-2 3.02779E-2 4.57403E-2 5.09667E-2 3.49031E-2 2.05732E-2 3.52566E-2 3.50256E-2 2.94913E-2 4.1578E-2 4.89088E-2 4.60143E-2 3.85968E-2 4.29155E-2 3.25271E-2 3.6965E-2 4.21486E-2 2.79352E-2 5.45496E-2 3.26063E-2 6.41271E-2 5.04562E-2 5.30978E-2 6.27249E-2 4.18486E-2 4.45876E-2 6.74508E-2 8.49069E-2 4.84505E-2 4.16839E-1 1.18195E-1 7.05134E-2 4.08357E-2 3.46441E-1 7.08133E-2 1.20573E-1 7.82231E-2 1.28569E-1 2.12689E-1 2.04158E-1 1.28446E-1 1.91653E-1 2.7985E-1 2.6455E-1 3.8386E-1 6.51958E-1 5.37474E-1 5.51426E-1 6.02496E-1 6.78586E-1 6.55767E-1
2.68402E-2 2.1247E-2 2.82543E-2 2.79953E-2 2.91047E-2 3.57477E-2 3.43742E-2 4.13038E-2 3.65253E-2 4.08868E-2 3.99975E-2 1.71842E-2 3.98539E-2 4.40932E-2 1.36526E-2 3.32041E-2 2.94385E-2 3.33195E-2 4.80765E-2 5.36047E-2 3.72199E-2 3.06562E-2 5.69247E-2 3.52162E-2 6.96072E-2 3.94414E-2 3.08343E-2 2.95804E-2 2.83357E-2 3.3674E-2 3.8561E-2 4.47176E-2 6.50343E-2 6.66526E-2 4.0293E-2 3.4279E-2 1.49579E-1 6.92128E-2 4.57767E-2 5.39061E-2 5.67904E-2 6.43536E-2 6.65234E-2 4.75118E-2 6.21276E-2 5.84445E-2 8.43866E-2 5.82994E-2 1.47232E-1 2.3135E-1 1.56818E-1 1.35523E-1 2.00838E-1 9.7869E-2 1.5518E-1 2.59499E-1 3.06311E-1 2.90071E-1 3.72636E-1 5.90156E-1 5.1579E-1 5.72377E-1 6.57983E-1 7.88486E-1 7.97779E-1
4.43977E-2 3.86581E-2 3.4344E-2 3.80528E-2 3.96308E-2 4.55959E-2 5.368E-2 8.86263E-2 8.19852E-2 7.63382E-2 5.75769E-2 1.09735E-1 2.91984E-2 2.84476E-2 1.74604E-2 3.65747E-2 4.64373E-2 6.15434E-2 3.90073E-2 4.32038E-2 5.17742E-2 3.52315E-2 4.30854E-2 4.02069E-2 2.77386E-2 4.49178E-2 4.87485E-2 5.12297E-2 1.01246E-1 6.13368E-2 5.90127E-2 8.52572E-2 5.64418E-2 5.65514E-2 3.89155E-2 3.77941E-2 5.55934E-2 6.49129E-2 1.31362E-1 5.86249E-2 1.15868E-1 4.92497E-2 7.29623E-2 1.03985E-1 2.20511E-1 4.54934E-2 9.08073E-2 5.52535E-2 1.75053E-1 1.72026E-1 1.74214E-1 1.74142E-1 2.51386E-1 2.72171E-1 2.68973E-1 2.90029E-1 2.13671E-1 8.78529E-2 2.79679E-1 4.99523E-1 5.22763E-1 6.04339E-1 7.21394E-1 8.32093E-1 7.3648E-1
4.65864E-2 4.06837E-2 6.05791E-2 5.26489E-2 5.62017E-2 4.02857E-2 5.24893E-2 5.31953E-2 5.11179E-2 8.17178E-2 1.00535E-1 5.9462E-2 5.03401E-2 2.78253E-2 4.18344E-2 3.81143E-2 1.8729E-2 1.94666E-2 1.65873E-2 1.96083E-2 3.13499E-2 2.94893E-2 2.39938E-2 4.29932E-2 2.13549E-2 3.26801E-2 3.60792E-2 6.62444E-2 5.51371E-2 4.44939E-2 2.8489E-2 3.42241E-2 3.60137E-2 3.88528E-2 4.06565E-2 5.34834E-2 7.52098E-2 5.22729E-2 3.77781E-2 4.43393E-2 8.04366E-2 1.16585E-1 1.07904E-1 1.28835E-1 6.82748E-2 4.14783E-2 9.13234E-2 5.59543E-2 9.08096E-2 8.02405E-2 1.92293E-1 3.95076E-1 2.64651E-1 6.39857E-1 3.99618E-1 2.09276E-1 7.44196E-2 9.88968E-2 2.36826E-1 3.82297E-1 5.84975E-1 6.83231E-1 7.44893E-1 7.95332E-1 7.36758E-1
2.53347E-2 6.10425E-2 8.58226E-2 9.28E-2 1.16312E-1 8.26018E-2 8.50159E-2 6.37742E-2 9.49453E-2 9.96215E-2 8.35288E-2 7.1856E-2 7.41003E-2 7.23506E-2 5.24644E-2 2.27452E-2 1.2605E-2 2.57191E-2 2.52029E-2 2.18087E-2 1.94672E-2 2.54461E-2 1.71722E-2 1.85492E-2 1.84607E-2 2.36998E-2 3.45204E-2 5.26302E-2 3.94261E-2 7.72188E-2 2.26522E-2 4.02421E-2 6.04688E-2 2.68962E-2 2.55414E-2 9.91025E-2 4.16157E-2 4.30291E-2 3.74832E-2 3.66592E-2 3.85487E-2 2.63428E-2 5.55992E-2 4.31861E-2 5.07706E-2 4.20916E-2 1.58522E-1 1.92977E-1 1.98519E-1 2.40301E-1 2.14304E-1 2.72024E-1 2.89343E-1 4.21023E-1 4.89917E-1 2.78504E-1 2.90066E-1 2.32372E-1 2.29354E-1 3.83255E-1 6.49123E-1 6.44747E-1 7.44864E-1 7.93963E-1 6.85381E-1
7.69278E-3 6.13559E-2 1.25246E-1 1.06023E-1 1.12766E-1 1.09896E-1 1.19747E-1 9.96793E-2 1.5443E-1 1.05526E-1 7.53023E-2 3.27042E-2 5.92979E-2 1.38042E-1 3.57862E-2 2.213E-2 2.02456E-2 9.17423E-3 1.6004E-2 1.87036E-2 1.69966E-2 2.13884E-2 2.9808E-2 3.51074E-2 4.35003E-2 3.33248E-2 3.45275E-2 3.81234E-2 2.95518E-2 2.11734E-2 2.43699E-2 1.70087E-2 2.75423E-2 3.72457E-2 2.49404E-2 1.98199E-2 1.59267E-2 1.23497E-2 2.78506E-2 1.86916E-2 2.35046E-2 1.57655E-2 2.07395E-2 3.72246E-2 3.76134E-2 1.51701E-1 1.78962E-1 2.77024E-1 2.28124E-1 2.42937E-1 2.74514E-1 3.18898E-1 3.25291E-1 2.49338E-1 4.09335E-1 4.66433E-1 6.28327E-1 3.29528E-1 3.74167E-1 4.18968E-1 6.38564E-1 5.97602E-1 6.05569E-1 6.98904E-1 5.78667E-1
9.67787E-3 3.6543E-2 1.61335E-1 1.38002E-1 1.33344E-1 1.24828E-1 1.27896E-1 1.11756E-1 5.36513E-2 7.70674E-2 8.7999E-2 7.05772E-2 9.5846E-2 1.16833E-1 2.12608E-2 9.95152E-3 1.9286E-2 2.1379E-2 1.53462E-2 8.46139E-3 2.30555E-2 1.5443E-2 2.31992E-2 2.15967E-2 4.36955E-2 3.91814E-2 3.32562E-2 5.92974E-2 3.71304E-2 1.38526E-2 2.36887E-2 1.63286E-2 1.30004E-2 1.21619E-2 1.61228E-2 2.06758E-2 4.02738E-2 1.23363E-2 1.8217E-2 8.29453E-3 1.94625E-2 3.79272E-2 3.64189E-2 3.06704E-2 2.75596E-2 5.1164E-2 1.74013E-1 2.59433E-1 2.18519E-1 2.44697E-1 2.48225E-1 2.27405E-1 2.10604E-1 4.8363E-2 2.39394E-1 4.31591E-1 4.88136E-1 4.37609E-1 4.83422E-1 6.23815E-1 6.1169E-1 5.74152E-1 5.71627E-1 5.90264E-1 5.24445E-1
2.24107E-2 3.14626E-2 3.21248E-2 1.603E-1 1.83139E-1 1.52207E-1 1.40414E-1 1.34967E-1 1.03479E-1 9.10012E-2 9.11576E-2 8.53516E-2 8.94022E-2 7.47623E-2 2.47325E-2 4.95683E-2 2.556E-2 1.4977E-2 1.31397E-2 4.01094E-2 3.34056E-2 3.76078E-2 4.42265E-2 3.68129E-2 4.88932E-2 4.51663E-2 4.93014E-2 2.54875E-2 4.07293E-2 2.61844E-2 2.97866E-2 7.60214E-2 7.03501E-2 8.76198E-2 3.0454E-2 9.81007E-3 2.18975E-2 1.73845E-2 1.27721E-2 1.42539E-2 2.31644E-2 1.32579E-2 9.77193E-3 1.36033E-2 1.99988E-2 5.63259E-2 3.91752E-2 1.28872E-1 3.77337E-2 5.78186E-2 1.7391E-1 9.12033E-1 4.16584E-2 3.24469E-2 1.52683E-1 3.68065E-1 4.48465E-1 4.19629E-1 5.11096E-1 5.56164E-1 5.23708E-1 4.95289E-1 5.59371E-1 4.2387E-1 4.35725E-1
3.01921E-2 2.03972E-2 2.3949E-2 1.32747E-1 1.51986E-1 1.9025E-1 1.64261E-1 1.28508E-1 3.75848E-2 2.65286E-2 5.62115E-2 8.2042E-2 8.66697E-2 5.15873E-2 2.71966E-2 2.89592E-2 2.09652E-2 1.19792E-2 2.3122E-2 4.19336E-2 3.48042E-2 2.08852E-2 8.12931E-2 2.39901E-1 1.01924E-1 1.73119E-1 3.46806E-1 1.95158E-1 2.47142E-1 9.48641E-2 1.11585E-1 1.12152E-1 1.45514E-1 8.72255E-2 4.11361E-2 2.64747E-2 2.40511E-2 9.3974E-3 6.83024E-3 1.76563E-2 1.11659E-2 4.13837E-3 2.99197E-3 5.35388E-3 1.07512E-2 9.05616E-3 9.36651E-2 2.34394E-2 1.54943E-1 3.48791E-2 1.29558E-1 1.32087E-1 8.33385E-2 9.97615E-2 1.87676E-1 5.5042E-1 4.46356E-1 3.79986E-1 5.28115E-1 5.4073E-1 5.08045E-1 4.13074E-1 4.92902E-1 4.19874E-1 4.03558E-1
2.69887E-2 2.49985E-2 2.57552E-2 4.86154E-2 1.95869E-1 2.03909E-1 9.98246E-2 6.26948E-2 1.20268E-2 1.47147E-2 1.52271E-2 2.03678E-2 3.00636E-2 2.22835E-2 5.27305E-2 2.62887E-2 3.33977E-2 1.59129E-2 2.252E-2 7.59207E-2 1.10405E-1 2.19596E-1 3.17007E-1 2.72748E-1 2.50443E-1 1.96448E-1 1.38987E-1 9.79157E-2 1.11374E-1 9.20197E-2 7.44987E-2 7.62228E-2 9.01143E-2 9.61825E-2 5.01576E-2 3.753E-2 3.30407E-2 2.26486E-2 8.04142E-3 5.68962E-3 1.19381E-2 4.03892E-3 3.29763E-3 7.31616E-3 8.77426E-3 2.55374E-2 1.72114E-2 2.63308E-2 7.25429E-2 1.10657E-1 1.59537E-1 1.66242E-1 1.84696E-1 2.02723E-1 3.32848E-1 6.35391E-1 4.14858E-1 3.68909E-1 4.87044E-1 5.37642E-1 4.8195E-1 4.7687E-1 4.53052E-1 3.8541E-1 3.88928E-1
5.31811E-2 2.43818E-2 3.09063E-2 3.83172E-2 6.66296E-2 3.63391E-2 2.21243E-2 2.60902E-2 3.16574E-2 7.07752E-2 6.63067E-2 8.49522E-2 3.94889E-2 2.18215E-2 2.70756E-2 3.99809E-2 2.82493E-2 5.12355E-2 7.7262E-2 1.67556E-1 1.9558E-1 2.86603E-1 2.31045E-1 1.95418E-1 1.62875E-1 1.29742E-1 9.43862E-2 6.80118E-2 6.69556E-2 7.73685E-2 6.77618E-2 7.35617E-2 6.81899E-2 6.5352E-2 6.98083E-2 1.2154E-1 5.08508E-2 4.2713E-2 3.54855E-2 8.15593E-3 3.56268E-3 1.00806E-2 1.79938E-3 1.89626E-2 7.13537E-3 1.166E-2 8.8131E-3 1.10908E-1 1.36342E-1 1.30039E-1 2.48201E-1 1.61157E-1 1.89764E-1 3.13369E-1 3.65651E-1 5.17424E-1 4.27007E-1 3.70799E-1 4.47871E-1 4.41631E-1 4.04667E-1 4.8986E-1 4.44154E-1 4.28273E-1 3.9591E-1
3.24213E-2 3.4371E-2 3.59447E-2 4.05678E-2 3.35691E-2 4.50883E-2 2.3199E-1 7.87442E-2 4.63822E-2 1.04317E-1 1.72256E-1 6.16509E-2 5.13204E-2 3.59806E-2 7.40266E-2 3.96858E-2 3.20497E-2 7.08638E-2 1.71508E-1 2.90235E-1 3.05688E-1 1.81817E-1 1.70428E-1 1.4674E-1 1.59981E-1 9.32411E-2 6.83785E-2 7.15537E-2 5.63798E-2 5.28081E-2 5.27061E-2 5.97806E-2 5.63925E-2 5.53062E-2 5.64069E-2 8.04996E-2 2.16901E-2 3.01757E-2 2.65057E-2 1.03307E-2 2.47965E-2 3.66547E-2 2.73375E-2 1.79795E-2 5.92776E-2 5.08733E-2 9.43684E-2 2.65851E-1 1.42322E-1 2.69905E-1 2.53717E-1 2.28314E-1 2.25403E-1 4.07271E-1 3.44315E-1 4.28723E-1 4.77521E-1 5.08484E-1 4.30674E-1 4.133E-1 3.61926E-1 4.28246E-1 5.20869E-1 4.40935E-1 4.76345E-1
