layers/maxent/arawak.asc
ncols         638
nrows         825
xllcorner     -2985163.8955
yllcorner     -3022031.214
cellsize      10000.0
NODATA_value  -9999
[rows 551 to 579 of 825, columns 195 to 259 of 638]
5.24098E-5 1.12763E-5 4.29007E-6 6.43741E-7 8.34945E-7 2.01381E-6 2.60248E-7 2.52016E-7 2.78467E-7 1.91601E-7 1.5255E-7 3.94734E-7 2.23361E-7 2.18686E-7 1.20796E-7 1.22292E-7 1.31023E-7 7.4258E-8 2.65368E-8 1.10686E-8 9.89701E-9 2.00693E-8 6.18085E-8 1.85169E-7 2.29858E-7 3.48014E-7 3.88215E-7 3.93868E-7 3.49724E-7 3.0982E-7 2.81123E-7 2.68947E-7 2.33312E-7 2.23211E-7 2.47865E-7 2.43599E-7 2.74472E-7 3.30848E-7 4.11426E-7 5.30494E-7 6.99257E-7 8.66123E-7 1.15042E-6 1.20895E-6 1.01578E-6 1.36907E-6 2.37732E-6 3.06278E-6 2.78722E-6 2.68942E-6 3.15207E-6 3.44497E-6 3.85982E-6 4.21304E-6 4.2821E-6 4.83733E-6 4.8802E-6 4.8529E-6 4.78315E-6 4.9301E-6 5.12936E-6 5.26738E-6 5.4302E-6 5.71199E-6 6.0691E-6
2.68311E-5 9.8297E-6 4.44533E-6 1.32353E-6 1.94026E-6 5.23771E-7 4.03874E-7 2.61758E-7 1.13683E-7 1.84878E-7 5.36971E-7 3.0975E-7 4.94445E-7 2.53949E-7 2.15025E-7 8.43254E-8 1.38681E-7 8.71069E-8 3.01311E-8 1.2234E-8 9.09175E-9 2.02125E-8 6.47661E-8 1.59901E-7 2.09084E-7 2.46076E-7 2.79621E-7 3.1862E-7 2.86113E-7 2.45833E-7 2.41551E-7 2.38255E-7 2.11868E-7 1.99667E-7 2.30766E-7 2.2823E-7 2.62818E-7 3.03101E-7 3.85892E-7 4.96262E-7 6.0832E-7 7.91337E-7 9.53017E-7 1.13579E-6 9.47929E-7 1.12652E-6 2.20645E-6 2.81431E-6 2.6632E-6 2.54171E-6 2.89086E-6 3.17975E-6 3.57499E-6 3.85868E-6 3.84762E-6 4.39547E-6 4.47276E-6 4.44542E-6 4.52331E-6 4.67519E-6 4.73622E-6 4.73879E-6 4.95636E-6 5.13828E-6 5.69181E-6
2.85837E-5 8.71947E-6 4.35492E-6 1.99582E-6 1.43895E-6 2.9611E-7 4.45811E-7 3.03726E-7 4.1344E-7 3.21795E-7 3.63781E-7 2.97142E-7 2.29199E-7 1.96E-7 1.71332E-7 1.08898E-7 1.01836E-7 7.91122E-8 4.62236E-8 1.67757E-8 9.96201E-9 2.06978E-8 4.88888E-8 6.1456E-8 1.49841E-7 1.65685E-7 2.16811E-7 2.49996E-7 2.42394E-7 1.94354E-7 2.00021E-7 1.89231E-7 1.84547E-7 1.70571E-7 1.90072E-7 2.23549E-7 2.53486E-7 3.03196E-7 3.5899E-7 4.57026E-7 5.63044E-7 7.15292E-7 8.50839E-7 8.77065E-7 8.423E-7 1.02401E-6 1.79174E-6 2.34558E-6 2.21495E-6 2.47404E-6 2.73386E-6 2.91795E-6 3.27753E-6 3.39784E-6 3.40982E-6 4.22664E-6 4.27627E-6 4.15945E-6 4.22588E-6 4.2788E-6 4.30853E-6 4.33376E-6 4.55605E-6 4.80948E-6 5.24736E-6
2.15971E-5 9.01224E-6 4.31823E-6 2.13999E-6 7.0218E-7 7.4292E-7 3.59886E-7 2.82775E-7 3.65213E-7 8.64846E-7 7.46761E-7 3.84752E-7 4.39533E-7 2.35515E-7 1.69677E-7 1.33291E-7 1.17568E-7 6.47124E-8 3.8442E-8 2.04461E-8 1.02556E-8 1.6047E-8 3.35354E-8 4.91476E-8 8.2864E-8 1.76379E-7 1.73314E-7 1.66573E-7 1.93572E-7 1.82695E-7 1.68624E-7 1.53947E-7 1.52964E-7 1.5681E-7 1.63549E-7 2.19166E-7 2.49435E-7 2.94911E-7 3.44081E-7 4.11074E-7 5.0286E-7 6.6979E-7 7.99999E-7 8.70751E-7 8.25156E-7 9.71082E-7 1.4072E-6 1.73801E-6 1.93449E-6 2.30919E-6 2.5282E-6 2.66336E-6 2.94571E-6 2.9767E-6 3.45174E-6 3.9021E-6 4.00838E-6 4.04361E-6 4.06663E-6 3.91558E-6 3.99668E-6 3.96523E-6 4.2094E-6 4.59037E-6 4.78256E-6
1.79796E-5 9.79373E-6 4.0855E-6 1.90084E-6 1.17621E-6 6.3583E-7 3.74425E-7 6.21268E-7 3.76681E-7 4.7958E-7 9.14097E-7 4.98372E-7 3.83575E-7 2.13883E-7 1.28203E-7 1.22749E-7 1.45594E-7 6.98657E-8 3.45009E-8 1.19636E-8 9.36334E-9 1.44975E-8 3.41556E-8 7.66566E-8 1.12725E-7 1.35487E-7 1.81661E-7 1.52923E-7 1.67675E-7 1.43338E-7 1.5011E-7 1.4825E-7 1.402E-7 1.52292E-7 1.58351E-7 2.21487E-7 2.46509E-7 2.88775E-7 3.2431E-7 3.83491E-7 4.74197E-7 5.76104E-7 7.28848E-7 8.69468E-7 8.70059E-7 8.80115E-7 1.24898E-6 1.39763E-6 1.78305E-6 2.10873E-6 2.35732E-6 2.41133E-6 2.6628E-6 2.97104E-6 3.55378E-6 3.57435E-6 3.75967E-6 3.77719E-6 4.00684E-6 3.81288E-6 3.61865E-6 3.72919E-6 3.89992E-6 4.35039E-6 4.86086E-6
2.39289E-5 1.11027E-5 4.0368E-6 3.97271E-6 3.69434E-6 8.26062E-7 6.10373E-7 7.58701E-7 2.79378E-7 5.81728E-7 7.63777E-7 5.11027E-7 3.19737E-7 2.12961E-7 1.48776E-7 1.75943E-7 1.88286E-7 6.9243E-8 2.29023E-8 1.17817E-8 9.58202E-9 2.28392E-8 3.75244E-8 5.26889E-8 1.05579E-7 1.18273E-7 1.55271E-7 1.41431E-7 1.63305E-7 1.26158E-7 1.28082E-7 1.44922E-7 1.4574E-7 1.47929E-7 1.56643E-7 2.18079E-7 2.44195E-7 2.81974E-7 3.17895E-7 3.61462E-7 4.34972E-7 5.29922E-7 6.447E-7 7.93808E-7 9.06995E-7 8.71716E-7 9.89521E-7 1.21683E-6 1.55819E-6 1.90233E-6 2.13586E-6 2.22113E-6 2.681E-6 3.02431E-6 3.23733E-6 3.33046E-6 3.4827E-6 3.55381E-6 3.71453E-6 3.42789E-6 3.64398E-6 3.53194E-6 4.08467E-6 3.96157E-6 4.52976E-6
2.41957E-5 1.28044E-5 5.98161E-6 2.37279E-6 1.55022E-6 2.49256E-6 7.43804E-7 8.5988E-7 5.32423E-7 6.08131E-7 8.62121E-7 3.94315E-7 2.89088E-7 2.07634E-7 1.47616E-7 1.70697E-7 1.47745E-7 5.53124E-8 2.85762E-8 1.09191E-8 1.05959E-8 2.04695E-8 3.14979E-8 5.21538E-8 5.58813E-8 6.96528E-8 1.05826E-7 1.22535E-7 1.18037E-7 1.34273E-7 1.21163E-7 1.3886E-7 1.6799E-7 1.59914E-7 1.5377E-7 2.10246E-7 2.44063E-7 2.80298E-7 3.08069E-7 3.78642E-7 4.2678E-7 4.95733E-7 5.92546E-7 7.02268E-7 8.1668E-7 8.48546E-7 8.80168E-7 1.08278E-6 1.35441E-6 1.65144E-6 1.8373E-6 2.14715E-6 2.48232E-6 2.79899E-6 2.92741E-6 2.88127E-6 3.30269E-6 3.34986E-6 3.54138E-6 3.09302E-6 2.95225E-6 3.46997E-6 3.90531E-6 3.78491E-6 4.1381E-6
2.48802E-5 1.3256E-5 7.9931E-6 3.36016E-6 1.30795E-6 1.57205E-6 1.03702E-6 1.36192E-6 1.02342E-6 2.35013E-6 4.20528E-7 5.00871E-7 2.98333E-7 2.16194E-7 2.14747E-7 1.62247E-7 1.09679E-7 5.58457E-8 2.95293E-8 9.03788E-9 9.34111E-9 1.43789E-8 2.08823E-8 3.57337E-8 4.63444E-8 5.88908E-8 8.30283E-8 1.313E-7 1.19461E-7 1.34902E-7 1.24499E-7 1.20561E-7 1.77672E-7 1.77008E-7 1.57954E-7 1.947E-7 2.39398E-7 2.79426E-7 3.13114E-7 3.58151E-7 4.07929E-7 4.74637E-7 5.20547E-7 6.21808E-7 7.27625E-7 7.9232E-7 7.76256E-7 9.54422E-7 1.15008E-6 1.34491E-6 1.56766E-6 2.10066E-6 2.28555E-6 2.53558E-6 2.5809E-6 2.57669E-6 3.14631E-6 3.26943E-6 2.96048E-6 2.90622E-6 2.90509E-6 3.21336E-6 3.46136E-6 4.55158E-6 4.23901E-6
1.7424E-5 1.28926E-5 4.89676E-6 3.96748E-6 2.14342E-6 2.71965E-6 2.42587E-6 2.42089E-6 1.46164E-6 1.47669E-6 1.2391E-6 4.7408E-7 3.48799E-7 2.00423E-7 2.75443E-7 2.11584E-7 7.89935E-8 4.49517E-8 1.93612E-8 8.45552E-9 9.25052E-9 1.32845E-8 2.21518E-8 3.21149E-8 4.83568E-8 6.6055E-8 8.09242E-8 9.83028E-8 1.22596E-7 1.69862E-7 1.57927E-7 1.30719E-7 1.50606E-7 1.62006E-7 1.61081E-7 2.00522E-7 2.43848E-7 2.69007E-7 3.23033E-7 3.47535E-7 3.8008E-7 4.3856E-7 4.88918E-7 5.71974E-7 6.43887E-7 7.2892E-7 7.02723E-7 8.60738E-7 1.02691E-6 1.2466E-6 1.42954E-6 1.91177E-6 2.20483E-6 2.38548E-6 2.35537E-6 2.26018E-6 3.06444E-6 3.15454E-6 2.56823E-6 2.92616E-6 2.78407E-6 3.07899E-6 3.3073E-6 4.38558E-6 4.17554E-6
2.52796E-5 9.97448E-6 5.24671E-6 4.17859E-6 3.5851E-6 3.10705E-6 2.18638E-6 1.72416E-6 2.9679E-6 1.53719E-6 1.02161E-6 1.17272E-6 4.02182E-7 2.16091E-7 2.28365E-7 2.07875E-7 9.91159E-8 4.47309E-8 1.62424E-8 7.70823E-9 8.78453E-9 1.36365E-8 2.00975E-8 3.55128E-8 5.26401E-8 7.19823E-8 7.36985E-8 7.87899E-8 1.01357E-7 1.61076E-7 2.10831E-7 1.48875E-7 1.71465E-7 1.75097E-7 1.73982E-7 1.73186E-7 2.42295E-7 2.70763E-7 2.99739E-7 3.32429E-7 3.66526E-7 3.90635E-7 4.48505E-7 5.04993E-7 5.84051E-7 6.56985E-7 6.56143E-7 7.7871E-7 9.47757E-7 1.13159E-6 1.33918E-6 1.78241E-6 1.926E-6 2.17025E-6 2.21427E-6 2.12808E-6 2.7831E-6 2.82882E-6 2.3801E-6 2.88835E-6 3.26768E-6 3.07934E-6 3.59924E-6 4.32366E-6 3.98943E-6
1.64019E-5 1.45525E-5 4.75151E-6 4.85101E-6 4.14085E-6 3.19825E-6 1.36955E-6 5.05076E-6 1.3857E-6 5.90284E-7 7.65903E-7 6.77887E-7 4.03978E-7 1.85541E-7 2.30437E-7 1.42459E-7 8.6914E-8 4.25696E-8 1.6602E-8 9.5631E-9 8.9511E-9 1.45226E-8 2.3342E-8 3.68383E-8 5.63236E-8 7.20531E-8 7.86372E-8 7.68299E-8 7.84809E-8 1.67152E-7 1.90022E-7 1.89737E-7 2.0951E-7 2.05925E-7 2.11082E-7 1.84703E-7 2.40667E-7 2.76579E-7 2.98719E-7 3.12567E-7 3.4577E-7 3.68373E-7 4.06576E-7 4.59042E-7 5.26153E-7 5.96403E-7 6.31011E-7 6.95646E-7 8.18895E-7 1.05224E-6 1.13614E-6 1.49618E-6 1.76569E-6 1.92251E-6 2.07005E-6 2.14678E-6 2.61367E-6 2.75229E-6 2.17567E-6 2.6382E-6 3.17969E-6 3.22191E-6 3.50225E-6 4.0217E-6 3.96225E-6
1.47265E-5 8.94063E-6 5.26505E-6 3.7304E-6 4.20668E-6 3.24177E-6 1.92356E-6 1.28565E-6 1.75132E-6 9.77656E-7 1.0707E-6 7.93996E-7 3.84739E-7 2.22962E-7 2.37656E-7 1.10589E-7 1.4444E-7 6.86675E-8 1.91443E-8 9.50251E-9 9.0974E-9 1.30456E-8 2.13196E-8 3.61727E-8 5.92459E-8 7.03468E-8 8.60699E-8 1.09693E-7 9.54403E-8 1.33953E-7 1.94979E-7 2.22007E-7 2.28677E-7 2.32774E-7 2.41039E-7 2.08533E-7 2.33582E-7 2.53822E-7 2.70119E-7 3.00414E-7 3.17009E-7 3.36211E-7 3.72588E-7 4.25004E-7 4.72688E-7 5.30377E-7 5.65705E-7 6.36172E-7 7.61025E-7 9.07404E-7 1.08229E-6 1.20511E-6 1.57842E-6 1.77122E-6 2.08341E-6 2.22215E-6 2.27458E-6 2.37802E-6 2.04557E-6 2.4988E-6 2.76142E-6 3.09413E-6 2.9483E-6 3.66718E-6 3.83971E-6
2.40288E-5 6.58391E-6 5.60902E-6 4.85216E-6 3.88852E-6 7.62995E-6 1.664E-6 2.15129E-6 1.64865E-6 2.00233E-6 8.65029E-7 6.08432E-7 3.51695E-7 3.46672E-7 3.13834E-7 2.47297E-7 1.76333E-7 7.16413E-8 1.77811E-8 9.37351E-9 9.41754E-9 1.2545E-8 1.90457E-8 3.27178E-8 6.61866E-8 8.28143E-8 1.07759E-7 1.20648E-7 1.34757E-7 1.32429E-7 2.01527E-7 2.33233E-7 2.46775E-7 2.591E-7 2.45768E-7 2.66878E-7 2.131E-7 2.52004E-7 2.5443E-7 2.76993E-7 2.89175E-7 3.13718E-7 3.41219E-7 3.75392E-7 4.3546E-7 4.82123E-7 5.09066E-7 5.68037E-7 6.91296E-7 7.92694E-7 9.20197E-7 1.11027E-6 1.25712E-6 1.71638E-6 1.73187E-6 2.0689E-6 2.25477E-6 2.12849E-6 1.98231E-6 2.41896E-6 2.60115E-6 3.62381E-6 3.16035E-6 3.5827E-6 3.52122E-6
1.95044E-5 1.26346E-5 5.62383E-6 4.52546E-6 3.25514E-6 3.17721E-6 1.50036E-6 1.31925E-6 1.33884E-6 1.32396E-6 9.03589E-7 6.04232E-7 4.14691E-7 2.34073E-7 3.1329E-7 2.95476E-7 1.28892E-7 6.56265E-8 2.16042E-8 1.00832E-8 9.06682E-9 1.17162E-8 1.72234E-8 2.89312E-8 5.68424E-8 8.95855E-8 1.17986E-7 1.13969E-7 1.58805E-7 1.9188E-7 2.3312E-7 2.54801E-7 2.34996E-7 2.71556E-7 2.97094E-7 2.83851E-7 2.47295E-7 2.50525E-7 2.39953E-7 2.5231E-7 2.7288E-7 2.8414E-7 3.30388E-7 3.43021E-7 3.95251E-7 4.45641E-7 4.71518E-7 5.17198E-7 6.10808E-7 7.6937E-7 8.301E-7 1.01362E-6 1.15386E-6 1.44457E-6 1.66737E-6 1.87871E-6 2.04042E-6 2.08762E-6 1.93151E-6 2.42233E-6 2.57873E-6 3.25661E-6 3.02448E-6 3.23554E-6 3.0774E-6
1.01141E-5 6.96112E-6 5.99671E-6 4.45447E-6 2.94475E-6 1.85207E-6 3.342E-6 1.84993E-6 1.07724E-6 6.37094E-7 1.03395E-6 7.0993E-7 3.80231E-7 1.77875E-7 3.14891E-7 2.90515E-7 1.29419E-7 5.22587E-8 1.97917E-8 1.01894E-8 8.62963E-9 1.0862E-8 1.50658E-8 2.48237E-8 4.3698E-8 7.65805E-8 1.26873E-7 1.08142E-7 1.87516E-7 2.51958E-7 2.44519E-7 2.61771E-7 2.84606E-7 3.09487E-7 3.1245E-7 3.06482E-7 2.83957E-7 2.57546E-7 2.37331E-7 2.36109E-7 2.53373E-7 2.61558E-7 2.94537E-7 3.18608E-7 3.43117E-7 3.86962E-7 4.13209E-7 4.7766E-7 5.69948E-7 7.1662E-7 8.35805E-7 9.16251E-7 1.19964E-6 1.35383E-6 1.60371E-6 1.77353E-6 1.90211E-6 2.00718E-6 2.3719E-6 2.14186E-6 2.50489E-6 3.19433E-6 3.28886E-6 3.02228E-6 3.05176E-6
1.13645E-5 6.96338E-6 6.43786E-6 4.71763E-6 4.04149E-6 1.9576E-6 2.5143E-6 1.13072E-6 1.38106E-6 1.43273E-6 9.62477E-7 7.05763E-7 4.81496E-7 2.42939E-7 2.19851E-7 2.32974E-7 9.57204E-8 7.52454E-8 2.34159E-8 1.2555E-8 8.33333E-9 9.92286E-9 1.26933E-8 2.15561E-8 3.95624E-8 6.87182E-8 7.96101E-8 1.28738E-7 1.2331E-7 1.76268E-7 2.29244E-7 2.47418E-7 3.42767E-7 2.8285E-7 3.09381E-7 3.27251E-7 2.8966E-7 2.39149E-7 2.39314E-7 2.29944E-7 2.2768E-7 2.35995E-7 2.56658E-7 2.88126E-7 3.20857E-7 3.54925E-7 3.71896E-7 4.45184E-7 5.23357E-7 6.10687E-7 7.24812E-7 8.18895E-7 9.50717E-7 1.5292E-6 1.27566E-6 1.52566E-6 1.80984E-6 1.76947E-6 1.98581E-6 2.16849E-6 2.36274E-6 2.89411E-6 3.21518E-6 2.91568E-6 3.20146E-6
1.86058E-5 7.33621E-6 6.21578E-6 4.90108E-6 3.87171E-6 3.14749E-6 3.18682E-6 2.13652E-6 1.65472E-6 1.00144E-6 5.93014E-7 7.05913E-7 5.35182E-7 2.75987E-7 1.76235E-7 2.2983E-7 1.84942E-7 1.02767E-7 4.0333E-8 1.75951E-8 8.14247E-9 1.00572E-8 1.05397E-8 1.81651E-8 3.47528E-8 6.96758E-8 8.51073E-8 8.83202E-8 8.27565E-8 1.26804E-7 1.73256E-7 1.82954E-7 2.55041E-7 2.71149E-7 2.97844E-7 3.01515E-7 2.77575E-7 2.58783E-7 2.37303E-7 2.09233E-7 2.06879E-7 2.07775E-7 2.28659E-7 2.63562E-7 2.92226E-7 3.26888E-7 3.27146E-7 3.93912E-7 4.58911E-7 5.46794E-7 6.41908E-7 7.63159E-7 8.47722E-7 1.0077E-6 1.3282E-6 1.80319E-6 1.63827E-6 1.73701E-6 1.92286E-6 2.00925E-6 2.12675E-6 2.71612E-6 3.12031E-6 2.72071E-6 3.20217E-6
2.17742E-5 7.5661E-6 6.21922E-6 4.67853E-6 4.07481E-6 2.44808E-6 2.02743E-6 1.19127E-6 9.68864E-7 6.52473E-7 9.4826E-7 5.19423E-7 4.06252E-7 1.86093E-7 1.32672E-7 1.25043E-7 2.47438E-7 9.79497E-8 4.58469E-8 1.50874E-8 7.13648E-9 9.2303E-9 1.03951E-8 1.48388E-8 2.79284E-8 9.08184E-8 6.16436E-8 5.92302E-8 6.14908E-8 1.00674E-7 1.45897E-7 2.17259E-7 2.9325E-7 2.63844E-7 2.44309E-7 2.96559E-7 2.67813E-7 2.60153E-7 2.20827E-7 1.95051E-7 1.88724E-7 1.94868E-7 2.08945E-7 2.39886E-7 2.5694E-7 2.78257E-7 2.92968E-7 3.54147E-7 3.97402E-7 5.00285E-7 5.84112E-7 6.54125E-7 7.27456E-7 8.78617E-7 1.3066E-6 1.37771E-6 1.62824E-6 1.66398E-6 1.78448E-6 1.82669E-6 2.11181E-6 2.86904E-6 2.99175E-6 2.80621E-6 3.18785E-6
1.72479E-5 8.40728E-6 6.03491E-6 4.36256E-6 5.17112E-6 5.26637E-6 4.78757E-6 2.44695E-6 1.43173E-6 9.39275E-7 1.1014E-6 5.90441E-7 4.35565E-7 3.69538E-7 1.21188E-7 1.23685E-7 8.59149E-8 8.8238E-8 3.10119E-8 1.78701E-8 8.73089E-9 7.03136E-9 8.6864E-9 1.08319E-8 2.51748E-8 4.59307E-8 4.96131E-8 5.63619E-8 5.97445E-8 1.00368E-7 2.07728E-7 1.53192E-7 2.43333E-7 2.3248E-7 2.34859E-7 2.6534E-7 2.52538E-7 2.38649E-7 2.21928E-7 2.03516E-7 1.78702E-7 1.79923E-7 1.85179E-7 2.1024E-7 2.29658E-7 2.52505E-7 2.68908E-7 3.1864E-7 3.73057E-7 4.45015E-7 5.49204E-7 6.12753E-7 6.61412E-7 8.55045E-7 1.01913E-6 1.28849E-6 1.47238E-6 1.51822E-6 1.66491E-6 1.74743E-6 1.89651E-6 2.46411E-6 2.88807E-6 2.80224E-6 3.0613E-6
1.07849E-5 9.23662E-6 6.78503E-6 5.092E-6 1.0903E-5 7.41345E-6 5.27632E-6 1.73439E-6 9.78622E-7 1.81413E-6 1.40404E-6 6.55729E-7 4.79606E-7 2.72127E-7 1.6828E-7 2.07188E-7 6.86021E-8 8.52016E-8 3.16731E-8 2.81307E-8 1.35546E-8 5.50455E-9 7.73704E-9 9.707E-9 2.10973E-8 3.39214E-8 4.28918E-8 6.87324E-8 9.48387E-8 7.00646E-8 1.41908E-7 1.68254E-7 1.83973E-7 2.03365E-7 2.05506E-7 1.96261E-7 2.26287E-7 2.11426E-7 1.9609E-7 2.0339E-7 1.86258E-7 1.66694E-7 1.64584E-7 1.82628E-7 2.10733E-7 2.24916E-7 2.57094E-7 2.782E-7 3.36208E-7 4.16279E-7 4.68232E-7 5.41392E-7 6.41469E-7 7.42884E-7 1.02689E-6 1.12451E-6 1.24587E-6 1.39093E-6 1.60702E-6 1.70539E-6 1.6227E-6 2.36015E-6 2.62419E-6 2.99737E-6 2.70473E-6
1.10587E-5 1.01573E-5 8.53119E-6 6.3903E-6 3.77326E-6 7.52958E-6 7.51992E-6 2.17131E-6 1.86486E-6 1.71872E-6 8.63127E-7 7.52803E-7 4.71214E-7 2.5824E-7 2.84287E-7 1.57521E-7 1.43689E-7 1.06157E-7 2.79168E-8 2.04446E-8 1.07483E-8 8.24243E-9 6.08107E-9 8.62609E-9 1.64542E-8 2.7782E-8 3.45186E-8 4.50534E-8 6.49422E-8 8.9576E-8 1.01726E-7 1.46457E-7 1.58438E-7 1.8528E-7 1.82513E-7 1.74533E-7 1.8838E-7 1.93084E-7 1.71166E-7 1.76207E-7 1.68132E-7 1.48012E-7 1.51352E-7 1.62415E-7 1.8524E-7 2.01733E-7 2.30419E-7 2.53836E-7 3.15568E-7 3.6245E-7 4.07283E-7 4.67233E-7 5.89774E-7 6.354E-7 8.99261E-7 9.89072E-7 1.14809E-6 1.25935E-6 1.40191E-6 1.62846E-6 1.59066E-6 1.77289E-6 2.52073E-6 2.7025E-6 3.02089E-6
1.14095E-5 1.14737E-5 9.44536E-6 1.06495E-5 6.47056E-6 3.46153E-6 2.99188E-6 2.52919E-6 2.53227E-6 1.05527E-6 9.28651E-7 5.49092E-7 6.03425E-7 3.32047E-7 3.64964E-7 1.5218E-7 1.60505E-7 7.47903E-8 2.8602E-8 1.99188E-8 1.22411E-8 6.20667E-9 5.13196E-9 7.28495E-9 1.25216E-8 2.24682E-8 4.3502E-8 3.47701E-8 5.41497E-8 6.87927E-8 9.91532E-8 1.34164E-7 1.4603E-7 1.73813E-7 1.67753E-7 1.56524E-7 1.6614E-7 1.75388E-7 1.6321E-7 1.49048E-7 1.43635E-7 1.32247E-7 1.36233E-7 1.44614E-7 1.55806E-7 1.80516E-7 2.062E-7 2.33044E-7 2.79807E-7 3.21089E-7 3.60087E-7 4.43097E-7 4.98462E-7 6.04081E-7 8.9389E-7 9.07922E-7 1.00606E-6 1.06012E-6 1.3713E-6 1.34235E-6 1.4866E-6 1.61112E-6 2.43366E-6 2.79953E-6 2.82949E-6
1.46931E-5 1.35971E-5 1.10273E-5 1.34785E-5 1.17348E-5 6.40866E-6 6.86373E-6 3.61924E-6 1.97042E-6 1.21615E-6 1.04109E-6 8.48154E-7 5.62369E-7 2.88515E-7 4.39727E-7 1.66419E-7 1.48688E-7 6.14704E-8 2.71751E-8 1.67565E-8 1.44306E-8 6.06919E-9 4.11431E-9 7.77284E-9 1.31262E-8 1.93788E-8 3.04298E-8 3.12916E-8 3.74345E-8 5.92527E-8 8.15074E-8 1.12672E-7 1.32982E-7 1.5264E-7 1.50709E-7 1.3807E-7 1.57836E-7 1.46591E-7 1.45068E-7 1.48296E-7 1.38518E-7 1.16814E-7 1.21635E-7 1.30036E-7 1.38908E-7 1.60929E-7 1.76859E-7 2.02333E-7 2.45435E-7 2.88142E-7 3.27672E-7 3.99637E-7 4.35639E-7 4.79132E-7 7.67911E-7 8.25697E-7 9.35413E-7 1.04572E-6 1.16816E-6 1.2002E-6 1.21148E-6 1.55677E-6 2.58934E-6 2.45061E-6 2.65787E-6
1.63287E-5 1.64991E-5 1.54141E-5 1.07932E-5 8.81102E-6 3.72352E-6 4.93014E-6 3.74231E-6 1.92034E-6 1.90117E-6 1.12084E-6 9.06424E-7 4.57139E-7 2.77587E-7 3.044E-7 2.30497E-7 1.14475E-7 7.42404E-8 5.66392E-8 1.59811E-8 1.12649E-8 6.63314E-9 5.58259E-9 8.93994E-9 1.23863E-8 1.71331E-8 2.04854E-8 2.9377E-8 4.41788E-8 6.56797E-8 6.94099E-8 8.89296E-8 1.02058E-7 1.34627E-7 1.31835E-7 1.22907E-7 1.4764E-7 1.33062E-7 1.23328E-7 1.42591E-7 1.39684E-7 1.09602E-7 1.04555E-7 1.1885E-7 1.25989E-7 1.39298E-7 1.52317E-7 1.84824E-7 2.08134E-7 2.49055E-7 2.9641E-7 3.5793E-7 3.64529E-7 4.47253E-7 7.2692E-7 7.92048E-7 8.50237E-7 8.62394E-7 1.02646E-6 1.13482E-6 1.17528E-6 1.26205E-6 1.85953E-6 2.11454E-6 2.21394E-6
1.84301E-5 1.82294E-5 1.83349E-5 1.68742E-5 1.29441E-5 8.8984E-6 1.13357E-5 2.68416E-6 1.92473E-6 2.11086E-6 1.54181E-6 1.06349E-6 7.05121E-7 2.48686E-7 2.02502E-7 3.65338E-7 1.28725E-7 9.66075E-8 4.24417E-8 1.68544E-8 1.26307E-8 8.13825E-9 7.74932E-9 1.07532E-8 1.31191E-8 1.51504E-8 2.21965E-8 3.016E-8 3.52027E-8 5.29906E-8 6.53854E-8 7.3072E-8 8.42652E-8 1.05688E-7 1.09356E-7 1.04315E-7 1.27113E-7 1.16449E-7 1.08885E-7 1.12785E-7 1.29311E-7 1.08936E-7 9.46331E-8 1.0179E-7 1.10642E-7 1.25081E-7 1.40665E-7 1.64128E-7 1.89098E-7 2.28979E-7 2.59476E-7 3.02185E-7 3.07726E-7 3.73311E-7 5.57087E-7 6.82351E-7 7.36837E-7 7.15461E-7 8.86995E-7 1.00607E-6 9.55563E-7 1.2256E-6 1.63345E-6 1.7345E-6 1.82375E-6
1.98715E-5 2.106E-5 1.71102E-5 1.42002E-5 3.14433E-5 1.39457E-5 1.47334E-5 2.96728E-6 2.12578E-6 3.84837E-6 1.51375E-6 1.06498E-6 8.75143E-7 2.6834E-7 1.85424E-7 2.1721E-7 2.11553E-7 1.15426E-7 2.96244E-8 1.57163E-8 1.03303E-8 7.44063E-9 7.24594E-9 8.25749E-9 6.54423E-9 9.90942E-9 1.58247E-8 2.55452E-8 3.31547E-8 5.33313E-8 5.35929E-8 6.81555E-8 7.49173E-8 8.7746E-8 9.28421E-8 8.49448E-8 9.67502E-8 9.57856E-8 9.43305E-8 9.18917E-8 1.25548E-7 9.73019E-8 8.12451E-8 9.22601E-8 9.67429E-8 1.09611E-7 1.22168E-7 1.38267E-7 1.71549E-7 2.15255E-7 2.14408E-7 2.59922E-7 3.01342E-7 3.48196E-7 4.48865E-7 5.78615E-7 7.14887E-7 5.83528E-7 6.69015E-7 7.99964E-7 9.6649E-7 1.08637E-6 1.30853E-6 1.97078E-6 1.86157E-6
2.50688E-5 2.57587E-5 2.0542E-5 1.74417E-5 1.39573E-5 1.94474E-5 1.34465E-5 6.81393E-6 2.63429E-6 2.28846E-6 9.28688E-7 6.85288E-7 6.61393E-7 3.01892E-7 2.05228E-7 2.39821E-7 2.13116E-7 8.97155E-8 3.40488E-8 1.51656E-8 8.77236E-9 6.84804E-9 6.05875E-9 4.20797E-9 6.31986E-9 8.3371E-9 1.3693E-8 2.27818E-8 3.11476E-8 3.82146E-8 4.47671E-8 5.48153E-8 6.50735E-8 7.47993E-8 7.79369E-8 6.98814E-8 9.02239E-8 7.68619E-8 7.4884E-8 6.15136E-8 1.05107E-7 8.6566E-8 7.32079E-8 7.89564E-8 8.5783E-8 9.80632E-8 1.06748E-7 1.17669E-7 1.56356E-7 1.75573E-7 1.96131E-7 2.20074E-7 2.48813E-7 3.46926E-7 3.76102E-7 4.27639E-7 6.57667E-7 6.29091E-7 6.84101E-7 8.02878E-7 8.46232E-7 9.7124E-7 1.0596E-6 1.32023E-6 1.50878E-6
2.77129E-5 2.64557E-5 2.95534E-5 1.57306E-5 1.00494E-5 1.84016E-5 6.07211E-6 4.47375E-6 3.35483E-6 1.42271E-6 1.48251E-6 8.21795E-7 8.33058E-7 3.38772E-7 3.07542E-7 1.2435E-7 1.2982E-7 6.5023E-8 2.7959E-8 1.76865E-8 1.24469E-8 7.31093E-9 4.4223E-9 4.86449E-9 6.04452E-9 8.85687E-9 1.22966E-8 1.90073E-8 2.67659E-8 3.03227E-8 3.76683E-8 4.10193E-8 5.40635E-8 6.06982E-8 6.24818E-8 6.55202E-8 7.36118E-8 6.83878E-8 6.5453E-8 5.47394E-8 8.62832E-8 8.38001E-8 6.43458E-8 7.11306E-8 7.62036E-8 8.75458E-8 9.57455E-8 1.05386E-7 1.37205E-7 1.50001E-7 1.75647E-7 1.95173E-7 2.13377E-7 2.78045E-7 3.37133E-7 3.50719E-7 5.1086E-7 6.15966E-7 5.60686E-7 6.88517E-7 7.25211E-7 7.85391E-7 9.06273E-7 9.2374E-7 1.15656E-6
2.8495E-5 2.49027E-5 2.93284E-5 1.16704E-5 2.08881E-5 5.32993E-6 8.97086E-6 8.50035E-6 2.78006E-6 1.74689E-6 1.22842E-6 4.88322E-7 8.57463E-7 3.56132E-7 2.71343E-7 1.60374E-7 6.59057E-8 4.89924E-8 4.227E-8 1.75997E-8 9.41426E-9 7.73397E-9 4.48234E-9 5.4504E-9 6.61254E-9 7.71499E-9 1.09956E-8 1.50359E-8 2.11809E-8 2.58043E-8 3.20416E-8 4.02963E-8 5.0383E-8 5.05395E-8 5.10509E-8 5.06278E-8 6.06727E-8 6.03448E-8 5.71428E-8 5.29793E-8 7.10289E-8 7.34328E-8 5.84338E-8 6.17214E-8 7.01277E-8 7.54789E-8 8.62593E-8 9.80871E-8 1.26759E-7 1.32857E-7 1.51186E-7 1.82752E-7 2.13282E-7 2.1996E-7 2.58122E-7 3.18996E-7 4.1531E-7 4.98469E-7 5.04813E-7 5.90541E-7 6.48732E-7 5.0816E-7 6.04672E-7 9.49024E-7 1.13277E-6
