layers/maxent/arawak.asc
ncols         638
nrows         825
xllcorner     -2985163.8955
yllcorner     -3022031.214
cellsize      10000.0
NODATA_value  -9999
[rows 522 to 550 of 825, columns 195 to 259 of 638]
4.36352E-6 1.64886E-6 8.85355E-7 1.53066E-7 8.01614E-8 3.27318E-8 2.1948E-8 2.29843E-8 1.67276E-8 1.38959E-8 8.87932E-9 1.02698E-8 6.46258E-9 1.43632E-8 8.37817E-9 7.56556E-9 9.27492E-9 1.49229E-8 2.97042E-8 3.58624E-8 6.3863E-8 4.22456E-8 5.33142E-8 6.95592E-8 5.96435E-8 1.12561E-7 1.85954E-7 2.55617E-7 3.54933E-7 3.45436E-7 3.45286E-7 3.73413E-7 5.45432E-7 5.21939E-7 6.03447E-7 6.22317E-7 8.17927E-7 9.0396E-7 1.67607E-6 1.91532E-6 2.44119E-6 3.44381E-6 3.9547E-6 4.3474E-6 4.52985E-6 4.60608E-6 4.93719E-6 6.07391E-6 6.66587E-6 7.23443E-6 7.82632E-6 8.26715E-6 8.72674E-6 8.43318E-6 7.78508E-6 7.82386E-6 8.2114E-6 8.13014E-6 4.33913E-6 9.31949E-6 1.50079E-5 1.48908E-5 1.06476E-5 2.20656E-5 1.90779E-5
3.97409E-6 1.19E-6 3.74498E-7 3.02602E-7 1.15916E-7 1.95483E-8 3.70526E-8 2.32699E-8 1.80018E-8 1.2729E-8 1.04271E-8 1.17467E-8 9.02581E-9 1.41608E-8 6.22082E-9 5.25409E-9 7.7015E-9 1.44821E-8 2.78076E-8 3.33283E-8 5.56455E-8 5.20091E-8 7.5152E-8 6.10075E-8 9.8429E-8 1.55926E-7 1.73437E-7 2.75334E-7 3.60117E-7 3.67013E-7 4.18911E-7 4.7529E-7 5.63093E-7 5.34988E-7 6.44768E-7 6.66297E-7 7.91215E-7 8.74896E-7 1.97142E-6 1.89335E-6 2.30654E-6 2.77804E-6 3.58326E-6 4.32009E-6 4.6788E-6 4.24663E-6 5.93096E-6 6.01007E-6 6.60564E-6 7.2142E-6 8.18036E-6 8.77571E-6 7.58503E-6 7.28511E-6 7.55327E-6 7.74857E-6 7.66481E-6 7.38411E-6 5.72317E-6 1.31771E-5 1.1424E-5 1.32739E-5 9.0461E-6 2.27811E-5 1.89657E-5
7.36103E-6 2.53906E-6 6.54055E-7 7.74695E-8 2.81859E-7 2.99874E-8 1.0706E-8 1.52896E-8 1.1134E-8 1.51947E-8 1.65671E-8 1.25671E-8 8.92353E-9 8.85787E-9 3.36504E-9 6.32258E-9 1.94537E-8 1.3202E-8 2.13091E-8 3.69168E-8 5.93368E-8 7.0695E-8 1.65897E-7 9.94701E-8 1.06856E-7 1.62165E-7 2.16896E-7 2.93427E-7 3.64983E-7 4.13678E-7 4.63682E-7 4.28879E-7 6.45881E-7 5.73658E-7 7.32898E-7 7.83967E-7 8.22202E-7 9.4489E-7 1.77755E-6 1.81321E-6 2.27217E-6 2.7268E-6 3.1816E-6 3.4322E-6 3.84283E-6 4.23851E-6 5.10141E-6 6.3304E-6 6.6163E-6 7.67667E-6 8.42229E-6 9.11472E-6 8.13076E-6 7.32588E-6 7.35678E-6 1.06243E-5 7.30385E-6 6.79894E-6 4.61231E-6 1.59544E-5 1.19458E-5 1.46313E-5 8.74417E-6 1.87917E-5 1.67293E-5
6.6108E-6 7.31985E-7 3.0632E-7 1.02438E-7 1.02598E-7 5.30528E-8 5.37615E-8 1.59744E-8 1.69767E-8 1.57293E-8 1.18961E-8 2.30683E-8 4.43328E-8 9.28619E-9 7.96554E-9 9.55489E-9 3.48577E-8 1.88148E-8 1.9667E-8 4.72464E-8 5.58014E-8 6.45895E-8 7.90327E-8 1.04754E-7 2.30281E-7 1.91278E-7 2.37591E-7 3.28983E-7 3.99741E-7 4.58173E-7 5.10507E-7 5.05204E-7 6.26962E-7 6.10543E-7 7.11111E-7 8.6275E-7 9.52432E-7 1.01293E-6 1.21926E-6 1.71522E-6 2.27762E-6 2.81424E-6 3.23922E-6 3.40566E-6 3.75682E-6 4.37966E-6 5.30746E-6 6.48973E-6 6.96558E-6 7.68381E-6 8.55809E-6 8.2279E-6 9.34079E-6 8.68786E-6 7.94761E-6 1.35242E-5 7.98218E-6 6.14407E-6 4.47393E-6 1.67252E-5 1.13431E-5 1.91076E-5 1.45262E-5 1.61843E-5 1.77687E-5
3.82796E-6 1.18052E-6 8.60808E-7 4.27528E-7 1.24124E-7 2.34E-8 7.2186E-8 2.55978E-8 9.00692E-9 1.35711E-8 1.35427E-8 1.08556E-8 1.10122E-8 2.02614E-8 7.93504E-9 9.24262E-9 3.59173E-8 2.74762E-8 1.83535E-8 4.32128E-8 5.45694E-8 9.03378E-8 6.01857E-8 1.01076E-7 1.64098E-7 2.10975E-7 2.65357E-7 3.4502E-7 4.34302E-7 4.55514E-7 5.09797E-7 5.77086E-7 7.00486E-7 6.71478E-7 6.8749E-7 8.92391E-7 1.02182E-6 1.06976E-6 9.63309E-7 1.77388E-6 2.3589E-6 2.83755E-6 3.33953E-6 3.51744E-6 3.89042E-6 4.20084E-6 5.16383E-6 6.52145E-6 7.207E-6 7.3239E-6 7.74304E-6 8.43525E-6 8.96274E-6 1.11491E-5 9.36765E-6 1.39955E-5 8.79376E-6 6.07427E-6 4.92176E-6 1.21309E-5 1.30322E-5 1.74648E-5 1.72976E-5 1.4756E-5 2.5778E-5
6.34742E-6 8.157E-7 3.00759E-7 1.23235E-7 1.25852E-7 8.55187E-8 5.75736E-8 2.18589E-8 1.80724E-8 1.44818E-8 1.45727E-8 1.10052E-8 1.16835E-8 1.80979E-8 9.24924E-9 1.68291E-8 3.86663E-8 3.05656E-8 2.08962E-8 3.37976E-8 6.05565E-8 7.03428E-8 1.00746E-7 1.16289E-7 1.69707E-7 2.60861E-7 3.60843E-7 3.83121E-7 4.56669E-7 5.02793E-7 6.13511E-7 6.40797E-7 6.84425E-7 7.50027E-7 7.41013E-7 9.32375E-7 1.11362E-6 1.19512E-6 1.05427E-6 1.69471E-6 1.97469E-6 2.61449E-6 3.29794E-6 3.70725E-6 3.92712E-6 4.47289E-6 5.02207E-6 5.53526E-6 6.71663E-6 7.5888E-6 7.38515E-6 1.10177E-5 1.13996E-5 1.21321E-5 1.32642E-5 1.17703E-5 8.28132E-6 6.21981E-6 5.25033E-6 1.80729E-5 1.64054E-5 1.49866E-5 1.95662E-5 1.60278E-5 2.50777E-5
9.92889E-6 8.05034E-7 2.84966E-7 1.33899E-7 1.29101E-7 2.88565E-8 3.14893E-8 3.17252E-8 1.80156E-8 1.65059E-8 1.52394E-8 1.0952E-8 8.44304E-9 1.70643E-8 8.90636E-9 2.12645E-8 4.19895E-8 1.94346E-8 1.90873E-8 5.22339E-8 5.54334E-8 7.05799E-8 1.07329E-7 1.21385E-7 2.09367E-7 3.00962E-7 4.5053E-7 4.95507E-7 5.52295E-7 5.99892E-7 6.33165E-7 7.44491E-7 6.93051E-7 8.46294E-7 8.3203E-7 9.17163E-7 1.28407E-6 1.29021E-6 1.26194E-6 1.63655E-6 2.0589E-6 3.13231E-6 3.40964E-6 3.63011E-6 3.85917E-6 4.34497E-6 4.56415E-6 5.39793E-6 6.85356E-6 6.88901E-6 1.85575E-6 1.30233E-5 9.31606E-6 1.06401E-5 1.23674E-5 1.12539E-5 8.53704E-6 6.70374E-6 5.24274E-6 1.26742E-5 1.31358E-5 2.47319E-5 2.17231E-5 1.8257E-5 2.17461E-5
1.22381E-5 1.78406E-6 4.67832E-7 2.23643E-7 5.77415E-8 7.62914E-8 9.85426E-8 1.63612E-8 1.97853E-8 1.49453E-8 1.41088E-8 1.36788E-8 1.03017E-8 1.44777E-8 1.11648E-8 3.23748E-8 3.86031E-8 1.8704E-8 2.16545E-8 4.79127E-8 6.73903E-8 7.6671E-8 1.3885E-7 1.41065E-7 2.3051E-7 3.50318E-7 5.12956E-7 5.91617E-7 6.71709E-7 6.84949E-7 7.10286E-7 8.6894E-7 8.34847E-7 9.96281E-7 9.24123E-7 1.02618E-6 1.40115E-6 1.4659E-6 1.54916E-6 1.76875E-6 2.06894E-6 2.4275E-6 2.95663E-6 3.92186E-6 3.89549E-6 3.87719E-6 4.17106E-6 5.58842E-6 7.20557E-6 5.2625E-6 7.82046E-6 1.07936E-5 8.50153E-6 1.05281E-5 1.30141E-5 1.53079E-5 9.20108E-6 6.76502E-6 5.32715E-6 1.12787E-5 1.79304E-5 2.25921E-5 1.85827E-5 1.83381E-5 1.81652E-5
1.36638E-5 2.01243E-6 1.04161E-6 1.22456E-6 1.57729E-7 1.11453E-7 1.87418E-8 3.29618E-8 2.60677E-8 1.41106E-8 1.28263E-8 1.1751E-8 1.17747E-8 1.18736E-8 1.72266E-8 3.17542E-8 3.34238E-8 3.40941E-8 2.75416E-8 4.41191E-8 5.07601E-8 7.24152E-8 1.79248E-7 1.65614E-7 2.48734E-7 4.05044E-7 5.58352E-7 5.86387E-7 6.93505E-7 7.90915E-7 7.68193E-7 9.40617E-7 8.89178E-7 9.49637E-7 1.09926E-6 1.10572E-6 1.21946E-6 1.54125E-6 1.63753E-6 1.6781E-6 2.24281E-6 2.38384E-6 2.99256E-6 3.43671E-6 3.41918E-6 3.96491E-6 4.19613E-6 5.24251E-6 8.37919E-6 4.91283E-6 1.18731E-5 8.93203E-6 1.06286E-5 1.17359E-5 1.15944E-5 1.41309E-5 9.87873E-6 6.97337E-6 5.72681E-6 1.23676E-5 1.48678E-5 1.55299E-5 1.85608E-5 1.64204E-5 1.50299E-5
9.20335E-6 2.25653E-6 6.20619E-7 4.5724E-7 1.15236E-7 8.83976E-8 5.1271E-8 2.69469E-8 1.52934E-8 1.00017E-8 1.36259E-8 1.34262E-8 1.35903E-8 2.52503E-8 2.64768E-8 3.12311E-8 5.46905E-8 3.15545E-8 2.31288E-8 4.99081E-8 5.90852E-8 8.36758E-8 1.37673E-7 2.09802E-7 2.93174E-7 4.54649E-7 5.53911E-7 5.87308E-7 6.84688E-7 8.04592E-7 7.95242E-7 9.3636E-7 9.01264E-7 8.84464E-7 1.1023E-6 1.11477E-6 1.19696E-6 1.36703E-6 1.70076E-6 1.75082E-6 3.24063E-6 2.62077E-6 2.99944E-6 3.31314E-6 3.40885E-6 3.92755E-6 4.34184E-6 7.60085E-6 6.22764E-6 1.0558E-5 1.1301E-5 1.08923E-5 1.00515E-5 1.23587E-5 1.39427E-5 1.24695E-5 1.04458E-5 9.12418E-6 6.51809E-6 1.68193E-5 1.6108E-5 1.54412E-5 1.69809E-5 2.10437E-5 1.62783E-5
7.7889E-6 2.73243E-6 8.11732E-7 8.7293E-7 1.82933E-7 4.9075E-8 7.74982E-8 2.52356E-8 1.37958E-8 1.28619E-8 1.3652E-8 1.33657E-8 1.70675E-8 1.47305E-8 3.46419E-8 3.69104E-8 4.15116E-8 2.31796E-8 1.96437E-8 3.70065E-8 4.80969E-8 9.31421E-8 1.0574E-7 2.16316E-7 2.79493E-7 4.84093E-7 5.39334E-7 5.96562E-7 6.74679E-7 8.18587E-7 8.26962E-7 9.0452E-7 9.31964E-7 9.08843E-7 1.12149E-6 1.15766E-6 1.20303E-6 1.32059E-6 1.70624E-6 1.88952E-6 2.08018E-6 2.45494E-6 2.97061E-6 3.54792E-6 3.5784E-6 3.90035E-6 4.24861E-6 4.32314E-6 8.12362E-6 8.92786E-6 1.22483E-5 1.55094E-5 1.03706E-5 1.14674E-5 1.10106E-5 1.2461E-5 1.03922E-5 1.07276E-5 7.05451E-6 1.18184E-5 1.27172E-5 1.12453E-5 1.42745E-5 1.91358E-5 2.23154E-5
1.95051E-6 2.31755E-6 5.53118E-7 2.91134E-7 2.04761E-7 2.95784E-7 3.36274E-8 3.38536E-8 1.50285E-8 2.13471E-8 1.70232E-8 1.48118E-8 2.7435E-8 7.81014E-9 3.85898E-8 3.16809E-8 4.09371E-8 3.6407E-8 1.93236E-8 2.83595E-8 2.792E-8 6.09206E-8 1.49838E-7 2.22746E-7 3.08369E-7 4.62747E-7 5.13372E-7 5.72961E-7 6.67676E-7 8.31424E-7 8.36767E-7 8.71313E-7 1.00322E-6 9.52044E-7 9.87182E-7 1.14648E-6 1.19831E-6 1.30549E-6 1.62585E-6 1.93025E-6 2.16592E-6 2.33751E-6 2.78941E-6 4.22279E-6 3.66874E-6 3.80253E-6 3.9526E-6 3.76899E-6 7.34123E-6 9.05409E-6 8.70051E-6 1.29592E-5 1.37864E-5 1.10625E-5 1.03076E-5 1.28557E-5 1.05548E-5 9.28962E-6 8.29662E-6 1.16442E-5 1.23277E-5 1.19435E-5 1.3025E-5 1.70247E-5 1.72184E-5
3.21044E-6 9.90204E-7 1.21111E-6 2.57798E-7 8.05892E-8 5.18148E-8 2.81731E-8 2.88366E-8 2.12032E-8 1.45551E-8 1.79385E-8 1.22211E-8 1.99657E-8 4.12708E-8 2.40117E-8 3.32359E-8 3.2799E-8 2.3887E-8 1.51747E-8 2.33909E-8 2.84018E-8 6.58721E-8 7.95347E-8 1.89974E-7 3.24976E-7 4.31108E-7 4.8372E-7 5.47542E-7 6.4477E-7 8.20007E-7 8.48822E-7 8.46121E-7 1.00698E-6 9.68432E-7 1.00942E-6 1.20372E-6 1.23586E-6 1.35748E-6 1.63313E-6 1.98452E-6 2.2534E-6 2.57056E-6 2.70565E-6 4.35827E-6 4.35547E-6 3.75824E-6 3.80059E-6 2.22818E-6 6.94245E-6 9.72329E-6 6.8762E-6 9.31618E-6 1.18005E-5 1.14389E-5 1.11412E-5 1.35777E-5 1.12982E-5 7.60134E-6 7.25075E-6 1.27109E-5 1.77234E-5 1.5138E-5 1.82161E-5 1.73071E-5 2.20456E-5
1.13079E-5 2.79449E-6 1.69433E-6 1.41872E-7 1.26852E-7 6.94012E-8 3.27061E-8 3.31598E-8 2.45091E-8 1.27601E-8 1.5525E-8 1.4503E-8 1.76479E-8 3.16711E-8 2.84577E-8 3.04363E-8 2.19115E-8 1.65138E-8 1.24892E-8 9.80421E-9 8.35464E-9 2.99896E-8 8.92954E-8 1.18459E-7 2.41638E-7 3.96599E-7 4.79502E-7 5.43473E-7 6.8959E-7 7.96207E-7 8.1328E-7 8.37964E-7 1.02906E-6 1.00837E-6 1.01305E-6 1.14586E-6 1.28234E-6 1.42147E-6 1.48436E-6 1.85355E-6 2.10999E-6 2.31725E-6 2.49131E-6 3.45072E-6 4.49899E-6 3.48009E-6 3.55044E-6 6.33106E-6 1.03993E-5 7.31049E-6 5.72198E-6 8.92425E-6 9.92448E-6 9.20193E-6 1.14737E-5 1.33414E-5 1.06443E-5 7.543E-6 8.73672E-6 1.85722E-5 1.4504E-5 1.44409E-5 1.35996E-5 1.53109E-5 1.89758E-5
1.19004E-5 3.48049E-6 6.91883E-7 4.88449E-7 5.95553E-8 8.12445E-8 3.10507E-8 2.05576E-8 2.17688E-8 3.04358E-8 1.81932E-8 1.45813E-8 1.41876E-8 6.07807E-8 4.968E-8 3.70869E-8 2.87563E-8 1.37823E-8 4.11411E-9 7.85375E-9 8.71205E-9 1.81337E-8 5.35298E-8 7.63103E-8 1.55012E-7 3.35439E-7 4.68536E-7 5.28609E-7 7.30793E-7 7.89038E-7 7.80019E-7 8.12584E-7 9.02204E-7 1.01212E-6 1.04085E-6 1.13067E-6 1.30002E-6 1.37443E-6 1.45686E-6 1.59969E-6 1.78294E-6 2.0934E-6 2.50233E-6 3.00324E-6 3.82039E-6 3.409E-6 3.34291E-6 3.97598E-6 7.39792E-6 8.3677E-6 6.56804E-6 8.18209E-6 1.12756E-5 7.38187E-6 9.20617E-6 1.628E-5 1.19375E-5 6.72187E-6 8.5585E-6 1.19467E-5 1.6818E-5 1.89684E-5 1.90285E-5 1.70757E-5 1.78825E-5
1.10508E-5 5.03576E-6 1.04942E-6 1.84951E-7 9.59325E-8 7.35095E-8 4.4625E-8 3.15906E-8 3.62927E-8 2.46185E-8 2.1647E-8 1.43706E-8 2.13252E-8 2.85907E-8 5.00645E-8 4.16958E-8 3.36746E-8 1.60141E-8 1.28974E-8 6.09481E-9 6.99847E-9 1.26088E-8 3.27882E-8 6.82425E-8 1.19133E-7 2.86325E-7 3.898E-7 5.01471E-7 7.06213E-7 7.46207E-7 7.62309E-7 7.28124E-7 8.46108E-7 9.5433E-7 9.68845E-7 1.00609E-6 1.22607E-6 1.35391E-6 1.48922E-6 1.58452E-6 1.73588E-6 1.93644E-6 2.41888E-6 3.32491E-6 3.4305E-6 3.26512E-6 3.49808E-6 3.96331E-6 8.47599E-6 9.57111E-6 6.34377E-6 7.7492E-6 9.93902E-6 6.13403E-6 5.61127E-6 1.00655E-5 9.31048E-6 6.58085E-6 9.37615E-6 1.07553E-5 1.33169E-5 1.65591E-5 1.83405E-5 1.70285E-5 1.66179E-5
1.39033E-5 3.27691E-6 1.38727E-6 2.85446E-7 1.13054E-7 1.81424E-7 1.18739E-7 3.4032E-8 1.81752E-8 2.11526E-8 2.26907E-8 1.65751E-8 2.59001E-8 1.48812E-8 1.95103E-8 3.23103E-8 2.32083E-8 1.49363E-8 1.28635E-8 5.44519E-9 6.84617E-9 2.16376E-8 3.4511E-8 5.9196E-8 1.08644E-7 2.34755E-7 2.98638E-7 4.60557E-7 6.6205E-7 7.42513E-7 7.37841E-7 7.42148E-7 7.7104E-7 9.02257E-7 9.09695E-7 9.22144E-7 1.12432E-6 1.3657E-6 1.43851E-6 1.57746E-6 1.73865E-6 2.10307E-6 2.59636E-6 3.68546E-6 3.13081E-6 3.23909E-6 3.61745E-6 5.4243E-6 6.29477E-6 1.13502E-5 8.97909E-6 7.82524E-6 9.50552E-6 5.86288E-6 5.75657E-6 6.7088E-6 7.18176E-6 6.85374E-6 8.03251E-6 9.85354E-6 1.23925E-5 1.44795E-5 1.63721E-5 1.81481E-5 1.71154E-5
1.08186E-5 3.96991E-6 1.91326E-6 2.74033E-7 1.19585E-7 7.82508E-8 6.40428E-8 4.01857E-8 2.38045E-8 2.62507E-8 2.31122E-8 2.19219E-8 1.41929E-8 1.7447E-8 3.04664E-8 3.99294E-8 4.60521E-8 2.94956E-8 9.52152E-9 5.00674E-9 6.44569E-9 1.56468E-8 3.56313E-8 6.17815E-8 1.08943E-7 1.87687E-7 2.2592E-7 4.61407E-7 6.20085E-7 6.90883E-7 7.18868E-7 7.16507E-7 7.34602E-7 8.68805E-7 8.97127E-7 9.34959E-7 1.0883E-6 1.31276E-6 1.47133E-6 1.52805E-6 1.68262E-6 2.1123E-6 2.93306E-6 3.54266E-6 2.85755E-6 3.13466E-6 3.563E-6 3.62553E-6 6.02099E-6 1.08474E-5 1.06803E-5 7.77539E-6 9.04269E-6 5.91904E-6 6.11263E-6 6.17662E-6 6.53458E-6 7.59938E-6 9.70049E-6 9.07903E-6 1.29892E-5 1.34061E-5 1.43188E-5 1.62259E-5 1.71232E-5
1.1601E-5 3.20749E-6 2.22948E-6 3.30544E-7 1.11312E-7 6.9558E-8 1.0019E-7 4.75156E-8 7.17181E-8 3.08271E-8 1.84677E-8 2.8126E-8 2.23859E-8 2.83637E-8 4.27824E-8 2.64599E-8 4.80038E-8 2.65771E-8 1.18668E-8 5.6534E-9 6.52032E-9 1.34342E-8 2.98095E-8 7.15119E-8 1.20828E-7 1.40763E-7 2.01419E-7 3.98359E-7 5.29816E-7 6.62478E-7 7.03998E-7 7.21574E-7 7.094E-7 8.63438E-7 8.94182E-7 8.83573E-7 9.30316E-7 1.2044E-6 1.40076E-6 1.53795E-6 1.70562E-6 1.87606E-6 2.85358E-6 3.45474E-6 2.83334E-6 3.11254E-6 3.46516E-6 3.99329E-6 5.67628E-6 1.00835E-5 1.14373E-5 8.44553E-6 8.57132E-6 6.32744E-6 6.16154E-6 5.97829E-6 6.22417E-6 7.95932E-6 9.75802E-6 1.11978E-5 1.20051E-5 1.35123E-5 1.4615E-5 1.57007E-5 1.63834E-5
1.60493E-5 4.69221E-6 1.25488E-6 3.98885E-7 3.75008E-7 1.16156E-7 8.66935E-8 6.18396E-8 3.15072E-8 2.88449E-8 3.12477E-8 2.72822E-8 2.66123E-8 2.13634E-8 2.75937E-8 3.46523E-8 6.13407E-8 1.18819E-8 1.05817E-8 5.50416E-9 6.41739E-9 1.32176E-8 3.03836E-8 7.20466E-8 1.12695E-7 1.22372E-7 2.19225E-7 4.07845E-7 4.88999E-7 6.6823E-7 6.56848E-7 6.48928E-7 6.74912E-7 8.27363E-7 8.3882E-7 8.5078E-7 8.98067E-7 1.00377E-6 1.31896E-6 1.46036E-6 1.66444E-6 1.8848E-6 2.72484E-6 3.12336E-6 2.82662E-6 3.09762E-6 3.39209E-6 3.98472E-6 4.91683E-6 7.30563E-6 8.97511E-6 8.20538E-6 8.4551E-6 6.95164E-6 6.16279E-6 6.1181E-6 6.10174E-6 8.07061E-6 1.01106E-5 1.00617E-5 1.14548E-5 1.26416E-5 1.40343E-5 1.51315E-5 1.57588E-5
2.3129E-5 7.72524E-6 1.37578E-6 1.38737E-6 9.06962E-7 8.56279E-8 1.00709E-7 6.84325E-8 5.3299E-8 3.5196E-8 7.91608E-8 3.94429E-8 3.02905E-8 2.62677E-8 5.63403E-8 5.09722E-8 8.54764E-8 3.88475E-8 8.34451E-9 9.35981E-9 6.06864E-9 1.36785E-8 3.25541E-8 6.73287E-8 1.15917E-7 1.29475E-7 2.28298E-7 4.467E-7 4.81955E-7 6.48385E-7 6.6853E-7 5.87217E-7 5.25588E-7 7.23492E-7 7.92912E-7 8.04935E-7 8.29055E-7 8.97705E-7 1.23896E-6 1.40924E-6 1.58661E-6 1.7061E-6 2.52636E-6 2.93209E-6 2.87001E-6 2.9877E-6 3.31362E-6 3.86318E-6 5.34877E-6 6.04596E-6 8.05276E-6 7.27546E-6 6.66303E-6 7.9702E-6 6.9012E-6 6.13144E-6 6.29875E-6 8.68685E-6 8.51837E-6 1.10077E-5 1.12949E-5 1.23756E-5 1.35707E-5 1.45341E-5 1.5075E-5
2.64752E-5 6.30845E-6 2.00917E-6 9.61839E-7 3.56463E-7 1.22436E-7 7.10682E-8 7.79109E-8 6.94277E-8 5.70461E-8 9.71544E-8 2.53857E-8 3.17584E-8 5.48219E-8 7.23704E-8 4.64276E-8 3.74682E-8 3.50315E-8 1.78655E-8 7.26262E-9 6.92007E-9 1.4406E-8 3.6929E-8 8.99321E-8 1.31318E-7 1.50915E-7 2.60382E-7 4.4975E-7 4.94499E-7 6.22132E-7 6.74616E-7 5.57186E-7 4.90855E-7 5.87759E-7 6.79742E-7 7.39466E-7 7.95252E-7 8.10881E-7 1.00447E-6 1.30236E-6 1.47957E-6 1.63796E-6 2.39757E-6 2.76323E-6 2.99401E-6 2.97083E-6 3.14966E-6 4.01819E-6 5.66513E-6 5.51638E-6 6.86475E-6 7.89245E-6 7.50123E-6 6.93316E-6 6.99056E-6 6.62983E-6 6.21459E-6 9.33384E-6 8.45585E-6 9.11203E-6 1.041E-5 1.13114E-5 1.30345E-5 1.41212E-5 1.44474E-5
2.68138E-5 7.0152E-6 4.38686E-6 8.86082E-7 4.71198E-7 2.16296E-7 1.38571E-7 9.53273E-8 8.18988E-8 6.76107E-8 6.75443E-8 2.867E-8 9.2236E-8 4.88977E-8 6.74021E-8 6.31419E-8 4.74441E-8 5.29459E-8 1.06484E-8 9.5071E-9 5.93205E-9 1.52316E-8 4.23994E-8 9.11087E-8 1.55321E-7 1.94678E-7 3.33234E-7 4.9896E-7 4.72521E-7 5.95165E-7 5.12165E-7 4.45168E-7 4.19569E-7 4.19639E-7 5.28283E-7 5.978E-7 7.39905E-7 7.4903E-7 8.62791E-7 1.14586E-6 1.35632E-6 1.50461E-6 2.11164E-6 2.68425E-6 2.91955E-6 2.88749E-6 3.1916E-6 3.57208E-6 4.49825E-6 5.44268E-6 6.47076E-6 7.37773E-6 6.75534E-6 7.04688E-6 6.69324E-6 6.98192E-6 6.52468E-6 8.83558E-6 9.25799E-6 9.67167E-6 1.01669E-5 1.07731E-5 1.14818E-5 1.3063E-5 1.37164E-5
3.08799E-5 7.84876E-6 2.71062E-6 1.19986E-6 4.08315E-7 2.62725E-7 1.78179E-7 9.24558E-8 9.95233E-8 8.45222E-8 1.53849E-7 3.58881E-8 1.00955E-7 6.65022E-8 1.18985E-7 3.43195E-7 2.5366E-8 4.88809E-8 3.68214E-8 8.6159E-9 1.26035E-8 1.72309E-8 4.69047E-8 1.00894E-7 1.78411E-7 2.62907E-7 3.97361E-7 5.19055E-7 5.43282E-7 5.69077E-7 4.45111E-7 4.03577E-7 3.79045E-7 4.59742E-7 4.45832E-7 4.9654E-7 5.33496E-7 7.0592E-7 8.51927E-7 9.95953E-7 1.2709E-6 1.49621E-6 1.83077E-6 2.40722E-6 2.67516E-6 2.73105E-6 3.52886E-6 3.71936E-6 3.94795E-6 5.16173E-6 5.71E-6 6.38367E-6 6.62634E-6 6.87073E-6 6.53075E-6 7.04444E-6 7.25969E-6 7.84889E-6 8.27844E-6 8.87738E-6 9.09402E-6 9.74417E-6 1.06182E-5 1.17637E-5 1.31343E-5
3.80504E-5 9.7779E-6 3.87167E-6 1.32335E-6 4.93228E-7 2.45347E-7 2.04861E-7 1.23688E-7 1.1615E-7 7.52509E-8 8.29232E-8 8.96528E-8 2.60757E-8 1.17646E-7 1.14688E-7 7.92019E-8 5.14505E-8 5.19326E-8 2.31284E-8 9.31021E-9 8.95753E-9 1.84015E-8 4.71265E-8 1.20357E-7 2.12659E-7 2.91614E-7 5.23525E-7 5.55317E-7 5.13407E-7 5.10555E-7 4.33422E-7 3.80289E-7 3.54227E-7 3.34409E-7 3.99358E-7 4.24822E-7 4.87481E-7 6.08831E-7 7.50416E-7 9.48743E-7 1.22146E-6 1.46297E-6 1.75314E-6 2.13905E-6 2.17097E-6 2.65491E-6 3.00875E-6 3.44092E-6 3.31072E-6 4.25058E-6 5.07914E-6 5.80799E-6 5.94225E-6 6.12244E-6 6.17729E-6 7.04885E-6 7.67156E-6 7.68449E-6 7.44131E-6 7.68544E-6 8.31716E-6 9.17588E-6 9.9126E-6 1.0442E-5 1.1803E-5
3.3814E-5 7.76718E-6 3.68854E-6 1.09083E-6 7.07654E-7 1.90884E-7 1.2755E-7 1.55282E-7 1.45745E-7 1.98117E-7 1.82639E-7 3.10264E-7 7.49576E-8 2.47325E-7 2.02999E-7 9.26149E-8 6.23447E-8 6.34223E-8 2.33994E-8 1.01036E-8 9.57933E-9 1.64419E-8 5.39789E-8 1.50907E-7 2.43078E-7 2.88661E-7 4.68773E-7 5.04895E-7 5.47303E-7 4.59495E-7 4.2249E-7 3.508E-7 3.19151E-7 2.94764E-7 3.58843E-7 3.71647E-7 4.22362E-7 5.28242E-7 6.64046E-7 8.90428E-7 1.17159E-6 1.37895E-6 1.63404E-6 1.89339E-6 1.94203E-6 2.35563E-6 3.03162E-6 3.60459E-6 3.63064E-6 3.68869E-6 4.29684E-6 4.87569E-6 5.46636E-6 5.47785E-6 5.84742E-6 5.66035E-6 6.77862E-6 7.01298E-6 6.94859E-6 6.75953E-6 7.54105E-6 8.04661E-6 8.63219E-6 9.38417E-6 1.0374E-5
3.28634E-5 1.23208E-5 3.47485E-6 9.54205E-7 3.40144E-7 7.03829E-7 1.56328E-7 1.88172E-7 1.16307E-7 1.65674E-7 2.48568E-7 2.94281E-7 1.23277E-7 1.11171E-7 2.1969E-7 1.82075E-7 9.21926E-8 7.76293E-8 3.52562E-8 1.59174E-8 1.03216E-8 1.83436E-8 6.72632E-8 1.73957E-7 2.55526E-7 3.08343E-7 4.20526E-7 5.92033E-7 5.69415E-7 5.07871E-7 4.45487E-7 3.27024E-7 2.89714E-7 2.67393E-7 3.16159E-7 3.22183E-7 3.67783E-7 4.45346E-7 5.87149E-7 7.65718E-7 1.01402E-6 1.28916E-6 1.50046E-6 1.7027E-6 1.76413E-6 1.80901E-6 2.7567E-6 3.32181E-6 4.28746E-6 3.65483E-6 4.02433E-6 4.52704E-6 4.97076E-6 5.17344E-6 5.40379E-6 5.28864E-6 6.04697E-6 6.14971E-6 6.38621E-6 6.40384E-6 6.80156E-6 7.29395E-6 7.48552E-6 8.27304E-6 9.04475E-6
2.95244E-5 9.02813E-6 2.42411E-6 1.68317E-6 6.28475E-7 9.83228E-7 2.60465E-7 2.42146E-7 1.43982E-7 2.49389E-7 2.76857E-7 3.92714E-7 3.09659E-7 1.60939E-7 2.05227E-7 1.26499E-7 9.56643E-8 4.90096E-8 2.31942E-8 1.06875E-8 1.87713E-8 1.81816E-8 7.02157E-8 1.85422E-7 2.9534E-7 3.84824E-7 4.45314E-7 3.46481E-7 5.80106E-7 4.25268E-7 3.87627E-7 3.18075E-7 2.66333E-7 2.47876E-7 2.80628E-7 2.79574E-7 3.10643E-7 3.84045E-7 5.15427E-7 6.72863E-7 8.65845E-7 1.16203E-6 1.4279E-6 1.52386E-6 1.4668E-6 1.61867E-6 2.34018E-6 2.38612E-6 3.64107E-6 3.3258E-6 3.72524E-6 4.06009E-6 4.26171E-6 4.75131E-6 4.9742E-6 5.31216E-6 5.56804E-6 5.5668E-6 5.81026E-6 6.05999E-6 6.11633E-6 6.41984E-6 6.8421E-6 7.30193E-6 7.93982E-6
5.90079E-5 9.51302E-6 5.4876E-6 1.60961E-6 2.34373E-7 1.67022E-6 1.25861E-6 1.87756E-7 1.82758E-7 5.23197E-7 2.16166E-7 5.8613E-7 2.36236E-7 2.40301E-7 1.41947E-7 1.08532E-7 9.30109E-8 5.44939E-8 2.97668E-8 1.05248E-8 1.65591E-8 2.01612E-8 6.57247E-8 1.98238E-7 2.22736E-7 2.57857E-7 3.89871E-7 4.40051E-7 3.82884E-7 3.81116E-7 3.32032E-7 2.94608E-7 2.55431E-7 2.41676E-7 2.63378E-7 2.62612E-7 2.91235E-7 3.49064E-7 4.55016E-7 6.05976E-7 7.72051E-7 1.02899E-6 1.30506E-6 1.36042E-6 1.29249E-6 1.42912E-6 2.41868E-6 2.78894E-6 3.49564E-6 2.94909E-6 3.48668E-6 3.73133E-6 4.16762E-6 4.62401E-6 4.48055E-6 4.97832E-6 5.27993E-6 5.20197E-6 5.19259E-6 5.47299E-6 5.52123E-6 5.59441E-6 5.96179E-6 6.26729E-6 6.77464E-6
