layers/maxent/arawak.asc
ncols         638
nrows         825
xllcorner     -2985163.8955
yllcorner     -3022031.214
cellsize      10000.0
NODATA_value  -9999
[rows 232 to 260 of 825, columns 130 to 194 of 638]
2.04623E-1 2.19231E-1 2.0191E-1 2.22462E-1 2.2224E-1 2.15401E-1 2.17725E-1 2.18099E-1 2.04125E-1 2.02293E-1 1.92397E-1 2.02076E-1 2.25098E-1 2.21094E-1 1.69412E-1 1.43157E-1 1.52664E-1 1.49275E-1 1.38636E-1 1.46123E-1 1.36546E-1 1.31785E-1 1.47336E-1 1.52921E-1 1.65431E-1 1.20431E-1 1.40728E-1 1.72578E-1 2.00421E-1 2.36948E-1 2.5347E-1 2.62959E-1 2.83801E-1 3.10322E-1 2.98247E-1 3.18594E-1 3.69029E-1 3.02519E-1 3.40598E-1 4.14667E-1 4.40153E-1 4.08283E-1 4.36596E-1 4.61909E-1 4.67577E-1 4.97371E-1 4.63477E-1 4.76014E-1 4.70658E-1 5.09584E-1 4.63849E-1 4.49181E-1 4.27764E-1 4.00745E-1 4.18191E-1 4.02194E-1 4.37859E-1 4.56171E-1 4.75382E-1 4.48589E-1 5.76663E-1 5.78288E-1 6.13116E-1 6.5223E-1 6.3583E-1
2.24565E-1 2.54251E-1 2.45833E-1 2.28699E-1 2.3929E-1 2.30566E-1 2.20877E-1 2.21275E-1 2.19413E-1 2.17726E-1 2.03566E-1 2.154E-1 2.42492E-1 2.1977E-1 1.59526E-1 1.32724E-1 1.31699E-1 1.29671E-1 1.50305E-1 1.39259E-1 1.27036E-1 1.29555E-1 1.32355E-1 1.32917E-1 1.75911E-1 1.70803E-1 1.46418E-1 1.7052E-1 1.95963E-1 2.23243E-1 2.4879E-1 2.45042E-1 2.43448E-1 2.64209E-1 2.34573E-1 2.53285E-1 2.99054E-1 3.04534E-1 3.58121E-1 4.13324E-1 3.63404E-1 3.63781E-1 3.86241E-1 3.83683E-1 4.08348E-1 4.46874E-1 4.17558E-1 4.56643E-1 4.46392E-1 4.32287E-1 4.41989E-1 4.44286E-1 4.1202E-1 4.26706E-1 4.16325E-1 4.01653E-1 4.7137E-1 4.90483E-1 4.90337E-1 5.39821E-1 6.58043E-1 7.76096E-1 7.87663E-1 7.76111E-1 7.52919E-1
2.7083E-1 2.9394E-1 2.58344E-1 2.34961E-1 2.47179E-1 2.68314E-1 2.47075E-1 2.37295E-1 2.41533E-1 2.29495E-1 2.22101E-1 2.1914E-1 2.34097E-1 2.26542E-1 1.53355E-1 1.42353E-1 1.21562E-1 1.38175E-1 1.49966E-1 1.25816E-1 1.15618E-1 1.21145E-1 1.2195E-1 1.36794E-1 1.71226E-1 1.61081E-1 1.4649E-1 1.78414E-1 2.11129E-1 2.22449E-1 2.33237E-1 2.24025E-1 2.22473E-1 2.34042E-1 2.20122E-1 2.94084E-1 2.98614E-1 2.96401E-1 3.56107E-1 3.48177E-1 3.26644E-1 3.18107E-1 3.46595E-1 3.88E-1 3.72308E-1 3.77636E-1 3.70266E-1 3.75377E-1 3.88611E-1 4.32393E-1 4.00452E-1 4.15229E-1 4.51248E-1 4.98982E-1 4.92868E-1 5.41768E-1 5.33774E-1 6.03075E-1 6.268E-1 6.47012E-1 7.83314E-1 7.97513E-1 7.69466E-1 5.70235E-1 6.93518E-1
3.01584E-1 3.03845E-1 3.30827E-1 2.79786E-1 2.80055E-1 2.96432E-1 2.62868E-1 2.27535E-1 2.24078E-1 2.36811E-1 2.41873E-1 2.10166E-1 2.00991E-1 2.35257E-1 1.74593E-1 1.48918E-1 1.49555E-1 1.54E-1 1.21485E-1 1.09777E-1 1.08174E-1 1.17592E-1 1.38399E-1 1.70192E-1 1.61517E-1 1.45505E-1 1.43009E-1 1.81988E-1 2.12988E-1 2.18284E-1 2.07776E-1 1.85295E-1 1.88544E-1 2.19878E-1 2.47962E-1 2.34675E-1 2.34266E-1 2.96614E-1 3.12032E-1 3.0485E-1 2.72659E-1 3.19943E-1 3.16187E-1 3.36436E-1 3.34717E-1 3.40831E-1 3.70238E-1 4.38699E-1 4.10517E-1 4.26167E-1 4.79481E-1 4.85955E-1 5.09598E-1 6.22537E-1 6.56514E-1 6.66087E-1 6.6703E-1 6.90989E-1 6.95753E-1 7.12241E-1 7.27675E-1 7.04474E-1 5.73084E-1 3.63915E-1 4.62781E-1
3.06223E-1 3.3022E-1 3.51798E-1 3.46381E-1 3.14036E-1 3.43222E-1 3.11372E-1 2.42375E-1 2.188E-1 1.9129E-1 1.99536E-1 1.77369E-1 1.72643E-1 1.87378E-1 1.66625E-1 1.5481E-1 1.35131E-1 1.37478E-1 1.20129E-1 1.12469E-1 1.13618E-1 1.23078E-1 1.56825E-1 1.54664E-1 1.31924E-1 1.3997E-1 1.34921E-1 1.74545E-1 1.8512E-1 2.20415E-1 1.76266E-1 1.48687E-1 1.67709E-1 1.98292E-1 1.98525E-1 2.087E-1 2.51161E-1 3.03901E-1 2.60972E-1 2.42638E-1 2.41957E-1 2.4768E-1 2.80154E-1 3.12275E-1 3.69353E-1 4.0684E-1 4.44678E-1 4.88808E-1 5.63269E-1 5.56618E-1 5.08152E-1 5.02332E-1 5.8161E-1 5.13188E-1 5.09586E-1 5.00219E-1 4.905E-1 5.10421E-1 4.70417E-1 4.86516E-1 4.97198E-1 6.30915E-1 5.51836E-1 4.79099E-1 4.59366E-1
3.05925E-1 3.57329E-1 3.80513E-1 4.01556E-1 4.03775E-1 4.04202E-1 3.18421E-1 2.46658E-1 2.41042E-1 1.90742E-1 1.77992E-1 1.81933E-1 1.70911E-1 1.57598E-1 1.58666E-1 1.32752E-1 1.15171E-1 1.33577E-1 1.22993E-1 1.18157E-1 1.35676E-1 1.43539E-1 1.2798E-1 1.18249E-1 1.13969E-1 1.2065E-1 1.34005E-1 1.52878E-1 1.90328E-1 1.86135E-1 1.7261E-1 1.37026E-1 1.44956E-1 1.7314E-1 1.96116E-1 2.08689E-1 2.50609E-1 2.4491E-1 2.25363E-1 2.20952E-1 2.46908E-1 2.55191E-1 2.87502E-1 3.37588E-1 3.83397E-1 4.74943E-1 5.15162E-1 5.038E-1 5.12978E-1 5.11109E-1 5.06671E-1 4.64841E-1 4.31047E-1 4.17919E-1 3.38018E-1 3.99036E-1 4.29821E-1 4.2479E-1 4.55095E-1 4.90642E-1 4.81086E-1 6.30402E-1 5.70531E-1 4.60407E-1 4.34371E-1
3.07226E-1 3.85514E-1 4.15956E-1 4.47267E-1 4.2298E-1 4.39806E-1 3.26861E-1 2.68701E-1 2.31724E-1 2.01507E-1 2.0055E-1 2.10581E-1 1.8355E-1 1.32179E-1 1.13266E-1 1.04732E-1 1.15345E-1 1.22085E-1 1.1494E-1 1.18349E-1 1.17261E-1 1.15927E-1 1.22295E-1 1.27053E-1 1.27662E-1 1.13109E-1 1.29234E-1 1.39276E-1 1.89585E-1 1.45647E-1 1.35075E-1 1.16483E-1 1.34415E-1 1.69707E-1 1.9783E-1 2.12933E-1 2.27008E-1 2.3168E-1 2.14342E-1 2.73323E-1 2.50439E-1 2.88753E-1 3.22215E-1 3.87485E-1 4.35859E-1 4.78912E-1 4.28062E-1 3.29636E-1 3.26809E-1 3.74498E-1 4.2402E-1 4.14666E-1 3.81594E-1 3.46839E-1 2.95732E-1 3.20721E-1 3.9696E-1 4.34673E-1 4.37108E-1 4.0443E-1 5.5259E-1 6.94765E-1 5.31892E-1 4.70505E-1 4.00517E-1
3.00781E-1 3.90421E-1 4.44349E-1 5.16116E-1 3.97158E-1 4.61485E-1 3.27558E-1 2.63007E-1 2.62103E-1 1.96991E-1 2.00564E-1 2.25875E-1 1.63999E-1 1.11197E-1 6.67249E-2 5.09888E-2 7.3616E-2 1.04519E-1 1.15883E-1 1.02218E-1 1.26338E-1 1.08142E-1 1.11118E-1 1.11202E-1 1.24232E-1 1.12001E-1 1.17798E-1 1.57811E-1 1.49906E-1 1.45045E-1 1.4082E-1 1.34495E-1 1.45842E-1 1.66109E-1 1.79892E-1 1.84483E-1 2.031E-1 2.23781E-1 2.31199E-1 2.7118E-1 3.09811E-1 3.12802E-1 3.84964E-1 4.01567E-1 3.77822E-1 3.47718E-1 3.37834E-1 2.88138E-1 2.66598E-1 3.4059E-1 3.36585E-1 3.49775E-1 3.52359E-1 4.01959E-1 3.11412E-1 2.9904E-1 3.56589E-1 4.06169E-1 3.45239E-1 4.80857E-1 5.9725E-1 5.06019E-1 4.67926E-1 4.69889E-1 3.89545E-1
2.88624E-1 3.79359E-1 4.9565E-1 5.52017E-1 4.22155E-1 3.80241E-1 3.46201E-1 2.90868E-1 2.5436E-1 2.42009E-1 2.36922E-1 2.1619E-1 1.89631E-1 1.73116E-1 1.32775E-1 1.00456E-1 7.86036E-2 8.54123E-2 1.08089E-1 9.9777E-2 9.10882E-2 9.48444E-2 1.16828E-1 9.36807E-2 1.05124E-1 1.02978E-1 1.21183E-1 1.44061E-1 1.50697E-1 1.43186E-1 1.67043E-1 1.74146E-1 1.8292E-1 1.79548E-1 1.61423E-1 1.82997E-1 2.044E-1 2.32325E-1 2.49883E-1 2.77158E-1 3.01994E-1 3.1388E-1 3.1124E-1 3.08841E-1 2.74614E-1 2.82714E-1 2.85669E-1 2.6982E-1 3.17976E-1 3.29703E-1 3.46662E-1 4.02296E-1 3.3834E-1 3.10706E-1 2.6014E-1 2.81938E-1 3.62062E-1 3.48024E-1 4.55063E-1 5.20995E-1 4.74486E-1 4.32344E-1 3.92599E-1 4.6344E-1 4.31561E-1
2.57165E-1 4.23136E-1 5.59582E-1 6.03811E-1 4.21777E-1 3.84694E-1 3.43129E-1 2.65293E-1 1.96973E-1 1.99707E-1 2.08641E-1 2.02792E-1 2.01941E-1 1.95827E-1 1.79468E-1 1.37303E-1 5.25984E-2 5.61073E-2 7.58494E-2 9.3947E-2 9.95597E-2 1.05773E-1 1.07766E-1 1.06957E-1 1.19735E-1 1.30211E-1 1.43835E-1 1.63543E-1 1.663E-1 1.67651E-1 1.7024E-1 1.72518E-1 1.75821E-1 1.68008E-1 1.91994E-1 2.05454E-1 2.24795E-1 2.67202E-1 2.74345E-1 3.00122E-1 2.685E-1 2.4921E-1 2.72052E-1 2.66549E-1 2.49293E-1 2.6164E-1 2.5283E-1 2.78475E-1 3.06287E-1 3.17567E-1 3.56875E-1 3.47295E-1 2.86853E-1 2.7673E-1 2.41858E-1 3.12082E-1 3.30573E-1 2.93412E-1 3.48001E-1 4.2347E-1 4.15287E-1 3.98759E-1 3.82065E-1 4.32715E-1 4.13175E-1
2.19062E-1 4.43433E-1 6.4013E-1 3.89302E-1 2.87953E-1 3.43324E-1 3.04683E-1 2.79143E-1 1.56332E-1 1.30783E-1 1.89709E-1 2.03318E-1 1.74664E-1 1.85211E-1 1.81971E-1 1.46694E-1 7.52117E-2 3.28247E-2 4.65724E-2 8.92795E-2 1.00758E-1 1.11093E-1 1.20968E-1 1.19479E-1 1.24437E-1 1.75672E-1 1.74584E-1 1.65993E-1 2.10563E-1 2.39276E-1 2.40396E-1 2.47588E-1 2.08082E-1 2.14298E-1 2.40272E-1 2.77342E-1 2.56744E-1 2.47406E-1 2.45739E-1 2.45236E-1 2.27616E-1 2.33335E-1 2.50305E-1 2.52234E-1 2.32749E-1 2.50836E-1 2.32333E-1 2.74495E-1 3.12184E-1 3.27333E-1 2.79383E-1 2.68432E-1 3.53165E-1 2.61422E-1 2.81313E-1 3.08465E-1 3.9762E-1 4.22477E-1 3.96057E-1 3.94781E-1 3.71848E-1 3.77853E-1 3.8781E-1 4.42541E-1 3.96697E-1
3.39582E-1 5.43241E-1 6.38338E-1 4.79306E-1 1.98512E-1 1.83254E-1 2.26972E-1 1.96742E-1 1.07507E-1 7.84014E-2 9.47476E-2 1.55087E-1 1.81733E-1 1.82944E-1 1.89706E-1 1.54018E-1 1.18411E-1 5.527E-2 5.90399E-2 6.05386E-2 1.03465E-1 1.07236E-1 1.16631E-1 1.21115E-1 1.2987E-1 1.31969E-1 1.44035E-1 1.75316E-1 2.20878E-1 1.81801E-1 1.99889E-1 1.77883E-1 2.59836E-1 2.89491E-1 2.47329E-1 2.34068E-1 2.22568E-1 2.15504E-1 2.15333E-1 2.30453E-1 2.00101E-1 2.20915E-1 2.25247E-1 2.50466E-1 2.18994E-1 2.14556E-1 2.26989E-1 2.78152E-1 2.70942E-1 2.81691E-1 3.03319E-1 2.64743E-1 2.86201E-1 2.50303E-1 3.73507E-1 3.77836E-1 3.30122E-1 4.54816E-1 3.81701E-1 3.8126E-1 3.36863E-1 3.49774E-1 3.7252E-1 3.85246E-1 3.35492E-1
4.75799E-1 5.36985E-1 5.04022E-1 5.0115E-1 3.00705E-1 2.79951E-1 1.47755E-1 2.1079E-1 1.42451E-1 1.07696E-1 1.20014E-1 8.68331E-2 1.39752E-1 1.8838E-1 1.84729E-1 1.39597E-1 1.06886E-1 8.96306E-2 5.20347E-2 5.08272E-2 1.11591E-1 1.0863E-1 1.24336E-1 1.31995E-1 1.63742E-1 1.49219E-1 1.48616E-1 1.59282E-1 1.65932E-1 1.64427E-1 1.65133E-1 1.9366E-1 2.15192E-1 2.30061E-1 2.16663E-1 2.23509E-1 1.93E-1 2.0201E-1 2.33519E-1 2.63969E-1 2.26366E-1 2.07656E-1 2.01368E-1 2.29583E-1 2.02184E-1 2.68896E-1 2.49485E-1 2.6025E-1 2.87415E-1 2.69844E-1 2.1764E-1 2.15756E-1 2.89275E-1 3.11917E-1 3.14694E-1 3.34683E-1 3.20979E-1 3.23021E-1 4.77058E-1 5.31203E-1 3.11615E-1 3.1638E-1 3.58197E-1 3.57832E-1 3.34484E-1
5.96332E-1 6.28282E-1 6.64339E-1 5.03994E-1 4.04799E-1 2.53996E-1 1.26962E-1 1.94002E-1 1.82777E-1 1.52226E-1 1.06451E-1 1.06059E-1 1.20596E-1 1.59165E-1 1.57801E-1 1.45471E-1 1.05388E-1 9.77492E-2 6.12555E-2 1.0035E-1 1.3161E-1 1.51456E-1 1.69472E-1 1.73857E-1 1.78472E-1 1.77343E-1 1.82318E-1 1.78395E-1 1.75896E-1 1.67059E-1 2.06579E-1 2.07736E-1 2.85915E-1 2.29009E-1 2.01957E-1 1.98426E-1 1.67176E-1 1.75401E-1 2.42204E-1 2.55068E-1 1.83593E-1 1.78703E-1 1.83706E-1 2.09797E-1 2.13929E-1 2.61146E-1 2.44483E-1 2.93999E-1 2.13771E-1 1.98362E-1 2.07135E-1 2.95317E-1 2.4296E-1 2.95405E-1 3.2088E-1 2.58079E-1 2.74628E-1 2.97281E-1 4.53254E-1 5.1024E-1 3.15911E-1 3.23535E-1 3.49763E-1 3.04857E-1 3.4845E-1
5.84125E-1 6.57355E-1 6.66287E-1 6.46382E-1 5.89944E-1 3.98519E-1 2.9002E-1 2.19271E-1 2.40512E-1 2.2213E-1 1.78852E-1 1.80066E-1 1.96583E-1 2.23474E-1 1.85588E-1 1.3036E-1 1.04795E-1 1.11802E-1 1.24864E-1 1.44875E-1 1.37738E-1 1.40166E-1 1.33045E-1 1.45927E-1 1.7502E-1 1.48658E-1 1.84176E-1 1.91877E-1 2.05269E-1 2.04854E-1 2.08163E-1 3.03009E-1 2.32367E-1 2.18983E-1 2.03831E-1 1.77013E-1 1.45208E-1 1.85361E-1 2.5756E-1 2.0957E-1 1.69492E-1 1.68431E-1 1.80226E-1 1.96905E-1 2.53642E-1 2.43098E-1 2.62539E-1 1.71325E-1 1.78286E-1 2.24655E-1 2.27573E-1 3.15703E-1 3.1734E-1 2.83633E-1 2.40784E-1 2.57786E-1 3.00925E-1 4.22883E-1 4.20211E-1 3.50831E-1 3.10811E-1 3.03818E-1 2.96898E-1 2.90192E-1 3.65711E-1
5.3725E-1 6.34971E-1 6.79062E-1 6.40094E-1 6.20231E-1 4.49398E-1 3.4123E-1 2.99496E-1 2.76862E-1 2.71511E-1 2.52471E-1 2.63122E-1 2.603E-1 2.76003E-1 2.30995E-1 1.57566E-1 1.11586E-1 1.20337E-1 1.11708E-1 1.31016E-1 1.24822E-1 1.31129E-1 1.35427E-1 1.9067E-1 1.89098E-1 1.29862E-1 1.47534E-1 1.75228E-1 2.50332E-1 2.7513E-1 2.92717E-1 3.10426E-1 2.26745E-1 2.06908E-1 1.75242E-1 1.8674E-1 1.61105E-1 2.60447E-1 2.71626E-1 1.85962E-1 1.69674E-1 1.81098E-1 2.01581E-1 2.18892E-1 2.69101E-1 2.55758E-1 1.78422E-1 1.85973E-1 2.13788E-1 2.22345E-1 2.30758E-1 3.26263E-1 3.53443E-1 2.68356E-1 2.44001E-1 2.63163E-1 3.00225E-1 4.15274E-1 5.21907E-1 3.56643E-1 3.17008E-1 3.04191E-1 2.95029E-1 3.38151E-1 3.97171E-1
5.26963E-1 6.29339E-1 7.18309E-1 7.03152E-1 6.63635E-1 5.06539E-1 4.38894E-1 3.0651E-1 3.12986E-1 2.75466E-1 2.90741E-1 2.95401E-1 2.88762E-1 2.57913E-1 2.04405E-1 2.08461E-1 1.80994E-1 1.45429E-1 9.92515E-2 6.20583E-2 1.25759E-1 1.28908E-1 1.48189E-1 2.03531E-1 1.83569E-1 1.37222E-1 1.65022E-1 1.81772E-1 1.58267E-1 1.54838E-1 2.21113E-1 3.04553E-1 2.17805E-1 1.88865E-1 1.77901E-1 1.83787E-1 1.89096E-1 2.82187E-1 1.95358E-1 1.92092E-1 1.50719E-1 1.61053E-1 1.87819E-1 2.31035E-1 1.96301E-1 2.30466E-1 2.03189E-1 2.03044E-1 2.36446E-1 2.04699E-1 2.53725E-1 2.77892E-1 3.72498E-1 2.58058E-1 2.15188E-1 2.47902E-1 3.94998E-1 4.93558E-1 3.24425E-1 4.3803E-1 3.79444E-1 3.34697E-1 3.09175E-1 3.15331E-1 3.6447E-1
4.83997E-1 5.90541E-1 6.85868E-1 6.88047E-1 7.06534E-1 6.48041E-1 4.55974E-1 3.95481E-1 2.92178E-1 2.97316E-1 3.13884E-1 3.12087E-1 3.14231E-1 2.99334E-1 2.66608E-1 2.42359E-1 2.11337E-1 1.83812E-1 1.11061E-1 8.68133E-2 1.08655E-1 1.46167E-1 1.57404E-1 1.66957E-1 1.69127E-1 1.7393E-1 1.79696E-1 1.86708E-1 1.71186E-1 1.89015E-1 2.86787E-1 3.07998E-1 2.29123E-1 1.79553E-1 1.73062E-1 1.66745E-1 1.84263E-1 2.10081E-1 1.87532E-1 1.67382E-1 1.61089E-1 1.75851E-1 1.67107E-1 2.04031E-1 2.64185E-1 2.14606E-1 2.10427E-1 2.04271E-1 1.7998E-1 2.15521E-1 1.9998E-1 2.77181E-1 4.02909E-1 2.4308E-1 2.155E-1 2.42198E-1 4.54161E-1 4.91413E-1 2.79224E-1 4.22795E-1 4.83594E-1 3.48214E-1 3.07227E-1 3.22685E-1 3.43728E-1
4.38987E-1 5.35773E-1 6.57227E-1 6.82607E-1 7.1414E-1 6.02392E-1 6.79506E-1 4.50313E-1 3.49456E-1 3.33875E-1 3.16262E-1 3.24572E-1 3.20095E-1 3.33748E-1 3.15358E-1 2.58079E-1 2.59427E-1 2.13842E-1 1.69988E-1 1.01378E-1 1.67447E-1 1.71483E-1 1.6776E-1 1.65563E-1 1.9882E-1 1.98812E-1 2.03207E-1 1.98104E-1 2.81954E-1 3.19243E-1 2.88254E-1 2.0178E-1 1.9838E-1 2.05844E-1 1.91461E-1 1.69285E-1 1.86939E-1 2.22512E-1 1.99062E-1 1.67369E-1 1.75965E-1 1.7871E-1 1.80361E-1 1.94145E-1 1.61618E-1 1.53987E-1 1.62428E-1 2.12663E-1 2.16755E-1 2.02559E-1 2.08983E-1 2.51965E-1 4.11974E-1 3.57445E-1 2.791E-1 3.13621E-1 4.76456E-1 4.52861E-1 2.53928E-1 2.98622E-1 4.36482E-1 3.36716E-1 3.19938E-1 3.4983E-1 3.48103E-1
3.43483E-1 5.19979E-1 6.48924E-1 6.60573E-1 6.74214E-1 7.03895E-1 6.83738E-1 5.07483E-1 5.81006E-1 3.68729E-1 3.22491E-1 3.24054E-1 3.53886E-1 3.5463E-1 3.07152E-1 3.00858E-1 2.52173E-1 1.44124E-1 1.26709E-1 1.53525E-1 1.74821E-1 1.49477E-1 1.74356E-1 1.95223E-1 1.97265E-1 1.77112E-1 1.80407E-1 1.87328E-1 1.96999E-1 2.39986E-1 3.18178E-1 2.94381E-1 2.53962E-1 1.7701E-1 1.68105E-1 1.5736E-1 1.88129E-1 1.95817E-1 2.15655E-1 1.72833E-1 1.67765E-1 1.50612E-1 1.91056E-1 1.61907E-1 2.17271E-1 1.82171E-1 1.70909E-1 1.66894E-1 1.67762E-1 2.27129E-1 2.36328E-1 2.79127E-1 3.78471E-1 3.44644E-1 3.53539E-1 5.13341E-1 5.12189E-1 4.34471E-1 2.92967E-1 3.14904E-1 4.82075E-1 3.74023E-1 3.316E-1 3.38307E-1 3.41959E-1
3.3838E-1 5.38706E-1 5.02817E-1 6.00524E-1 7.00781E-1 7.3741E-1 6.20794E-1 5.90144E-1 6.462E-1 5.92218E-1 5.36337E-1 3.43731E-1 3.26776E-1 3.63031E-1 3.39779E-1 2.78467E-1 1.81522E-1 1.01656E-1 1.70536E-1 1.95237E-1 1.14553E-1 1.43421E-1 1.70596E-1 1.81077E-1 1.98002E-1 1.92275E-1 1.86424E-1 1.87354E-1 2.05831E-1 3.22315E-1 3.08905E-1 2.09463E-1 3.35563E-1 2.06576E-1 2.11166E-1 1.81441E-1 1.81084E-1 2.0347E-1 1.88441E-1 1.66066E-1 1.59045E-1 1.65277E-1 1.79188E-1 2.26057E-1 2.20972E-1 1.40677E-1 1.37579E-1 1.65271E-1 2.25445E-1 2.32405E-1 2.59397E-1 4.10119E-1 3.7658E-1 3.26051E-1 4.03528E-1 3.20847E-1 4.34862E-1 3.03652E-1 3.00068E-1 2.96598E-1 3.21552E-1 3.94821E-1 3.51372E-1 4.77334E-1 4.47778E-1
3.557E-1 4.07313E-1 4.30196E-1 5.08093E-1 5.81E-1 6.85408E-1 7.16106E-1 6.73607E-1 6.67126E-1 6.33163E-1 6.3577E-1 5.88944E-1 3.82758E-1 3.67765E-1 3.49994E-1 2.66032E-1 3.90668E-1 2.02578E-1 2.26572E-1 2.33042E-1 1.52799E-1 2.09312E-1 1.99747E-1 2.12322E-1 2.07414E-1 2.42132E-1 2.51025E-1 3.22234E-1 3.30774E-1 3.16176E-1 3.35911E-1 2.13995E-1 2.29802E-1 2.38827E-1 2.11526E-1 1.8203E-1 1.70963E-1 2.04625E-1 1.83113E-1 1.56853E-1 1.56956E-1 2.34937E-1 1.64291E-1 1.93667E-1 1.79598E-1 1.62967E-1 1.80926E-1 2.10578E-1 2.35785E-1 2.38528E-1 1.94989E-1 3.735E-1 3.42337E-1 3.54383E-1 4.6061E-1 2.95609E-1 4.02749E-1 3.8614E-1 3.02582E-1 3.03804E-1 3.33136E-1 3.78477E-1 3.46161E-1 4.55988E-1 4.44315E-1
2.87065E-1 3.51061E-1 3.70301E-1 3.80437E-1 4.354E-1 5.42323E-1 6.61841E-1 6.68821E-1 6.77855E-1 6.39504E-1 6.63426E-1 6.20913E-1 5.49211E-1 3.50292E-1 3.513E-1 2.75611E-1 2.27587E-1 2.51848E-1 2.46155E-1 2.57966E-1 2.61485E-1 2.20471E-1 2.37454E-1 2.42302E-1 2.42108E-1 2.51258E-1 2.42742E-1 3.37814E-1 3.31729E-1 3.17071E-1 3.43017E-1 3.66948E-1 2.38002E-1 2.12028E-1 2.22095E-1 1.83383E-1 1.8469E-1 2.08692E-1 1.78053E-1 1.54488E-1 1.57112E-1 2.25102E-1 2.39898E-1 1.98957E-1 1.80954E-1 2.09778E-1 2.18231E-1 1.90597E-1 2.5426E-1 2.03901E-1 3.33512E-1 3.61881E-1 3.44402E-1 4.10124E-1 3.46502E-1 3.98164E-1 4.36046E-1 4.34784E-1 3.07954E-1 3.01431E-1 3.62191E-1 3.87062E-1 3.77109E-1 4.69922E-1 4.81302E-1
2.96211E-1 2.67279E-1 3.04361E-1 3.86678E-1 4.23539E-1 5.01007E-1 6.48104E-1 7.07465E-1 8.04662E-1 6.59355E-1 6.49852E-1 6.16876E-1 5.82531E-1 5.68002E-1 3.79341E-1 4.31934E-1 3.90029E-1 2.80901E-1 2.73025E-1 2.59806E-1 2.46566E-1 2.28976E-1 2.17156E-1 2.34201E-1 2.36477E-1 2.28329E-1 2.18992E-1 2.23061E-1 2.46278E-1 2.6616E-1 3.88085E-1 2.55939E-1 3.41517E-1 1.96263E-1 2.23454E-1 1.89295E-1 1.92647E-1 1.87213E-1 2.44302E-1 1.54517E-1 2.48999E-1 2.02776E-1 2.02847E-1 1.58928E-1 2.07941E-1 2.23754E-1 1.9345E-1 2.41959E-1 1.96271E-1 3.24285E-1 3.73709E-1 3.60854E-1 3.51939E-1 4.23908E-1 4.96718E-1 4.29054E-1 4.00118E-1 4.32674E-1 4.38147E-1 4.89234E-1 3.59231E-1 3.69539E-1 3.82971E-1 5.32225E-1 5.09169E-1
3.6711E-1 2.92684E-1 3.14614E-1 4.01222E-1 4.2996E-1 5.56976E-1 6.8215E-1 7.24361E-1 6.92616E-1 6.61803E-1 6.37902E-1 6.3815E-1 5.94981E-1 6.02463E-1 5.61309E-1 3.65011E-1 4.29045E-1 4.21857E-1 3.83352E-1 2.84945E-1 2.19421E-1 2.03415E-1 2.19217E-1 2.16743E-1 2.66394E-1 2.25344E-1 2.49346E-1 2.71969E-1 2.88185E-1 3.07943E-1 4.17003E-1 2.34251E-1 2.40371E-1 2.36685E-1 2.12345E-1 1.78111E-1 2.68544E-1 2.74647E-1 2.30839E-1 2.14516E-1 2.2291E-1 1.95036E-1 2.34207E-1 1.92488E-1 2.23447E-1 2.19769E-1 2.37735E-1 1.67717E-1 2.0261E-1 3.83309E-1 4.2707E-1 3.6092E-1 4.13754E-1 4.33985E-1 4.97935E-1 4.25238E-1 4.15833E-1 4.59212E-1 5.07961E-1 3.77621E-1 3.88895E-1 5.10959E-1 5.48919E-1 4.96947E-1 5.23478E-1
4.25335E-1 3.71248E-1 3.79832E-1 4.28059E-1 4.68723E-1 6.59637E-1 7.25357E-1 7.1019E-1 7.80345E-1 7.69988E-1 6.48051E-1 6.41818E-1 6.14537E-1 6.0086E-1 5.80335E-1 4.03105E-1 5.11747E-1 5.12835E-1 4.1773E-1 2.6213E-1 2.53385E-1 2.25021E-1 2.28685E-1 1.99513E-1 1.84981E-1 2.30438E-1 2.30244E-1 2.54605E-1 2.70656E-1 3.08593E-1 4.69621E-1 2.8237E-1 2.54358E-1 2.36268E-1 2.19783E-1 3.01418E-1 2.56577E-1 2.92886E-1 2.14322E-1 2.05948E-1 2.23052E-1 1.80773E-1 2.01735E-1 2.05286E-1 2.85885E-1 1.52933E-1 1.67419E-1 2.12946E-1 2.37211E-1 3.8373E-1 3.88923E-1 4.15072E-1 4.82279E-1 4.39953E-1 5.60401E-1 4.67367E-1 5.08959E-1 5.36512E-1 5.38764E-1 5.4045E-1 5.18587E-1 5.5466E-1 5.49152E-1 5.0194E-1 5.29748E-1
4.52925E-1 3.99218E-1 4.57451E-1 4.6722E-1 4.68811E-1 6.4391E-1 7.24487E-1 6.35429E-1 6.70997E-1 7.89422E-1 7.70891E-1 7.63753E-1 6.19864E-1 6.08482E-1 5.96041E-1 5.62184E-1 5.22914E-1 4.87833E-1 4.42644E-1 2.66778E-1 2.38706E-1 2.41167E-1 2.26872E-1 1.99248E-1 1.70408E-1 1.92224E-1 2.1714E-1 2.15498E-1 2.42607E-1 2.63268E-1 4.24132E-1 3.93511E-1 2.61092E-1 2.29569E-1 2.09821E-1 3.1706E-1 2.47188E-1 2.679E-1 2.57556E-1 2.47536E-1 2.50281E-1 1.96154E-1 2.43822E-1 2.29888E-1 1.93584E-1 1.98879E-1 3.50534E-1 4.09367E-1 4.09794E-1 4.32411E-1 3.93045E-1 4.41683E-1 4.1851E-1 4.68556E-1 5.36907E-1 4.89003E-1 5.17157E-1 5.24323E-1 4.91664E-1 5.74558E-1 5.70867E-1 5.73614E-1 5.56505E-1 5.38876E-1 5.56412E-1
4.65854E-1 3.73686E-1 4.70239E-1 4.38583E-1 5.39518E-1 5.37773E-1 6.30744E-1 5.91885E-1 6.2976E-1 7.81256E-1 7.79055E-1 7.52944E-1 6.17951E-1 6.2086E-1 6.00683E-1 5.79811E-1 5.7174E-1 4.66515E-1 4.26552E-1 2.83693E-1 2.60199E-1 2.57835E-1 2.42855E-1 2.26787E-1 1.94434E-1 1.92707E-1 1.74674E-1 1.86991E-1 2.08898E-1 2.35879E-1 3.7933E-1 3.89658E-1 2.50617E-1 2.45899E-1 2.35167E-1 3.49216E-1 3.04976E-1 2.51278E-1 2.5853E-1 2.09406E-1 2.10379E-1 2.36115E-1 3.00547E-1 2.05389E-1 2.26011E-1 3.93684E-1 4.1896E-1 4.45241E-1 4.11392E-1 4.07745E-1 4.39884E-1 4.91591E-1 4.65755E-1 5.55277E-1 5.44589E-1 4.86075E-1 4.9788E-1 5.30226E-1 5.12714E-1 5.44937E-1 5.38752E-1 5.29092E-1 5.22338E-1 5.55824E-1 5.63603E-1
4.9784E-1 5.15872E-1 5.00201E-1 4.83347E-1 4.56051E-1 5.09641E-1 5.77649E-1 5.77681E-1 5.25646E-1 6.38231E-1 7.6005E-1 6.33206E-1 6.40724E-1 6.2291E-1 6.05246E-1 5.87022E-1 5.86229E-1 5.14845E-1 4.60719E-1 4.42881E-1 2.87993E-1 2.50641E-1 2.68203E-1 2.65528E-1 2.11455E-1 1.77219E-1 1.62221E-1 1.74967E-1 1.94263E-1 1.99811E-1 3.44814E-1 3.60582E-1 2.33923E-1 2.46264E-1 2.3285E-1 3.44451E-1 3.33219E-1 1.83613E-1 1.73941E-1 1.97547E-1 2.30853E-1 3.45943E-1 3.00736E-1 2.19035E-1 5.56892E-1 4.2336E-1 4.30759E-1 5.67813E-1 3.50654E-1 3.81368E-1 4.85154E-1 5.00757E-1 4.90753E-1 5.55622E-1 5.90073E-1 5.13994E-1 5.07214E-1 4.92131E-1 4.83709E-1 5.30825E-1 5.0377E-1 5.32213E-1 5.41097E-1 5.49969E-1 6.33496E-1
