layers/maxent/arawak.asc
ncols         638
nrows         825
xllcorner     -2985163.8955
yllcorner     -3022031.214
cellsize      10000.0
NODATA_value  -9999
[rows 493 to 521 of 825, columns 195 to 259 of 638]
5.08469E-6 2.3203E-6 1.09286E-6 4.81615E-7 2.88641E-7 9.41047E-8 7.25819E-8 7.06122E-8 3.9925E-8 3.5759E-8 3.73212E-8 3.17956E-8 3.0414E-8 2.60347E-8 2.54693E-8 2.62503E-8 2.36864E-8 2.42786E-8 2.56774E-8 2.71512E-8 6.06266E-8 4.09319E-8 7.73332E-8 1.21664E-7 1.753E-7 8.52851E-7 3.74489E-7 5.82703E-7 6.32139E-7 5.67311E-7 4.58462E-7 6.08423E-7 1.44375E-6 1.7856E-6 2.09671E-6 2.24222E-6 1.44319E-6 1.35418E-6 1.52208E-6 2.60799E-6 5.34437E-6 5.9802E-6 6.38093E-6 6.23611E-6 6.59778E-6 6.79899E-6 7.20802E-6 7.86473E-6 8.4545E-6 9.79383E-6 1.00003E-5 6.94785E-6 1.25264E-5 1.54361E-5 1.80299E-5 1.89836E-5 2.02302E-5 2.16301E-5 1.90996E-5 2.62614E-5 2.84834E-5 2.60721E-5 2.6436E-5 2.66298E-5 2.28381E-5
1.39315E-5 1.85961E-6 1.06258E-6 4.33713E-7 1.67048E-7 1.24073E-7 4.4837E-8 4.61323E-8 3.7547E-8 2.81483E-8 2.68359E-8 2.96301E-8 2.40946E-8 1.81668E-8 1.93978E-8 2.12129E-8 2.43499E-8 1.68225E-8 1.66174E-8 2.54507E-8 5.25697E-8 4.37634E-8 6.85928E-8 1.34693E-7 1.97014E-7 8.30632E-7 5.93531E-7 5.39573E-7 7.93834E-7 6.45678E-7 5.8834E-7 5.47497E-7 1.35899E-6 1.83669E-6 2.20401E-6 2.4205E-6 1.90696E-6 2.56878E-6 1.66936E-6 4.80045E-6 6.32408E-6 6.1944E-6 6.14878E-6 5.9117E-6 5.9544E-6 6.49919E-6 6.77577E-6 6.65508E-6 7.48516E-6 1.16582E-5 1.14209E-5 7.66573E-6 9.87994E-6 1.35628E-5 1.64471E-5 1.78841E-5 2.00673E-5 2.0468E-5 1.87636E-5 2.4342E-5 2.73353E-5 2.4865E-5 2.50316E-5 2.54554E-5 2.19963E-5
4.08923E-6 1.91229E-6 1.7365E-6 2.72568E-7 2.00681E-7 7.87224E-8 5.17865E-8 3.11364E-8 2.63137E-8 2.47744E-8 1.91016E-8 2.09902E-8 1.76638E-8 1.66709E-8 1.54519E-8 2.03967E-8 1.75643E-8 2.17328E-8 1.69407E-8 2.6522E-8 6.43216E-8 5.53501E-8 1.59753E-7 5.61445E-8 2.18432E-7 1.40417E-7 4.07813E-7 5.98227E-7 7.42431E-7 7.00276E-7 6.23309E-7 5.79732E-7 1.25887E-6 1.251E-6 2.03117E-6 2.36374E-6 2.02205E-6 2.71764E-6 3.84909E-6 3.68697E-6 6.21482E-6 6.11226E-6 6.12837E-6 5.71358E-6 5.7637E-6 5.72032E-6 5.58412E-6 4.94966E-6 4.94476E-6 1.23253E-5 1.25379E-5 8.96167E-6 1.16698E-5 1.09584E-5 1.47589E-5 1.79611E-5 1.99521E-5 1.93478E-5 1.78561E-5 2.27286E-5 2.61398E-5 2.40981E-5 2.4236E-5 2.35346E-5 2.06127E-5
3.54374E-6 1.32869E-6 8.46912E-7 1.65326E-7 1.23544E-7 9.15877E-8 3.56637E-8 2.67331E-8 3.45049E-8 2.12635E-8 1.79541E-8 1.887E-8 1.37564E-8 1.78045E-8 1.37623E-8 1.69699E-8 1.65185E-8 1.4818E-8 1.91918E-8 4.0195E-8 5.48491E-8 2.84744E-8 1.35957E-7 9.03476E-8 2.29474E-7 3.3576E-7 4.89169E-7 6.52791E-7 6.21565E-7 6.98219E-7 6.73822E-7 5.75362E-7 5.6382E-7 7.68098E-7 1.3002E-6 2.02692E-6 1.93454E-6 1.96034E-6 2.13514E-6 4.61584E-6 6.36305E-6 6.32672E-6 5.71122E-6 5.70284E-6 5.80164E-6 4.99841E-6 4.76345E-6 4.31208E-6 4.52819E-6 1.17629E-5 1.15722E-5 9.89162E-6 8.97651E-6 1.00295E-5 1.32535E-5 1.65053E-5 1.94517E-5 1.92401E-5 1.80472E-5 2.21482E-5 2.6045E-5 2.36844E-5 2.27546E-5 2.1934E-5 1.94735E-5
2.08107E-6 6.81789E-7 3.3195E-7 2.76674E-7 1.93689E-7 5.45035E-8 2.92064E-8 2.23874E-8 2.21849E-8 1.68742E-8 1.74251E-8 1.56652E-8 1.54641E-8 1.32398E-8 1.19065E-8 1.31933E-8 1.04554E-8 1.36411E-8 1.26018E-8 4.19057E-8 5.72553E-8 5.03896E-8 1.66859E-7 1.39755E-7 2.17263E-7 3.32506E-7 2.35903E-7 6.32234E-7 6.47948E-7 6.33983E-7 6.50111E-7 6.19732E-7 6.21118E-7 4.49157E-7 2.3068E-6 1.91296E-6 1.94157E-6 1.69871E-6 1.92567E-6 5.13502E-6 5.90808E-6 5.92767E-6 6.40197E-6 6.34129E-6 5.24668E-6 4.78466E-6 4.72923E-6 4.21175E-6 4.01543E-6 1.00231E-5 1.00365E-5 9.8555E-6 9.12276E-6 9.51395E-6 1.21377E-5 1.49178E-5 1.84524E-5 1.80494E-5 1.97395E-5 1.95452E-5 2.58811E-5 2.35766E-5 2.2644E-5 2.07553E-5 1.75606E-5
1.14297E-6 8.90557E-7 7.16357E-7 2.63377E-7 7.63373E-8 3.59519E-8 3.17789E-8 2.11699E-8 1.78776E-8 1.55147E-8 1.42229E-8 1.30718E-8 1.20423E-8 1.12627E-8 1.08065E-8 1.19711E-8 2.0839E-8 1.34313E-8 1.2885E-8 2.48634E-8 6.6499E-8 4.25924E-8 6.0275E-8 2.69513E-7 1.64988E-7 3.75966E-7 4.45803E-7 5.28489E-7 6.49363E-7 6.5292E-7 5.38563E-7 5.41271E-7 4.7565E-7 4.61871E-7 2.20597E-6 1.01453E-6 1.94249E-6 1.62872E-6 5.27912E-6 4.41028E-6 5.23383E-6 5.76259E-6 6.21949E-6 6.24376E-6 5.77517E-6 4.72241E-6 4.65844E-6 3.98208E-6 3.95721E-6 7.39049E-6 9.17008E-6 9.38576E-6 8.6588E-6 9.11514E-6 1.18215E-5 1.50928E-5 1.68944E-5 1.69902E-5 2.05179E-5 2.04859E-5 2.30161E-5 2.43755E-5 2.33044E-5 1.93811E-5 1.63953E-5
4.0976E-6 1.87167E-6 7.29378E-7 3.82438E-7 1.48301E-7 4.91773E-8 2.13805E-8 2.53909E-8 1.70584E-8 1.4981E-8 1.32758E-8 9.71612E-9 8.84305E-9 8.6126E-9 9.786E-9 1.20405E-8 1.23169E-8 1.0413E-8 1.26539E-8 3.0103E-8 8.78474E-8 6.44172E-8 7.8347E-8 1.34622E-7 3.12354E-7 3.64343E-7 4.7339E-7 4.22299E-7 6.14541E-7 6.38005E-7 5.16389E-7 5.46718E-7 4.23001E-7 5.30298E-7 5.07976E-7 1.0377E-6 3.29793E-6 1.8482E-6 1.77866E-6 6.59795E-6 4.67774E-6 4.89435E-6 5.58954E-6 4.92999E-6 5.67495E-6 4.84893E-6 4.52915E-6 3.86945E-6 4.79058E-6 7.24901E-6 9.21166E-6 9.07087E-6 8.61671E-6 8.83868E-6 1.16878E-5 1.47216E-5 1.74986E-5 1.8062E-5 2.02621E-5 2.0352E-5 2.1905E-5 1.96829E-5 2.21632E-5 1.73719E-5 1.27834E-5
9.37858E-6 1.13398E-6 4.84246E-7 2.27784E-7 2.1365E-7 5.10751E-8 8.41162E-8 8.61062E-8 1.41981E-8 1.4911E-8 1.30069E-8 9.33642E-9 8.74555E-9 7.32099E-9 8.89904E-9 9.67577E-9 8.65064E-9 1.06347E-8 1.05804E-8 1.52814E-8 9.93809E-8 7.23203E-8 8.97492E-8 1.35513E-7 1.76783E-7 3.55417E-7 5.08589E-7 4.33479E-7 7.84082E-7 3.14258E-7 5.86213E-7 4.46536E-7 4.25372E-7 3.24551E-7 8.09045E-7 8.22917E-7 2.95294E-6 1.94963E-6 1.57458E-6 3.42202E-6 4.09338E-6 4.36417E-6 5.22553E-6 4.7136E-6 5.63859E-6 5.31847E-6 4.47778E-6 3.94458E-6 4.27889E-6 6.71027E-6 8.666E-6 8.75338E-6 7.91584E-6 8.73782E-6 1.14005E-5 1.39443E-5 1.79615E-5 1.78559E-5 2.05623E-5 2.1667E-5 2.18062E-5 1.8639E-5 1.82017E-5 1.6475E-5 1.40804E-5
5.34414E-6 1.89495E-6 3.7746E-7 2.9249E-7 1.4555E-7 4.95452E-8 2.74035E-8 6.50674E-8 1.21113E-8 1.90478E-8 1.27603E-8 1.10361E-8 6.25224E-9 6.92295E-9 8.53071E-9 7.08507E-9 6.81038E-9 1.0383E-8 1.37406E-8 2.9075E-8 9.51037E-8 1.14172E-7 9.02493E-8 9.68011E-8 2.45549E-7 3.63181E-7 5.10319E-7 5.46429E-7 4.7474E-7 3.3789E-7 8.03841E-7 5.30913E-7 4.36218E-7 4.53183E-7 8.38902E-7 7.05898E-7 1.70506E-6 1.91741E-6 2.40494E-6 3.0123E-6 3.42255E-6 4.0103E-6 4.26983E-6 5.39012E-6 5.47778E-6 4.86167E-6 4.60042E-6 4.26057E-6 3.95389E-6 7.14712E-6 7.80661E-6 8.33415E-6 8.04711E-6 8.8591E-6 1.14448E-5 1.38327E-5 1.78337E-5 1.78761E-5 1.95685E-5 2.17336E-5 2.07907E-5 1.87668E-5 1.67368E-5 1.59099E-5 1.32234E-5
3.49617E-6 1.31904E-6 1.09462E-6 3.3845E-7 1.91623E-7 2.67411E-8 3.34614E-8 2.59114E-8 2.0539E-8 1.03897E-8 1.38198E-8 9.81442E-9 7.15434E-9 5.18776E-9 7.35686E-9 9.311E-9 6.05345E-9 1.14744E-8 1.33885E-8 3.23764E-8 1.02056E-7 1.59298E-7 1.71686E-7 1.57684E-7 2.00969E-7 3.46039E-7 4.4161E-7 5.55787E-7 4.6736E-7 6.12603E-7 5.6563E-7 5.48423E-7 4.34671E-7 4.9293E-7 6.50055E-7 8.93517E-7 8.38839E-7 1.75476E-6 2.471E-6 3.10709E-6 3.33215E-6 3.61126E-6 4.14157E-6 5.02178E-6 4.98154E-6 4.60988E-6 4.78455E-6 5.04257E-6 4.46678E-6 6.85148E-6 6.67551E-6 8.09759E-6 8.27223E-6 9.36376E-6 1.16174E-5 1.3924E-5 1.76374E-5 1.98157E-5 1.89596E-5 2.14244E-5 2.07501E-5 1.82351E-5 1.61987E-5 1.47935E-5 1.33597E-5
4.28543E-6 1.37156E-6 2.86486E-6 3.14829E-7 2.70846E-7 8.67728E-8 2.30891E-7 5.99575E-8 1.64681E-8 1.01782E-8 1.16125E-8 7.57578E-9 8.4411E-9 6.65129E-9 7.65294E-9 6.09154E-9 6.55898E-9 9.78851E-9 1.63083E-8 2.56034E-8 7.8187E-8 2.43848E-7 1.21501E-7 1.59694E-7 1.63489E-7 3.29098E-7 5.32163E-7 4.91342E-7 4.93517E-7 4.10434E-7 4.13083E-7 4.38247E-7 4.25898E-7 4.15609E-7 6.73858E-7 7.51407E-7 8.44008E-7 1.66116E-6 2.43683E-6 2.84121E-6 3.17174E-6 3.30609E-6 3.0049E-6 3.3423E-6 4.31801E-6 4.20555E-6 4.82338E-6 5.54903E-6 5.32849E-6 6.30139E-6 6.33883E-6 8.47587E-6 8.9556E-6 9.89238E-6 1.15894E-5 1.38333E-5 1.73712E-5 1.80865E-5 1.99303E-5 2.03904E-5 1.9779E-5 1.6382E-5 1.53473E-5 1.39809E-5 1.48651E-5
3.38794E-6 1.04242E-6 6.09571E-7 1.24582E-7 8.45109E-8 5.97966E-8 3.10205E-8 2.48574E-8 2.47034E-8 1.42331E-8 8.38699E-9 6.46506E-9 6.06364E-9 5.09663E-9 4.98455E-9 5.679E-9 6.06475E-9 8.8768E-9 1.65819E-8 2.44666E-8 7.22462E-8 7.79673E-8 1.54293E-7 1.82758E-7 3.00019E-7 4.02222E-7 4.38944E-7 4.36018E-7 5.00577E-7 4.11033E-7 2.39596E-7 4.76892E-7 5.42722E-7 5.63589E-7 6.35352E-7 8.38378E-7 1.10321E-6 1.31676E-6 1.86005E-6 2.73163E-6 3.25544E-6 2.94896E-6 2.59589E-6 2.45785E-6 3.54324E-6 4.70063E-6 5.00704E-6 5.61065E-6 6.01932E-6 7.0643E-6 6.74188E-6 8.72031E-6 8.95848E-6 9.98682E-6 1.12757E-5 1.36621E-5 1.69009E-5 1.76524E-5 1.99466E-5 2.02721E-5 1.90031E-5 1.55873E-5 1.65886E-5 1.41798E-5 1.8298E-5
3.21577E-6 1.41992E-6 1.45009E-6 2.19109E-7 5.02018E-7 1.10912E-7 2.76557E-8 2.2764E-8 2.4404E-8 1.50656E-8 9.37213E-9 6.52552E-9 7.136E-9 7.90878E-9 5.13736E-9 5.61209E-9 5.08094E-9 8.86584E-9 1.67522E-8 3.09951E-8 8.97567E-8 1.34169E-7 1.85489E-7 7.37624E-7 2.343E-7 2.98829E-7 4.50768E-7 4.29306E-7 4.74754E-7 4.29578E-7 3.47138E-7 2.02898E-7 1.27971E-6 5.67191E-7 5.69813E-7 7.27487E-7 9.61622E-7 1.34987E-6 1.84818E-6 2.45881E-6 3.10307E-6 2.89279E-6 2.48428E-6 2.35973E-6 4.41925E-6 5.64402E-6 5.47258E-6 5.59289E-6 7.19932E-6 8.84532E-6 8.32089E-6 9.32662E-6 9.33766E-6 9.7067E-6 1.19246E-5 1.42834E-5 1.65047E-5 1.73556E-5 1.88461E-5 1.80608E-5 1.76922E-5 1.48599E-5 1.55545E-5 1.59216E-5 1.46735E-5
2.20043E-6 1.07112E-6 3.00372E-7 1.67667E-7 1.04397E-7 6.89343E-8 2.28383E-8 1.77605E-8 1.5861E-8 9.49666E-9 1.00668E-8 6.10813E-9 5.99153E-9 3.89415E-9 4.46083E-9 4.71379E-9 5.76855E-9 9.97638E-9 1.69503E-8 2.98969E-8 1.14551E-7 1.44502E-7 1.60658E-7 1.62069E-7 2.15616E-7 3.30637E-7 4.1155E-7 4.32084E-7 4.41612E-7 4.12489E-7 3.11485E-7 2.39385E-7 4.79814E-7 4.79683E-7 5.33982E-7 6.75322E-7 8.59369E-7 1.15709E-6 1.70444E-6 2.48392E-6 3.03634E-6 2.77533E-6 2.60342E-6 2.54509E-6 2.89101E-6 4.90866E-6 6.06425E-6 6.41617E-6 8.3673E-6 9.71178E-6 1.02992E-5 1.03596E-5 9.76211E-6 9.73954E-6 1.40783E-5 1.6266E-5 1.64526E-5 1.70296E-5 1.83795E-5 1.72076E-5 1.6438E-5 1.41056E-5 1.46413E-5 1.36192E-5 1.80003E-5
2.3849E-6 9.62754E-7 5.45466E-7 1.71801E-7 5.49683E-8 7.18845E-8 2.3794E-8 4.03112E-8 1.83615E-8 1.17329E-8 8.69305E-9 6.37262E-9 5.06112E-9 6.23164E-9 5.90563E-9 5.58387E-9 7.51363E-9 9.82636E-9 1.59955E-8 5.41045E-8 1.01104E-7 2.14749E-7 1.25144E-7 3.51948E-7 2.24251E-7 5.27851E-7 3.76554E-7 3.8911E-7 3.90073E-7 4.22098E-7 3.11999E-7 2.71489E-7 3.99735E-7 4.73492E-7 4.63121E-7 6.34776E-7 8.37833E-7 1.04704E-6 1.43679E-6 2.10036E-6 2.46423E-6 2.73762E-6 2.58702E-6 2.8536E-6 1.58858E-6 7.84676E-6 6.48091E-6 7.68946E-6 8.69969E-6 9.70962E-6 1.10146E-5 1.20663E-5 9.9036E-6 9.30436E-6 1.45824E-5 1.86437E-5 1.69581E-5 1.71473E-5 1.75898E-5 1.71813E-5 1.32321E-5 1.82374E-5 1.6038E-5 1.32508E-5 1.96881E-5
5.03784E-6 1.17274E-6 4.64503E-7 2.41612E-7 1.90478E-7 9.27278E-8 6.65678E-8 2.54979E-8 1.86832E-8 1.10911E-8 9.13913E-9 7.22E-9 5.87021E-9 5.74542E-9 4.80147E-9 5.6925E-9 6.62205E-9 1.00777E-8 1.75498E-8 7.08078E-8 1.02335E-7 1.05435E-7 7.5289E-8 1.30794E-7 2.45337E-7 3.42761E-7 3.50445E-7 3.57826E-7 4.02368E-7 4.08229E-7 3.4222E-7 2.65221E-7 3.76267E-7 6.30995E-7 3.63865E-7 6.07103E-7 7.80496E-7 9.67064E-7 1.26228E-6 1.86501E-6 2.3968E-6 2.86434E-6 2.44193E-6 5.60087E-6 2.50918E-6 6.46392E-6 7.68899E-6 8.10839E-6 9.20531E-6 1.06494E-5 1.29633E-5 1.43849E-5 1.23855E-5 9.64126E-6 1.44057E-5 1.76621E-5 1.63995E-5 1.76727E-5 1.87453E-5 1.64098E-5 1.28215E-5 1.26934E-5 1.99396E-5 1.67814E-5 3.05024E-5
6.0909E-6 9.47163E-7 2.66175E-7 4.11954E-7 9.65364E-8 7.73601E-8 7.56858E-8 2.77053E-8 1.75539E-8 1.27919E-8 8.75603E-9 8.09847E-9 6.05334E-9 5.46894E-9 6.4998E-9 5.42544E-9 7.06944E-9 1.00638E-8 2.12931E-8 5.25305E-8 1.1325E-7 1.34225E-7 1.22449E-7 1.89187E-7 2.2518E-7 2.47198E-7 3.1408E-7 3.35602E-7 3.95763E-7 3.75097E-7 3.56842E-7 2.66181E-7 1.51027E-7 3.54176E-7 4.34978E-7 4.07004E-7 7.34605E-7 9.27208E-7 1.1768E-6 1.52932E-6 2.21864E-6 2.88844E-6 2.39567E-6 5.17833E-6 4.83406E-6 5.09288E-6 9.03735E-6 1.05572E-5 1.17395E-5 1.26824E-5 1.37745E-5 1.28043E-5 1.32505E-5 1.11332E-5 1.40811E-5 1.74902E-5 1.52589E-5 1.63173E-5 1.76163E-5 1.98473E-5 1.55372E-5 1.49825E-5 1.18736E-5 1.766E-5 2.18256E-5
4.34605E-6 2.41918E-6 3.49045E-7 2.56333E-7 1.68646E-7 8.38746E-8 3.53568E-8 2.49637E-8 2.30593E-8 1.54827E-8 1.06461E-8 8.96717E-9 7.14939E-9 4.91294E-9 5.06175E-9 5.64593E-9 7.38387E-9 1.0611E-8 2.7223E-8 4.65129E-8 1.07324E-7 7.91729E-8 1.22401E-7 1.76345E-7 1.97493E-7 1.99107E-7 2.6626E-7 3.06799E-7 3.54998E-7 3.36453E-7 3.37706E-7 2.93068E-7 1.9099E-7 6.90655E-8 4.52366E-7 6.08037E-7 7.9196E-7 9.65317E-7 1.11421E-6 1.23584E-6 1.98121E-6 2.97396E-6 2.71792E-6 3.9607E-6 4.46383E-6 5.22573E-6 1.05009E-5 1.03891E-5 1.12777E-5 1.25527E-5 1.26067E-5 1.26455E-5 1.36063E-5 1.29985E-5 1.42218E-5 1.62927E-5 1.19084E-5 1.57756E-5 1.43043E-5 1.81977E-5 1.65035E-5 1.01913E-5 1.09486E-5 3.18138E-5 2.04729E-5
3.76614E-6 6.94687E-7 4.8845E-7 3.35069E-7 1.15899E-6 1.26654E-7 3.63828E-8 1.81088E-8 1.6313E-8 1.82899E-8 1.24096E-8 9.17245E-9 5.88169E-9 6.57165E-9 6.94963E-9 9.12663E-9 7.18929E-9 1.1335E-8 3.00534E-8 4.80021E-8 9.63439E-8 5.3218E-8 1.03714E-7 1.12633E-7 1.78403E-7 2.12868E-7 2.98405E-7 3.02947E-7 3.29291E-7 3.0377E-7 3.23538E-7 3.35026E-7 2.34714E-7 2.07944E-7 3.5391E-7 3.22049E-7 9.8997E-7 1.10472E-6 1.18011E-6 1.13825E-6 1.63532E-6 2.35025E-6 2.37986E-6 4.77112E-6 4.83353E-6 6.67623E-6 7.91669E-6 9.63838E-6 1.09637E-5 1.05772E-5 1.13287E-5 1.2161E-5 1.35605E-5 1.37958E-5 1.25504E-5 1.40135E-5 1.55215E-5 1.45191E-5 1.89908E-5 1.58566E-5 1.64874E-5 1.32606E-5 1.01389E-5 2.73959E-5 2.46135E-5
3.52295E-6 6.12428E-7 2.9568E-7 1.87285E-7 1.50022E-7 9.0059E-7 1.5668E-8 4.56042E-8 2.39466E-8 1.80623E-8 1.18255E-8 8.43956E-9 7.13152E-9 8.57183E-9 6.55669E-9 4.25812E-9 1.04475E-8 1.24379E-8 3.33377E-8 4.56905E-8 7.80333E-8 5.28489E-8 8.64058E-8 1.65972E-7 1.98567E-7 2.8079E-7 3.56891E-7 2.99466E-7 2.98836E-7 2.62942E-7 2.72194E-7 2.7534E-7 3.18706E-7 2.6557E-7 3.56148E-7 3.89026E-7 2.01051E-6 1.15295E-6 1.41059E-6 1.18E-6 1.56116E-6 2.11856E-6 3.56198E-6 4.12232E-6 4.9242E-6 5.35224E-6 7.75749E-6 7.90085E-6 9.14135E-6 9.5848E-6 1.07126E-5 1.16473E-5 1.34183E-5 1.19336E-5 1.16586E-5 1.51013E-5 1.3822E-5 1.28556E-5 1.17314E-5 1.59531E-5 1.78152E-5 1.14545E-5 1.02316E-5 2.34304E-5 2.63159E-5
1.80304E-6 6.49804E-7 3.85841E-7 1.06262E-7 5.91772E-8 1.96706E-7 2.51242E-8 3.13518E-8 2.59954E-8 1.82523E-8 1.51867E-8 9.83544E-9 6.67502E-9 1.04576E-8 7.66331E-9 5.72412E-9 6.71924E-9 1.65997E-8 3.17908E-8 4.29505E-8 6.58137E-8 7.01195E-8 1.05815E-7 1.1226E-7 1.36448E-7 2.17148E-7 2.63436E-7 2.91628E-7 3.0958E-7 2.13788E-7 2.06977E-7 2.18587E-7 2.57147E-7 3.01371E-7 2.66457E-7 9.62926E-7 2.22164E-6 1.40861E-6 1.48805E-6 1.31681E-6 1.77117E-6 2.02256E-6 3.0744E-6 4.62435E-6 4.76659E-6 5.6334E-6 6.5208E-6 7.47143E-6 8.51697E-6 9.63579E-6 1.08163E-5 1.2172E-5 1.33705E-5 9.88993E-6 1.07737E-5 1.34275E-5 1.51453E-5 1.20457E-5 1.01427E-5 1.21026E-5 1.83529E-5 1.26856E-5 1.28452E-5 1.85519E-5 2.18352E-5
2.22929E-6 1.03935E-6 6.23009E-7 2.12918E-7 7.02214E-8 2.68362E-8 7.2203E-8 2.43687E-8 1.36048E-8 1.50082E-8 1.32114E-8 7.82517E-9 7.4116E-9 1.0224E-8 7.99908E-9 5.17795E-9 6.05757E-9 1.75557E-8 2.69978E-8 5.15273E-8 8.29495E-8 4.58644E-8 8.90571E-8 1.60529E-7 1.12172E-7 1.51713E-7 2.39547E-7 3.02201E-7 2.59473E-7 1.97491E-7 2.10902E-7 1.98119E-7 2.37614E-7 3.82369E-7 2.56211E-7 4.78163E-7 2.36502E-6 1.40655E-6 1.48059E-6 1.44903E-6 1.84734E-6 2.15161E-6 3.01433E-6 3.21024E-6 4.9434E-6 5.33431E-6 6.33923E-6 7.38164E-6 8.31998E-6 9.41695E-6 1.04349E-5 1.1251E-5 1.26726E-5 9.9351E-6 1.12789E-5 1.24818E-5 1.1389E-5 9.71774E-6 8.44824E-6 8.99216E-6 1.61525E-5 2.04061E-5 1.32882E-5 1.24445E-5 1.82311E-5
3.83634E-6 9.44048E-7 4.56285E-7 2.36131E-7 6.94631E-8 7.25453E-8 8.07274E-8 1.70708E-8 2.23664E-8 1.82518E-8 1.46726E-8 8.50649E-9 8.47049E-9 1.20927E-8 7.10867E-9 4.32682E-9 7.06211E-9 9.65157E-9 5.83517E-8 4.29653E-8 1.09741E-7 5.36903E-8 6.61754E-8 7.29533E-8 9.49486E-8 1.69274E-7 2.65208E-7 2.75845E-7 2.45686E-7 1.97792E-7 2.0759E-7 1.97786E-7 2.34618E-7 4.33283E-7 2.96568E-7 2.99641E-7 1.21493E-6 1.564E-6 1.52784E-6 1.59721E-6 2.00387E-6 2.54106E-6 2.88628E-6 3.55182E-6 4.67777E-6 5.45191E-6 6.18502E-6 7.22471E-6 8.49265E-6 9.50831E-6 1.00802E-5 1.09324E-5 1.18924E-5 8.84905E-6 2.26614E-5 9.42086E-6 1.48725E-5 8.62235E-6 8.3342E-6 8.40938E-6 1.85021E-5 1.62592E-5 1.5747E-5 2.08118E-5 1.65906E-5
1.44469E-6 8.06471E-7 3.01808E-7 1.40589E-7 1.09629E-7 7.37122E-8 3.26582E-8 2.38753E-8 2.00013E-8 1.39376E-8 1.59761E-8 1.08289E-8 8.61631E-9 1.01644E-8 7.13343E-9 5.37954E-9 8.21639E-9 9.48042E-9 3.44378E-8 2.97227E-8 4.50978E-8 1.41879E-7 7.07233E-8 6.90028E-8 1.06267E-7 1.70435E-7 2.05135E-7 2.39798E-7 2.39837E-7 2.16129E-7 1.16833E-7 1.78575E-7 2.92173E-7 4.20767E-7 3.36579E-7 4.05694E-7 1.09959E-6 1.58972E-6 1.66542E-6 1.64878E-6 2.21081E-6 2.95566E-6 3.62652E-6 4.21037E-6 4.75377E-6 5.53088E-6 6.00342E-6 7.36022E-6 8.35272E-6 9.93364E-6 1.02395E-5 1.10585E-5 9.30191E-6 9.33134E-6 1.73866E-5 9.10676E-6 9.45761E-6 9.86384E-6 8.05353E-6 7.56909E-6 2.12773E-5 2.21002E-5 1.40559E-5 1.93646E-5 2.03843E-5
1.56155E-6 1.13091E-6 2.71221E-7 5.82463E-7 5.32207E-8 3.50416E-8 2.59067E-8 2.15255E-8 1.75355E-8 1.24871E-8 1.73199E-8 1.67437E-8 8.40431E-9 8.92906E-9 8.07854E-9 7.53481E-9 7.6029E-9 8.39372E-9 2.592E-8 6.75328E-8 7.63775E-8 2.20454E-8 5.30288E-8 5.09376E-8 1.0299E-7 1.10134E-7 1.9663E-7 2.37551E-7 2.23072E-7 1.93927E-7 1.99637E-7 1.9258E-7 3.26441E-7 4.15522E-7 3.71706E-7 5.31484E-7 1.34311E-6 1.59361E-6 1.95257E-6 1.81124E-6 2.49043E-6 3.1293E-6 3.60935E-6 4.26207E-6 4.73333E-6 5.45872E-6 6.36851E-6 7.51963E-6 8.67853E-6 9.21276E-6 1.03727E-5 9.64229E-6 9.55559E-6 9.46603E-6 7.1579E-6 9.07796E-6 8.38958E-6 7.95157E-6 7.48195E-6 7.33365E-6 1.67159E-5 1.33761E-5 1.34765E-5 1.87862E-5 2.07961E-5
2.04021E-6 6.80796E-7 5.25357E-7 2.49337E-7 3.84149E-8 3.85807E-8 2.5662E-8 2.28667E-8 1.63892E-8 1.32937E-8 1.56422E-8 1.12194E-8 1.86494E-8 1.01089E-8 1.08469E-8 1.21178E-8 6.5095E-9 8.07844E-9 2.71053E-8 3.95644E-8 4.04672E-8 6.13982E-8 1.2435E-7 8.05258E-8 9.15366E-8 1.5216E-7 1.84874E-7 2.24321E-7 2.18005E-7 1.36281E-7 2.7068E-7 2.89134E-7 3.03146E-7 4.69882E-7 4.41404E-7 6.69093E-7 7.89314E-7 1.489E-6 2.01348E-6 2.32876E-6 2.56879E-6 3.03043E-6 3.89136E-6 4.30638E-6 4.79259E-6 5.13592E-6 6.98924E-6 7.31845E-6 8.31822E-6 8.94238E-6 8.98397E-6 9.00768E-6 9.28369E-6 1.00853E-5 9.25407E-6 1.20662E-5 9.70778E-6 7.95509E-6 3.52675E-6 7.1277E-6 1.97564E-5 2.13778E-5 1.90547E-5 1.88218E-5 1.99812E-5
2.19189E-6 9.48451E-7 2.31558E-7 7.66077E-8 4.08539E-8 3.59308E-8 3.12496E-8 1.99259E-8 1.62807E-8 1.40094E-8 1.11371E-8 9.26219E-9 1.25187E-8 7.68451E-9 6.2275E-9 7.63288E-9 8.99007E-9 9.09168E-9 2.67467E-8 2.92E-8 4.43416E-8 2.2824E-8 4.81564E-8 3.51645E-8 9.61415E-8 1.3232E-7 1.7881E-7 2.08441E-7 2.03045E-7 2.2415E-7 2.52611E-7 4.02998E-7 4.29571E-7 5.0235E-7 5.23554E-7 5.94493E-7 7.41983E-7 1.50498E-6 1.90471E-6 2.36907E-6 2.77803E-6 3.16157E-6 3.97367E-6 4.1574E-6 4.7765E-6 4.68908E-6 5.17157E-6 7.31569E-6 8.28465E-6 7.12693E-6 7.98614E-6 8.97675E-6 9.45815E-6 9.99813E-6 9.74695E-6 7.18329E-6 1.02908E-5 8.01709E-6 5.10057E-6 7.58989E-6 1.53164E-5 1.48047E-5 1.9309E-5 1.61539E-5 1.91986E-5
5.52844E-6 6.8343E-7 4.12073E-7 6.74762E-8 6.88144E-8 1.93667E-8 3.2057E-8 1.84501E-8 1.3324E-8 9.6003E-9 9.26139E-9 1.00806E-8 1.37459E-8 1.9357E-8 8.61674E-9 8.44089E-9 8.90127E-9 1.00281E-8 2.934E-8 3.31086E-8 5.34541E-8 4.14607E-8 5.40601E-8 5.86899E-8 7.36419E-8 1.33682E-7 1.94517E-7 2.26639E-7 2.65109E-7 2.09206E-7 3.53488E-7 4.57364E-7 3.60797E-7 5.0561E-7 5.43588E-7 6.34002E-7 7.71582E-7 1.98973E-6 1.85444E-6 2.33134E-6 2.83894E-6 3.24946E-6 3.85796E-6 4.22342E-6 4.71697E-6 5.03289E-6 4.67163E-6 6.46779E-6 7.39238E-6 7.35981E-6 8.04487E-6 8.79804E-6 9.4876E-6 1.0025E-5 9.89086E-6 8.73634E-6 7.62249E-6 9.43147E-6 5.3917E-6 8.30319E-6 1.64838E-5 1.66233E-5 1.83809E-5 1.83497E-5 1.57126E-5
6.66172E-6 2.06423E-6 7.14717E-7 2.24581E-7 3.67557E-8 3.33642E-8 2.35845E-8 1.77409E-8 1.59194E-8 1.29815E-8 1.0211E-8 7.86858E-9 1.1386E-8 1.44445E-8 1.53877E-8 7.10132E-9 9.44534E-9 1.17605E-8 2.7919E-8 3.51103E-8 5.99908E-8 5.04505E-8 6.07757E-8 5.24808E-8 8.43882E-8 1.13979E-7 1.77202E-7 2.34574E-7 2.81922E-7 2.59549E-7 3.93393E-7 3.86332E-7 4.98346E-7 5.85224E-7 5.89962E-7 6.07511E-7 7.65708E-7 1.09948E-6 1.63175E-6 1.97791E-6 2.73276E-6 3.33449E-6 3.76244E-6 4.44329E-6 4.54872E-6 4.72657E-6 4.6149E-6 5.90132E-6 6.66552E-6 7.38706E-6 7.85943E-6 8.40226E-6 8.77904E-6 9.66692E-6 8.63181E-6 7.7311E-6 7.14937E-6 7.73735E-6 5.38325E-6 6.59531E-6 1.33696E-5 1.82924E-5 1.40065E-5 1.92433E-5 1.68136E-5
