layers/maxent/arawak.asc
ncols         638
nrows         825
xllcorner     -2985163.8955
yllcorner     -3022031.214
cellsize      10000.0
NODATA_value  -9999
[rows 319 to 347 of 825, columns 390 to 454 of 638]
2.03902E-1 2.40431E-1 1.77104E-1 1.67364E-1 1.30301E-1 1.23948E-1 1.29469E-1 1.43238E-1 1.42747E-1 1.15429E-1 1.18311E-1 1.19463E-1 1.73314E-1 2.72055E-1 1.22315E-1 1.76202E-1 1.93171E-1 1.98537E-1 1.68732E-1 1.24423E-1 1.92525E-1 4.50398E-1 3.58843E-1 4.54905E-1 4.60945E-1 3.38948E-1 8.32606E-1 3.21299E-1 2.9377E-1 2.45712E-1 2.9339E-1 3.62483E-1 2.42099E-1 4.61346E-1 2.60728E-1 5.92096E-2 4.03597E-2 3.04951E-2 4.15704E-2 5.05284E-2 4.45136E-2 7.71737E-2 2.23101E-2 1.48329E-1 2.60149E-1 2.09817E-1 2.19469E-1 2.11507E-1 1.71189E-1 8.06371E-2 3.45383E-2 3.49924E-2 3.5975E-2 2.33143E-2 1.70204E-2 1.44674E-2 1.32196E-2 1.13791E-2 9.78737E-3 9.66106E-3 7.71295E-3 7.06286E-3 7.36391E-3 7.53463E-3 1.09726E-2
2.11649E-1 1.87601E-1 1.7512E-1 1.59506E-1 1.37316E-1 1.23652E-1 1.42171E-1 1.3633E-1 1.28192E-1 1.12429E-1 1.28299E-1 1.33919E-1 1.55235E-1 1.54576E-1 1.40609E-1 1.50612E-1 1.92128E-1 1.63933E-1 1.40645E-1 1.46079E-1 1.77631E-1 3.92609E-1 5.14128E-1 3.72154E-1 2.80987E-1 3.80924E-1 2.87716E-1 2.70593E-1 1.47208E-1 1.83261E-1 2.93122E-1 3.9258E-1 1.36271E-1 2.07171E-1 6.14432E-2 4.86436E-2 3.64199E-2 5.04595E-2 2.8299E-2 4.09961E-2 3.25408E-2 2.31729E-1 2.43723E-1 2.83248E-1 1.93839E-1 2.20537E-1 1.91574E-1 1.51425E-1 1.07326E-1 8.3162E-2 3.18381E-2 1.99141E-2 3.26278E-2 2.54467E-2 1.84489E-2 1.56692E-2 1.37245E-2 1.1599E-2 1.01232E-2 9.7121E-3 7.23502E-3 1.06457E-2 1.1107E-2 1.66439E-2 1.32529E-2
2.15756E-1 1.92785E-1 1.58923E-1 1.62141E-1 1.42968E-1 1.47084E-1 1.29969E-1 1.49269E-1 1.3218E-1 1.26126E-1 1.26495E-1 1.54686E-1 1.63985E-1 1.39359E-1 1.53074E-1 1.53347E-1 1.78424E-1 1.71589E-1 1.5811E-1 2.64381E-1 3.62163E-1 3.86129E-1 3.03615E-1 2.42435E-1 3.72564E-1 3.8385E-1 3.05077E-1 1.21665E-1 8.32888E-2 8.6113E-2 3.14119E-1 2.78966E-1 2.91916E-1 1.04045E-1 6.33577E-2 4.16392E-2 4.08996E-2 3.8221E-2 5.40577E-2 6.21033E-2 1.24306E-1 3.04727E-1 2.72114E-1 2.73853E-1 2.04157E-1 2.1786E-1 1.79282E-1 1.3995E-1 7.36308E-2 4.87803E-2 2.46134E-2 4.55747E-2 3.41358E-2 2.70116E-2 1.88229E-2 1.72174E-2 1.51816E-2 1.29911E-2 1.26726E-2 9.96735E-3 7.28078E-3 7.46417E-3 8.51759E-3 1.30667E-2 1.70273E-2
2.16474E-1 1.88152E-1 1.60102E-1 1.51706E-1 1.45345E-1 1.70168E-1 1.46235E-1 1.46414E-1 1.48628E-1 1.15003E-1 1.43323E-1 1.71437E-1 2.15172E-1 1.68326E-1 1.8598E-1 1.68016E-1 1.88257E-1 2.12593E-1 2.12278E-1 2.06542E-1 3.637E-1 3.22227E-1 3.03206E-1 2.9709E-1 3.02122E-1 1.82914E-1 1.67538E-1 2.46299E-1 4.51724E-2 2.11597E-1 5.17345E-1 2.83597E-1 1.89551E-1 1.27354E-1 5.20644E-2 6.04064E-2 4.70017E-2 3.43195E-2 5.08323E-2 3.58958E-2 5.21608E-2 2.18983E-1 2.89761E-1 2.54507E-1 2.2266E-1 2.32193E-1 1.99488E-1 1.53149E-1 9.59677E-2 4.60946E-2 5.3273E-2 4.01139E-2 2.92201E-2 2.38314E-2 2.14877E-2 2.01489E-2 1.40043E-2 1.31538E-2 9.10079E-3 8.58332E-3 8.50241E-3 1.02264E-2 9.17013E-3 1.28528E-2 1.59461E-2
2.16832E-1 1.7015E-1 1.72836E-1 1.54931E-1 1.6022E-1 1.50673E-1 1.54953E-1 1.55103E-1 1.64787E-1 1.3568E-1 1.57694E-1 1.96459E-1 1.8456E-1 1.76873E-1 1.82033E-1 2.51632E-1 2.41342E-1 3.56706E-1 2.03961E-1 2.18129E-1 3.59613E-1 4.23436E-1 2.44554E-1 2.91765E-1 2.51398E-1 1.56392E-1 2.09763E-1 2.01595E-1 1.19651E-1 2.71284E-1 4.2093E-1 2.80408E-1 4.10737E-1 3.21256E-1 8.5787E-2 8.95058E-2 4.96501E-2 4.07123E-2 3.07455E-2 5.61382E-2 1.28065E-1 2.44599E-1 2.82627E-1 2.34891E-1 2.23662E-1 2.61494E-1 2.12879E-1 1.41664E-1 1.4612E-1 4.74223E-2 5.19654E-2 5.0654E-2 2.70396E-2 1.84959E-2 2.25342E-2 1.41486E-2 1.57784E-2 1.2185E-2 1.20364E-2 1.12115E-2 1.07206E-2 9.04098E-3 7.92967E-3 9.26261E-3 1.35384E-2
1.7842E-1 1.71472E-1 1.61315E-1 1.4893E-1 1.45996E-1 1.59449E-1 1.95894E-1 1.94371E-1 1.6366E-1 1.52185E-1 1.79379E-1 3.583E-1 3.36898E-1 1.85562E-1 1.52154E-1 2.5406E-1 2.62084E-1 2.30407E-1 1.08905E-1 6.24988E-2 2.95311E-1 3.37489E-1 2.22527E-1 3.01477E-1 2.1671E-1 2.26472E-1 2.33816E-1 1.89322E-1 1.34751E-1 1.5131E-1 2.731E-1 3.56648E-1 1.68572E-1 2.91349E-2 4.60155E-2 2.92333E-2 3.80687E-2 4.42901E-2 4.2407E-2 8.41494E-2 2.862E-1 3.08229E-1 2.50842E-1 2.38667E-1 2.37808E-1 2.34205E-1 2.00656E-1 1.47871E-1 6.52869E-2 6.30748E-2 3.78471E-2 2.59326E-2 2.44346E-2 1.52062E-2 1.79092E-2 2.06197E-2 1.57558E-2 1.36377E-2 1.28274E-2 1.04388E-2 1.01729E-2 1.08836E-2 1.05187E-2 1.25982E-2 1.25798E-2
1.75417E-1 1.70951E-1 1.49908E-1 1.58181E-1 1.79496E-1 1.79182E-1 2.00612E-1 1.70988E-1 1.56684E-1 1.68263E-1 1.8342E-1 3.26841E-1 2.85146E-1 1.60655E-1 1.89772E-1 3.82211E-1 1.79851E-1 1.32614E-1 2.20883E-1 1.35006E-1 3.78992E-1 3.55071E-1 3.27745E-1 2.66265E-1 3.14628E-1 3.01582E-1 2.49879E-1 7.2311E-2 1.18036E-1 8.95656E-2 1.38125E-1 1.93159E-1 3.65544E-2 6.39139E-2 8.43906E-2 5.16562E-2 3.75528E-2 3.5793E-2 4.64611E-2 6.29321E-2 3.70576E-1 2.92851E-1 2.28908E-1 2.3554E-1 2.64016E-1 2.41761E-1 1.83428E-1 1.323E-1 4.20454E-2 4.93403E-2 3.09808E-2 2.78787E-2 2.24884E-2 1.75021E-2 1.91017E-2 1.99813E-2 1.87367E-2 1.44134E-2 1.11848E-2 1.27149E-2 1.22966E-2 1.28942E-2 1.52014E-2 8.55124E-3 1.31323E-2
1.77656E-1 1.63991E-1 1.64647E-1 1.56724E-1 2.44437E-1 2.30098E-1 2.14014E-1 1.89462E-1 1.54739E-1 1.51669E-1 2.34601E-1 3.26417E-1 2.37726E-1 3.73625E-1 3.65236E-1 5.40396E-2 5.66078E-2 4.87452E-2 3.06614E-1 3.40356E-1 4.10615E-1 3.43771E-1 4.48972E-1 2.31489E-1 1.14315E-1 3.60977E-1 2.80171E-1 1.06177E-1 9.9372E-2 7.47173E-2 1.57983E-1 8.77758E-2 4.4482E-2 4.41938E-2 5.97284E-2 6.25866E-2 3.39613E-2 4.57483E-2 3.5885E-2 1.84577E-1 3.42046E-1 2.82321E-1 2.60996E-1 2.30918E-1 2.0351E-1 2.18989E-1 1.59985E-1 9.18376E-2 1.65595E-2 4.77206E-2 3.48216E-2 2.46406E-2 2.052E-2 1.52571E-2 2.11055E-2 2.20477E-2 1.94486E-2 1.34918E-2 1.52078E-2 1.6065E-2 1.55298E-2 1.03179E-2 9.29283E-3 9.05289E-3 9.6285E-3
1.66093E-1 1.72532E-1 1.74926E-1 1.66038E-1 1.53219E-1 1.58853E-1 1.8036E-1 1.96976E-1 1.67811E-1 1.49583E-1 2.17905E-1 2.83586E-1 2.24798E-1 9.43334E-2 1.22854E-1 1.15102E-1 1.7308E-1 2.65167E-1 3.09449E-1 3.15068E-1 3.4595E-1 3.39664E-1 2.1589E-1 8.74258E-2 1.38366E-1 3.89529E-1 2.7088E-1 8.8301E-2 6.41286E-2 1.01114E-1 1.04665E-1 8.68645E-2 7.35562E-2 4.65867E-2 5.34449E-2 3.27443E-2 4.01734E-2 4.12221E-2 2.41846E-2 2.72836E-1 3.40667E-1 2.82014E-1 2.49977E-1 2.30842E-1 1.67661E-1 1.62283E-1 1.05683E-1 1.45984E-2 3.1855E-2 4.59026E-2 2.58659E-2 2.08129E-2 7.67259E-3 1.36464E-2 2.18133E-2 1.99526E-2 2.01745E-2 2.23962E-2 2.265E-2 1.21303E-2 1.14414E-2 1.08085E-2 9.35827E-3 9.12799E-3 1.11804E-2
1.60429E-1 1.64505E-1 1.64503E-1 1.695E-1 1.69212E-1 2.00253E-1 1.94037E-1 1.78204E-1 1.91514E-1 1.62998E-1 1.77309E-1 2.64186E-1 1.08092E-1 9.73853E-2 8.22461E-2 1.06291E-1 2.80009E-1 3.7417E-1 3.93165E-1 3.2811E-1 2.65358E-1 2.13197E-1 1.08869E-1 3.68774E-1 3.27536E-1 7.42233E-1 2.85542E-1 5.21711E-2 3.80388E-2 2.90128E-2 4.7919E-2 8.86499E-2 3.30827E-2 4.7201E-2 3.75114E-2 4.07293E-2 3.61964E-2 9.28579E-2 5.19752E-2 2.53295E-1 3.27819E-1 3.04282E-1 2.48822E-1 1.79629E-1 1.43531E-1 1.94002E-1 6.33928E-2 2.92417E-2 3.40834E-2 3.42692E-2 2.09992E-2 2.03813E-2 1.27759E-2 2.02745E-2 1.97596E-2 2.18542E-2 2.541E-2 1.54131E-2 1.2488E-2 1.12373E-2 1.21293E-2 1.0392E-2 1.10832E-2 1.44744E-2 1.17343E-2
1.5637E-1 1.65219E-1 2.08821E-1 1.92616E-1 1.64647E-1 1.75693E-1 1.60785E-1 1.59307E-1 1.96147E-1 1.88209E-1 1.87434E-1 1.57359E-1 1.20609E-1 9.93784E-2 1.42048E-1 2.05995E-1 3.1043E-1 3.06476E-1 3.54882E-1 2.94804E-1 2.31394E-1 7.06359E-2 7.43495E-2 2.85058E-1 2.955E-1 2.88705E-1 1.71778E-1 9.41843E-2 6.83215E-2 7.92819E-2 6.5943E-2 8.03489E-2 3.28619E-2 4.41238E-2 3.92078E-2 4.96592E-2 3.59446E-2 7.35437E-2 7.58772E-2 2.10761E-1 2.66616E-1 2.74836E-1 1.73522E-1 1.38601E-1 1.1214E-1 9.7279E-2 2.78787E-2 3.0462E-2 2.76085E-2 3.77258E-2 2.6243E-2 1.54541E-2 1.51873E-2 1.71001E-2 2.50617E-2 2.24584E-2 1.34547E-2 1.33696E-2 1.44526E-2 1.46311E-2 1.58477E-2 1.25717E-2 1.10767E-2 9.45707E-3 7.93306E-3
1.6133E-1 1.74004E-1 2.1032E-1 1.99786E-1 1.74395E-1 1.62353E-1 1.77747E-1 1.68336E-1 2.62336E-1 3.79378E-1 2.31086E-1 8.01871E-2 9.23478E-2 1.58658E-1 1.01633E-1 2.13538E-1 3.30885E-1 3.696E-1 2.34472E-1 1.39031E-1 8.67696E-2 4.47403E-2 2.00734E-1 2.53681E-1 3.14612E-1 2.14042E-1 1.2729E-1 1.47293E-1 1.43483E-1 1.38734E-1 1.2627E-1 6.27902E-2 4.28751E-2 7.04046E-2 3.99602E-2 2.53052E-2 4.21813E-2 5.57544E-2 1.11934E-1 9.76754E-2 2.50674E-1 2.7808E-1 1.07592E-1 3.3925E-2 2.27125E-2 7.31153E-2 3.77508E-2 2.77606E-2 2.64039E-2 2.65712E-2 2.35265E-2 1.89661E-2 1.3123E-2 1.61029E-2 2.52318E-2 1.30067E-2 1.8576E-2 1.80326E-2 1.70558E-2 1.5471E-2 9.65517E-3 7.68758E-3 7.40374E-3 9.79809E-3 8.56134E-3
1.54514E-1 1.58383E-1 1.71763E-1 2.06023E-1 1.92872E-1 1.74443E-1 1.88567E-1 1.93766E-1 2.25001E-1 3.42205E-1 7.53384E-2 6.32479E-2 5.76724E-2 9.48292E-2 2.25657E-1 1.85823E-1 2.1913E-1 1.38795E-1 8.94263E-2 9.33727E-2 5.43539E-2 4.90588E-2 2.22455E-1 2.30792E-1 1.53214E-1 2.54239E-1 1.60572E-1 1.16296E-1 1.46902E-1 1.72439E-1 1.24741E-1 6.87692E-2 7.03936E-2 6.7595E-2 5.03757E-2 3.04552E-2 3.25733E-2 4.68163E-2 1.43866E-1 9.60667E-2 1.77451E-1 1.77553E-1 2.50804E-1 7.66005E-2 4.47398E-2 3.70426E-2 6.59638E-2 2.27364E-2 1.89496E-2 2.99547E-2 1.32937E-2 1.79174E-2 1.57526E-2 2.05642E-2 1.36685E-2 2.06088E-2 2.26112E-2 1.91413E-2 1.60556E-2 1.10237E-2 1.02103E-2 9.65846E-3 9.57749E-3 1.00845E-2 7.04677E-3
1.54907E-1 1.5276E-1 1.58712E-1 2.46424E-1 1.71713E-1 2.24934E-1 2.13082E-1 1.81196E-1 1.97664E-1 2.35183E-1 1.15458E-1 1.05754E-1 1.50278E-1 1.09004E-1 1.46101E-1 1.99694E-1 3.45921E-1 1.58871E-1 1.92841E-1 3.73458E-2 8.33245E-2 1.44348E-1 2.55622E-1 1.57543E-1 9.53831E-2 1.31428E-1 1.83725E-1 1.35278E-1 1.44153E-1 1.22928E-1 1.1138E-1 1.30531E-1 5.44896E-2 5.24029E-2 4.18865E-2 3.40127E-2 3.84352E-2 3.38837E-2 1.47208E-1 7.73165E-2 5.19296E-2 1.22083E-1 5.81515E-2 1.36225E-2 2.77844E-2 2.56011E-2 2.05128E-2 4.2406E-2 2.17391E-2 1.84454E-2 1.66066E-2 2.11478E-2 1.71211E-2 2.08141E-2 1.82877E-2 1.55955E-2 1.63023E-2 1.03852E-2 1.16913E-2 1.17753E-2 1.05469E-2 1.02116E-2 9.1055E-3 6.6108E-3 6.26597E-3
1.53295E-1 1.46315E-1 1.50687E-1 1.74742E-1 1.62046E-1 1.89503E-1 2.81637E-1 2.27035E-1 2.86506E-1 2.36821E-1 9.31579E-2 6.9169E-2 1.37088E-1 1.19166E-1 1.66097E-1 2.13033E-1 2.08421E-1 1.48048E-1 1.73263E-1 2.49585E-1 1.42086E-1 1.5125E-1 2.09783E-1 1.07184E-1 6.95746E-2 1.20488E-1 1.36816E-1 1.08136E-1 8.15956E-2 3.92172E-2 8.14301E-2 8.88877E-2 5.02266E-2 3.69868E-2 4.6189E-2 2.6061E-2 3.22426E-2 1.91925E-2 1.17086E-1 8.56156E-2 8.55789E-2 3.77986E-1 3.21204E-2 2.37652E-2 2.68225E-2 3.50449E-2 2.80455E-2 2.79074E-2 1.68488E-2 2.1619E-2 2.35619E-2 1.06407E-2 2.36963E-2 1.64239E-2 1.59981E-2 1.38963E-2 1.04904E-2 1.15843E-2 1.03124E-2 1.30117E-2 1.17853E-2 8.93335E-3 1.02466E-2 7.58426E-3 8.17347E-3
1.593E-1 1.43708E-1 1.82962E-1 1.9061E-1 1.76813E-1 1.94164E-1 2.16521E-1 3.5131E-1 2.41106E-1 2.28934E-1 6.02084E-2 1.13885E-1 1.21839E-1 1.08675E-1 2.06843E-1 1.8692E-1 2.09193E-1 2.49791E-1 1.49277E-1 1.22962E-1 1.05512E-1 1.70742E-1 9.06784E-2 6.7716E-2 3.04777E-2 8.58431E-2 2.24835E-1 7.60993E-2 5.09557E-2 2.88465E-2 5.9616E-2 2.80783E-2 4.55136E-2 5.99673E-2 3.07708E-2 5.76702E-2 3.01061E-2 3.94175E-2 7.88548E-2 4.92859E-2 2.30242E-2 1.37997E-1 2.60314E-2 2.83287E-2 2.85734E-2 4.10378E-2 2.96591E-2 2.35239E-2 2.15159E-2 1.77238E-2 2.78039E-2 1.05686E-2 2.01246E-2 1.37996E-2 1.59447E-2 1.0532E-2 1.20282E-2 1.10888E-2 1.1252E-2 1.23956E-2 1.31065E-2 1.57458E-2 1.01816E-2 8.56151E-3 9.0008E-3
1.48286E-1 1.37405E-1 1.76884E-1 1.39983E-1 2.15518E-1 1.93307E-1 1.74493E-1 3.55593E-1 3.33361E-1 1.97272E-1 1.04531E-1 1.30045E-1 1.20535E-1 8.10877E-2 2.04193E-1 2.06355E-1 2.30109E-1 1.46222E-1 1.13968E-1 1.05263E-1 5.59915E-2 3.18344E-2 2.39664E-2 7.60817E-2 4.17325E-2 1.18129E-1 9.14517E-2 5.97564E-2 3.38514E-2 3.2389E-2 4.42554E-2 3.56591E-2 4.84975E-2 3.19244E-2 4.73747E-2 4.50072E-2 4.00113E-2 2.99532E-2 3.06393E-2 3.56611E-2 2.84248E-2 2.89913E-2 2.51771E-2 2.96215E-2 3.26497E-2 3.26896E-2 2.50689E-2 2.51806E-2 1.61533E-2 2.25853E-2 1.8752E-2 2.36369E-2 2.19101E-2 1.37455E-2 1.40182E-2 1.03202E-2 1.34867E-2 1.65753E-2 1.05148E-2 1.3455E-2 1.09695E-2 1.47917E-2 1.41079E-2 1.18571E-2 9.7577E-3
1.78982E-1 1.88159E-1 1.98954E-1 2.04119E-1 1.84895E-1 1.83465E-1 2.16136E-1 1.85784E-1 3.16895E-1 3.78512E-1 1.06809E-1 1.15287E-1 5.90825E-2 1.35248E-1 1.47721E-1 1.52522E-1 1.86182E-1 1.43785E-1 8.52395E-2 1.41981E-1 7.69969E-2 8.13602E-2 4.45516E-2 4.24848E-2 3.51485E-2 5.57432E-2 7.11192E-2 6.49134E-2 4.27618E-2 1.57258E-2 2.67474E-2 1.76821E-2 2.73162E-2 2.89268E-2 2.96735E-2 2.86545E-2 2.84305E-2 5.19901E-2 3.32317E-2 1.96614E-2 2.26457E-2 3.51414E-2 3.33131E-2 3.11139E-2 1.25269E-2 3.0654E-2 1.90649E-2 2.46592E-2 5.81173E-2 3.78728E-2 1.72957E-2 1.54339E-2 1.76881E-2 1.45177E-2 1.17729E-2 1.61193E-2 1.44312E-2 1.41279E-2 1.3368E-2 2.01886E-2 2.2868E-2 1.66218E-2 2.31743E-2 1.40633E-2 1.17957E-2
2.295E-1 1.78617E-1 1.63594E-1 2.16004E-1 2.08792E-1 1.92153E-1 1.65954E-1 2.24553E-1 2.14172E-1 3.2705E-1 1.63814E-1 1.61055E-1 1.1306E-1 1.02607E-1 9.22205E-2 1.59625E-1 1.40699E-1 2.47675E-1 1.32683E-1 1.41954E-1 7.11464E-2 4.58178E-2 3.32218E-2 2.75865E-2 4.42155E-2 2.13194E-2 4.40016E-2 4.40528E-2 1.99749E-2 2.18738E-2 2.75063E-2 1.74939E-2 2.22277E-2 2.37179E-2 2.64337E-2 2.56535E-2 1.79768E-2 2.5815E-2 3.75095E-2 2.86882E-2 3.53621E-2 4.19606E-2 3.10833E-2 5.97393E-2 3.10676E-2 1.83733E-2 1.31716E-1 2.62417E-2 7.62431E-2 4.93075E-2 2.44802E-2 2.2769E-2 1.6523E-2 1.47743E-2 1.46865E-2 1.28817E-2 1.73387E-2 1.55738E-2 1.77437E-2 1.19447E-2 2.60815E-2 2.38186E-2 1.99206E-2 2.26291E-2 1.89374E-2
1.80955E-1 3.12888E-1 1.76659E-1 1.71638E-1 1.9851E-1 2.45354E-1 2.20038E-1 2.45678E-1 2.78534E-1 2.60592E-1 6.06225E-2 3.61598E-2 6.95907E-2 9.93863E-2 1.27034E-1 9.63258E-2 9.48471E-2 1.20945E-1 1.52202E-1 1.44367E-1 4.1173E-2 3.58398E-2 2.51873E-2 1.75747E-2 1.49884E-2 1.6951E-2 2.73359E-2 2.08656E-2 2.63979E-2 2.25632E-2 2.06047E-2 1.90314E-2 2.38657E-2 2.15843E-2 2.25035E-2 2.41697E-2 2.85938E-2 2.81678E-2 2.48321E-2 2.63366E-2 3.24266E-2 3.45381E-2 3.09214E-2 2.27572E-2 4.49817E-2 4.40383E-2 6.20521E-2 5.17547E-2 5.56352E-2 6.05217E-2 4.74193E-2 2.594E-2 7.84101E-2 1.56379E-2 1.77104E-2 2.14243E-2 2.03015E-2 2.27394E-2 2.52567E-2 2.62623E-2 2.63702E-2 2.63324E-2 2.69954E-2 2.16925E-2 2.63909E-2
3.51159E-1 2.68381E-1 2.79383E-1 2.0797E-1 1.80306E-1 2.0056E-1 3.24388E-1 2.12755E-1 2.80897E-1 4.12366E-1 1.90642E-1 5.62641E-2 1.29278E-1 8.5555E-2 8.40772E-2 1.07596E-1 8.88795E-2 1.33918E-1 1.45103E-1 1.0841E-1 1.12101E-1 4.09547E-2 2.65975E-2 2.03696E-2 1.53492E-2 2.65681E-2 2.21716E-2 2.27858E-2 2.41111E-2 1.94985E-2 1.9823E-2 2.00734E-2 2.31837E-2 2.17907E-2 2.45513E-2 3.37881E-2 3.06222E-2 2.46328E-2 3.15562E-2 3.2695E-2 2.77553E-2 2.92462E-2 2.73014E-2 2.25055E-2 2.6356E-2 3.01037E-2 1.98177E-2 1.36387E-2 1.33841E-2 2.53972E-2 6.13948E-2 5.87138E-2 4.56741E-2 2.53108E-2 2.26975E-2 1.86537E-2 2.51506E-2 2.20163E-2 2.22035E-2 2.41203E-2 2.70107E-2 3.63348E-2 3.26888E-2 3.46134E-2 3.18882E-2
2.31493E-1 2.96596E-1 2.64247E-1 2.5882E-1 2.80487E-1 2.93526E-1 2.95018E-1 1.98262E-1 1.77775E-1 3.00725E-1 6.23167E-2 5.6442E-2 9.21168E-2 9.04733E-2 7.67617E-2 6.04416E-2 6.94985E-2 1.06555E-1 1.05871E-1 8.1894E-2 6.56717E-2 5.42486E-2 2.79533E-2 2.36537E-2 2.77099E-2 2.8256E-2 3.2765E-2 2.39245E-2 2.03495E-2 1.79181E-2 2.39685E-2 1.5373E-2 1.81311E-2 2.48214E-2 1.9858E-2 2.03149E-2 2.75795E-2 2.96322E-2 2.35041E-2 2.23327E-2 2.68416E-2 2.1603E-2 3.06719E-2 2.27679E-2 1.99809E-2 2.13297E-2 2.08164E-2 1.74484E-2 1.72641E-2 1.96197E-2 7.6741E-2 7.19028E-2 6.79419E-2 5.24883E-2 3.18757E-2 2.67297E-2 2.27045E-2 3.04409E-2 2.64307E-2 2.95255E-2 3.08847E-2 3.54848E-2 4.39883E-2 4.17133E-2 4.96935E-2
2.40529E-1 2.12693E-1 3.23365E-1 2.98373E-1 3.32372E-1 1.4149E-1 2.74952E-1 1.83368E-1 1.36011E-1 1.04234E-1 5.6382E-2 7.07447E-2 4.91165E-2 5.35192E-2 4.13344E-2 3.14452E-2 3.25148E-2 6.99437E-2 3.96057E-2 7.40017E-2 5.69822E-2 4.37363E-2 2.90202E-2 3.38647E-2 2.16079E-2 2.3766E-2 3.63733E-2 2.38334E-2 2.58769E-2 2.65476E-2 1.92871E-2 1.79113E-2 2.05815E-2 2.25438E-2 2.18274E-2 1.62855E-2 2.64303E-2 2.18908E-2 2.78565E-2 2.9301E-2 2.29143E-2 2.20393E-2 2.47268E-2 1.91067E-2 2.30139E-2 2.29739E-2 2.12479E-2 1.43438E-2 1.09755E-2 3.26861E-2 5.34597E-2 7.68628E-2 6.94829E-2 7.04923E-2 4.44569E-2 2.78778E-2 2.99206E-2 3.80905E-2 4.151E-2 4.14375E-2 5.08161E-2 4.59704E-2 5.91081E-2 5.55345E-2 5.71136E-2
2.62161E-1 2.8239E-1 2.51708E-1 3.48451E-1 8.77076E-2 1.69513E-1 2.90424E-1 1.70611E-1 1.90301E-1 1.32808E-1 5.28012E-2 4.5971E-2 3.85286E-2 4.14453E-2 2.90552E-2 3.52262E-2 4.8114E-2 2.94723E-2 5.9554E-2 3.04045E-2 1.54919E-2 3.34333E-2 3.67994E-2 2.42304E-2 2.40093E-2 1.99924E-2 3.18789E-2 2.43092E-2 2.0094E-2 2.94973E-2 2.13768E-2 2.08824E-2 2.34247E-2 2.70132E-2 2.75063E-2 2.25854E-2 2.32497E-2 2.50752E-2 2.42E-2 2.64653E-2 2.16566E-2 2.0341E-2 2.58624E-2 2.96776E-2 2.34545E-2 1.98801E-2 2.14233E-2 2.04095E-2 2.27796E-2 6.24307E-2 6.66756E-2 1.09719E-1 8.08284E-2 7.38637E-2 6.47064E-2 3.86636E-2 3.32656E-2 4.53723E-2 4.92339E-2 5.43247E-2 5.36379E-2 6.39735E-2 6.5962E-2 7.09863E-2 5.9782E-2
3.53827E-1 3.19569E-1 2.85994E-1 3.28804E-1 1.309E-1 2.14946E-1 2.63363E-1 2.17675E-1 8.19919E-2 7.42908E-2 4.63665E-2 3.84659E-2 4.7684E-2 5.35483E-2 4.3253E-2 3.95462E-2 3.15659E-2 4.17258E-2 3.82637E-2 2.49273E-2 3.80129E-2 3.69648E-2 3.49606E-2 3.64264E-2 2.8708E-2 1.98432E-2 1.85155E-2 1.78465E-2 1.92137E-2 1.86964E-2 1.78629E-2 2.52852E-2 3.00593E-2 2.71655E-2 2.09303E-2 1.87371E-2 1.72424E-2 2.09901E-2 1.98801E-2 2.70253E-2 1.76279E-2 2.82344E-2 2.88391E-2 2.5363E-2 2.20463E-2 1.75561E-2 1.75016E-2 1.67164E-2 2.07723E-2 6.59093E-2 6.89142E-2 8.324E-2 8.30133E-2 7.86527E-2 6.98326E-2 4.77839E-2 4.47986E-2 4.81821E-2 5.17976E-2 5.30238E-2 7.01458E-2 8.75394E-2 8.67677E-2 7.41894E-2 6.21233E-2
2.0354E-1 1.53819E-1 9.28837E-2 3.67682E-1 3.02248E-1 2.14767E-1 2.79508E-1 1.56625E-1 1.11696E-1 1.33409E-1 5.39965E-2 5.00488E-2 6.35417E-2 7.92932E-2 5.56022E-2 7.78176E-2 5.26206E-2 4.82227E-2 3.41243E-2 3.1434E-2 2.84079E-2 2.67078E-2 3.04467E-2 3.05134E-2 2.30198E-2 2.26612E-2 1.89906E-2 2.03822E-2 3.18139E-2 2.10456E-2 2.30717E-2 2.09294E-2 1.67574E-2 1.55176E-2 2.20156E-2 1.61318E-2 1.93121E-2 2.32196E-2 1.97945E-2 2.88217E-2 3.7179E-2 4.10786E-2 2.35869E-2 3.2201E-2 2.04827E-2 1.78365E-2 1.87016E-2 1.39958E-2 1.65789E-2 3.06159E-2 7.32408E-2 8.05897E-2 8.59336E-2 8.48185E-2 9.19799E-2 7.09168E-2 5.76338E-2 6.20458E-2 5.24606E-2 8.26998E-2 9.7263E-2 9.07236E-2 9.13934E-2 7.6697E-2 3.80341E-2
2.36058E-1 7.41047E-2 9.56894E-2 1.64449E-1 2.81435E-1 2.52415E-1 2.18754E-1 1.38427E-1 9.29534E-2 1.1237E-1 6.71609E-2 6.58325E-2 5.25059E-2 1.26051E-1 1.32818E-1 5.95858E-2 6.60556E-2 6.09682E-2 5.95792E-2 3.1691E-2 2.64678E-2 2.0277E-2 3.54817E-2 2.1317E-2 2.88722E-2 2.44253E-2 2.78931E-2 2.34419E-2 1.49858E-2 2.45241E-2 2.53727E-2 2.89713E-2 1.81525E-2 1.76247E-2 2.27012E-2 1.90458E-2 2.05882E-2 1.67131E-2 1.8038E-2 2.24461E-2 1.93061E-2 3.93509E-2 5.97455E-2 4.16267E-2 3.16327E-2 2.22248E-2 1.48049E-2 1.76455E-2 1.87617E-2 1.90628E-2 2.34317E-2 6.00818E-2 5.98565E-2 6.59235E-2 9.10967E-2 9.44448E-2 8.01684E-2 7.12864E-2 6.81073E-2 9.30577E-2 1.17224E-1 8.52505E-2 1.00936E-1 7.09676E-2 4.72047E-2
1.53295E-1 2.48417E-1 1.47207E-1 8.33952E-2 9.0912E-2 2.2408E-1 1.50361E-1 1.12248E-1 1.0543E-1 1.46521E-1 8.55119E-2 9.68916E-2 1.17463E-1 1.39244E-1 9.00775E-2 9.93846E-2 6.37789E-2 4.99741E-2 4.08127E-2 5.31892E-2 2.63549E-2 3.66308E-2 3.4052E-2 2.50388E-2 2.21657E-2 1.99295E-2 2.46044E-2 2.2891E-2 1.87718E-2 2.65682E-2 2.74314E-2 2.70712E-2 2.47354E-2 2.10769E-2 1.99877E-2 1.87933E-2 2.06677E-2 1.49206E-2 2.04673E-2 1.75269E-2 2.03407E-2 3.09952E-2 5.23697E-2 3.89551E-2 6.40727E-2 2.11727E-2 2.00355E-2 1.6801E-2 1.24551E-2 1.13145E-2 1.33153E-2 1.99496E-2 2.82078E-2 3.46941E-2 8.97408E-2 9.70011E-2 1.1196E-1 9.35587E-2 8.95773E-2 1.09476E-1 1.08083E-1 7.48851E-2 9.45497E-2 7.85882E-2 5.38935E-2
8.13723E-2 1.13941E-1 1.27486E-1 4.13467E-2 6.42216E-2 1.36186E-1 1.717E-1 1.64724E-1 1.36226E-1 1.27694E-1 8.91273E-2 1.31272E-1 8.8682E-2 1.23589E-1 9.00436E-2 8.32432E-2 5.06434E-2 5.94631E-2 5.21124E-2 5.83055E-2 3.65381E-2 3.34121E-2 2.80152E-2 2.61637E-2 2.59898E-2 3.35727E-2 3.22238E-2 2.70067E-2 2.32309E-2 2.75951E-2 2.07553E-2 3.01608E-2 1.7921E-2 1.92091E-2 1.65345E-2 1.80012E-2 2.61011E-2 1.99463E-2 1.70573E-2 1.35758E-2 1.39416E-2 1.92836E-2 3.79061E-2 4.13556E-2 3.7083E-2 3.53591E-2 2.98585E-2 1.11692E-2 1.50434E-2 1.25411E-2 2.18207E-2 1.69437E-2 2.3051E-2 2.96968E-2 6.60565E-2 8.09067E-2 9.67963E-2 9.61861E-2 9.19486E-2 1.05123E-1 9.93253E-2 8.51037E-2 1.02915E-1 6.65657E-2 5.4108E-2
