layers/maxent/arawak.asc
ncols         638
nrows         825
xllcorner     -2985163.8955
yllcorner     -3022031.214
cellsize      10000.0
NODATA_value  -9999
[rows 116 to 144 of 825, columns 325 to 389 of 638]
4.30312E-1 3.90152E-1 3.82194E-1 2.91126E-1 2.60948E-1 3.01331E-1 2.9981E-1 5.18677E-1 1.15682E-1 2.2134E-1 4.10596E-1 2.06997E-1 4.29748E-1 2.07908E-1 3.89929E-1 5.06341E-1 4.3662E-1 2.1494E-1 1.44461E-1 2.49943E-1 4.26312E-1 4.3333E-1 2.42617E-1 4.45334E-1 5.24006E-1 5.92267E-1 6.54572E-1 6.18166E-1 4.7622E-1 4.63191E-1 4.95316E-1 5.20483E-1 5.97183E-1 6.69662E-1 7.01453E-1 5.8708E-1 7.17852E-1 6.99618E-1 6.33258E-1 6.71255E-1 6.82056E-1 1.67576E-1 4.57119E-1 4.4499E-1 5.57281E-1 5.58611E-1 3.74661E-1 3.83556E-1 4.73983E-1 5.45528E-1 5.42125E-1 5.18452E-1 4.2853E-1 3.55006E-1 4.21789E-1 3.93909E-1 4.37261E-1 4.42009E-1 4.94255E-1 7.09545E-1 6.8381E-1 6.37355E-1 6.3216E-1 5.53969E-1 5.70331E-1
4.3722E-1 3.58984E-1 3.11038E-1 3.0661E-1 2.92609E-1 2.67444E-1 3.01671E-1 2.78592E-1 2.3865E-1 1.29968E-1 2.44518E-1 2.60179E-1 3.68481E-2 5.17881E-2 1.64863E-1 2.31296E-1 3.79957E-1 3.42646E-1 2.364E-1 2.22608E-1 2.73413E-1 5.58582E-1 4.18779E-1 5.00295E-1 5.57626E-1 5.59131E-1 5.81338E-1 4.8434E-1 4.42719E-1 4.85005E-1 4.72217E-1 4.86619E-1 5.76974E-1 6.07278E-1 6.5862E-1 6.31034E-1 6.02079E-1 6.84863E-1 5.8984E-1 5.72338E-1 6.35636E-1 3.89854E-1 4.00221E-1 3.43407E-1 4.26425E-1 4.05426E-1 4.32144E-1 4.87997E-1 4.91236E-1 4.58996E-1 5.15747E-1 5.05402E-1 4.21528E-1 3.71458E-1 3.40866E-1 3.75652E-1 4.80661E-1 4.79615E-1 4.76117E-1 5.79444E-1 8.1865E-1 7.30177E-1 7.44319E-1 5.69133E-1 4.96502E-1
4.33539E-1 4.13621E-1 3.6183E-1 3.00387E-1 3.12682E-1 2.85232E-1 2.63363E-1 2.55567E-1 2.53996E-1 2.84446E-1 2.32622E-1 1.25188E-1 3.35116E-2 2.55649E-2 1.31947E-2 1.63258E-1 2.26253E-1 2.22337E-1 1.61283E-1 2.8275E-1 1.98774E-1 3.24962E-1 4.63799E-1 5.13087E-1 4.87158E-1 4.57942E-1 4.78678E-1 4.66973E-1 4.31518E-1 4.70079E-1 4.3562E-1 4.49583E-1 5.25424E-1 5.59421E-1 5.84993E-1 5.42638E-1 6.29365E-1 5.98813E-1 6.13646E-1 5.84734E-1 5.74721E-1 6.486E-1 4.87091E-1 3.90445E-2 3.44968E-1 4.43834E-1 4.71862E-1 4.87665E-1 4.6297E-1 4.6027E-1 2.46233E-1 4.19147E-1 3.28782E-1 3.51669E-1 2.17007E-1 3.73366E-1 4.21676E-1 4.74654E-1 4.03844E-1 4.63926E-1 5.14552E-1 5.46715E-1 4.4695E-1 4.15194E-1 3.5048E-1
4.84474E-1 4.41903E-1 4.10892E-1 4.02189E-1 3.32089E-1 3.51506E-1 3.36292E-1 2.91582E-1 2.78748E-1 1.98364E-1 2.29454E-1 2.31559E-1 1.05799E-1 4.47096E-1 1.5791E-1 1.47577E-1 1.82597E-1 1.18195E-1 8.78508E-2 2.56415E-1 3.40325E-1 3.77438E-1 4.36565E-1 4.55578E-1 4.04577E-1 4.37522E-1 3.75759E-1 3.96871E-1 4.32622E-1 4.29362E-1 4.09869E-1 4.2216E-1 5.06039E-1 4.91007E-1 5.08965E-1 5.36131E-1 5.83818E-1 6.11633E-1 5.82837E-1 5.27535E-1 5.56335E-1 5.74804E-1 5.44034E-1 2.31974E-1 2.30776E-1 5.46176E-1 5.52839E-1 5.28762E-1 4.3223E-1 2.04554E-1 9.97897E-2 1.03556E-1 3.65649E-1 2.65002E-1 2.94605E-1 3.481E-1 3.90265E-1 4.61075E-1 4.418E-1 5.39675E-1 5.60336E-1 3.90254E-1 3.90973E-1 3.59352E-1 3.43403E-1
4.1103E-1 4.23962E-1 3.64918E-1 3.59269E-1 3.24407E-1 3.58995E-1 3.39458E-1 3.08178E-1 2.9562E-1 2.73763E-1 2.42759E-1 2.38673E-1 2.49158E-1 2.49375E-1 2.36424E-1 2.24631E-1 1.36239E-1 1.84942E-1 2.18121E-1 2.66819E-1 3.487E-1 3.51779E-1 3.62767E-1 4.05077E-1 3.867E-1 3.9665E-1 3.7096E-1 3.90629E-1 4.08639E-1 4.34799E-1 4.09901E-1 4.64834E-1 5.18247E-1 4.92757E-1 4.17961E-1 5.20794E-1 5.64395E-1 5.31632E-1 5.90682E-1 4.84061E-1 5.57498E-1 5.28239E-1 4.56238E-1 3.86268E-1 4.8922E-1 4.49018E-1 5.81716E-1 1.89746E-1 7.70157E-2 1.09857E-1 1.22691E-1 1.35427E-1 1.00073E-1 2.61695E-1 2.78536E-1 4.00292E-1 4.48644E-1 4.34232E-1 4.73312E-1 5.77895E-1 4.86802E-1 4.01576E-1 3.75941E-1 4.01113E-1 3.86408E-1
3.05846E-1 3.76543E-1 3.61535E-1 3.5737E-1 3.45088E-1 3.45076E-1 3.44825E-1 3.15236E-1 2.82454E-1 2.83494E-1 2.45343E-1 2.66054E-1 2.83804E-1 2.6771E-1 2.22593E-1 2.31391E-1 2.11378E-1 2.61026E-1 2.15271E-1 2.59484E-1 2.57856E-1 3.51815E-1 3.65003E-1 3.93156E-1 3.37716E-1 3.40022E-1 3.62196E-1 3.49215E-1 3.833E-1 4.66906E-1 4.76536E-1 5.03018E-1 5.41479E-1 4.7458E-1 4.32694E-1 4.92671E-1 5.08002E-1 4.28025E-1 4.72875E-1 4.84645E-1 5.0153E-1 4.01292E-1 4.8317E-1 4.58925E-1 1.791E-1 4.83976E-2 1.56768E-1 1.0683E-1 1.19534E-1 5.17672E-2 7.01072E-2 3.63943E-1 2.49332E-1 2.89641E-1 3.41378E-1 4.5831E-1 4.59739E-1 5.20506E-1 5.17631E-1 5.30157E-1 4.9699E-1 4.18516E-1 4.18214E-1 4.18956E-1 4.35751E-1
2.83252E-1 3.19993E-1 3.38796E-1 3.16231E-1 3.27281E-1 3.28388E-1 3.07427E-1 3.23805E-1 3.24212E-1 2.87017E-1 2.84534E-1 2.88818E-1 2.61114E-1 2.90541E-1 4.92333E-1 7.86529E-1 2.0947E-1 2.41798E-1 2.14558E-1 2.48171E-1 1.28918E-1 1.55726E-1 3.16163E-1 3.46923E-1 3.28312E-1 3.30328E-1 3.73845E-1 4.00143E-1 3.78106E-1 3.40276E-1 4.4138E-1 4.1446E-1 4.09122E-1 4.79045E-1 4.22123E-1 4.50385E-1 4.3917E-1 4.10748E-1 4.66032E-1 4.45695E-1 4.17074E-1 3.40635E-1 3.53912E-1 4.93304E-1 4.92211E-1 1.8943E-1 1.84969E-1 1.63882E-1 1.96457E-1 2.9024E-1 3.00243E-1 4.20286E-1 3.85807E-1 3.77676E-1 4.52915E-1 4.77842E-1 4.94095E-1 4.97916E-1 5.3671E-1 5.41624E-1 5.16263E-1 4.67517E-1 4.37083E-1 4.21262E-1 4.59602E-1
2.99872E-1 3.25723E-1 3.14161E-1 3.01776E-1 2.8695E-1 2.99513E-1 3.01954E-1 3.06109E-1 3.12218E-1 2.54571E-1 2.57635E-1 2.62135E-1 2.66319E-1 2.67837E-1 3.76953E-1 1.80015E-1 2.39783E-1 1.74887E-1 1.92699E-1 2.43215E-1 1.80198E-1 2.08943E-1 2.4345E-1 3.49545E-1 3.6941E-1 3.76091E-1 3.75148E-1 3.62696E-1 3.2842E-1 4.33903E-1 4.07232E-1 4.15298E-1 3.655E-1 4.04842E-1 3.84762E-1 3.42593E-1 3.91008E-1 3.50545E-1 4.21043E-1 4.03063E-1 4.20791E-1 3.51215E-1 5.32636E-1 5.1831E-1 5.26816E-1 4.66631E-1 3.31765E-1 3.05383E-1 3.4933E-1 2.74955E-1 2.74555E-1 4.27346E-1 2.61778E-1 3.76918E-1 3.18782E-1 3.32996E-1 4.46328E-1 4.75674E-1 5.17901E-1 4.60066E-1 4.0348E-1 4.9135E-1 5.37352E-1 4.35159E-1 5.32015E-1
2.70614E-1 2.60855E-1 2.59487E-1 2.84651E-1 3.0929E-1 3.25919E-1 2.998E-1 3.17562E-1 3.01894E-1 2.94778E-1 2.38095E-1 2.18656E-1 2.30337E-1 2.44473E-1 2.18053E-1 1.56507E-1 2.96975E-1 1.8456E-1 2.09302E-1 1.89856E-1 2.14996E-1 2.74785E-1 3.14668E-1 3.48116E-1 3.85386E-1 4.15607E-1 3.32083E-1 4.1997E-1 3.43116E-1 3.71687E-1 3.96645E-1 4.14829E-1 2.4852E-1 1.42544E-1 3.78224E-1 2.696E-1 3.25635E-1 3.76242E-1 4.31138E-1 4.5573E-1 4.10962E-1 4.94168E-1 4.43895E-1 4.21487E-1 4.37975E-1 5.04195E-1 4.0503E-1 3.65499E-1 3.13976E-1 3.51399E-1 3.01853E-1 2.41333E-1 2.31758E-1 2.14597E-1 2.69462E-1 2.02361E-1 2.58628E-1 4.13362E-1 4.71874E-1 4.20341E-1 3.71727E-1 5.03401E-1 4.92663E-1 5.23016E-1 7.21611E-1
2.93435E-1 2.9956E-1 3.2625E-1 2.57081E-1 2.70912E-1 2.99745E-1 3.23054E-1 2.90761E-1 2.8215E-1 2.89821E-1 2.60888E-1 2.53532E-1 1.50456E-1 1.74438E-1 2.09782E-1 2.27688E-1 1.794E-1 1.8926E-1 1.88948E-1 2.12089E-1 2.40745E-1 2.87461E-1 3.0861E-1 2.97312E-1 3.87793E-1 3.25183E-1 3.16558E-1 3.35133E-1 2.11414E-1 2.76505E-1 2.56962E-1 1.59577E-1 1.60463E-1 2.26225E-1 2.68703E-1 3.20733E-1 3.14908E-1 4.00573E-1 3.89723E-1 3.72997E-1 3.80946E-1 4.25826E-1 4.51232E-1 5.06129E-1 4.26976E-1 4.6806E-1 4.63841E-1 4.49278E-1 4.5529E-1 5.15401E-1 3.05588E-1 3.21715E-1 2.93504E-1 2.91264E-1 1.98794E-1 3.96406E-1 4.18283E-1 4.68233E-1 3.86355E-1 3.39476E-1 3.33867E-1 4.98584E-1 4.67659E-1 7.28285E-1 7.28583E-1
2.69294E-1 2.7312E-1 2.78973E-1 2.87948E-1 2.59324E-1 2.74678E-1 2.81609E-1 2.67695E-1 2.68182E-1 2.58865E-1 2.4779E-1 2.04073E-1 1.94151E-1 1.71126E-1 1.97831E-1 2.14525E-1 1.82087E-1 1.91175E-1 1.70372E-1 1.93238E-1 1.55029E-1 2.75845E-1 2.53576E-1 2.67566E-1 3.5707E-1 2.99554E-1 2.57165E-1 3.13645E-1 1.94669E-1 2.06543E-1 1.70241E-1 1.18E-1 2.08566E-1 2.77189E-1 3.12538E-1 3.45466E-1 3.82187E-1 3.31053E-1 3.77936E-1 3.7426E-1 3.89549E-1 4.32677E-1 4.43209E-1 4.70477E-1 4.57265E-1 4.40078E-1 4.43726E-1 4.75557E-1 4.36703E-1 4.13767E-1 4.45528E-1 2.96235E-1 3.1149E-1 2.35615E-1 1.39437E-1 4.15551E-1 4.65883E-1 4.87735E-1 3.54354E-1 4.12572E-1 5.005E-1 4.15E-1 6.13521E-1 5.91487E-1 5.80198E-1
2.81868E-1 2.65751E-1 2.75357E-1 2.9149E-1 2.63644E-1 2.52737E-1 2.92168E-1 2.39739E-1 2.53207E-1 2.6423E-1 2.3143E-1 1.79822E-1 1.71161E-1 1.87364E-1 1.75436E-1 1.94977E-1 1.82465E-1 1.46451E-1 1.49433E-1 1.3831E-1 1.94477E-1 2.29821E-1 1.78718E-1 1.94942E-1 2.56211E-1 2.19813E-1 2.09558E-1 2.46395E-1 1.94113E-1 1.93346E-1 1.88436E-1 1.49457E-1 1.78839E-1 2.55068E-1 3.04126E-1 3.40612E-1 3.90596E-1 3.59579E-1 3.93656E-1 3.66677E-1 4.486E-1 3.93197E-1 3.962E-1 4.53373E-1 4.21818E-1 3.93344E-1 4.07657E-1 4.88851E-1 4.8046E-1 4.24243E-1 4.02944E-1 2.71835E-1 2.77669E-1 2.71744E-1 1.66953E-1 3.62339E-1 3.99126E-1 4.47018E-1 3.85824E-1 3.78438E-1 3.83119E-1 3.89189E-1 6.08376E-1 5.51532E-1 4.57445E-1
2.61409E-1 2.59426E-1 2.6351E-1 2.90726E-1 2.56438E-1 2.49083E-1 2.5352E-1 2.49533E-1 2.43826E-1 2.47428E-1 2.13889E-1 1.98584E-1 2.03236E-1 2.09904E-1 2.0121E-1 4.25029E-1 2.96515E-1 1.9361E-1 6.67168E-2 1.54145E-1 1.44188E-1 2.20976E-1 2.31542E-1 2.05913E-1 2.08657E-1 2.0467E-1 2.2239E-1 2.39142E-1 2.17697E-1 2.04494E-1 1.84466E-1 1.56855E-1 2.19414E-1 2.71035E-1 3.79099E-1 3.86489E-1 3.80273E-1 3.49317E-1 3.67735E-1 3.62986E-1 4.18077E-1 3.64892E-1 3.91618E-1 4.16902E-1 4.35508E-1 3.94432E-1 3.97785E-1 4.27141E-1 4.59059E-1 4.2346E-1 3.8974E-1 4.73409E-1 2.43463E-1 3.90412E-1 3.7964E-1 4.12557E-1 4.36865E-1 4.69963E-1 4.60208E-1 3.95815E-1 4.13191E-1 4.98389E-1 5.64772E-1 4.15336E-1 3.51693E-1
2.44964E-1 2.62497E-1 2.71743E-1 2.78001E-1 2.55574E-1 2.56904E-1 2.39458E-1 2.4072E-1 2.20712E-1 2.2265E-1 2.27937E-1 2.22777E-1 1.91533E-1 2.11809E-1 1.55112E-1 1.57437E-1 1.78884E-1 1.61756E-1 7.94237E-2 9.03492E-2 1.96544E-1 2.29531E-1 1.89183E-1 1.90955E-1 1.93588E-1 2.06159E-1 2.10559E-1 2.30387E-1 2.41937E-1 1.91179E-1 9.0422E-2 9.61396E-2 1.36531E-1 3.16235E-1 2.13407E-1 3.55313E-1 3.51442E-1 3.84137E-1 3.96027E-1 3.80915E-1 3.9817E-1 4.03288E-1 3.73649E-1 4.43829E-1 4.66578E-1 3.76412E-1 3.88544E-1 4.1035E-1 4.31912E-1 3.88555E-1 3.39183E-1 3.45352E-1 3.40183E-1 3.88126E-1 4.20635E-1 4.62377E-1 4.36328E-1 4.05071E-1 4.45264E-1 4.02073E-1 4.61485E-1 5.91639E-1 4.5255E-1 3.7064E-1 2.79101E-1
2.67278E-1 2.55833E-1 2.42492E-1 2.74804E-1 2.67523E-1 2.46347E-1 2.35756E-1 2.43919E-1 2.40253E-1 2.17348E-1 2.27633E-1 2.15816E-1 2.18633E-1 1.71508E-1 1.59934E-1 1.75264E-1 1.95781E-1 1.64496E-1 1.35368E-1 9.27293E-2 7.02057E-2 1.65326E-1 2.13095E-1 2.03764E-1 1.8596E-1 2.58552E-1 2.10007E-1 2.11696E-1 2.75131E-1 1.98765E-1 2.39652E-1 1.34233E-1 1.03514E-1 8.04172E-2 1.27214E-1 1.25424E-1 3.01321E-1 3.67512E-1 3.5877E-1 3.99957E-1 3.77986E-1 3.7503E-1 3.99093E-1 4.34037E-1 4.41864E-1 4.13928E-1 3.72971E-1 3.68626E-1 4.08865E-1 3.60261E-1 3.50708E-1 3.30803E-1 3.52939E-1 3.72061E-1 4.3467E-1 4.62885E-1 4.49165E-1 4.25057E-1 4.28353E-1 4.77293E-1 4.57368E-1 4.23877E-1 4.0476E-1 3.59317E-1 3.29136E-1
2.43749E-1 2.52745E-1 2.46375E-1 2.58656E-1 2.57327E-1 2.42709E-1 2.15558E-1 2.18971E-1 2.14921E-1 2.21152E-1 2.16331E-1 2.06764E-1 2.11587E-1 1.86557E-1 1.77528E-1 1.07893E-1 1.39721E-1 1.59913E-1 1.2608E-1 1.26366E-1 7.02934E-2 7.91386E-2 1.1675E-1 1.04299E-1 1.56689E-1 1.61224E-1 2.14811E-1 1.93785E-1 1.95095E-1 2.15314E-1 1.8763E-1 1.16066E-1 8.74875E-2 6.54088E-2 1.88468E-1 2.78809E-1 2.42014E-1 2.53629E-1 3.31017E-1 3.51552E-1 3.05961E-1 3.37258E-1 3.98538E-1 4.27134E-1 4.13347E-1 3.949E-1 3.46905E-1 4.16955E-1 3.76667E-1 3.71312E-1 3.02846E-1 3.45197E-1 3.81016E-1 4.31622E-1 4.31475E-1 4.23134E-1 3.95305E-1 3.9998E-1 4.26432E-1 4.53999E-1 5.23375E-1 3.48864E-1 3.12916E-1 3.11644E-1 2.9402E-1
2.6298E-1 2.48446E-1 2.68941E-1 2.54604E-1 2.67596E-1 2.74425E-1 2.18081E-1 1.99026E-1 2.25911E-1 2.20036E-1 2.13303E-1 2.14424E-1 2.1114E-1 1.90357E-1 1.80059E-1 1.49041E-1 1.68647E-1 1.39123E-1 1.46261E-1 8.93656E-2 6.55501E-2 9.90701E-2 9.05927E-2 9.39027E-2 1.06636E-1 1.08757E-1 1.7659E-1 1.72509E-1 1.24133E-1 1.30234E-1 1.28228E-1 1.28531E-1 1.25373E-1 1.29542E-1 1.21692E-1 3.19518E-1 2.84389E-1 3.45148E-1 3.71622E-1 3.47061E-1 2.97793E-1 3.31652E-1 4.07999E-1 4.19921E-1 3.37258E-1 3.28268E-1 3.16281E-1 3.38912E-1 3.55898E-1 3.89104E-1 3.14927E-1 2.47333E-1 2.84438E-1 3.75475E-1 4.29481E-1 3.78101E-1 4.10163E-1 4.47962E-1 4.09863E-1 4.68256E-1 4.96649E-1 3.68817E-1 3.20884E-1 2.65053E-1 2.80939E-1
2.47438E-1 2.28366E-1 2.2615E-1 2.50909E-1 2.5879E-1 2.53122E-1 2.23005E-1 1.86419E-1 1.9494E-1 2.10787E-1 2.14853E-1 2.02151E-1 1.92724E-1 1.91508E-1 1.68061E-1 1.49919E-1 1.85138E-1 1.76317E-1 1.00952E-1 8.56899E-2 5.21626E-2 4.90007E-2 9.70348E-2 5.6391E-2 1.72965E-1 9.78948E-2 9.62528E-2 1.82949E-1 1.83595E-1 1.72412E-1 2.1083E-1 2.18014E-1 7.5315E-2 9.6232E-2 1.0796E-1 1.40382E-1 1.34164E-1 3.29802E-1 2.87793E-1 3.67181E-1 3.77332E-1 3.71694E-1 4.44728E-1 4.10892E-1 2.60542E-1 1.67693E-1 2.17172E-1 3.12669E-1 3.49202E-1 3.14538E-1 2.88983E-1 2.00422E-1 3.15865E-1 3.26946E-1 3.20602E-1 3.77334E-1 3.73565E-1 4.34492E-1 4.38178E-1 5.17645E-1 3.70913E-1 3.61007E-1 3.21889E-1 2.65943E-1 2.25489E-1
2.57415E-1 2.43525E-1 2.71171E-1 2.59052E-1 2.21458E-1 2.30661E-1 2.2003E-1 1.99926E-1 2.03205E-1 2.12557E-1 1.79321E-1 1.86825E-1 2.02108E-1 1.79905E-1 1.69616E-1 1.64268E-1 2.34809E-1 1.44731E-1 1.46404E-1 8.40705E-2 4.43909E-2 5.09759E-2 8.69923E-2 1.08109E-1 8.51287E-2 5.4933E-2 1.06479E-1 1.78073E-1 2.08667E-1 1.60811E-1 2.01858E-1 2.16076E-1 2.20828E-1 1.27393E-1 1.2578E-1 1.15274E-1 1.3152E-1 2.37306E-1 1.86024E-1 2.54176E-1 2.88701E-1 3.71121E-1 3.08508E-1 2.96763E-1 2.10423E-1 1.6263E-1 2.04581E-1 1.94793E-1 2.23548E-1 2.16021E-1 2.59416E-1 2.10009E-1 2.48484E-1 3.69901E-1 3.67588E-1 3.88446E-1 4.01571E-1 4.65276E-1 4.76122E-1 3.36067E-1 3.42558E-1 5.53916E-1 3.13726E-1 3.03801E-1 1.91012E-1
2.64565E-1 2.72916E-1 2.7563E-1 2.95453E-1 2.0891E-1 2.11159E-1 1.90299E-1 1.87887E-1 1.30321E-1 1.27014E-1 1.95947E-1 1.87214E-1 1.83787E-1 1.70393E-1 1.75149E-1 1.66599E-1 1.76245E-1 1.53381E-1 1.09106E-1 1.50948E-1 6.03516E-2 4.58642E-2 7.70242E-2 9.84959E-2 6.58838E-2 7.77919E-2 6.14311E-2 1.1555E-1 1.83934E-1 1.5431E-1 1.63997E-1 1.92552E-1 1.98336E-1 1.8652E-1 1.29023E-1 2.27203E-1 2.14371E-1 1.70092E-1 1.76085E-1 1.57239E-1 1.81389E-1 2.16997E-1 2.55115E-1 1.41293E-1 1.63233E-1 1.48703E-1 1.78878E-1 1.52774E-1 1.55309E-1 1.75985E-1 1.70655E-1 1.65786E-1 2.00804E-1 3.32138E-1 4.01344E-1 4.47275E-1 4.57519E-1 3.92165E-1 3.6116E-1 3.36729E-1 3.23984E-1 3.14653E-1 3.05513E-1 3.07744E-1 1.84161E-1
2.86153E-1 2.60046E-1 1.73892E-1 1.87401E-1 1.14733E-1 1.33002E-1 1.97037E-1 1.84373E-1 1.94429E-1 1.88349E-1 1.8311E-1 1.96597E-1 1.84016E-1 1.61907E-1 1.02601E-1 1.21414E-1 1.42216E-1 1.67425E-1 1.14291E-1 1.82128E-1 1.72463E-1 4.27849E-2 4.61056E-2 7.59489E-2 1.20282E-1 1.10918E-1 6.72018E-2 1.10821E-1 1.11852E-1 1.74974E-1 1.87339E-1 1.36872E-1 1.40472E-1 1.69292E-1 1.09089E-1 1.44509E-1 1.4794E-1 1.56769E-1 1.42875E-1 1.50722E-1 1.66474E-1 2.15641E-1 1.56121E-1 1.71696E-1 1.63899E-1 1.69485E-1 1.82959E-1 1.64161E-1 1.64109E-1 1.87238E-1 1.80113E-1 1.75987E-1 1.759E-1 1.8468E-1 2.90176E-1 2.816E-1 3.26061E-1 3.34042E-1 3.1804E-1 3.07324E-1 3.03902E-1 2.78593E-1 2.45685E-1 2.50545E-1 2.33084E-1
2.61467E-1 2.60784E-1 1.62166E-1 1.08455E-1 2.04802E-1 1.37876E-1 2.16158E-1 2.077E-1 2.05571E-1 1.26258E-1 1.29648E-1 1.28393E-1 1.90923E-1 1.1945E-1 9.75577E-2 8.35039E-2 7.85521E-2 1.41244E-1 1.23616E-1 1.91661E-1 1.47091E-1 3.82194E-2 4.34852E-2 4.09031E-2 6.15847E-2 9.42094E-2 7.40411E-2 8.2794E-2 6.89326E-2 1.09744E-1 1.35675E-1 1.35437E-1 1.35779E-1 1.94967E-1 2.21028E-1 1.69127E-1 1.34139E-1 1.34526E-1 1.54478E-1 1.54972E-1 1.42781E-1 1.59776E-1 1.50806E-1 1.69761E-1 1.6155E-1 1.53615E-1 1.86304E-1 1.62744E-1 1.54087E-1 1.73032E-1 1.78971E-1 1.57048E-1 1.45602E-1 1.39995E-1 2.07789E-1 2.82035E-1 3.00321E-1 2.6068E-1 2.41179E-1 2.23861E-1 2.3367E-1 2.3776E-1 2.20451E-1 2.02692E-1 1.92852E-1
2.56665E-1 2.31234E-1 2.108E-1 1.9508E-1 1.27692E-1 2.1474E-1 1.28536E-1 2.05716E-1 2.09272E-1 1.9903E-1 1.32194E-1 2.09786E-1 1.29786E-1 4.9984E-2 9.81501E-2 1.42805E-1 1.35067E-1 1.50162E-1 8.20581E-2 1.47458E-1 8.66599E-2 5.69062E-2 3.87257E-2 3.84564E-2 6.42392E-2 6.74283E-2 6.7963E-2 4.09934E-2 5.4658E-2 1.60019E-1 1.71766E-1 1.78128E-1 1.6001E-1 1.77246E-1 1.78501E-1 1.98245E-1 1.96298E-1 1.91901E-1 1.42361E-1 1.46004E-1 1.34588E-1 1.41232E-1 1.54221E-1 1.50602E-1 1.76355E-1 1.75829E-1 2.0195E-1 1.67696E-1 1.76457E-1 1.85922E-1 1.95083E-1 1.61039E-1 1.19259E-1 1.74188E-1 1.39687E-1 2.19685E-1 2.73967E-1 2.99632E-1 2.5236E-1 1.94159E-1 2.84219E-1 2.15056E-1 2.11582E-1 2.24537E-1 2.0491E-1
2.4316E-1 1.4401E-1 1.6104E-1 1.46582E-1 1.34297E-1 1.45415E-1 1.44696E-1 1.22228E-1 1.95225E-1 2.15649E-1 2.25185E-1 2.14145E-1 1.27109E-1 1.33206E-1 8.31001E-2 1.69355E-1 1.43157E-1 1.38683E-1 8.62521E-2 3.93975E-2 3.75919E-2 5.3883E-2 4.10124E-2 4.02012E-2 3.8779E-2 3.97677E-2 4.05949E-2 4.03752E-2 1.00606E-1 1.48741E-1 1.55235E-1 1.65366E-1 1.60764E-1 1.62407E-1 1.58174E-1 1.29984E-1 2.07737E-1 2.07663E-1 2.09404E-1 1.68825E-1 1.41434E-1 1.70652E-1 1.58133E-1 1.806E-1 1.73873E-1 2.51028E-1 1.52514E-1 2.50075E-1 1.77044E-1 1.6125E-1 1.44862E-1 1.43578E-1 1.19861E-1 1.2432E-1 1.02485E-1 2.24105E-1 2.83458E-1 3.19588E-1 3.34315E-1 2.6181E-1 2.67087E-1 2.61849E-1 2.28698E-1 2.32516E-1 2.245E-1
1.64894E-1 1.54599E-1 1.65262E-1 1.67138E-1 2.41495E-1 2.60249E-1 1.60586E-1 1.52887E-1 2.25177E-1 2.24202E-1 1.35987E-1 2.26389E-1 1.20598E-1 1.88928E-1 1.79158E-1 1.57153E-1 1.658E-1 1.77606E-1 9.12521E-2 4.0315E-2 3.71757E-2 3.52915E-2 3.61253E-2 3.56432E-2 3.6191E-2 3.87364E-2 3.61905E-2 9.84712E-2 1.48924E-1 1.54549E-1 1.45138E-1 1.53885E-1 9.82191E-2 5.49248E-2 4.90205E-2 6.57433E-2 6.18148E-2 1.15968E-1 1.81353E-1 2.16769E-1 2.08279E-1 1.52413E-1 1.67525E-1 2.12753E-1 1.5073E-1 2.84111E-1 1.7475E-1 1.60766E-1 1.76324E-1 1.39487E-1 1.81995E-1 1.7101E-1 1.17518E-1 1.23631E-1 1.06574E-1 2.09058E-1 2.43151E-1 2.66134E-1 3.12484E-1 3.16196E-1 2.88112E-1 2.80713E-1 2.29383E-1 2.4928E-1 2.42793E-1
1.71184E-1 2.70359E-1 2.82701E-1 1.6333E-1 2.73431E-1 2.38438E-1 2.56532E-1 1.50895E-1 2.39887E-1 2.47681E-1 1.52947E-1 1.98649E-1 2.17754E-1 1.17155E-1 1.6389E-1 1.52672E-1 1.62283E-1 1.42666E-1 9.52092E-2 3.96178E-2 3.98162E-2 3.72521E-2 5.71223E-2 5.60374E-2 3.66399E-2 3.51585E-2 1.41746E-1 1.59698E-1 1.47223E-1 1.50495E-1 1.42022E-1 1.48246E-1 5.55653E-2 3.8423E-2 3.59244E-2 3.29537E-2 6.04755E-2 1.73536E-1 2.05424E-1 2.17382E-1 2.09845E-1 2.80335E-1 1.54157E-1 1.60969E-1 1.71108E-1 1.83359E-1 1.89255E-1 2.73811E-1 1.88097E-1 1.88759E-1 1.50548E-1 1.22062E-1 1.18696E-1 1.32195E-1 1.00995E-1 1.59243E-1 2.17896E-1 2.25618E-1 2.69445E-1 2.95696E-1 3.0111E-1 2.79042E-1 2.6021E-1 3.0891E-1 2.80382E-1
1.69832E-1 1.70321E-1 2.66593E-1 2.84413E-1 2.85302E-1 2.38927E-1 2.316E-1 1.54142E-1 1.56262E-1 1.64531E-1 1.45935E-1 2.07302E-1 2.00232E-1 1.39877E-1 1.34984E-1 1.59205E-1 1.61159E-1 1.58787E-1 9.42997E-2 3.72734E-2 4.0006E-2 3.90125E-2 3.67562E-2 6.15705E-2 3.4835E-2 1.01321E-1 1.47757E-1 1.40036E-1 1.34233E-1 1.24023E-1 1.32578E-1 1.36172E-1 5.02694E-2 3.18235E-2 3.10489E-2 3.56192E-2 1.0717E-1 1.75468E-1 1.6547E-1 1.83557E-1 2.03757E-1 2.28889E-1 2.79777E-1 1.71671E-1 1.47271E-1 1.84576E-1 2.02864E-1 1.94109E-1 2.05483E-1 2.44177E-1 2.51623E-1 1.45626E-1 1.40958E-1 1.37198E-1 9.91641E-2 1.3597E-1 1.84955E-1 2.38011E-1 2.96014E-1 3.1486E-1 3.23838E-1 2.81892E-1 2.85983E-1 3.3908E-1 2.81037E-1
2.57597E-1 1.84303E-1 1.62906E-1 1.72322E-1 2.55137E-1 2.69642E-1 2.48987E-1 1.66221E-1 2.46036E-1 1.50959E-1 1.36464E-1 1.32951E-1 1.8721E-1 1.29064E-1 1.22564E-1 1.81266E-1 1.85313E-1 1.59078E-1 9.74011E-2 4.37439E-2 3.9702E-2 6.16859E-2 4.72012E-2 6.54726E-2 9.55346E-2 1.52035E-1 1.681E-1 1.39855E-1 1.41338E-1 1.3582E-1 1.30841E-1 1.35271E-1 1.34995E-1 3.52102E-2 3.06669E-2 3.14994E-2 2.75913E-2 4.47941E-2 6.44016E-2 3.93799E-2 4.36393E-2 1.02387E-1 2.03406E-1 1.75591E-1 1.9258E-1 1.93442E-1 2.09774E-1 2.09917E-1 2.04298E-1 1.57816E-1 1.66807E-1 1.75257E-1 1.59186E-1 1.44303E-1 7.23967E-2 1.31508E-1 1.80626E-1 2.75083E-1 2.71274E-1 3.17462E-1 3.47828E-1 2.90555E-1 2.96346E-1 3.00798E-1 3.47041E-1
1.47357E-1 1.54449E-1 1.5819E-1 1.5069E-1 1.67279E-1 1.60581E-1 1.49923E-1 1.64179E-1 1.48923E-1 1.64752E-1 1.55007E-1 1.5828E-1 1.68177E-1 2.10087E-1 1.9638E-1 1.81983E-1 1.90455E-1 1.7153E-1 1.7264E-1 6.29472E-2 6.97218E-2 7.97751E-2 7.89531E-2 8.01355E-2 1.48889E-1 1.63758E-1 1.67083E-1 1.54881E-1 1.46507E-1 1.42785E-1 1.37476E-1 1.32811E-1 1.38239E-1 1.23049E-1 3.07945E-2 3.12796E-2 3.62569E-2 3.15779E-2 4.23682E-2 7.61109E-2 2.93046E-2 6.31837E-2 1.26902E-1 1.35664E-1 1.67672E-1 1.98186E-1 2.22211E-1 2.2606E-1 2.07009E-1 1.84092E-1 1.67758E-1 1.67416E-1 1.39435E-1 1.26883E-1 9.33242E-2 1.00919E-1 2.15825E-1 3.02588E-1 3.01042E-1 3.15797E-1 3.33828E-1 3.30609E-1 3.16394E-1 2.80233E-1 3.09618E-1
