layers/maxent/tupi.asc
ncols         638
nrows         825
xllcorner     -2985163.8955
yllcorner     -3022031.214
cellsize      10000.0
NODATA_value  -9999
[rows 522 to 550 of 825, columns 195 to 259 of 638]
8.20006E-5 2.79953E-5 6.49495E-5 2.27323E-5 6.49398E-6 5.63376E-6 7.9517E-6 3.87178E-5 5.33509E-6 4.4944E-6 7.22045E-6 4.09902E-6 1.12656E-5 1.9723E-5 1.99609E-7 1.02469E-5 4.90008E-5 2.28216E-4 1.36461E-3 1.51993E-3 6.79654E-4 3.43104E-4 1.761E-4 2.73217E-4 2.09231E-4 2.28564E-4 2.56587E-4 3.52517E-4 3.69754E-4 3.66482E-4 4.06379E-4 2.53365E-4 1.73875E-4 1.60563E-4 1.26469E-4 7.59852E-5 9.41737E-5 8.50204E-5 8.68939E-5 1.08591E-4 1.31712E-4 1.46156E-4 1.71791E-4 1.90709E-4 1.96345E-4 2.21923E-4 2.77207E-4 4.41225E-4 5.3429E-4 5.86749E-4 6.5234E-4 6.50105E-4 6.99164E-4 4.80608E-4 4.97666E-4 6.93265E-4 6.6501E-4 4.2696E-4 5.50819E-4 1.03976E-4 2.41214E-4 3.93441E-4 5.76335E-4 5.32632E-4 8.79859E-4
2.07776E-4 2.6615E-5 8.14227E-6 4.6361E-6 8.84961E-7 2.51516E-6 9.0458E-6 1.67864E-5 4.31108E-5 9.40311E-6 4.67421E-6 1.01539E-7 7.10283E-6 2.58256E-5 2.59452E-7 1.56794E-5 5.61301E-5 2.1302E-4 1.3231E-3 1.82554E-3 3.94101E-4 1.9268E-4 1.21251E-4 2.63396E-4 1.64614E-4 1.58387E-4 3.00099E-4 3.36849E-4 3.36688E-4 3.25858E-4 4.41364E-4 5.49728E-4 3.35168E-4 1.80453E-4 1.40573E-4 8.57172E-5 1.08745E-4 9.77943E-5 1.37155E-4 1.10269E-4 1.40148E-4 1.78459E-4 2.00895E-4 2.0136E-4 2.11868E-4 2.56069E-4 3.65421E-4 4.53608E-4 5.15103E-4 7.0088E-4 7.52323E-4 7.83634E-4 5.25984E-4 5.34182E-4 5.13999E-4 5.04513E-4 5.15992E-4 4.68629E-4 2.08566E-4 9.39639E-5 3.7722E-4 4.84277E-4 5.49112E-4 4.9209E-4 8.47442E-4
2.04283E-4 1.32721E-4 4.12416E-5 3.69459E-6 1.0514E-5 2.09092E-6 1.43095E-5 8.70459E-6 3.97105E-5 2.08967E-6 2.53495E-8 3.14114E-6 7.80513E-6 1.91537E-5 1.10733E-4 3.18157E-5 5.28905E-5 1.16773E-4 5.21286E-4 1.3764E-3 2.46911E-4 2.63154E-4 9.37778E-4 1.85731E-4 1.27323E-4 1.80593E-4 2.20872E-4 3.1596E-4 3.1746E-4 3.05912E-4 3.90186E-4 3.83138E-4 4.15635E-4 2.06394E-4 1.65251E-4 1.45264E-4 1.23966E-4 1.09223E-4 9.69921E-5 1.1281E-4 1.42444E-4 1.82024E-4 2.21813E-4 2.41815E-4 2.58064E-4 2.7747E-4 3.56445E-4 4.35199E-4 5.01533E-4 3.97988E-4 4.23557E-4 4.97988E-4 5.39042E-4 5.48162E-4 5.32768E-4 5.7172E-4 5.38449E-4 5.095E-4 2.17017E-4 1.07901E-4 4.17363E-4 4.92974E-4 7.05879E-4 6.11886E-4 1.33626E-3
5.46383E-4 2.81447E-5 9.35382E-6 4.23973E-5 5.87504E-6 4.04288E-6 2.5294E-6 2.94013E-6 1.56154E-5 3.4827E-5 6.95993E-7 4.15263E-8 3.32296E-7 1.07694E-5 1.07493E-5 1.94058E-5 3.98952E-5 5.88354E-5 4.92688E-4 6.97369E-4 2.88206E-4 1.70284E-4 2.02642E-4 1.7017E-4 2.1221E-4 1.89539E-4 2.46787E-4 3.14684E-4 3.03108E-4 4.29065E-4 3.7491E-4 3.52231E-4 2.79835E-4 2.22676E-4 1.90534E-4 1.6017E-4 1.42307E-4 1.33326E-4 1.09959E-4 1.92621E-4 1.42934E-4 1.82593E-4 2.30161E-4 2.66063E-4 2.6059E-4 2.85282E-4 3.64149E-4 4.17822E-4 5.91193E-4 3.89691E-4 4.51315E-4 5.32452E-4 5.86206E-4 6.05445E-4 5.52632E-4 5.68985E-4 5.75692E-4 5.80053E-4 2.50418E-4 1.38274E-4 4.34872E-4 4.89853E-4 8.53239E-4 8.22043E-4 1.35414E-3
1.40597E-4 1.11194E-4 4.86411E-5 6.3345E-5 9.18211E-6 1.35259E-5 1.2277E-5 1.20192E-6 2.21691E-5 1.92827E-5 1.88489E-6 8.71258E-6 2.87426E-8 6.71023E-8 1.27911E-5 8.69965E-5 4.94271E-5 1.16025E-4 3.76009E-4 5.73008E-4 4.85437E-4 2.48465E-4 2.06913E-4 2.23033E-4 1.94202E-4 2.406E-4 2.81143E-4 3.24428E-4 3.28277E-4 4.46946E-4 3.62565E-4 3.35441E-4 2.69524E-4 2.28006E-4 2.05612E-4 1.66286E-4 1.58488E-4 1.63001E-4 1.37511E-4 1.2907E-4 1.39171E-4 1.88483E-4 2.39336E-4 2.64035E-4 2.74237E-4 2.8437E-4 3.35649E-4 4.24666E-4 5.84977E-4 4.2936E-4 4.92699E-4 5.02813E-4 5.32579E-4 5.464E-4 5.55234E-4 5.4206E-4 7.0139E-4 6.59507E-4 2.78406E-4 1.37932E-4 3.49823E-4 4.73805E-4 7.75151E-4 8.84158E-4 1.23646E-3
1.66159E-4 7.79887E-5 3.89631E-5 3.71335E-5 1.52627E-5 1.78921E-5 1.54935E-5 3.60979E-6 5.54867E-6 7.1756E-6 6.21066E-6 1.10324E-5 4.29706E-8 7.43018E-8 2.34469E-5 5.58928E-5 9.5851E-5 2.61369E-4 4.10945E-4 5.03832E-4 6.55837E-4 3.67852E-4 1.59209E-4 2.29414E-4 2.58563E-4 2.90998E-4 2.56553E-4 3.35374E-4 3.18668E-4 4.4926E-4 3.62097E-4 3.25719E-4 2.74098E-4 2.42744E-4 2.18351E-4 1.74902E-4 1.77504E-4 1.74135E-4 1.62707E-4 1.58086E-4 1.68909E-4 1.84397E-4 2.50165E-4 2.7805E-4 2.83288E-4 2.899E-4 3.42829E-4 4.50276E-4 6.41274E-4 4.31636E-4 4.29434E-4 3.75457E-4 4.06858E-4 4.2384E-4 5.04931E-4 6.02306E-4 8.00337E-4 7.21638E-4 3.69324E-4 1.26857E-4 2.77992E-4 4.73035E-4 9.13169E-4 8.77103E-4 1.17058E-3
2.88002E-4 8.00728E-5 4.99547E-5 3.53468E-5 2.78194E-5 2.04975E-5 1.96349E-5 1.4564E-5 1.00551E-5 8.19786E-6 2.92087E-6 3.51126E-6 8.47152E-6 1.42328E-7 2.59655E-5 6.09439E-5 2.06458E-6 2.92999E-4 8.82163E-4 4.56125E-4 4.85124E-4 4.43408E-4 1.43394E-4 2.56725E-4 3.15641E-4 2.62348E-4 3.04277E-4 3.78834E-4 3.24735E-4 4.54025E-4 4.10674E-4 3.34026E-4 3.07692E-4 2.54641E-4 2.42462E-4 2.1421E-4 2.01331E-4 1.94946E-4 1.84978E-4 1.79204E-4 1.9031E-4 2.01611E-4 2.37571E-4 2.95041E-4 2.76721E-4 2.86312E-4 3.60965E-4 4.2138E-4 5.94242E-4 4.07387E-4 7.64391E-4 3.02415E-4 4.08947E-4 4.5404E-4 5.2241E-4 6.47047E-4 8.08796E-4 1.01324E-3 8.64887E-4 1.41317E-4 2.77666E-4 4.34288E-4 6.26148E-4 8.34445E-4 8.63572E-4
3.50985E-4 7.73254E-5 1.01937E-4 4.23855E-5 3.56007E-5 9.13146E-6 2.08921E-5 1.63981E-5 1.69776E-5 1.11199E-5 1.92345E-5 5.2334E-6 3.72453E-6 8.12773E-6 3.19015E-5 6.56316E-5 9.26189E-5 9.5259E-4 8.77197E-4 4.28894E-4 4.34699E-4 3.46528E-4 1.1709E-4 2.41113E-4 3.73232E-4 3.34447E-4 3.97875E-4 4.2242E-4 3.91081E-4 4.8967E-4 4.51282E-4 3.79722E-4 3.4613E-4 2.8205E-4 2.66142E-4 2.63215E-4 2.27131E-4 2.13659E-4 2.16228E-4 1.95923E-4 2.74211E-4 2.24304E-4 2.75966E-4 2.81742E-4 2.96066E-4 3.42288E-4 3.79409E-4 4.21167E-4 4.10937E-4 3.46696E-4 2.98723E-4 3.05872E-4 4.14831E-4 4.66536E-4 5.05585E-4 6.30442E-4 8.06532E-4 1.08042E-3 1.01638E-3 1.82184E-4 2.54336E-4 4.42025E-4 6.4368E-4 7.60439E-4 8.71829E-4
9.06237E-4 4.23819E-5 1.4853E-5 1.66588E-5 5.4605E-6 2.98693E-6 2.15048E-5 7.86937E-6 6.57758E-6 6.7961E-6 1.39248E-5 4.61492E-6 9.50678E-6 2.72774E-5 2.27958E-5 7.38718E-5 2.14051E-6 4.81109E-4 5.00007E-4 5.1482E-4 5.7214E-4 2.88026E-4 8.07038E-5 3.41609E-4 2.8278E-4 3.66965E-4 6.59548E-4 6.74989E-4 4.19121E-4 5.48658E-4 4.98166E-4 4.01677E-4 3.71064E-4 3.44073E-4 2.97372E-4 2.9617E-4 2.76142E-4 2.41667E-4 2.4851E-4 2.18839E-4 2.59458E-4 2.29571E-4 2.95571E-4 3.28933E-4 3.24628E-4 3.59601E-4 3.66042E-4 4.87555E-4 3.65632E-4 3.44045E-4 2.52799E-4 3.24073E-4 3.79162E-4 4.53443E-4 5.24512E-4 6.56857E-4 8.21288E-4 6.74301E-4 1.07986E-3 2.21928E-4 3.18722E-4 5.0779E-4 8.80456E-4 8.03635E-4 9.94231E-4
-9999 2.84357E-4 1.70271E-5 7.32147E-6 4.25669E-6 1.02881E-5 6.93844E-6 6.85591E-6 1.06315E-5 1.20588E-5 8.90738E-6 8.04297E-6 6.46274E-6 9.57735E-8 1.22662E-5 6.62505E-7 2.14091E-6 1.93374E-4 5.39021E-4 5.64244E-4 5.36374E-4 1.91716E-4 1.16393E-4 4.67197E-4 3.55716E-4 5.50418E-4 4.74177E-4 7.04315E-4 6.49182E-4 5.51782E-4 5.30048E-4 4.27966E-4 4.00162E-4 3.86916E-4 3.35341E-4 3.27917E-4 3.12738E-4 2.97152E-4 2.71631E-4 2.76561E-4 3.38329E-4 2.29384E-4 3.00912E-4 3.56576E-4 3.57059E-4 3.65676E-4 3.80271E-4 3.54211E-4 2.93842E-4 2.58002E-4 2.28257E-4 2.97599E-4 3.74455E-4 4.3827E-4 5.52225E-4 6.60624E-4 8.29091E-4 7.04959E-4 6.2664E-4 2.76229E-4 4.01182E-4 5.90777E-4 9.13289E-4 1.01239E-3 9.89134E-4
5.84448E-4 1.35885E-4 9.55222E-5 4.61934E-5 2.15309E-5 1.55386E-5 5.98969E-6 4.98718E-6 1.42608E-5 1.23713E-5 1.14208E-5 1.07605E-5 4.76952E-8 1.84778E-7 1.6479E-5 5.14027E-7 1.291E-4 4.94556E-4 9.37888E-4 7.62145E-4 4.59164E-4 2.02342E-4 2.46036E-4 4.41858E-4 5.23849E-4 5.9266E-4 7.76401E-4 7.7741E-4 6.94587E-4 5.61418E-4 5.43684E-4 4.7974E-4 4.34129E-4 4.13805E-4 3.44226E-4 3.43556E-4 3.42895E-4 3.23436E-4 2.76025E-4 2.88409E-4 2.49834E-4 2.46547E-4 2.84659E-4 3.57121E-4 3.68659E-4 3.73884E-4 3.77749E-4 3.1462E-4 1.96459E-4 2.00645E-4 2.35285E-4 2.83319E-4 3.87077E-4 4.80426E-4 6.16666E-4 6.74355E-4 1.13383E-3 6.26713E-4 6.57468E-4 3.35847E-4 6.17296E-4 7.97275E-4 8.44034E-4 7.54235E-4 9.019E-4
-9999 1.22526E-4 3.57616E-5 4.21279E-5 2.16263E-5 3.16973E-5 4.56493E-6 3.1879E-6 7.36504E-6 2.43449E-6 3.35745E-6 5.79192E-6 3.93225E-8 1.42528E-6 2.53075E-7 4.90658E-7 1.82139E-6 1.98552E-3 5.23908E-4 1.57442E-3 9.50823E-4 4.05941E-4 1.72674E-4 4.32541E-4 7.33387E-4 7.94663E-4 9.55168E-4 9.09958E-4 7.70728E-4 6.09553E-4 5.56539E-4 5.26484E-4 4.71454E-4 4.52617E-4 3.9921E-4 3.73063E-4 3.81331E-4 3.60695E-4 3.24507E-4 3.23445E-4 2.88602E-4 2.72321E-4 2.84775E-4 3.57762E-4 3.82073E-4 3.90397E-4 3.71796E-4 2.75369E-4 1.93705E-4 2.09757E-4 2.90841E-4 2.99641E-4 3.80764E-4 5.16411E-4 6.59283E-4 6.78288E-4 6.21578E-4 6.81956E-4 6.22272E-4 4.11052E-4 7.0561E-4 9.02427E-4 1.00012E-3 9.06694E-4 1.06457E-3
2.40434E-3 2.36288E-4 3.00237E-5 5.85149E-6 1.7821E-5 1.7961E-5 1.22836E-6 1.12084E-6 7.62875E-7 3.53825E-6 3.6928E-6 1.0974E-5 4.62566E-8 4.62417E-5 3.08249E-5 1.66982E-4 1.86519E-4 6.77552E-4 4.00918E-4 5.10174E-3 3.46943E-3 1.68315E-3 4.93016E-4 8.52214E-4 1.06013E-3 1.08866E-3 8.8314E-4 1.09071E-3 8.4704E-4 6.97193E-4 6.13536E-4 5.66403E-4 5.20015E-4 4.75185E-4 4.66548E-4 4.12551E-4 3.85116E-4 3.67952E-4 3.4673E-4 3.32539E-4 3.2629E-4 2.91817E-4 2.8617E-4 3.58215E-4 4.19202E-4 4.28413E-4 4.04965E-4 3.7933E-4 2.25687E-4 2.54933E-4 3.96848E-4 3.77704E-4 4.38482E-4 5.62393E-4 6.52711E-4 6.90638E-4 5.9691E-4 7.28561E-4 6.13134E-4 4.16632E-4 6.79416E-4 8.84666E-4 9.05075E-4 9.91219E-4 1.03238E-3
6.79766E-4 9.26605E-5 3.56021E-5 9.64912E-6 2.51578E-6 4.92239E-6 1.29263E-6 5.20895E-6 6.465E-6 7.3248E-6 6.66256E-6 4.76439E-6 9.06584E-5 3.30899E-6 1.61167E-7 2.38898E-4 1.25554E-3 6.11398E-6 2.59833E-3 4.88026E-3 6.94771E-3 1.46891E-3 8.34822E-4 1.10818E-3 1.53464E-3 1.50434E-3 1.50595E-3 1.29523E-3 8.99739E-4 7.72066E-4 7.04606E-4 6.08715E-4 5.5915E-4 5.12833E-4 4.96048E-4 4.57755E-4 4.1418E-4 4.24099E-4 4.31243E-4 3.94222E-4 3.73358E-4 3.25363E-4 3.43807E-4 3.86878E-4 4.47202E-4 4.87813E-4 4.61616E-4 4.74869E-4 2.14699E-4 3.38527E-4 4.61158E-4 5.31707E-4 3.55824E-4 4.95673E-4 8.52791E-4 4.66459E-4 6.02119E-4 7.96092E-4 5.955E-4 8.77477E-4 1.02552E-3 9.41808E-4 1.54878E-3 1.09905E-3 1.18763E-3
3.63502E-4 2.97283E-4 1.94358E-5 1.48816E-5 2.20958E-5 1.07058E-5 7.30251E-6 4.13505E-6 4.79133E-6 6.73064E-6 7.33328E-6 1.16334E-5 1.01647E-5 3.762E-7 1.88534E-7 3.85434E-5 1.84578E-4 3.55402E-6 3.89101E-5 3.31309E-3 8.47206E-3 4.74541E-3 1.15954E-3 2.55148E-3 1.9906E-3 1.57566E-3 1.51593E-3 1.47243E-3 9.54254E-4 8.72301E-4 8.1293E-4 7.40038E-4 6.44494E-4 5.86985E-4 3.77285E-4 3.53475E-4 3.03143E-4 3.01095E-4 4.98193E-4 4.92179E-4 4.59609E-4 4.08754E-4 3.94976E-4 4.27625E-4 5.20909E-4 5.43853E-4 5.10049E-4 3.56782E-4 2.58086E-4 4.06735E-4 5.22456E-4 3.52341E-4 3.75087E-4 5.69958E-4 4.80792E-4 3.64399E-4 5.28752E-4 7.76366E-4 6.4508E-4 8.63233E-4 7.43537E-4 9.03603E-4 1.52413E-3 1.80808E-3 2.03902E-3
5.91919E-4 1.44296E-4 8.15502E-5 3.27951E-5 6.98683E-6 3.75966E-6 5.36251E-6 4.78598E-6 2.16516E-6 3.13099E-6 6.84907E-6 9.19658E-6 7.35557E-8 3.62843E-8 8.2112E-8 2.61901E-5 1.86508E-6 2.76687E-6 8.69341E-6 3.15274E-3 8.70848E-3 4.67444E-3 3.10007E-3 3.07523E-3 2.6479E-3 1.66138E-3 1.73585E-3 1.61981E-3 1.15153E-3 9.92862E-4 9.70886E-4 9.20053E-4 7.65601E-4 6.72362E-4 4.64391E-4 4.27863E-4 3.65458E-4 3.68332E-4 5.36851E-4 5.24783E-4 4.63101E-4 4.32154E-4 4.45701E-4 5.22273E-4 5.98608E-4 6.11046E-4 5.44358E-4 3.89483E-4 2.00126E-4 4.24596E-4 6.11852E-4 4.28083E-4 4.63934E-4 6.22584E-4 5.64341E-4 4.10597E-4 5.71703E-4 8.42477E-4 9.54371E-4 1.16702E-3 9.96674E-4 9.79E-4 1.06882E-3 1.91735E-3 2.18146E-3
4.53948E-4 8.16851E-5 3.28226E-5 2.87559E-5 1.26135E-5 9.45066E-6 1.14586E-5 8.71365E-6 5.36143E-6 2.7445E-6 4.10424E-6 1.0335E-5 2.21252E-8 8.28487E-8 1.70292E-6 7.13364E-5 1.07805E-5 4.09582E-6 1.50327E-5 8.79226E-3 8.3483E-3 6.31168E-3 3.36435E-3 3.80358E-3 3.36195E-3 1.84278E-3 2.02402E-3 1.68511E-3 1.35743E-3 8.35773E-4 1.11463E-3 1.10134E-3 9.9807E-4 8.93545E-4 8.11662E-4 5.27818E-4 4.53331E-4 3.73618E-4 5.79556E-4 5.57131E-4 4.7254E-4 4.42363E-4 5.05158E-4 6.31105E-4 6.88169E-4 6.5807E-4 4.5252E-4 4.87451E-4 3.33023E-4 5.57389E-4 8.23822E-4 4.93735E-4 5.4247E-4 6.67181E-4 6.63087E-4 6.55156E-4 7.48986E-4 1.27098E-3 1.98872E-3 1.04423E-3 1.04392E-3 1.0852E-3 1.17253E-3 1.2723E-3 1.56348E-3
1.17292E-4 6.82181E-5 4.07281E-5 1.87696E-5 8.45149E-6 4.32863E-6 9.45684E-6 9.5757E-6 8.14976E-6 1.88522E-6 7.05092E-6 8.38441E-6 4.12121E-8 5.83495E-8 2.87838E-5 2.40581E-7 1.11541E-6 4.84867E-4 2.05756E-3 2.17187E-3 4.0869E-3 3.82306E-3 3.26051E-3 3.78966E-3 3.61756E-3 2.33011E-3 2.48071E-3 1.46786E-3 1.34578E-3 1.35533E-3 8.90329E-4 1.27022E-3 1.22415E-3 1.03222E-3 9.51195E-4 5.99491E-4 5.16973E-4 4.39759E-4 6.16863E-4 6.23797E-4 5.501E-4 4.77162E-4 5.71532E-4 7.33304E-4 7.59044E-4 7.20656E-4 6.70362E-4 4.42137E-4 3.8966E-4 3.31742E-4 4.61119E-4 5.65285E-4 6.22052E-4 7.26192E-4 7.68086E-4 8.50915E-4 1.37681E-3 2.26952E-3 1.63897E-3 1.2034E-3 1.16615E-3 1.26047E-3 1.35097E-3 1.4724E-3 1.72062E-3
1.29204E-4 7.49374E-5 4.76734E-5 2.16748E-5 1.64779E-5 5.31588E-6 9.7169E-6 8.08246E-6 1.08133E-5 3.02654E-6 7.72876E-6 8.18297E-6 2.09932E-5 3.75185E-8 4.92791E-8 4.30684E-7 7.68551E-7 6.56992E-4 5.34622E-3 1.65393E-3 4.82583E-3 5.73657E-3 6.60147E-3 3.42541E-3 3.17725E-3 3.6587E-3 3.21569E-3 1.25316E-3 1.16029E-3 1.22745E-3 1.00123E-3 1.39827E-3 1.30837E-3 1.16825E-3 1.10932E-3 1.03361E-3 6.38332E-4 4.96827E-4 4.69285E-4 6.84568E-4 5.93066E-4 5.43316E-4 6.45983E-4 7.99672E-4 8.07275E-4 8.01975E-4 5.48921E-4 5.00468E-4 4.50659E-4 3.97236E-4 6.37764E-4 6.46377E-4 7.75437E-4 8.88876E-4 1.31144E-3 1.49509E-3 1.73031E-3 2.85807E-3 2.959E-3 1.94702E-3 1.43753E-3 1.39997E-3 1.56406E-3 1.79526E-3 1.89711E-3
1.60373E-4 9.18825E-5 5.48864E-5 1.88565E-5 5.43014E-5 7.45601E-6 1.00569E-5 8.53011E-6 9.44998E-6 4.91571E-6 2.30751E-6 1.15938E-5 2.05742E-5 4.45012E-5 2.82457E-6 3.39736E-6 4.75607E-7 1.58542E-3 1.60059E-3 2.29642E-3 6.04421E-3 6.97993E-3 8.29894E-3 3.87611E-3 3.7373E-3 4.65698E-3 2.91677E-3 1.10928E-3 9.97877E-4 1.10076E-3 1.47193E-3 1.18533E-3 1.6334E-3 9.50025E-4 1.30344E-3 1.21278E-3 1.10808E-3 6.35108E-4 5.75906E-4 7.43571E-4 6.85669E-4 6.40411E-4 7.1008E-4 5.82187E-4 9.25276E-4 8.95471E-4 6.0216E-4 5.66745E-4 5.4458E-4 6.97698E-4 7.44867E-4 9.61077E-4 8.6366E-4 1.01986E-3 1.61588E-3 1.95749E-3 2.18266E-3 3.4086E-3 1.98087E-3 2.2668E-3 1.63132E-3 1.63174E-3 1.71809E-3 1.92851E-3 2.05563E-3
2.33804E-4 9.49453E-5 4.91718E-5 5.90568E-5 2.46522E-5 2.52296E-5 1.09191E-5 1.36739E-5 4.9283E-6 1.38198E-6 2.5824E-6 6.68334E-6 1.64426E-5 2.78656E-5 8.32729E-6 1.32235E-7 6.22546E-7 2.08825E-6 1.68966E-3 6.17384E-3 7.28471E-3 7.99351E-3 6.13549E-3 4.80702E-3 4.12193E-3 4.56699E-3 2.45995E-3 1.00914E-3 9.91588E-4 1.03701E-3 1.42843E-3 1.2459E-3 1.46472E-3 1.65766E-3 1.55431E-3 1.42059E-3 1.3023E-3 7.59158E-4 6.28715E-4 8.18467E-4 8.16202E-4 7.76087E-4 8.04631E-4 6.21338E-4 6.60903E-4 9.57686E-4 6.63645E-4 1.19142E-3 7.72226E-4 8.44462E-4 8.89659E-4 1.19868E-3 1.43968E-3 1.52474E-3 1.96203E-3 2.30599E-3 2.42475E-3 2.26518E-3 2.59313E-3 2.55957E-3 1.79092E-3 1.9136E-3 1.91545E-3 1.98783E-3 2.13035E-3
2.91386E-4 1.35226E-4 5.51555E-5 1.04751E-4 1.48522E-5 8.60461E-6 2.11804E-5 1.88628E-5 2.0345E-5 1.87061E-6 7.89377E-7 8.19468E-6 1.06936E-5 1.94399E-5 1.83009E-7 1.95757E-7 5.04592E-7 2.04777E-6 1.20418E-3 3.44284E-3 7.06847E-3 8.2923E-3 5.86711E-3 4.92339E-3 3.76004E-3 3.79556E-3 2.05101E-3 9.44619E-4 1.03874E-3 1.14381E-3 1.44937E-3 1.79677E-3 2.09654E-3 1.89615E-3 1.73449E-3 1.65457E-3 1.38789E-3 8.47582E-4 7.69854E-4 6.24129E-4 9.17569E-4 8.8162E-4 9.30271E-4 6.55344E-4 1.03292E-3 1.04469E-3 9.84499E-4 1.262E-3 8.61299E-4 9.92935E-4 9.76963E-4 1.25028E-3 1.44165E-3 1.78172E-3 2.08606E-3 2.55541E-3 2.83209E-3 2.58194E-3 2.88221E-3 2.98403E-3 2.00679E-3 2.07422E-3 2.17721E-3 2.16462E-3 2.25191E-3
3.32086E-4 1.55206E-4 6.93423E-5 1.52404E-4 1.55983E-5 6.98785E-6 2.60662E-5 2.18545E-5 1.95729E-5 1.97668E-6 6.82389E-7 1.03822E-5 4.59344E-6 9.13263E-6 8.49075E-6 1.05113E-5 7.31247E-5 3.30344E-6 1.65506E-3 3.92253E-3 6.12205E-3 7.89934E-3 5.19452E-3 4.4602E-3 3.74494E-3 2.82931E-3 1.48436E-3 9.53875E-4 1.14312E-3 1.23648E-3 1.68231E-3 2.07369E-3 2.27188E-3 2.29574E-3 2.11527E-3 1.92419E-3 1.61266E-3 1.01472E-3 9.01178E-4 1.07765E-3 9.94857E-4 9.71121E-4 9.69178E-4 6.72183E-4 7.12022E-4 7.33214E-4 1.03608E-3 9.17277E-4 9.42783E-4 1.00814E-3 1.16738E-3 1.34557E-3 1.68348E-3 1.94526E-3 2.23899E-3 2.61996E-3 3.07817E-3 2.94175E-3 3.14729E-3 3.24533E-3 3.43771E-3 3.58418E-3 3.72451E-3 2.33795E-3 2.39994E-3
1.26232E-3 2.40516E-4 1.3296E-4 6.70006E-5 1.7265E-5 8.09879E-6 4.39217E-5 2.29375E-5 1.50187E-5 1.40054E-5 1.14251E-5 9.88262E-6 7.09021E-6 7.83975E-6 1.19789E-5 3.12232E-7 1.28325E-5 3.26964E-4 1.00952E-5 1.53612E-3 5.45438E-3 6.77839E-3 4.67391E-3 3.95664E-3 3.32159E-3 1.90687E-3 1.10144E-3 9.41464E-4 1.17668E-3 1.35201E-3 1.92714E-3 1.65975E-3 2.44756E-3 2.13634E-3 2.30049E-3 2.0943E-3 2.07972E-3 1.73267E-3 1.45593E-3 1.28236E-3 1.11312E-3 1.06592E-3 1.04405E-3 7.03523E-4 7.84645E-4 7.5688E-4 1.0429E-3 9.6068E-4 9.95742E-4 1.0548E-3 1.26085E-3 2.33628E-3 1.76964E-3 2.06651E-3 2.42527E-3 2.79287E-3 3.10669E-3 3.13053E-3 3.37129E-3 3.59903E-3 3.66738E-3 3.81488E-3 3.93442E-3 4.00296E-3 2.50522E-3
2.41432E-4 9.79533E-5 4.91927E-5 1.82896E-4 1.55027E-5 4.55541E-5 3.87828E-5 1.92589E-5 1.85925E-5 1.74722E-5 1.08765E-5 5.80402E-6 3.20646E-5 1.17941E-5 1.7426E-5 1.39606E-7 6.06371E-5 3.89519E-4 1.2995E-5 4.05081E-3 5.63689E-3 5.5894E-3 4.56849E-3 3.65942E-3 3.05922E-3 1.76436E-3 9.85163E-4 9.22388E-4 1.28448E-3 1.56507E-3 2.12041E-3 2.5579E-3 2.67653E-3 2.74691E-3 2.45296E-3 2.3267E-3 2.18363E-3 1.84676E-3 1.70691E-3 1.4309E-3 1.2673E-3 1.16175E-3 1.13322E-3 1.14601E-3 7.8024E-4 7.29006E-4 7.33516E-4 1.06565E-3 1.1268E-3 1.16864E-3 1.3176E-3 1.57123E-3 1.82837E-3 2.07437E-3 2.43858E-3 2.68997E-3 2.89094E-3 3.26566E-3 3.50873E-3 3.82674E-3 3.81597E-3 3.91341E-3 4.06244E-3 4.16446E-3 2.55338E-3
2.22527E-4 1.02258E-4 2.71608E-4 3.04314E-5 1.31568E-5 5.2528E-6 1.12935E-5 1.03986E-5 1.06869E-5 1.79693E-5 5.07044E-6 8.81596E-6 7.72736E-6 6.63068E-6 8.33027E-6 3.99093E-5 1.00857E-4 2.97215E-4 2.8225E-3 9.94308E-3 1.08548E-2 4.48488E-3 4.04099E-3 3.13571E-3 2.56371E-3 1.86994E-3 1.05014E-3 1.06876E-3 1.16053E-3 1.71678E-3 2.10117E-3 2.70174E-3 2.11451E-3 2.26041E-3 2.76227E-3 2.7103E-3 2.44644E-3 2.08475E-3 1.87962E-3 1.56125E-3 1.37841E-3 1.26202E-3 1.2167E-3 1.19316E-3 8.1203E-4 7.35365E-4 9.94899E-4 1.11896E-3 1.26068E-3 1.27201E-3 1.40248E-3 1.6533E-3 1.90596E-3 2.22648E-3 2.60582E-3 2.99717E-3 2.92447E-3 3.3011E-3 2.26575E-3 2.46836E-3 2.4157E-3 3.97196E-3 4.05974E-3 2.57258E-3 2.62058E-3
2.94487E-4 1.02098E-4 2.50931E-4 9.67626E-5 9.30705E-5 7.65243E-5 1.89928E-5 9.18377E-6 8.52909E-6 7.66213E-6 6.49543E-6 5.35578E-6 4.27915E-6 1.00478E-5 8.67056E-6 4.19836E-7 3.42054E-5 3.58363E-4 2.10209E-3 7.5258E-3 5.96331E-3 3.767E-3 3.15985E-3 2.40209E-3 2.29519E-3 1.7657E-3 1.16697E-3 9.27378E-4 1.24274E-3 1.52247E-3 2.0888E-3 2.91322E-3 3.24347E-3 3.48625E-3 3.20842E-3 2.98912E-3 2.65917E-3 2.3789E-3 2.03548E-3 1.77943E-3 1.57122E-3 1.34829E-3 1.26344E-3 1.26422E-3 8.13959E-4 7.905E-4 6.75781E-4 1.09091E-3 1.1551E-3 1.41297E-3 1.52669E-3 1.70357E-3 1.98111E-3 2.28055E-3 2.68613E-3 2.94116E-3 3.15045E-3 3.31498E-3 2.33527E-3 2.41778E-3 2.47069E-3 2.50774E-3 2.51919E-3 2.6095E-3 2.58347E-3
2.72316E-4 3.507E-4 1.02496E-4 1.18683E-4 8.57176E-5 9.18564E-5 1.34852E-5 6.7593E-6 8.68992E-6 1.44241E-5 1.68643E-5 5.47959E-6 3.44764E-6 4.2043E-6 7.15371E-6 2.44158E-5 4.65104E-5 5.05261E-4 1.33905E-3 2.96936E-3 1.42E-3 2.81547E-3 2.71324E-3 1.80852E-3 1.80231E-3 1.23082E-3 9.86073E-4 1.46447E-3 1.02438E-3 1.74295E-3 2.35028E-3 2.98374E-3 3.54013E-3 2.51653E-3 2.39828E-3 3.368E-3 3.02322E-3 2.6761E-3 2.23213E-3 1.92934E-3 1.18608E-3 1.48667E-3 1.36228E-3 1.37044E-3 8.71893E-4 8.01961E-4 7.0561E-4 1.14726E-3 1.21209E-3 1.43912E-3 1.59883E-3 1.69788E-3 1.98819E-3 2.28122E-3 2.66153E-3 2.81385E-3 3.20573E-3 3.39314E-3 3.63736E-3 2.43777E-3 2.49274E-3 2.57343E-3 2.64003E-3 2.57369E-3 2.59964E-3
3.52143E-4 1.28464E-4 6.24974E-5 3.2018E-5 1.43149E-4 1.30679E-4 8.17949E-5 6.0692E-6 1.34509E-5 2.38986E-6 1.45656E-5 4.35828E-6 5.43763E-6 6.31873E-6 5.34185E-5 3.3781E-4 5.9637E-5 3.39575E-4 1.25111E-5 1.43691E-3 1.07169E-3 2.77576E-3 2.31998E-3 1.57349E-3 2.78855E-3 1.35258E-3 1.09358E-3 1.25687E-3 1.54068E-3 2.00015E-3 2.6177E-3 3.11193E-3 3.62362E-3 2.64957E-3 2.59566E-3 3.62711E-3 3.17888E-3 2.79582E-3 2.37021E-3 2.09519E-3 1.27852E-3 1.61722E-3 1.43637E-3 1.44051E-3 8.81433E-4 8.30546E-4 7.17358E-4 1.17402E-3 1.26975E-3 1.53644E-3 1.69174E-3 1.78314E-3 2.07831E-3 2.41131E-3 2.74928E-3 2.81794E-3 3.17283E-3 3.34434E-3 3.69915E-3 3.90582E-3 2.51396E-3 2.55287E-3 2.63181E-3 2.57236E-3 2.68279E-3
