layers/maxent/tupi.asc
ncols         638
nrows         825
xllcorner     -2985163.8955
yllcorner     -3022031.214
cellsize      10000.0
NODATA_value  -9999
[rows 174 to 202 of 825, columns 260 to 324 of 638]
9.42256E-2 9.59028E-2 8.73419E-2 8.57847E-2 8.079E-2 7.35427E-2 7.20716E-2 6.91245E-2 6.39368E-2 6.13768E-2 3.99381E-2 4.15983E-2 4.08473E-2 6.63012E-2 5.04802E-2 8.11297E-2 8.96511E-2 6.5057E-2 1.0353E-1 7.58978E-2 1.30441E-1 1.00871E-1 1.38471E-1 1.23471E-1 1.14481E-1 1.06425E-1 1.03685E-1 1.10939E-1 9.6692E-2 8.0478E-2 8.99505E-2 9.7337E-2 9.5077E-2 1.03579E-1 9.61709E-2 8.92248E-2 9.73341E-2 1.06514E-1 1.12899E-1 1.18639E-1 1.24942E-1 1.51041E-1 1.62563E-1 1.27353E-1 1.31862E-1 1.37885E-1 1.28307E-1 1.34048E-1 1.1088E-1 6.96794E-2 1.18337E-1 1.3321E-1 1.30415E-1 1.43327E-1 1.61747E-1 1.42457E-1 1.74911E-1 1.66412E-1 1.16381E-1 9.9545E-2 8.8449E-2 7.35147E-2 6.81879E-2 6.72098E-2 8.89075E-2
1.05578E-1 6.14531E-2 5.72413E-2 5.49748E-2 5.2657E-2 7.91128E-2 7.74473E-2 7.31297E-2 7.03457E-2 4.32512E-2 4.16475E-2 5.93437E-2 6.24094E-2 6.61888E-2 7.74399E-2 8.3505E-2 9.16398E-2 9.83246E-2 1.06795E-1 1.13089E-1 1.23321E-1 1.40472E-1 1.44076E-1 1.32908E-1 1.21532E-1 1.15591E-1 1.09643E-1 1.20166E-1 1.02641E-1 9.63748E-2 8.98575E-2 1.03127E-1 6.3814E-2 1.0229E-1 1.13621E-1 5.89197E-2 8.49859E-2 9.96198E-2 6.90781E-2 7.54067E-2 1.22268E-1 1.38462E-1 1.49427E-1 1.47553E-1 9.96671E-2 1.46716E-1 1.40201E-1 1.25414E-1 1.18088E-1 1.06332E-1 1.04935E-1 1.21367E-1 1.12117E-1 1.18729E-1 1.04543E-1 2.34006E-1 1.86369E-1 1.86996E-1 1.74803E-1 1.47087E-1 1.21223E-1 9.16922E-2 7.22729E-2 7.17351E-2 7.80524E-2
6.61764E-2 6.2713E-2 6.2144E-2 8.5261E-2 5.18147E-2 7.39628E-2 7.01878E-2 7.08283E-2 6.77684E-2 4.18742E-2 3.92398E-2 5.8541E-2 6.23318E-2 6.76741E-2 7.24462E-2 8.14023E-2 8.9145E-2 9.58069E-2 1.0419E-1 1.07696E-1 1.13242E-1 8.36245E-2 1.41425E-1 1.33789E-1 1.28595E-1 1.26811E-1 1.21254E-1 1.12333E-1 1.05293E-1 9.18711E-2 9.26114E-2 1.03566E-1 9.9211E-2 1.03451E-1 1.18995E-1 1.10232E-1 6.30417E-2 6.25907E-2 6.0309E-2 1.10761E-1 1.20244E-1 1.27321E-1 1.55953E-1 1.63555E-1 1.53565E-1 1.5888E-1 1.50826E-1 1.31309E-1 8.30786E-2 7.94025E-2 8.3909E-2 7.7432E-2 7.55785E-2 7.33635E-2 9.77946E-2 2.44059E-1 1.90791E-1 2.03951E-1 2.31667E-1 2.11654E-1 1.59606E-1 1.12665E-1 8.63312E-2 8.18851E-2 8.38439E-2
9.61307E-2 6.36435E-2 6.09819E-2 5.62713E-2 7.94787E-2 7.42375E-2 4.45302E-2 6.2399E-2 6.2517E-2 6.28558E-2 5.8255E-2 5.6811E-2 6.39954E-2 6.63138E-2 4.65036E-2 7.66989E-2 8.61287E-2 9.02771E-2 6.32659E-2 1.00738E-1 1.08477E-1 1.1607E-1 1.37994E-1 1.39851E-1 1.33746E-1 1.30761E-1 1.267E-1 1.18849E-1 1.03559E-1 9.48673E-2 9.02884E-2 1.05638E-1 1.0234E-1 9.72049E-2 1.0762E-1 1.10452E-1 6.99718E-2 6.52215E-2 5.57105E-2 6.20425E-2 1.05408E-1 1.11194E-1 1.17583E-1 1.28922E-1 1.43655E-1 1.47893E-1 1.49803E-1 8.36974E-2 9.31252E-2 8.94127E-2 9.92144E-2 8.88509E-2 8.40645E-2 8.01878E-2 8.56086E-2 1.18432E-1 1.71692E-1 1.98104E-1 2.26945E-1 1.87802E-1 1.37877E-1 1.1304E-1 1.03658E-1 7.83231E-2 7.59927E-2
6.02655E-2 8.46969E-2 8.49582E-2 8.34407E-2 7.94761E-2 4.7851E-2 4.41854E-2 4.31794E-2 6.26705E-2 6.04268E-2 3.86162E-2 3.68779E-2 6.08296E-2 6.57629E-2 6.93649E-2 7.45252E-2 8.43236E-2 8.89527E-2 9.03416E-2 9.4518E-2 9.90637E-2 1.10258E-1 8.43902E-2 1.36104E-1 1.48537E-1 1.39213E-1 1.41374E-1 1.3122E-1 1.11891E-1 8.78187E-2 8.27943E-2 1.04718E-1 1.08337E-1 9.74884E-2 6.74233E-2 6.86454E-2 6.73358E-2 6.76178E-2 6.64272E-2 6.58591E-2 6.80336E-2 6.5413E-2 6.65785E-2 1.1088E-1 1.52998E-1 1.43725E-1 1.43688E-1 9.20663E-2 8.33051E-2 9.41153E-2 1.05322E-1 9.62062E-2 9.63329E-2 8.49273E-2 8.01831E-2 8.28095E-2 1.16596E-1 1.53971E-1 1.82546E-1 1.50707E-1 1.18729E-1 9.48926E-2 9.24074E-2 9.08161E-2 8.23275E-2
8.67248E-2 8.32816E-2 7.95997E-2 7.63782E-2 7.10739E-2 4.53396E-2 6.74476E-2 6.66577E-2 6.41289E-2 6.09373E-2 5.81731E-2 5.71306E-2 4.09967E-2 6.54878E-2 6.44847E-2 7.21737E-2 7.94597E-2 8.79191E-2 8.35333E-2 8.60368E-2 9.37754E-2 1.06532E-1 1.1523E-1 1.26619E-1 1.51876E-1 1.08575E-1 1.49097E-1 1.37831E-1 1.16598E-1 8.34303E-2 7.77727E-2 1.03645E-1 1.06322E-1 6.53413E-2 6.54296E-2 6.5211E-2 6.42528E-2 7.41547E-2 7.95409E-2 8.01848E-2 7.93222E-2 7.09933E-2 6.79221E-2 7.03122E-2 8.93098E-2 1.05524E-1 1.01177E-1 9.94854E-2 9.41517E-2 8.80703E-2 1.03275E-1 1.03374E-1 1.03741E-1 9.59665E-2 9.07164E-2 8.44826E-2 8.14418E-2 8.4416E-2 1.01308E-1 1.13402E-1 1.112E-1 9.05677E-2 7.93755E-2 8.31459E-2 8.68862E-2
5.5392E-2 8.0979E-2 7.94704E-2 4.91233E-2 6.81031E-2 6.62547E-2 6.72469E-2 6.37654E-2 4.04715E-2 4.0122E-2 4.00653E-2 5.86862E-2 6.24065E-2 6.60697E-2 7.31475E-2 7.51074E-2 5.41671E-2 8.47595E-2 7.81671E-2 8.53624E-2 9.42075E-2 1.10712E-1 1.13783E-1 1.24591E-1 1.40607E-1 1.12539E-1 1.56606E-1 1.39269E-1 7.69241E-2 8.62465E-2 9.60645E-2 1.08536E-1 6.71747E-2 6.42278E-2 6.88418E-2 7.26876E-2 6.44277E-2 6.87697E-2 7.90874E-2 8.58431E-2 9.04162E-2 8.91382E-2 7.68601E-2 7.20668E-2 7.51632E-2 8.7107E-2 1.15974E-1 1.21435E-1 1.16566E-1 1.05831E-1 1.04955E-1 1.05618E-1 1.17064E-1 1.21415E-1 1.18021E-1 1.12283E-1 1.0821E-1 8.81339E-2 8.55023E-2 1.12633E-1 1.42431E-1 9.88859E-2 9.00771E-2 7.96387E-2 8.21002E-2
5.29378E-2 7.56044E-2 4.93167E-2 7.38822E-2 7.03884E-2 6.86364E-2 6.80206E-2 6.469E-2 6.26631E-2 5.89253E-2 5.60679E-2 6.0643E-2 6.47505E-2 6.99104E-2 7.55934E-2 5.63588E-2 9.08219E-2 6.05136E-2 8.73289E-2 5.83561E-2 9.34265E-2 1.07444E-1 7.88451E-2 9.76492E-2 1.05738E-1 1.49761E-1 1.06506E-1 8.31922E-2 7.27833E-2 9.52355E-2 1.00307E-1 7.03269E-2 6.70299E-2 6.5627E-2 6.91663E-2 7.48371E-2 7.07203E-2 7.04595E-2 7.45017E-2 7.71709E-2 8.36281E-2 1.02369E-1 1.00592E-1 8.24268E-2 8.32719E-2 8.56384E-2 8.95152E-2 1.2196E-1 2.02761E-1 2.11673E-1 2.08385E-1 2.15003E-1 2.0484E-1 2.05458E-1 2.08246E-1 2.10091E-1 2.11191E-1 1.59029E-1 9.02914E-2 1.19258E-1 1.98847E-1 1.22981E-1 9.95421E-2 9.15529E-2 8.24398E-2
7.12275E-2 7.20577E-2 4.68882E-2 4.68945E-2 6.95768E-2 6.91751E-2 6.52749E-2 6.14306E-2 5.97473E-2 5.66082E-2 5.95294E-2 6.08677E-2 6.52999E-2 4.7578E-2 4.94918E-2 5.18846E-2 5.7009E-2 5.71764E-2 7.99442E-2 5.84808E-2 9.77901E-2 7.16043E-2 8.05882E-2 9.75715E-2 1.0349E-1 1.43319E-1 1.11988E-1 9.49597E-2 8.7201E-2 7.93327E-2 6.85851E-2 6.61354E-2 6.76767E-2 6.53941E-2 7.07595E-2 7.47406E-2 7.79655E-2 7.59465E-2 7.51585E-2 7.80684E-2 7.80789E-2 9.0034E-2 1.05758E-1 1.0067E-1 9.04177E-2 9.1482E-2 8.55254E-2 9.24703E-2 1.06455E-1 1.14612E-1 1.19517E-1 1.25249E-1 1.2874E-1 1.30197E-1 1.26533E-1 1.3356E-1 2.03279E-1 2.28994E-1 1.64925E-1 1.86747E-1 2.0827E-1 1.4271E-1 1.10424E-1 9.84036E-2 1.05649E-1
4.26568E-2 4.13019E-2 4.46858E-2 6.22075E-2 6.01209E-2 6.33128E-2 6.15551E-2 6.3968E-2 6.23234E-2 5.91108E-2 6.15004E-2 4.29728E-2 4.51289E-2 7.34849E-2 6.88049E-2 5.00829E-2 7.9283E-2 5.60365E-2 5.5083E-2 5.59004E-2 6.32235E-2 7.41426E-2 8.34303E-2 9.29798E-2 9.47804E-2 9.73916E-2 1.14234E-1 1.12482E-1 1.08537E-1 1.00154E-1 7.84736E-2 6.51064E-2 6.72647E-2 6.20351E-2 6.7218E-2 7.60347E-2 7.92892E-2 8.35862E-2 7.94398E-2 7.67882E-2 8.11354E-2 8.13582E-2 9.43263E-2 1.09158E-1 1.04689E-1 1.00664E-1 9.27312E-2 9.51371E-2 9.54966E-2 9.21033E-2 1.01663E-1 9.54939E-2 9.26497E-2 9.65372E-2 9.25837E-2 8.91002E-2 1.47973E-1 2.32373E-1 2.3924E-1 2.48631E-1 2.19178E-1 1.73975E-1 1.33367E-1 1.24056E-1 1.39108E-1
3.84128E-2 3.85262E-2 3.86249E-2 3.9891E-2 4.03067E-2 5.62581E-2 3.96746E-2 3.89877E-2 5.56521E-2 5.61046E-2 5.92319E-2 4.19917E-2 4.45783E-2 4.58169E-2 6.88668E-2 4.81155E-2 5.1956E-2 8.06797E-2 5.34499E-2 5.95155E-2 6.34385E-2 7.40633E-2 8.33864E-2 8.81015E-2 9.04015E-2 9.53327E-2 1.04565E-1 1.18201E-1 1.20129E-1 1.07651E-1 8.77686E-2 8.13886E-2 8.40525E-2 6.736E-2 6.66641E-2 7.66141E-2 8.31357E-2 8.5181E-2 8.03157E-2 8.25589E-2 8.97124E-2 8.5892E-2 8.62182E-2 9.81857E-2 1.12923E-1 1.15011E-1 1.03535E-1 1.01139E-1 9.92392E-2 9.75416E-2 1.04784E-1 9.40749E-2 9.83765E-2 1.00437E-1 9.54312E-2 9.58959E-2 1.01811E-1 1.06031E-1 1.23721E-1 1.76374E-1 2.66949E-1 2.58162E-1 2.26114E-1 2.27008E-1 3.30142E-1
3.68429E-2 5.38717E-2 3.52009E-2 3.79906E-2 3.62847E-2 5.33495E-2 5.46524E-2 5.51352E-2 5.47601E-2 3.71925E-2 3.76179E-2 3.92303E-2 6.25316E-2 6.70198E-2 7.12821E-2 6.93017E-2 7.52003E-2 7.96076E-2 5.79595E-2 8.93419E-2 9.4026E-2 1.09366E-1 7.92258E-2 8.31226E-2 8.73797E-2 9.35631E-2 9.70348E-2 1.111E-1 1.1967E-1 1.18558E-1 1.01931E-1 9.72988E-2 9.84691E-2 8.1578E-2 7.57258E-2 9.82183E-2 9.9811E-2 8.60418E-2 8.44284E-2 8.32266E-2 9.32076E-2 9.9654E-2 9.47219E-2 9.30208E-2 1.07936E-1 1.23557E-1 1.1882E-1 1.12397E-1 1.132E-1 1.04463E-1 1.06482E-1 1.00411E-1 1.00042E-1 1.0313E-1 1.01928E-1 1.01584E-1 1.00617E-1 9.47842E-2 9.81555E-2 1.51616E-1 2.64606E-1 3.15895E-1 3.15615E-1 4.31542E-1 2.40516E-1
5.42518E-2 5.18063E-2 5.37521E-2 5.3329E-2 5.33699E-2 5.04104E-2 5.20738E-2 5.43838E-2 5.52314E-2 5.51167E-2 3.77959E-2 4.09137E-2 6.43089E-2 7.11523E-2 4.66907E-2 7.21673E-2 5.02449E-2 5.77038E-2 6.1002E-2 9.30716E-2 9.85902E-2 1.08695E-1 7.62053E-2 8.23246E-2 8.47134E-2 8.8717E-2 9.65608E-2 1.10735E-1 1.07592E-1 1.14158E-1 1.10857E-1 1.17987E-1 1.10458E-1 1.02332E-1 1.04924E-1 1.21999E-1 1.10187E-1 1.0315E-1 1.04071E-1 9.66937E-2 9.60245E-2 1.14381E-1 1.09381E-1 1.04529E-1 9.98629E-2 1.15235E-1 1.42605E-1 1.25687E-1 1.27837E-1 1.17765E-1 1.14128E-1 1.18128E-1 1.12044E-1 1.08775E-1 1.06904E-1 1.06603E-1 1.06603E-1 1.2096E-1 1.4165E-1 1.71738E-1 2.25001E-1 2.85535E-1 4.37478E-1 4.31855E-1 2.39797E-1
3.31938E-2 3.36052E-2 3.28246E-2 3.19515E-2 4.83588E-2 4.74263E-2 5.16183E-2 5.24163E-2 5.4674E-2 5.49653E-2 5.74436E-2 6.32231E-2 6.69692E-2 4.71195E-2 4.66156E-2 7.27254E-2 7.60542E-2 8.37904E-2 8.61915E-2 9.22121E-2 1.00907E-1 1.04897E-1 7.66492E-2 1.20151E-1 8.29081E-2 8.47095E-2 9.53414E-2 1.07111E-1 1.47273E-1 9.89837E-2 1.08226E-1 1.22186E-1 1.24226E-1 1.22104E-1 1.19913E-1 1.19259E-1 1.11155E-1 1.17513E-1 1.30462E-1 1.22823E-1 1.16193E-1 1.22567E-1 1.3239E-1 1.23884E-1 1.04256E-1 1.04397E-1 1.21797E-1 1.48205E-1 1.49482E-1 1.25971E-1 1.13703E-1 1.13526E-1 1.21863E-1 1.29946E-1 1.25942E-1 1.20031E-1 1.44573E-1 2.58402E-1 3.12721E-1 3.20514E-1 2.05563E-1 2.40795E-1 3.13458E-1 4.35143E-1 3.00337E-1
3.16131E-2 3.1382E-2 3.24268E-2 3.14526E-2 3.16256E-2 3.2295E-2 3.35547E-2 3.46071E-2 5.41642E-2 5.56884E-2 5.80271E-2 4.17379E-2 6.61018E-2 6.9652E-2 7.1331E-2 7.63805E-2 7.69565E-2 8.3492E-2 8.48998E-2 8.85115E-2 9.76356E-2 9.98549E-2 1.05561E-1 1.13163E-1 8.11381E-2 8.59264E-2 9.56866E-2 9.68506E-2 9.89157E-2 9.43459E-2 1.02436E-1 1.26442E-1 1.4662E-1 1.48556E-1 1.39301E-1 1.13468E-1 1.16563E-1 1.36022E-1 1.55478E-1 1.53011E-1 1.58479E-1 1.50098E-1 1.47979E-1 1.52039E-1 1.19288E-1 1.05298E-1 1.07869E-1 1.27116E-1 1.878E-1 1.41683E-1 1.2548E-1 1.08938E-1 1.10482E-1 1.59198E-1 1.83154E-1 1.72669E-1 2.96681E-1 2.67743E-1 3.03635E-1 2.45368E-1 3.19738E-1 3.22992E-1 3.11435E-1 3.18577E-1 4.15598E-1
3.03694E-2 4.75754E-2 3.30832E-2 5.07637E-2 5.0701E-2 3.46313E-2 3.54121E-2 5.29996E-2 5.47328E-2 3.72018E-2 3.78424E-2 4.07864E-2 6.4586E-2 6.72585E-2 4.56581E-2 7.35643E-2 7.43344E-2 7.38023E-2 8.51017E-2 9.21005E-2 8.97381E-2 9.39388E-2 1.09226E-1 1.18265E-1 1.21088E-1 8.86271E-2 9.07881E-2 8.9108E-2 9.75164E-2 1.43329E-1 1.39731E-1 1.05823E-1 1.46798E-1 1.69654E-1 1.60035E-1 1.41499E-1 1.60841E-1 1.72326E-1 1.82556E-1 1.70268E-1 2.02836E-1 2.12492E-1 1.88975E-1 2.70221E-1 2.54451E-1 1.50904E-1 1.46517E-1 1.64771E-1 1.98312E-1 1.93007E-1 1.58929E-1 1.27039E-1 1.31911E-1 1.82935E-1 1.91419E-1 2.90022E-1 1.72954E-1 2.55565E-1 2.40898E-1 3.06528E-1 4.01853E-1 2.85975E-1 2.88175E-1 3.18554E-1 4.36358E-1
3.09817E-2 3.18971E-2 3.27027E-2 3.48166E-2 3.41049E-2 3.43476E-2 3.46507E-2 3.44717E-2 5.38655E-2 3.60511E-2 3.71799E-2 6.06109E-2 4.44602E-2 4.74497E-2 4.49879E-2 7.32354E-2 4.94494E-2 4.97328E-2 7.80942E-2 8.2737E-2 9.38706E-2 1.01245E-1 1.08284E-1 7.76124E-2 1.25667E-1 1.32399E-1 9.25181E-2 9.30476E-2 9.38537E-2 9.57202E-2 1.03819E-1 1.54066E-1 1.27184E-1 1.72518E-1 1.97556E-1 2.86714E-1 3.21074E-1 2.19795E-1 2.05404E-1 2.85613E-1 3.55528E-1 4.21733E-1 4.02472E-1 3.47147E-1 3.51931E-1 3.52816E-1 2.5802E-1 2.41849E-1 2.24821E-1 2.40025E-1 2.12903E-1 1.5478E-1 1.56743E-1 2.24367E-1 2.28722E-1 3.16981E-1 2.38585E-1 2.61291E-1 2.86217E-1 4.09903E-1 2.67751E-1 2.64778E-1 2.76768E-1 4.3382E-1 2.58304E-1
3.08284E-2 3.20142E-2 3.35322E-2 3.36925E-2 3.52582E-2 3.44357E-2 3.52404E-2 3.49274E-2 3.50407E-2 3.55827E-2 5.52374E-2 5.98072E-2 6.43262E-2 6.72148E-2 6.75314E-2 7.41781E-2 7.34461E-2 7.26562E-2 5.10497E-2 8.01582E-2 8.11942E-2 9.02527E-2 6.88912E-2 1.04018E-1 1.06663E-1 8.31726E-2 9.78606E-2 1.55391E-1 1.61001E-1 1.15932E-1 1.18064E-1 1.18406E-1 1.91273E-1 2.36004E-1 2.68632E-1 1.48723E-1 1.51681E-1 2.20488E-1 3.13233E-1 2.15734E-1 1.98137E-1 2.87973E-1 2.40396E-1 3.08804E-1 2.42172E-1 2.43372E-1 2.60217E-1 4.47405E-1 4.22873E-1 3.06568E-1 2.66544E-1 2.41722E-1 2.38713E-1 3.90371E-1 4.10315E-1 2.25129E-1 2.86075E-1 2.2723E-1 2.98323E-1 2.88636E-1 2.48439E-1 2.64628E-1 2.85885E-1 4.08392E-1 4.24901E-1
3.1685E-2 3.42223E-2 3.37502E-2 3.36218E-2 3.63849E-2 3.49681E-2 3.49965E-2 3.74509E-2 3.71886E-2 3.66906E-2 3.808E-2 4.04771E-2 6.08446E-2 6.52298E-2 6.43414E-2 6.70267E-2 4.61808E-2 4.82697E-2 5.23555E-2 5.30635E-2 5.35481E-2 9.03402E-2 1.04484E-1 1.03613E-1 1.11058E-1 1.20161E-1 1.28209E-1 1.29827E-1 1.46948E-1 1.23415E-1 1.40427E-1 1.40578E-1 1.47204E-1 2.40941E-1 2.82605E-1 3.09698E-1 2.94459E-1 2.85595E-1 1.75184E-1 2.38403E-1 2.07412E-1 2.3218E-1 2.45154E-1 2.53031E-1 2.59593E-1 2.66892E-1 3.42541E-1 3.56475E-1 2.86438E-1 3.56991E-1 4.43457E-1 3.8673E-1 4.08435E-1 2.58926E-1 2.55808E-1 2.51028E-1 2.60037E-1 3.31404E-1 3.37938E-1 2.92801E-1 2.65205E-1 2.78692E-1 2.93733E-1 4.2015E-1 4.36578E-1
3.2958E-2 3.40863E-2 3.40242E-2 3.46111E-2 3.4745E-2 3.60726E-2 3.43761E-2 3.55964E-2 3.94539E-2 3.76152E-2 3.73332E-2 3.80283E-2 5.98722E-2 6.59217E-2 6.55881E-2 4.5997E-2 4.79167E-2 4.92801E-2 7.37053E-2 7.96036E-2 8.57954E-2 9.209E-2 9.73906E-2 6.93264E-2 7.57225E-2 1.21242E-1 1.30884E-1 1.38812E-1 1.51811E-1 1.16803E-1 1.07441E-1 1.23254E-1 1.25738E-1 1.72021E-1 1.47237E-1 2.15028E-1 3.25833E-1 3.34436E-1 2.52167E-1 3.79755E-1 2.23429E-1 2.31641E-1 4.1725E-1 4.30016E-1 4.40756E-1 4.47487E-1 2.62273E-1 2.7665E-1 2.80299E-1 2.86796E-1 2.73892E-1 2.91215E-1 2.29863E-1 3.3026E-1 2.67793E-1 2.61671E-1 2.66064E-1 4.62048E-1 3.40552E-1 3.12107E-1 2.68102E-1 2.82876E-1 3.02055E-1 2.89916E-1 3.12269E-1
3.38095E-2 3.51116E-2 3.59208E-2 3.4989E-2 3.44312E-2 3.40902E-2 3.39571E-2 5.11662E-2 3.74756E-2 3.85318E-2 3.68865E-2 3.67671E-2 3.85705E-2 4.20303E-2 4.33203E-2 6.48856E-2 4.44099E-2 4.58537E-2 4.76049E-2 5.20517E-2 5.3694E-2 8.32133E-2 6.19581E-2 6.64067E-2 7.09567E-2 6.15044E-2 6.60787E-2 7.08328E-2 9.65081E-2 8.25331E-2 9.87461E-2 1.12438E-1 1.61558E-1 1.72884E-1 1.84904E-1 2.1439E-1 2.30677E-1 3.42065E-1 3.66282E-1 2.69553E-1 2.79216E-1 4.08058E-1 3.06084E-1 3.14531E-1 3.21248E-1 3.25845E-1 4.50817E-1 4.59658E-1 3.39142E-1 3.44976E-1 2.71626E-1 2.53498E-1 3.1852E-1 2.74119E-1 2.70724E-1 2.62422E-1 2.68021E-1 4.66587E-1 3.2581E-1 2.96325E-1 2.66558E-1 2.89869E-1 3.00656E-1 2.96204E-1 3.03529E-1
3.73749E-2 3.71504E-2 3.79527E-2 3.61583E-2 3.54818E-2 5.22997E-2 2.80572E-2 2.91997E-2 3.86723E-2 5.63641E-2 5.57099E-2 3.78512E-2 3.88128E-2 4.02228E-2 4.03286E-2 3.96167E-2 3.95935E-2 4.23376E-2 4.5786E-2 4.97762E-2 5.15366E-2 5.28804E-2 5.64362E-2 6.14895E-2 9.96971E-2 5.81747E-2 8.14729E-2 8.66814E-2 7.32952E-2 1.04207E-1 1.76745E-1 1.88719E-1 2.37249E-1 1.7858E-1 1.85975E-1 2.20495E-1 2.36467E-1 2.51904E-1 2.71046E-1 2.72888E-1 2.78826E-1 2.92213E-1 3.11743E-1 3.32521E-1 3.45005E-1 3.4935E-1 3.361E-1 4.64443E-1 2.76433E-1 2.67195E-1 2.75398E-1 2.79993E-1 2.80114E-1 4.76248E-1 4.61275E-1 2.6314E-1 4.55352E-1 3.27684E-1 3.06058E-1 2.70614E-1 2.56787E-1 2.82148E-1 2.74418E-1 2.71522E-1 2.8284E-1
3.70568E-2 3.75893E-2 4.09026E-2 3.68578E-2 3.9766E-2 5.79319E-2 2.85796E-2 2.80093E-2 2.85314E-2 2.90696E-2 3.0702E-2 3.95287E-2 3.82468E-2 3.68488E-2 3.87899E-2 5.61066E-2 3.86033E-2 4.17292E-2 4.2055E-2 4.61056E-2 4.82216E-2 5.01939E-2 5.40878E-2 8.60883E-2 6.28462E-2 5.32971E-2 7.47572E-2 8.08229E-2 9.02019E-2 1.03464E-1 1.05964E-1 1.22208E-1 1.53719E-1 1.78617E-1 1.91047E-1 2.21404E-1 2.38598E-1 2.58907E-1 2.7665E-1 2.90073E-1 3.06745E-1 3.13264E-1 3.25588E-1 3.37668E-1 3.50428E-1 4.90226E-1 4.69581E-1 3.51538E-1 3.50937E-1 2.68412E-1 3.28309E-1 3.1078E-1 2.90339E-1 2.57228E-1 2.69573E-1 3.87154E-1 3.90685E-1 2.73968E-1 2.60677E-1 2.54894E-1 2.52193E-1 2.68905E-1 2.62786E-1 2.56953E-1 2.5511E-1
3.88125E-2 3.7133E-2 3.77871E-2 3.70836E-2 6.15082E-2 3.06888E-2 2.917E-2 2.81051E-2 2.87034E-2 2.95889E-2 2.86714E-2 2.88583E-2 3.86995E-2 3.86109E-2 3.96708E-2 3.86278E-2 3.9054E-2 4.07382E-2 4.06363E-2 4.41001E-2 6.71468E-2 4.61318E-2 3.99157E-2 5.44162E-2 4.43251E-2 4.89838E-2 9.82515E-2 7.37725E-2 8.22266E-2 9.44908E-2 9.9351E-2 1.19699E-1 1.44547E-1 1.76359E-1 2.0054E-1 2.25371E-1 2.46386E-1 2.62119E-1 2.72706E-1 2.97125E-1 3.27722E-1 3.3717E-1 3.44024E-1 3.41858E-1 3.50189E-1 4.8559E-1 3.29956E-1 3.42495E-1 4.59847E-1 4.51295E-1 3.00164E-1 2.76222E-1 2.50841E-1 2.20042E-1 2.35466E-1 2.49515E-1 2.46978E-1 2.44563E-1 2.43731E-1 2.37149E-1 2.36982E-1 2.58199E-1 2.558E-1 2.49125E-1 2.30173E-1
4.18227E-2 4.12113E-2 3.95185E-2 3.87373E-2 6.14885E-2 3.12308E-2 5.9961E-2 5.62395E-2 2.8432E-2 2.90552E-2 3.6941E-2 2.86419E-2 2.98008E-2 3.12668E-2 6.09575E-2 3.92645E-2 3.82228E-2 4.01293E-2 3.83531E-2 4.01107E-2 4.37157E-2 3.43365E-2 3.69941E-2 3.86222E-2 7.54981E-2 8.30845E-2 5.96337E-2 6.59562E-2 7.45591E-2 8.61226E-2 9.59877E-2 1.14552E-1 1.36708E-1 1.62468E-1 2.07677E-1 2.23644E-1 2.39567E-1 2.54743E-1 2.68658E-1 2.94127E-1 3.25985E-1 3.39093E-1 3.44785E-1 3.58895E-1 3.40754E-1 3.3191E-1 3.25602E-1 4.44574E-1 2.63915E-1 4.10288E-1 2.59554E-1 2.62968E-1 2.43904E-1 2.23366E-1 2.22167E-1 2.23147E-1 2.27915E-1 2.23713E-1 2.23973E-1 2.22905E-1 2.22484E-1 2.49773E-1 2.55501E-1 2.39603E-1 2.2338E-1
4.22338E-2 3.3721E-2 3.28892E-2 3.34671E-2 3.37218E-2 6.06317E-2 5.89929E-2 3.89976E-2 5.7912E-2 2.96446E-2 2.90528E-2 2.84147E-2 2.91578E-2 2.95952E-2 2.94221E-2 2.96202E-2 5.83762E-2 3.7167E-2 3.76393E-2 2.99232E-2 3.16616E-2 3.12852E-2 3.48403E-2 7.03672E-2 4.74934E-2 5.09132E-2 5.53731E-2 6.05378E-2 6.87338E-2 7.36836E-2 8.81161E-2 1.04991E-1 1.20933E-1 1.50846E-1 1.94963E-1 2.23277E-1 2.37464E-1 2.35567E-1 2.49997E-1 2.86132E-1 3.14831E-1 3.40431E-1 3.33462E-1 3.23856E-1 3.03066E-1 3.03463E-1 4.36763E-1 2.98186E-1 4.19298E-1 2.59066E-1 2.37364E-1 2.40879E-1 2.34389E-1 2.2298E-1 2.12421E-1 2.12113E-1 2.09215E-1 2.09383E-1 2.09737E-1 2.05292E-1 2.02428E-1 2.09278E-1 2.25425E-1 2.242E-1 2.14631E-1
5.73615E-2 3.97223E-2 4.05744E-2 4.18864E-2 6.03485E-2 3.96707E-2 5.79339E-2 5.78041E-2 3.52952E-2 5.39484E-2 2.79061E-2 2.73913E-2 2.76757E-2 2.84456E-2 2.80811E-2 2.77481E-2 2.97125E-2 2.88995E-2 2.89975E-2 2.87843E-2 2.98248E-2 3.05908E-2 6.16518E-2 4.13969E-2 4.36161E-2 4.82046E-2 5.2984E-2 5.71839E-2 6.32556E-2 6.91031E-2 8.1439E-2 9.4783E-2 1.17013E-1 1.44215E-1 1.73177E-1 2.25282E-1 2.39108E-1 2.0787E-1 2.18466E-1 2.53608E-1 2.93581E-1 3.36664E-1 2.92302E-1 2.63663E-1 2.52042E-1 3.76325E-1 4.30474E-1 2.79448E-1 2.40458E-1 2.23801E-1 2.12823E-1 2.12592E-1 2.10795E-1 2.04458E-1 1.99379E-1 1.99632E-1 1.98199E-1 1.99081E-1 2.00965E-1 1.90349E-1 1.77077E-1 1.71406E-1 1.87527E-1 2.00702E-1 1.91154E-1
5.66277E-2 3.96466E-2 4.17815E-2 3.31251E-2 3.06759E-2 4.19515E-2 5.85002E-2 3.73323E-2 3.53694E-2 3.51509E-2 5.29528E-2 2.73706E-2 2.75807E-2 2.78297E-2 2.81828E-2 2.8479E-2 2.91294E-2 2.79466E-2 2.8086E-2 2.95849E-2 2.98062E-2 3.04163E-2 5.61676E-2 3.84197E-2 4.32643E-2 4.63936E-2 4.88961E-2 5.36148E-2 6.05647E-2 6.57059E-2 7.53083E-2 9.1928E-2 1.20191E-1 1.34687E-1 1.65493E-1 1.98882E-1 2.01978E-1 1.62368E-1 1.73464E-1 2.40818E-1 2.5235E-1 2.50905E-1 2.18473E-1 2.0276E-1 2.42242E-1 2.76331E-1 3.20762E-1 2.57351E-1 2.25703E-1 2.11999E-1 1.98674E-1 2.01742E-1 1.89377E-1 1.52313E-1 1.60443E-1 1.68225E-1 1.7758E-1 1.78278E-1 1.72267E-1 1.59302E-1 1.46608E-1 1.46607E-1 1.64051E-1 1.67698E-1 1.57119E-1
4.04306E-2 3.19333E-2 3.09275E-2 5.99256E-2 5.86332E-2 4.073E-2 3.72243E-2 3.65386E-2 3.58715E-2 3.40269E-2 3.46686E-2 5.13002E-2 2.79028E-2 2.90788E-2 2.73138E-2 2.69652E-2 2.7404E-2 2.68985E-2 2.79319E-2 2.81616E-2 2.93942E-2 5.52801E-2 3.64638E-2 3.79317E-2 4.00688E-2 4.26828E-2 4.61666E-2 5.34866E-2 6.1854E-2 6.79142E-2 7.75895E-2 8.94418E-2 1.10549E-1 1.35708E-1 1.59572E-1 1.76486E-1 1.67508E-1 1.241E-1 1.38973E-1 2.36789E-1 2.28028E-1 1.89102E-1 1.59752E-1 1.59033E-1 2.31598E-1 3.01191E-1 2.9788E-1 2.48379E-1 2.09729E-1 1.97316E-1 2.00699E-1 1.8833E-1 1.5491E-1 1.35555E-1 1.34787E-1 1.51668E-1 1.43687E-1 1.52934E-1 1.53521E-1 1.35623E-1 1.29165E-1 1.33922E-1 1.47678E-1 1.38016E-1 1.30141E-1
