layers/maxent/tupi.asc
ncols         638
nrows         825
xllcorner     -2985163.8955
yllcorner     -3022031.214
cellsize      10000.0
NODATA_value  -9999
[rows 87 to 115 of 825, columns 130 to 194 of 638]
7.5026E-3 1.20118E-2 1.68986E-2 3.14237E-2 2.68693E-2 2.17066E-2 2.46091E-2 3.19949E-2 4.45939E-2 3.31185E-2 2.3034E-2 1.07312E-2 1.65912E-3 5.60415E-4 1.04933E-4 6.27891E-5 2.31213E-4 5.92752E-4 9.07735E-4 3.01558E-3 1.32186E-3 5.13055E-4 1.52099E-3 8.00841E-3 2.12461E-2 3.15801E-2 3.76343E-2 4.67779E-2 5.10728E-2 5.65548E-2 6.4946E-2 7.8182E-2 9.29626E-2 1.11304E-1 1.32906E-1 1.60433E-1 1.95292E-1 2.38463E-1 2.54799E-1 2.69972E-1 2.79522E-1 2.89116E-1 2.96813E-1 3.06845E-1 3.11894E-1 3.13258E-1 3.1075E-1 3.13418E-1 3.09865E-1 3.0305E-1 2.99301E-1 2.97104E-1 2.95527E-1 2.86862E-1 2.84365E-1 2.82517E-1 2.8526E-1 2.80764E-1 2.7319E-1 2.76531E-1 2.79088E-1 2.93087E-1 3.14311E-1 3.41724E-1 3.40222E-1
7.76949E-3 1.17617E-2 1.50277E-2 2.67019E-2 2.09214E-2 2.15894E-2 2.44351E-2 3.00785E-2 3.31794E-2 3.27971E-2 2.24543E-2 1.39496E-2 5.3355E-3 1.83675E-3 1.54005E-4 1.36577E-4 2.21923E-4 6.34777E-4 3.54781E-4 1.3023E-3 7.93164E-4 8.33739E-4 3.43629E-3 2.00038E-2 2.01605E-2 3.07384E-2 3.93055E-2 4.68763E-2 5.23421E-2 5.76638E-2 6.49373E-2 7.5417E-2 9.18421E-2 1.06446E-1 1.26171E-1 1.49739E-1 1.80394E-1 2.15832E-1 2.34265E-1 2.49567E-1 2.58605E-1 2.65655E-1 2.71336E-1 2.79365E-1 2.82374E-1 2.8876E-1 2.88024E-1 2.84605E-1 2.84467E-1 2.84671E-1 2.86323E-1 2.83242E-1 2.86299E-1 2.82983E-1 2.79778E-1 2.74568E-1 2.70696E-1 2.70834E-1 2.70888E-1 2.72805E-1 2.82268E-1 2.88581E-1 3.08715E-1 3.1736E-1 3.0885E-1
1.03041E-2 1.20987E-2 1.36462E-2 2.64291E-2 2.14209E-2 2.14042E-2 2.49575E-2 3.17799E-2 2.56591E-2 1.69813E-2 9.98905E-3 1.60866E-2 1.52789E-2 1.34648E-3 1.60316E-4 7.10403E-5 2.25688E-4 1.92793E-4 2.33363E-4 2.53632E-4 2.93778E-4 1.81944E-3 6.86552E-3 1.86477E-2 2.35116E-2 3.14438E-2 3.8657E-2 4.77506E-2 5.13293E-2 5.31338E-2 5.88607E-2 7.01102E-2 8.66833E-2 1.03018E-1 1.18511E-1 1.36185E-1 1.61841E-1 1.94073E-1 2.1466E-1 2.28672E-1 2.35428E-1 2.42219E-1 2.4601E-1 2.5016E-1 2.54634E-1 2.54061E-1 2.61505E-1 2.63816E-1 2.66907E-1 2.66423E-1 2.6734E-1 2.65666E-1 2.67048E-1 2.67721E-1 2.64113E-1 2.64053E-1 2.58699E-1 2.52213E-1 2.50931E-1 2.57337E-1 2.69752E-1 2.8885E-1 2.93336E-1 2.7715E-1 2.70418E-1
1.2712E-2 1.10047E-2 1.45905E-2 2.46774E-2 2.15235E-2 2.21543E-2 2.35272E-2 2.10941E-2 2.76557E-2 1.57121E-2 1.09785E-2 1.30308E-2 1.69555E-2 4.18114E-3 1.15214E-3 2.30781E-4 7.28917E-5 5.12188E-5 1.47383E-4 1.51182E-4 1.37913E-4 1.29246E-3 6.18216E-3 1.291E-2 1.78815E-2 2.17499E-2 3.09032E-2 3.94329E-2 4.76354E-2 4.77615E-2 5.2684E-2 6.17994E-2 7.43784E-2 9.0492E-2 1.08932E-1 1.24801E-1 1.4164E-1 1.68889E-1 1.94958E-1 2.06352E-1 2.07317E-1 2.09644E-1 2.1839E-1 2.24387E-1 2.30103E-1 2.35338E-1 2.36182E-1 2.37308E-1 2.43886E-1 2.47812E-1 2.47728E-1 2.47513E-1 2.49423E-1 2.47376E-1 2.46222E-1 2.44835E-1 2.4171E-1 2.40343E-1 2.40222E-1 2.40129E-1 2.48027E-1 2.53479E-1 2.52259E-1 2.4929E-1 2.53388E-1
1.00185E-2 1.37737E-2 2.07512E-2 2.17451E-2 1.74965E-2 2.07315E-2 2.32626E-2 1.28725E-2 9.77162E-3 1.48767E-2 8.51732E-3 2.05676E-2 2.18957E-2 7.54392E-3 2.47798E-3 5.88189E-4 1.85184E-4 7.7307E-5 7.51426E-5 6.98797E-5 2.76444E-4 9.61738E-4 1.26765E-3 2.66249E-3 6.76427E-3 1.61536E-2 1.84868E-2 2.33382E-2 3.81475E-2 4.39462E-2 4.83426E-2 5.66567E-2 6.83818E-2 7.90742E-2 9.31335E-2 1.08003E-1 1.24912E-1 1.51604E-1 1.75142E-1 1.81731E-1 1.82389E-1 1.84833E-1 1.90577E-1 1.96183E-1 2.02257E-1 2.07418E-1 2.1094E-1 2.16935E-1 2.2049E-1 2.21954E-1 2.28735E-1 2.33565E-1 2.34299E-1 2.37026E-1 2.34107E-1 2.32859E-1 2.3386E-1 2.29904E-1 2.24158E-1 2.24295E-1 2.20751E-1 2.13366E-1 2.16419E-1 2.24548E-1 2.38451E-1
1.00421E-2 1.67327E-2 1.99424E-2 1.85455E-2 1.59142E-2 1.94781E-2 2.42187E-2 1.83229E-2 6.73372E-3 2.24839E-3 2.52675E-3 1.82263E-2 1.56302E-2 1.39355E-2 1.01696E-2 1.54284E-3 5.65062E-4 2.64682E-4 1.06401E-4 9.66376E-5 8.85298E-5 1.71835E-4 1.09362E-4 8.85971E-4 7.56334E-4 1.19248E-3 6.049E-3 9.68431E-3 2.36511E-2 3.93988E-2 4.69787E-2 5.42873E-2 6.30919E-2 7.26851E-2 8.43598E-2 9.58094E-2 1.12975E-1 1.34279E-1 1.49997E-1 1.59121E-1 1.61929E-1 1.64641E-1 1.70297E-1 1.75875E-1 1.78458E-1 1.82674E-1 1.86395E-1 1.91669E-1 1.95703E-1 2.01213E-1 2.09142E-1 2.15906E-1 2.20412E-1 2.21613E-1 2.23232E-1 2.21238E-1 2.1703E-1 2.16476E-1 2.13442E-1 2.14179E-1 2.18714E-1 2.08948E-1 2.01938E-1 2.02005E-1 2.04618E-1
1.26774E-2 1.67274E-2 1.57514E-2 1.41281E-2 1.42602E-2 1.8789E-2 1.80385E-2 8.18674E-3 1.87626E-3 3.82298E-4 4.46047E-3 1.89923E-2 2.03907E-2 1.48126E-2 1.70169E-2 3.30426E-3 9.16045E-4 1.26512E-3 2.69139E-4 1.02016E-4 7.4518E-5 4.20665E-5 5.235E-5 1.84956E-4 9.9681E-5 2.47559E-4 1.77416E-3 5.48375E-3 2.08744E-2 3.55275E-2 4.61673E-2 5.37469E-2 6.10272E-2 6.86475E-2 7.8816E-2 8.71954E-2 1.02258E-1 1.18663E-1 1.33519E-1 1.41115E-1 1.46123E-1 1.52372E-1 1.54856E-1 1.58955E-1 1.62006E-1 1.65139E-1 1.70236E-1 1.74671E-1 1.79404E-1 1.84721E-1 1.88901E-1 1.96884E-1 2.036E-1 2.04182E-1 2.07214E-1 2.09847E-1 2.11062E-1 2.08968E-1 2.08425E-1 2.02402E-1 1.9587E-1 1.85847E-1 1.85817E-1 1.88884E-1 1.89422E-1
1.61031E-2 1.41534E-2 1.04609E-2 1.34767E-2 1.14879E-2 1.72614E-2 1.07159E-2 7.45094E-3 5.20069E-4 9.9132E-5 7.76387E-3 1.27385E-2 6.32064E-3 3.95392E-3 3.86639E-3 1.20922E-2 3.70802E-3 6.37619E-3 7.93161E-4 3.59092E-4 1.87274E-4 2.89351E-5 3.08424E-5 6.12662E-5 2.04623E-5 4.81554E-5 8.07457E-4 6.47665E-3 2.17084E-2 3.66213E-2 4.71055E-2 5.54657E-2 6.10422E-2 6.63391E-2 7.51563E-2 8.5512E-2 9.13282E-2 1.04314E-1 1.16594E-1 1.2429E-1 1.3251E-1 1.36261E-1 1.41006E-1 1.42878E-1 1.44996E-1 1.49744E-1 1.53924E-1 1.59936E-1 1.62993E-1 1.70086E-1 1.75939E-1 1.8288E-1 1.86523E-1 1.89624E-1 1.94006E-1 2.00016E-1 2.1033E-1 2.03137E-1 1.95509E-1 1.82441E-1 1.69761E-1 1.67062E-1 1.67637E-1 1.67932E-1 1.70402E-1
1.50668E-2 1.28806E-2 9.52888E-3 1.15322E-2 1.30564E-2 1.21038E-2 7.52231E-3 2.06305E-3 1.52663E-4 8.57373E-5 7.55683E-3 1.17877E-2 9.67984E-3 4.5141E-3 5.05284E-3 2.99333E-3 8.58183E-3 3.66505E-3 2.5048E-3 7.79312E-4 5.08511E-4 9.09597E-5 1.76188E-5 1.81355E-5 5.51373E-5 2.63196E-4 3.01075E-3 1.47416E-2 2.37765E-2 4.08303E-2 5.16116E-2 5.74565E-2 5.99419E-2 6.34999E-2 7.07197E-2 7.94841E-2 8.53214E-2 9.35746E-2 1.0397E-1 1.11701E-1 1.1606E-1 1.21685E-1 1.25869E-1 1.30125E-1 1.35086E-1 1.36793E-1 1.37408E-1 1.42558E-1 1.48528E-1 1.55533E-1 1.60643E-1 1.68384E-1 1.73984E-1 1.79193E-1 1.85811E-1 1.88424E-1 1.8587E-1 1.8272E-1 1.83918E-1 1.78458E-1 1.8752E-1 1.87035E-1 1.9303E-1 1.91887E-1 1.87158E-1
1.34903E-2 1.28011E-2 1.09289E-2 1.1388E-2 9.09049E-3 7.81316E-3 6.60283E-3 4.3776E-3 6.63741E-5 1.69555E-4 6.89367E-3 1.96465E-3 5.01864E-3 3.07975E-3 9.94018E-4 3.80489E-4 1.24084E-3 6.22639E-4 3.09315E-3 1.08242E-3 1.52237E-4 6.97714E-5 2.05431E-5 3.39428E-5 2.16649E-4 8.87111E-4 1.25803E-2 2.86716E-2 3.09016E-2 4.806E-2 5.72551E-2 6.31252E-2 6.54111E-2 6.91291E-2 7.23423E-2 8.07952E-2 8.47273E-2 9.25847E-2 9.86644E-2 1.03229E-1 1.08966E-1 1.1326E-1 1.18301E-1 1.17255E-1 1.18641E-1 1.23553E-1 1.27443E-1 1.31159E-1 1.34809E-1 1.38699E-1 1.46795E-1 1.51338E-1 1.54162E-1 1.6032E-1 1.66493E-1 1.7183E-1 1.8052E-1 1.91835E-1 1.95937E-1 1.66963E-1 1.525E-1 1.79737E-1 2.02881E-1 1.97718E-1 2.00235E-1
1.49622E-2 1.40256E-2 1.53729E-2 9.51282E-3 3.07838E-3 3.6982E-3 6.07365E-3 1.31156E-3 4.86522E-5 4.82206E-4 2.63539E-3 5.75246E-4 2.0301E-3 1.44611E-3 5.62134E-4 9.09393E-5 4.08561E-4 3.42699E-4 2.74901E-3 6.60734E-4 7.56212E-5 1.32216E-4 2.31567E-4 1.79353E-4 1.16661E-3 9.04713E-3 1.67012E-2 3.1965E-2 3.67436E-2 5.07192E-2 5.94914E-2 6.51485E-2 6.79645E-2 7.30074E-2 7.41429E-2 8.16441E-2 8.59101E-2 9.02294E-2 9.76812E-2 9.96479E-2 1.04361E-1 1.07203E-1 1.08062E-1 1.09733E-1 1.13536E-1 1.15667E-1 1.17534E-1 1.22352E-1 1.21501E-1 1.2628E-1 1.32281E-1 1.37618E-1 1.48459E-1 1.58433E-1 1.61309E-1 1.6031E-1 1.56477E-1 1.48153E-1 1.50096E-1 1.46331E-1 1.41777E-1 1.46176E-1 1.45583E-1 1.35426E-1 1.34442E-1
1.7041E-2 1.50406E-2 1.56967E-2 7.85311E-3 1.08477E-3 2.95956E-3 4.6365E-3 6.77986E-4 1.52121E-4 1.13702E-3 9.07813E-4 2.03459E-4 8.55002E-4 8.5784E-4 1.42668E-4 4.28711E-5 7.646E-5 1.18739E-4 1.6977E-3 1.04431E-3 1.99375E-4 1.90201E-4 1.03427E-3 3.71174E-3 6.92915E-3 1.6637E-2 2.57165E-2 2.93674E-2 3.7823E-2 5.39013E-2 6.53976E-2 7.22751E-2 7.54184E-2 7.6971E-2 7.95318E-2 8.3206E-2 8.49377E-2 8.83507E-2 9.25275E-2 9.87182E-2 9.52489E-2 9.9844E-2 1.00676E-1 1.04187E-1 1.04884E-1 1.07847E-1 1.10233E-1 1.15119E-1 1.18097E-1 1.20775E-1 1.25776E-1 1.32543E-1 1.26273E-1 1.31569E-1 1.35965E-1 1.33068E-1 1.36742E-1 1.32971E-1 1.28871E-1 1.27663E-1 1.2885E-1 1.21014E-1 1.20436E-1 1.17524E-1 1.27423E-1
1.88763E-2 1.83653E-2 1.3892E-2 8.2129E-3 2.72967E-3 1.68388E-3 6.06045E-4 1.88387E-4 4.65525E-4 5.99121E-4 3.2152E-4 2.72339E-4 3.71863E-4 2.33764E-4 7.6347E-5 2.48664E-5 5.63005E-5 1.90927E-4 8.59453E-4 3.96506E-4 1.54756E-4 3.29864E-4 1.07666E-3 3.06938E-3 1.51142E-2 1.65327E-2 2.06572E-2 3.04996E-2 5.01108E-2 6.67603E-2 7.24689E-2 7.98125E-2 8.29594E-2 8.55747E-2 8.68194E-2 8.82459E-2 9.00366E-2 9.01636E-2 9.06E-2 9.34389E-2 9.28842E-2 9.5483E-2 9.6918E-2 9.95614E-2 1.00761E-1 1.02254E-1 1.06705E-1 1.10665E-1 1.16228E-1 1.16229E-1 1.16942E-1 1.20172E-1 1.1729E-1 1.18928E-1 1.20434E-1 1.23306E-1 1.23147E-1 1.24087E-1 1.36779E-1 1.31116E-1 1.21823E-1 1.17626E-1 1.2125E-1 1.24E-1 1.21843E-1
2.29954E-2 1.80942E-2 1.71675E-2 4.68015E-3 7.65961E-4 1.53994E-4 7.25569E-5 3.75048E-4 1.13677E-3 5.53933E-4 2.83082E-4 1.62772E-4 1.14025E-4 7.51864E-5 1.89205E-5 3.2487E-5 1.61125E-4 4.24951E-4 3.37896E-4 2.41327E-4 3.5692E-4 1.31648E-3 1.58033E-3 6.1209E-3 1.5381E-2 2.95068E-2 3.36198E-2 4.42133E-2 6.40772E-2 7.59895E-2 8.36768E-2 9.14277E-2 8.94977E-2 9.30177E-2 9.84064E-2 9.73124E-2 9.73959E-2 9.26171E-2 9.21573E-2 9.20715E-2 8.93764E-2 9.05324E-2 9.31697E-2 9.46387E-2 9.77807E-2 9.52964E-2 9.90303E-2 1.01643E-1 1.0443E-1 1.08072E-1 1.10434E-1 1.07099E-1 1.07871E-1 1.08958E-1 1.08677E-1 1.11079E-1 1.07267E-1 1.11226E-1 1.20023E-1 1.12997E-1 1.06733E-1 1.01298E-1 1.02643E-1 1.01893E-1 1.02021E-1
3.54068E-2 1.25984E-2 5.69939E-3 2.38372E-3 1.20068E-4 4.61788E-5 1.34712E-4 6.01632E-4 6.28748E-4 2.87156E-4 2.97776E-4 1.54803E-4 4.2919E-5 1.32646E-5 3.68917E-5 1.60189E-4 4.8953E-4 3.74013E-4 1.58521E-4 2.58302E-4 5.4655E-4 2.70279E-3 1.1162E-2 2.42414E-2 3.40996E-2 3.09262E-2 4.26146E-2 5.82151E-2 7.97112E-2 9.0637E-2 1.00054E-1 1.05901E-1 1.04385E-1 1.05753E-1 1.10118E-1 1.06783E-1 1.02897E-1 9.85891E-2 9.70389E-2 9.26688E-2 9.08054E-2 8.96855E-2 9.10223E-2 9.04598E-2 9.30773E-2 9.26221E-2 9.3147E-2 9.60774E-2 9.88414E-2 1.02468E-1 1.00032E-1 1.01543E-1 1.03919E-1 1.08002E-1 1.04937E-1 9.91745E-2 1.06197E-1 1.07033E-1 9.70702E-2 9.24477E-2 9.65477E-2 9.30651E-2 9.00785E-2 9.28341E-2 9.7116E-2
1.31052E-2 8.26481E-3 4.4076E-3 2.5716E-4 3.61676E-5 1.33956E-4 5.93126E-4 7.81564E-4 5.18814E-4 2.0739E-4 1.92445E-4 1.47973E-4 1.12083E-4 1.21185E-4 2.20391E-4 5.26492E-4 6.04326E-4 3.32549E-4 3.08243E-4 1.0401E-3 1.33847E-3 3.41896E-3 8.48984E-3 1.83114E-2 3.81074E-2 5.20797E-2 6.10492E-2 8.32594E-2 1.01502E-1 1.12933E-1 1.19169E-1 1.22376E-1 1.22328E-1 1.23464E-1 1.2409E-1 1.19425E-1 1.12973E-1 1.05771E-1 1.02331E-1 9.88449E-2 9.33778E-2 8.94566E-2 8.73534E-2 8.80748E-2 8.71891E-2 8.88527E-2 9.25116E-2 9.42393E-2 9.74815E-2 9.77222E-2 9.69054E-2 9.61863E-2 9.64845E-2 9.83865E-2 1.04522E-1 1.04298E-1 1.03567E-1 9.58317E-2 8.98318E-2 9.02643E-2 8.26628E-2 8.07718E-2 8.21007E-2 8.7721E-2 9.1397E-2
7.4301E-3 1.16045E-2 2.88629E-3 1.89793E-4 7.78319E-5 2.30658E-4 3.94642E-4 3.86701E-4 4.5597E-4 1.92455E-4 8.01881E-5 1.14632E-4 2.55834E-4 4.71505E-4 6.53348E-4 7.44319E-4 4.21478E-4 2.68173E-4 7.35129E-4 2.18265E-3 3.55643E-3 1.28152E-2 1.50567E-2 3.1462E-2 6.17729E-2 7.3193E-2 9.94965E-2 1.21357E-1 1.33242E-1 1.39835E-1 1.48977E-1 1.53056E-1 1.48763E-1 1.42729E-1 1.35486E-1 1.26189E-1 1.16672E-1 1.09962E-1 1.05871E-1 1.00103E-1 9.4395E-2 9.08948E-2 9.14639E-2 8.90087E-2 8.77506E-2 8.7227E-2 8.67455E-2 8.52695E-2 8.80351E-2 8.72022E-2 8.40293E-2 8.49567E-2 8.68814E-2 8.74251E-2 8.65931E-2 9.04986E-2 8.5449E-2 8.67983E-2 8.13186E-2 7.53266E-2 7.11065E-2 6.84635E-2 7.06671E-2 7.37109E-2 8.37524E-2
7.95363E-3 1.39583E-2 9.42435E-3 4.5943E-3 4.86462E-4 8.1406E-5 1.18889E-4 1.49553E-4 7.98733E-4 2.35076E-4 1.16045E-4 3.09478E-4 6.01766E-4 4.86404E-4 5.67779E-4 6.502E-4 2.58105E-4 1.78958E-4 6.1403E-4 4.74298E-3 1.08359E-2 1.85002E-2 4.03253E-2 5.50979E-2 1.0666E-1 1.09079E-1 1.29511E-1 1.46876E-1 1.6126E-1 1.67221E-1 1.72399E-1 1.70295E-1 1.62869E-1 1.56028E-1 1.4538E-1 1.32345E-1 1.21839E-1 1.13745E-1 1.0807E-1 1.03118E-1 9.71831E-2 9.29073E-2 9.01656E-2 8.74482E-2 8.34392E-2 7.94722E-2 7.90022E-2 7.94928E-2 7.90465E-2 7.84029E-2 8.00389E-2 8.18261E-2 7.82991E-2 7.58957E-2 7.52779E-2 7.52547E-2 7.26476E-2 6.96111E-2 6.68759E-2 6.45027E-2 6.09262E-2 6.60842E-2 6.07576E-2 5.67946E-2 5.58796E-2
6.94978E-3 1.00615E-2 2.27895E-2 5.1133E-3 2.92284E-4 1.8186E-4 1.43384E-4 6.57958E-4 8.94496E-4 3.75302E-4 2.24683E-4 4.2221E-4 4.54075E-4 2.75274E-4 6.93969E-4 5.14634E-4 3.29713E-4 2.73988E-4 7.29397E-4 4.53261E-3 1.90058E-2 2.94676E-2 4.92129E-2 8.36236E-2 1.27729E-1 1.4529E-1 1.61258E-1 1.75226E-1 1.76417E-1 1.83456E-1 1.86778E-1 1.86017E-1 1.75147E-1 1.64813E-1 1.54059E-1 1.38152E-1 1.23751E-1 1.15805E-1 1.11476E-1 1.04744E-1 9.89749E-2 9.5936E-2 9.12645E-2 8.62994E-2 8.10159E-2 7.79237E-2 7.44604E-2 7.38216E-2 7.54455E-2 7.5841E-2 7.72577E-2 7.77473E-2 7.72626E-2 7.66865E-2 7.37616E-2 7.05821E-2 6.46751E-2 6.34737E-2 6.28384E-2 6.26979E-2 6.13741E-2 5.22904E-2 4.58369E-2 4.35526E-2 4.04757E-2
2.68163E-3 8.82385E-3 2.62118E-2 1.34075E-3 8.40409E-5 2.92938E-4 4.99609E-4 7.076E-4 4.75696E-4 3.75519E-4 4.31135E-4 5.05E-4 3.44014E-4 3.18242E-4 2.81998E-4 2.43989E-4 4.05723E-4 6.59886E-4 2.08265E-3 6.03045E-3 2.68476E-2 4.44696E-2 8.24884E-2 1.23825E-1 1.70587E-1 1.77793E-1 1.76882E-1 1.86578E-1 1.9461E-1 1.96734E-1 1.97871E-1 1.95005E-1 1.81025E-1 1.68936E-1 1.53191E-1 1.3957E-1 1.29905E-1 1.21237E-1 1.13959E-1 1.05508E-1 9.86459E-2 9.6181E-2 8.96305E-2 8.14464E-2 7.83752E-2 7.6492E-2 7.43999E-2 7.44658E-2 7.2661E-2 7.04271E-2 6.78691E-2 6.53306E-2 6.50614E-2 6.49924E-2 6.31318E-2 6.31471E-2 6.4512E-2 6.13768E-2 5.95758E-2 5.26589E-2 4.73751E-2 4.21335E-2 4.01068E-2 4.15555E-2 4.04957E-2
2.36236E-3 7.33701E-3 1.46178E-2 3.26473E-3 1.639E-4 3.66471E-4 6.1902E-4 2.88959E-4 2.38902E-4 5.61383E-4 1.09361E-3 7.19391E-4 1.37641E-3 1.59254E-3 1.12312E-3 5.60645E-4 9.50986E-4 1.48609E-3 1.55366E-2 1.52851E-2 4.10994E-2 6.92927E-2 1.06796E-1 1.5159E-1 1.73556E-1 1.81329E-1 1.86428E-1 1.92829E-1 1.98737E-1 2.02221E-1 2.05318E-1 1.97631E-1 1.88649E-1 1.75317E-1 1.57984E-1 1.42458E-1 1.30969E-1 1.22033E-1 1.1441E-1 1.07539E-1 1.00601E-1 9.21196E-2 8.37438E-2 7.8194E-2 7.59394E-2 7.28343E-2 6.9956E-2 6.68865E-2 6.28878E-2 6.02497E-2 5.72033E-2 5.55223E-2 5.68966E-2 5.75444E-2 5.58434E-2 5.48457E-2 5.51661E-2 5.40815E-2 4.67479E-2 4.35409E-2 4.32484E-2 4.17319E-2 3.83114E-2 3.38728E-2 3.3689E-2
4.47393E-3 7.9023E-3 1.94604E-3 3.39043E-4 1.20055E-4 3.53799E-4 5.40707E-4 3.93431E-4 4.88501E-4 1.05727E-3 1.73877E-3 9.24212E-4 2.26683E-3 7.15738E-3 1.6202E-3 5.01859E-3 3.43266E-3 1.21806E-2 2.74635E-2 3.98227E-2 7.59277E-2 1.11082E-1 1.55233E-1 1.72592E-1 1.77481E-1 1.85865E-1 1.94646E-1 2.00518E-1 2.00406E-1 2.03801E-1 2.04452E-1 1.97857E-1 1.85545E-1 1.76877E-1 1.62866E-1 1.48334E-1 1.34143E-1 1.24154E-1 1.15631E-1 1.09591E-1 9.64285E-2 8.48756E-2 8.1227E-2 7.68855E-2 7.40039E-2 6.78065E-2 6.46946E-2 6.07166E-2 5.71437E-2 5.73107E-2 5.71389E-2 5.64865E-2 5.60693E-2 5.36817E-2 5.17826E-2 5.39496E-2 5.10643E-2 4.46398E-2 4.00029E-2 3.7996E-2 3.64754E-2 3.50289E-2 3.21985E-2 3.00682E-2 3.08301E-2
5.04576E-3 1.81886E-3 3.96266E-4 9.0987E-5 1.25907E-4 3.87993E-4 4.08351E-4 5.13878E-4 4.40307E-4 8.03578E-4 3.20096E-3 1.0909E-3 1.5553E-3 7.06202E-3 7.09503E-3 7.12335E-3 4.35786E-3 1.18064E-2 3.77106E-2 5.30021E-2 8.95716E-2 1.38599E-1 1.66873E-1 1.76157E-1 1.82144E-1 1.89693E-1 1.98669E-1 2.03149E-1 2.0837E-1 2.08341E-1 2.01257E-1 1.96538E-1 1.86234E-1 1.74773E-1 1.61343E-1 1.50248E-1 1.37586E-1 1.2604E-1 1.17925E-1 1.06061E-1 9.34431E-2 8.64544E-2 7.89267E-2 7.02886E-2 6.66692E-2 5.83168E-2 5.51415E-2 5.55855E-2 5.74897E-2 5.72164E-2 5.53514E-2 5.42442E-2 5.54326E-2 5.40066E-2 5.0311E-2 4.78939E-2 4.37251E-2 4.35486E-2 4.11761E-2 3.78685E-2 3.55645E-2 3.26727E-2 3.15879E-2 3.09406E-2 2.84294E-2
7.76096E-3 1.39501E-3 1.52593E-4 5.31947E-5 1.66029E-4 2.97056E-4 4.90351E-4 6.58713E-4 9.15121E-4 1.11149E-3 4.15794E-3 2.78424E-3 2.17783E-3 6.18537E-3 1.71182E-2 1.84292E-2 4.72637E-3 1.85941E-2 4.94347E-2 7.04244E-2 1.09347E-1 1.47739E-1 1.62748E-1 1.75541E-1 1.8465E-1 1.93295E-1 1.98088E-1 2.02579E-1 2.02836E-1 2.03194E-1 1.95284E-1 1.91332E-1 1.80636E-1 1.71505E-1 1.58102E-1 1.47744E-1 1.36744E-1 1.32619E-1 1.18323E-1 9.90112E-2 8.49583E-2 7.55006E-2 6.98409E-2 6.77321E-2 6.40097E-2 5.88111E-2 5.53314E-2 5.74373E-2 5.43066E-2 4.98601E-2 4.96457E-2 4.96387E-2 4.96907E-2 4.4228E-2 4.40082E-2 4.22593E-2 3.96161E-2 3.6311E-2 3.49469E-2 3.3447E-2 3.38949E-2 3.33474E-2 3.15212E-2 2.69675E-2 2.39083E-2
4.80038E-3 7.4432E-4 1.22625E-4 1.05931E-4 3.70108E-4 4.29705E-4 4.91841E-4 7.26812E-4 1.93965E-3 3.40171E-3 6.06255E-3 3.38446E-3 3.87829E-3 9.69962E-3 1.98161E-2 1.6972E-2 1.36033E-2 2.62915E-2 4.81706E-2 8.04348E-2 1.26394E-1 1.46527E-1 1.64214E-1 1.76894E-1 1.8725E-1 1.89917E-1 1.97589E-1 1.98895E-1 2.00837E-1 1.99046E-1 1.93343E-1 1.89079E-1 1.79778E-1 1.68701E-1 1.59531E-1 1.523E-1 1.42318E-1 1.22677E-1 1.05826E-1 9.66697E-2 9.23313E-2 7.91972E-2 7.31614E-2 6.44541E-2 6.01368E-2 5.98305E-2 5.5574E-2 5.0029E-2 5.02145E-2 5.23772E-2 4.96345E-2 4.62034E-2 4.07717E-2 4.01273E-2 4.07979E-2 3.73982E-2 3.40759E-2 3.5517E-2 3.53963E-2 3.27858E-2 3.0264E-2 2.86157E-2 2.64206E-2 2.52692E-2 2.71102E-2
1.9673E-3 2.17495E-4 1.19508E-4 2.29909E-4 4.45241E-4 4.24033E-4 3.622E-4 4.19584E-4 1.31894E-3 1.79764E-3 2.11043E-3 3.07121E-3 7.92172E-3 1.28801E-2 2.80928E-2 2.67357E-2 2.85075E-2 4.24207E-2 6.31457E-2 9.67458E-2 1.27415E-1 1.45705E-1 1.62775E-1 1.75989E-1 1.86801E-1 1.9388E-1 1.963E-1 1.98346E-1 1.97841E-1 1.98452E-1 1.90858E-1 1.84424E-1 1.80038E-1 1.73405E-1 1.58532E-1 1.50224E-1 1.33057E-1 1.20695E-1 1.05231E-1 9.16985E-2 7.51745E-2 6.84104E-2 6.48064E-2 6.20703E-2 6.05447E-2 5.79708E-2 4.9916E-2 5.14916E-2 4.84332E-2 4.46481E-2 4.12168E-2 4.05651E-2 3.90671E-2 3.79112E-2 3.37087E-2 3.26007E-2 3.41288E-2 3.24886E-2 2.99094E-2 2.77376E-2 2.5627E-2 2.55097E-2 2.58169E-2 2.5332E-2 2.67097E-2
5.58348E-4 2.32074E-4 2.88863E-4 4.41885E-4 3.73627E-4 3.18409E-4 4.23642E-4 1.03106E-3 1.60551E-3 1.20378E-3 2.09797E-3 6.3892E-3 2.12361E-2 2.25218E-2 3.48965E-2 4.58498E-2 4.26574E-2 5.45605E-2 8.46677E-2 1.10573E-1 1.28451E-1 1.4489E-1 1.59524E-1 1.725E-1 1.84162E-1 1.91025E-1 1.98044E-1 2.01692E-1 2.01151E-1 1.97027E-1 1.91459E-1 1.87862E-1 1.80918E-1 1.61616E-1 1.4464E-1 1.31921E-1 1.22872E-1 1.04359E-1 9.36403E-2 7.94376E-2 6.9123E-2 6.69572E-2 6.29091E-2 5.7477E-2 5.37101E-2 4.95347E-2 4.66878E-2 4.55097E-2 3.91636E-2 3.88441E-2 3.57196E-2 3.48986E-2 3.43285E-2 3.33811E-2 3.38088E-2 3.56989E-2 3.52957E-2 3.45038E-2 3.16794E-2 2.58234E-2 2.29965E-2 2.31636E-2 2.31149E-2 2.6801E-2 2.4671E-2
2.88763E-4 3.7502E-4 4.37867E-4 4.18165E-4 3.41523E-4 1.84073E-4 1.34696E-4 4.37478E-4 1.02057E-3 2.40784E-3 2.24837E-3 6.28176E-3 2.24665E-2 2.68761E-2 2.62795E-2 4.0865E-2 4.7824E-2 6.45252E-2 1.01262E-1 1.16665E-1 1.32438E-1 1.48266E-1 1.61419E-1 1.76158E-1 1.84592E-1 1.8998E-1 1.96095E-1 1.9672E-1 1.99001E-1 2.0139E-1 1.91844E-1 1.77894E-1 1.67187E-1 1.60651E-1 1.48956E-1 1.31661E-1 1.20026E-1 1.00151E-1 8.69094E-2 7.69289E-2 7.10067E-2 6.48489E-2 6.01626E-2 5.25024E-2 4.68017E-2 4.38156E-2 4.11506E-2 4.21719E-2 3.95578E-2 3.83597E-2 3.81451E-2 3.79541E-2 3.65327E-2 3.43297E-2 3.38465E-2 2.96593E-2 2.50026E-2 2.55704E-2 3.04447E-2 3.1426E-2 2.88498E-2 2.51916E-2 2.59202E-2 2.49696E-2 2.09937E-2
4.92623E-4 4.97706E-4 5.5211E-4 4.16337E-4 2.71809E-4 2.51865E-4 6.01971E-5 1.03006E-4 5.42286E-4 1.08293E-3 1.08053E-3 8.13217E-3 2.14607E-2 1.88275E-2 3.47447E-2 4.56252E-2 6.12242E-2 8.30785E-2 1.08804E-1 1.23097E-1 1.39844E-1 1.54396E-1 1.64116E-1 1.75355E-1 1.85123E-1 1.94329E-1 1.96733E-1 1.97914E-1 1.98698E-1 1.83845E-1 1.70821E-1 1.71425E-1 1.5751E-1 1.43595E-1 1.35515E-1 1.31098E-1 1.14464E-1 9.557E-2 8.24828E-2 7.36969E-2 6.59185E-2 5.85179E-2 5.44671E-2 5.33826E-2 5.05419E-2 4.37272E-2 3.9474E-2 4.00897E-2 3.99728E-2 3.78476E-2 3.81788E-2 3.48455E-2 3.13718E-2 2.70885E-2 2.45538E-2 2.29615E-2 2.4251E-2 2.68441E-2 2.32857E-2 2.29359E-2 2.26707E-2 2.41644E-2 2.07536E-2 2.00371E-2 1.90172E-2
