layers/maxent/tupi.asc
ncols         638
nrows         825
xllcorner     -2985163.8955
yllcorner     -3022031.214
cellsize      10000.0
NODATA_value  -9999
[rows 348 to 376 of 825, columns 195 to 259 of 638]
9.34539E-4 7.05875E-3 4.02182E-3 2.41633E-3 2.74575E-3 1.50533E-2 1.1251E-2 1.51491E-2 1.98004E-2 2.1631E-2 2.37582E-2 2.36242E-2 2.27264E-2 2.75944E-2 3.10077E-2 2.4106E-2 2.15337E-2 1.74699E-2 2.13934E-2 2.39098E-2 7.09688E-2 1.13696E-1 2.47556E-2 2.53371E-2 7.92164E-2 7.83814E-2 7.4225E-3 4.75707E-3 3.95886E-3 1.44394E-2 1.28569E-1 6.59794E-2 1.54167E-1 3.70131E-2 4.69033E-2 2.43381E-3 1.46515E-4 1.18695E-4 4.50885E-4 2.92284E-3 9.74458E-3 1.77191E-3 1.41703E-2 1.50023E-2 3.29516E-2 1.43215E-2 1.94739E-2 1.75924E-2 2.18591E-2 3.64678E-2 3.92138E-2 4.51324E-2 5.74329E-2 7.17296E-2 8.81559E-2 1.05916E-1 1.17971E-1 1.36931E-1 1.52758E-1 1.6605E-1 1.86203E-1 2.03959E-1 2.07256E-1 2.21582E-1 2.20664E-1
3.43936E-3 1.10353E-3 1.1374E-2 4.00885E-3 7.80104E-3 1.44659E-2 1.67918E-2 2.40258E-3 2.15302E-2 2.21578E-2 2.37472E-2 2.17338E-2 2.21902E-2 2.45638E-2 2.78156E-2 2.54126E-2 2.27568E-2 1.73645E-2 1.90766E-2 5.15344E-2 2.49452E-2 5.21617E-2 9.75966E-2 7.70007E-2 2.07126E-1 4.71891E-2 2.16684E-2 6.57765E-3 6.08459E-3 1.84007E-2 4.55405E-2 5.16627E-2 6.80849E-2 8.9677E-3 3.61034E-2 1.09752E-2 4.51656E-4 3.45878E-4 1.95488E-3 8.47204E-5 2.35771E-4 8.23923E-3 5.51246E-2 1.029E-2 2.8707E-2 9.73866E-2 2.78544E-2 9.50667E-3 1.49609E-2 2.69366E-2 3.80589E-2 3.83025E-2 4.63254E-2 6.77682E-2 9.35104E-2 1.13319E-1 1.26414E-1 1.54776E-1 1.74033E-1 1.84459E-1 1.95823E-1 2.15442E-1 2.2603E-1 2.4209E-1 2.60735E-1
9.76447E-4 1.15198E-3 9.90658E-3 1.56095E-3 2.40513E-3 6.35075E-3 1.02468E-2 1.96152E-3 1.76839E-2 2.12628E-2 2.41013E-2 2.3659E-2 2.08331E-2 2.2629E-2 2.49735E-2 2.34351E-2 2.11581E-2 1.88444E-2 1.56995E-2 1.40683E-2 2.34039E-2 2.38022E-2 3.32989E-2 7.21391E-2 2.45545E-1 4.83799E-2 3.86726E-2 2.1208E-2 3.56838E-3 5.54667E-3 8.90268E-3 1.58798E-1 1.51478E-1 3.54036E-2 1.62376E-2 6.17094E-2 4.45056E-3 6.74095E-4 4.0056E-4 2.656E-4 1.69727E-4 4.57096E-4 7.86042E-3 1.78753E-2 7.30869E-2 3.18762E-2 1.0248E-2 1.55953E-2 3.05661E-2 2.62503E-2 4.38388E-2 2.71742E-2 5.31961E-2 8.2667E-2 1.237E-1 1.40413E-1 1.52318E-1 1.69993E-1 1.86071E-1 1.97259E-1 2.09573E-1 2.26129E-1 2.41382E-1 2.55228E-1 2.68367E-1
3.57353E-2 1.10433E-3 1.18845E-3 4.14569E-3 1.87506E-3 1.84446E-3 4.26609E-3 5.05191E-3 2.26452E-2 2.15239E-2 2.33542E-2 2.49044E-2 2.19754E-2 2.15207E-2 2.33155E-2 2.54551E-2 2.39933E-2 2.37185E-2 1.67998E-2 1.44839E-2 1.95116E-2 6.5314E-2 2.19083E-2 5.82731E-2 1.23482E-1 6.93514E-2 9.73624E-2 1.42018E-1 1.94119E-1 1.20498E-1 1.16687E-1 1.22121E-1 9.6871E-2 2.82357E-1 1.80966E-2 3.90396E-2 4.18603E-2 3.36482E-3 3.67922E-4 5.46009E-4 3.48549E-4 2.69919E-4 1.78005E-3 9.60543E-3 4.50498E-2 2.88233E-3 1.50742E-3 6.13073E-3 5.61295E-2 7.05025E-2 2.93465E-2 3.6975E-2 4.84658E-2 3.82436E-2 6.4298E-2 6.85152E-2 1.34732E-1 1.61318E-1 1.9029E-1 2.20613E-1 2.30355E-1 2.43427E-1 2.56992E-1 2.71299E-1 2.79129E-1
2.7934E-2 3.97709E-3 1.17001E-3 4.72789E-3 4.04926E-3 1.70477E-3 1.75959E-3 4.87528E-3 1.5959E-2 2.2137E-2 2.29736E-2 2.41202E-2 2.44799E-2 2.09937E-2 2.1417E-2 2.4108E-2 2.47187E-2 2.79614E-2 2.19709E-2 1.64503E-2 1.80852E-2 5.94424E-2 2.72314E-2 6.06858E-2 7.54899E-2 8.32945E-2 7.41749E-2 2.42266E-1 1.63048E-1 4.72344E-2 1.06721E-1 1.01402E-1 4.55067E-2 9.99213E-2 7.76551E-2 9.87414E-2 9.17816E-2 2.90009E-2 2.62533E-3 9.63096E-3 1.78596E-3 6.24507E-4 4.97133E-4 1.19809E-2 1.04746E-1 5.50803E-3 2.03399E-2 2.47777E-2 1.47953E-2 1.61134E-2 2.7466E-2 5.86056E-2 1.14396E-1 1.29104E-1 1.15847E-1 4.06406E-1 6.36185E-2 9.40473E-2 9.67225E-2 1.94094E-1 2.29214E-1 2.55005E-1 2.55935E-1 2.80125E-1 2.96159E-1
2.75148E-3 1.0021E-2 4.33339E-3 3.64202E-3 9.64898E-3 1.98168E-3 6.42476E-3 1.50305E-2 1.88325E-2 2.34111E-2 2.03477E-2 2.02718E-2 2.15321E-2 1.93615E-2 1.83321E-2 2.17496E-2 2.47964E-2 2.6371E-2 2.69482E-2 2.17351E-2 1.84147E-2 2.0081E-2 2.70758E-2 3.1813E-2 9.12192E-2 1.15231E-1 5.24693E-2 4.85469E-2 1.94767E-2 2.30258E-2 8.83633E-2 1.09511E-1 1.63138E-1 6.34041E-2 1.11593E-1 8.55967E-2 4.16589E-2 5.68376E-3 2.31726E-2 3.43986E-2 2.91306E-2 1.82072E-2 1.27262E-2 2.91636E-2 1.61438E-2 8.39147E-3 7.83185E-3 3.84285E-3 7.39198E-3 2.15519E-2 6.08338E-2 7.29528E-2 1.32127E-1 1.3628E-1 1.01988E-1 1.58278E-1 2.29877E-1 1.24496E-1 1.3763E-1 1.14508E-1 4.3852E-1 2.41498E-1 2.75815E-1 2.59922E-1 3.06065E-1
2.26653E-2 6.21706E-3 9.45463E-3 1.12253E-2 1.86316E-3 5.91645E-3 5.85748E-3 1.56151E-2 1.38235E-2 1.82541E-2 1.67974E-2 1.73803E-2 1.85317E-2 1.85549E-2 1.79614E-2 1.97465E-2 2.36758E-2 2.57431E-2 2.69431E-2 2.44272E-2 2.02721E-2 2.16097E-2 2.61759E-2 3.44396E-2 3.24227E-2 3.08922E-2 2.71317E-2 6.66676E-2 6.11034E-2 6.8085E-2 9.85251E-2 9.33314E-2 9.9363E-2 4.42172E-2 8.49304E-2 9.93029E-2 1.29869E-1 9.85382E-2 3.00773E-2 5.93952E-2 4.66356E-2 3.75274E-2 1.94406E-2 5.34959E-2 7.65579E-2 3.76977E-2 1.43852E-2 1.88792E-2 1.55774E-2 1.02036E-2 9.52147E-3 8.65427E-3 6.88735E-2 9.16999E-2 4.29806E-2 1.11415E-1 2.76231E-1 1.4798E-1 1.94065E-1 2.49359E-1 2.45844E-1 2.76694E-1 2.68403E-1 1.71277E-1 2.79684E-1
9.94166E-2 1.02127E-1 9.47175E-3 9.66254E-3 4.42962E-3 1.91237E-3 2.32064E-3 5.5529E-3 1.08226E-2 1.71265E-2 1.59147E-2 1.70059E-2 1.81322E-2 2.03697E-2 1.92631E-2 1.86653E-2 2.12528E-2 2.39633E-2 2.5176E-2 2.55383E-2 2.40146E-2 2.59749E-2 2.71308E-2 3.16636E-2 3.07221E-2 2.90433E-2 2.87286E-2 3.26371E-2 7.71909E-2 1.29635E-1 1.08292E-1 7.15583E-2 6.64937E-2 8.02926E-2 5.04983E-2 1.52163E-1 1.92104E-1 2.07373E-1 1.84255E-1 1.21188E-1 4.1448E-2 4.12828E-2 3.60658E-2 2.93897E-2 6.77768E-2 8.75725E-2 3.55449E-2 5.9071E-2 4.29868E-2 5.55056E-2 1.24562E-2 1.49084E-2 2.56386E-2 2.161E-2 1.85062E-2 3.5733E-2 1.42227E-1 1.09865E-1 1.08566E-1 2.29368E-1 2.8371E-1 2.08947E-1 2.49752E-1 2.91997E-1 3.38132E-1
2.16423E-1 9.1734E-2 1.42581E-1 8.04283E-2 6.55269E-2 1.22005E-3 2.07716E-3 6.17707E-3 1.95221E-2 2.03061E-2 1.81235E-2 1.78281E-2 1.84151E-2 2.27876E-2 8.34395E-3 1.6993E-2 2.01164E-2 2.2963E-2 2.40943E-2 2.6357E-2 2.39444E-2 2.43509E-2 2.50266E-2 2.78097E-2 2.73581E-2 2.725E-2 2.8362E-2 3.03326E-2 7.66042E-2 6.90165E-2 2.78933E-2 5.69709E-2 1.16156E-1 9.80667E-2 1.34576E-1 7.39394E-2 1.41379E-1 1.89661E-1 2.04896E-1 1.16655E-1 1.26766E-1 6.09063E-2 3.54463E-2 3.92109E-2 8.96114E-2 1.04933E-1 2.89664E-2 8.85306E-2 4.08705E-2 2.12964E-1 7.05632E-2 4.60455E-2 3.68945E-2 4.11457E-2 3.61168E-2 7.14005E-2 1.47565E-1 1.27595E-1 1.40715E-1 8.81313E-2 1.5111E-1 2.34023E-1 3.30898E-1 3.42683E-1 3.90813E-1
5.96822E-1 1.51619E-1 8.53666E-2 6.50606E-2 6.15087E-3 1.42419E-3 2.1815E-3 6.08323E-3 1.70799E-2 1.34716E-1 7.31336E-3 5.82438E-2 1.07998E-1 1.0789E-1 1.56207E-2 1.52018E-2 1.85989E-2 2.28242E-2 2.18402E-2 2.38542E-2 2.40986E-2 2.2358E-2 2.23249E-2 2.49706E-2 2.90632E-2 2.70193E-2 2.80547E-2 3.37986E-2 3.43406E-2 2.94478E-2 3.41125E-2 3.08001E-2 2.48711E-2 1.06131E-1 9.51865E-2 7.4247E-2 7.83663E-2 8.17631E-2 9.9498E-2 1.74693E-1 1.72717E-1 1.09246E-1 9.99614E-2 1.23751E-1 1.01576E-1 7.05152E-2 7.60857E-2 8.59157E-2 1.05836E-1 8.26123E-2 1.083E-1 1.17108E-1 5.87686E-2 9.39578E-2 8.38176E-2 8.86457E-2 1.02432E-1 6.42779E-2 8.56017E-2 9.26162E-2 1.17931E-1 2.66524E-1 4.06926E-1 2.17238E-1 2.66445E-1
7.48387E-2 2.52317E-1 1.82951E-1 2.64942E-2 9.02942E-3 4.23957E-3 1.69458E-2 1.86179E-2 7.24164E-3 1.35643E-1 2.11247E-1 2.06615E-1 1.64396E-1 1.58913E-1 1.47876E-2 1.49372E-2 1.69953E-2 2.05923E-2 2.07348E-2 2.05607E-2 2.39751E-2 2.31986E-2 2.17701E-2 2.42847E-2 3.09743E-2 2.834E-2 2.7454E-2 3.24876E-2 3.66578E-2 3.71338E-2 3.72088E-2 3.49623E-2 1.74277E-1 1.33304E-1 8.41649E-2 8.98155E-2 1.10215E-1 5.59415E-2 6.0426E-2 1.46855E-1 1.4237E-1 1.24676E-1 2.49468E-1 1.1025E-1 6.29282E-2 1.06801E-1 9.5662E-2 1.14936E-1 1.0471E-1 9.9547E-2 1.13066E-1 1.03128E-1 1.18702E-1 1.60542E-1 1.63576E-1 9.96598E-2 8.03475E-2 1.25033E-1 1.15924E-1 1.09031E-1 1.40981E-1 1.84647E-1 4.90666E-1 2.02498E-1 3.5112E-1
4.99377E-2 1.3987E-1 2.45966E-1 2.5226E-2 8.62401E-3 1.12593E-2 1.23148E-2 1.47691E-2 1.99346E-2 1.45811E-2 1.81492E-1 1.76171E-1 1.48809E-1 1.50353E-1 2.53782E-3 5.75184E-3 1.50702E-2 1.87621E-2 1.98098E-2 2.07716E-2 2.18598E-2 1.97165E-2 1.91416E-2 2.27689E-2 2.95516E-2 2.90779E-2 2.76835E-2 3.08605E-2 3.25731E-2 3.43851E-2 3.79139E-2 1.83208E-1 1.87489E-1 1.5745E-1 1.06162E-1 8.87918E-2 1.02393E-1 1.40041E-1 6.99476E-2 1.37783E-1 1.24783E-1 3.21392E-2 6.53805E-2 2.39491E-1 1.51936E-1 1.25195E-1 1.40948E-1 1.21143E-1 1.43448E-1 1.68682E-1 1.36974E-1 1.38419E-1 1.65327E-1 1.69378E-1 2.08645E-1 1.76272E-1 1.98637E-1 1.90697E-1 1.2998E-1 6.06137E-2 1.78975E-1 2.51676E-1 3.62894E-1 1.96614E-1 3.02295E-1
5.38503E-2 7.13282E-2 1.45407E-2 7.75156E-3 9.44034E-3 1.52016E-1 8.90394E-2 9.08798E-3 1.31779E-2 1.74185E-2 4.58237E-2 3.95281E-2 3.39963E-2 3.65865E-2 6.14825E-3 2.43528E-3 6.18038E-3 1.92706E-2 1.93007E-2 1.6645E-2 2.0005E-2 1.9573E-2 1.78378E-2 1.95729E-2 2.45704E-2 2.97684E-2 2.68969E-2 2.93957E-2 3.15947E-2 3.34376E-2 3.87931E-2 1.90736E-1 1.77158E-1 1.2458E-1 1.04884E-1 9.0629E-2 8.68846E-2 1.03606E-1 9.53422E-2 3.23813E-1 1.34131E-1 6.76059E-2 6.06507E-2 1.40793E-1 1.64031E-1 1.12118E-1 1.67911E-1 1.54205E-1 2.35645E-1 1.09681E-1 1.35141E-1 1.37824E-1 1.57039E-1 1.88949E-1 2.21593E-1 2.27356E-1 1.89949E-1 1.98451E-1 7.88369E-2 7.2828E-2 1.74114E-1 1.99184E-1 4.02937E-1 2.15954E-1 2.61231E-1
6.57287E-2 5.5135E-2 2.32357E-2 1.03866E-2 4.11984E-2 9.35493E-2 1.06847E-1 8.63837E-3 1.05303E-2 1.76029E-2 1.35926E-2 1.47359E-2 1.45866E-2 1.05154E-2 1.35407E-2 6.10209E-3 5.65846E-3 4.8781E-3 1.43627E-2 1.30632E-2 1.47696E-2 1.53726E-2 1.7002E-2 1.82993E-2 2.17141E-2 2.30305E-2 2.49847E-2 2.92239E-2 3.07619E-2 3.33757E-2 3.5214E-2 1.63961E-1 1.95828E-1 1.50285E-1 8.19438E-2 8.75148E-2 9.69184E-2 1.06713E-1 1.10408E-1 1.21503E-1 1.25511E-1 1.55758E-1 1.61396E-1 5.95075E-2 1.80335E-1 1.24165E-1 1.50193E-1 1.66643E-1 1.73362E-1 1.46072E-1 1.52062E-1 1.62771E-1 1.76383E-1 2.03484E-1 1.58254E-1 1.49469E-1 2.82607E-1 1.6112E-1 1.54469E-1 1.5179E-1 2.43108E-1 2.11119E-1 2.74241E-1 2.16729E-1 2.7191E-1
7.97727E-2 8.86824E-2 3.21024E-2 1.04797E-2 3.45174E-3 8.80338E-2 8.17361E-2 3.74909E-3 6.72634E-3 5.54953E-3 1.02431E-2 1.03258E-2 1.56723E-2 1.3078E-2 1.22267E-2 1.62721E-2 1.61851E-2 1.5203E-2 1.21053E-2 1.14232E-2 1.12614E-2 1.25457E-2 1.63647E-2 2.01177E-2 2.42339E-2 1.62112E-2 2.04455E-2 2.9376E-2 2.89642E-2 3.09886E-2 3.17981E-2 1.48801E-1 2.01094E-1 3.8254E-1 8.98553E-2 9.28331E-2 8.67387E-2 1.17489E-1 1.33969E-1 1.08005E-1 9.16053E-2 1.6302E-1 1.57405E-1 1.26795E-1 1.13593E-1 1.71701E-1 1.5908E-1 1.71227E-1 1.60015E-1 8.837E-2 8.64067E-2 1.46229E-1 1.60597E-1 1.62772E-1 1.25641E-1 1.66632E-1 2.00501E-1 2.38498E-1 2.31538E-1 2.51336E-1 2.87942E-1 2.51532E-1 1.75515E-1 2.4731E-1 2.16867E-1
1.16147E-1 1.31408E-1 5.4719E-2 1.65378E-2 7.11161E-3 7.94972E-2 7.79438E-2 4.09884E-2 3.45239E-3 4.89944E-3 3.68859E-3 7.13989E-3 8.66337E-3 9.70605E-3 8.36523E-3 2.09075E-3 6.1257E-3 1.30401E-2 6.45968E-3 7.1059E-3 4.44121E-3 1.39276E-2 1.52785E-2 1.76665E-2 2.14471E-2 1.65677E-2 1.73294E-2 2.7073E-2 2.87884E-2 2.93986E-2 3.09347E-2 1.4679E-1 1.88181E-1 1.95362E-1 1.46101E-1 7.76687E-2 6.89725E-2 1.12996E-1 1.25702E-1 1.07575E-1 9.169E-2 8.36671E-2 2.18749E-1 1.9098E-1 2.2337E-1 1.19333E-1 1.29019E-1 1.85974E-1 1.93231E-1 5.97213E-2 1.31191E-1 1.6743E-1 1.98055E-1 1.58547E-1 1.75621E-1 1.95053E-1 8.86518E-2 2.02537E-1 3.33981E-1 2.10881E-1 1.91631E-1 1.48456E-1 2.81466E-1 2.02305E-1 2.65153E-1
1.03125E-1 1.4639E-1 7.91957E-2 3.75708E-2 3.82721E-2 6.74943E-2 8.58154E-2 3.73113E-2 2.83431E-3 4.66577E-3 1.16778E-2 2.13848E-2 6.42344E-3 2.71834E-3 4.59634E-3 7.5019E-4 5.70284E-3 8.42838E-3 7.05729E-3 7.94184E-3 4.45642E-3 5.81257E-3 1.61659E-2 1.76905E-2 1.79471E-2 1.80458E-2 1.74706E-2 2.40025E-2 2.76291E-2 2.71946E-2 2.88001E-2 2.9816E-2 1.67508E-1 1.73181E-1 1.31075E-1 9.91911E-2 6.73948E-2 9.1975E-2 1.18537E-1 1.57171E-1 8.37689E-2 5.18715E-2 1.02077E-1 1.6899E-1 1.03908E-1 2.37316E-1 1.07879E-1 3.28606E-1 1.26418E-1 6.84434E-2 1.68254E-1 1.63683E-1 1.78798E-1 1.74153E-1 1.53341E-1 1.20621E-1 8.75127E-2 2.24095E-1 3.24292E-1 1.37157E-1 1.31662E-1 1.57272E-1 2.48689E-1 2.47746E-1 2.12908E-1
8.50625E-2 1.03888E-1 6.80531E-2 9.91065E-2 5.73024E-2 8.93085E-2 1.15391E-1 5.86719E-2 3.63211E-2 4.23193E-3 5.15704E-2 5.66145E-2 1.48673E-2 5.07257E-3 3.60625E-3 1.68302E-3 5.91298E-3 1.06151E-2 4.66677E-3 1.26939E-2 1.36396E-2 1.47649E-2 1.99541E-2 1.67223E-2 1.80117E-2 1.76795E-2 1.90314E-2 2.17336E-2 2.51824E-2 2.57514E-2 2.62215E-2 2.70948E-2 1.44534E-1 2.58081E-1 1.21096E-1 1.03684E-1 7.1522E-2 1.04113E-1 1.11347E-1 1.01943E-1 4.89266E-2 9.42477E-2 1.39815E-1 1.50869E-1 1.02306E-1 1.72648E-1 3.57501E-1 1.56678E-1 2.76145E-1 1.5804E-1 1.12702E-1 1.70877E-1 1.41681E-1 1.71959E-1 1.11241E-1 1.6019E-1 1.83441E-1 1.4444E-1 1.97898E-1 2.38586E-1 2.2617E-1 1.74106E-1 1.74288E-1 1.56191E-1 2.29743E-1
1.07435E-1 7.34893E-2 6.28942E-2 5.34312E-2 1.17906E-1 1.58629E-1 8.78383E-2 3.55541E-2 3.2163E-2 4.06269E-3 2.87829E-2 4.98952E-2 1.33702E-2 5.8655E-3 3.91965E-3 1.7755E-3 8.67968E-4 1.98271E-3 2.68569E-3 1.40926E-2 1.51884E-2 1.50083E-2 1.49303E-2 1.52595E-2 1.7077E-2 1.66594E-2 1.78218E-2 2.01272E-2 2.24705E-2 2.40024E-2 2.38485E-2 2.48451E-2 1.26649E-1 1.0624E-1 9.81598E-2 8.09347E-2 6.37046E-2 9.94456E-2 1.0267E-1 6.9017E-2 6.94425E-2 1.07304E-1 8.74298E-2 6.05955E-2 7.26262E-2 6.9194E-2 1.14065E-1 1.97858E-1 1.14097E-1 4.48035E-1 2.40391E-1 1.14028E-1 2.4396E-1 2.64421E-1 1.6862E-1 2.87557E-1 2.29733E-1 2.93796E-1 1.81105E-1 2.56368E-1 4.28466E-1 2.73438E-1 1.28686E-1 2.06124E-1 2.30568E-1
4.7143E-2 4.29573E-2 4.721E-2 6.37016E-2 4.29262E-2 7.55276E-3 1.04901E-1 4.04298E-2 3.28184E-2 1.37202E-2 1.21477E-2 4.93922E-2 3.0144E-2 7.903E-3 1.87281E-3 5.44623E-3 7.30348E-3 4.71104E-3 4.59901E-3 6.44853E-3 1.49751E-2 1.58864E-2 1.38437E-2 1.40459E-2 1.52988E-2 1.52301E-2 1.65319E-2 7.57582E-3 3.80271E-3 4.16342E-3 2.11737E-2 2.24633E-2 1.13852E-1 1.17309E-1 1.77623E-1 7.15947E-2 6.6933E-2 1.13559E-1 1.20218E-1 8.51652E-2 4.54818E-2 1.0798E-1 7.82042E-2 9.61191E-2 4.46452E-2 7.26441E-2 1.01137E-1 1.27132E-1 1.74358E-1 2.20811E-1 1.15376E-1 1.77441E-1 2.92305E-1 1.69411E-1 2.2232E-1 4.09308E-1 2.89782E-1 5.50013E-1 2.4252E-1 1.82295E-1 3.86061E-1 3.05207E-1 2.12297E-1 3.34466E-1 2.37406E-1
4.43375E-2 3.84122E-2 2.94456E-2 3.40478E-2 3.84634E-2 3.24121E-2 6.66743E-3 8.67071E-2 5.05197E-2 5.89734E-2 4.95032E-3 4.84844E-3 1.51086E-2 2.32839E-3 8.61914E-4 5.67142E-3 4.98514E-3 4.40323E-3 4.63988E-3 4.5565E-3 8.33785E-3 1.43058E-2 1.32688E-2 1.30498E-2 1.40326E-2 1.47917E-2 1.51519E-2 6.76079E-3 3.45635E-3 1.93379E-2 1.90539E-2 2.06418E-2 1.01149E-1 1.09708E-1 1.06024E-1 7.65755E-2 7.62057E-2 7.70801E-2 1.01161E-1 4.76378E-2 4.03107E-2 5.22561E-2 7.43333E-2 2.35811E-2 1.10109E-1 8.70669E-2 2.0568E-1 2.16717E-1 1.67821E-1 1.35411E-1 2.052E-1 2.24488E-1 4.30258E-1 1.94002E-1 1.92084E-1 3.12929E-1 2.42944E-1 2.85492E-1 3.12275E-1 5.59491E-1 4.38538E-1 2.09633E-1 1.77369E-1 3.18471E-1 3.28012E-1
4.06942E-2 7.24776E-2 3.07239E-2 2.05752E-2 3.11562E-2 1.37727E-2 5.07423E-4 2.015E-2 7.85194E-2 5.12232E-2 3.37932E-2 5.68893E-3 4.3163E-3 2.21279E-3 9.38964E-4 7.38559E-3 5.37509E-3 4.80666E-3 4.52192E-3 4.38827E-3 6.31054E-3 8.85682E-3 1.34602E-2 1.19791E-2 1.29572E-2 1.41287E-2 1.53729E-2 6.21378E-3 3.13262E-3 3.54609E-3 1.88459E-2 1.88441E-2 9.15606E-2 9.98478E-2 1.0093E-1 8.02201E-2 7.5932E-2 7.5251E-2 8.88002E-2 7.59593E-2 8.95542E-2 1.04734E-1 1.04472E-1 6.98031E-2 6.33086E-2 6.49789E-2 1.54746E-1 1.32931E-1 1.64163E-1 2.12768E-1 2.15073E-1 2.66903E-1 3.82105E-1 3.05897E-1 1.53445E-1 3.04039E-1 9.41768E-2 3.17737E-1 3.44201E-1 3.2725E-1 4.52515E-1 1.96068E-1 3.15892E-1 3.45301E-1 5.86017E-1
2.32001E-2 2.69401E-2 2.5733E-2 2.19734E-2 3.35742E-2 1.12681E-2 6.13812E-4 4.11426E-3 1.11049E-2 5.18392E-2 5.30275E-2 4.09745E-2 1.47223E-2 3.67976E-3 2.13644E-3 5.62336E-3 5.26164E-3 5.40115E-3 4.46556E-3 4.13975E-3 3.91476E-3 3.7593E-3 1.11436E-2 1.177E-2 1.24686E-2 1.30269E-2 5.893E-3 5.55014E-3 2.71944E-3 1.67343E-2 1.81064E-2 1.75344E-2 8.61508E-2 9.14584E-2 8.88039E-2 9.08508E-2 8.41648E-2 6.51617E-2 7.80427E-2 7.64923E-2 9.85769E-2 1.0493E-1 1.25902E-1 1.09394E-1 8.02716E-2 7.74186E-2 9.56157E-2 9.51585E-2 1.23428E-1 1.84041E-1 2.13489E-1 3.5531E-1 1.97511E-1 2.16957E-1 1.79726E-1 5.8671E-1 1.57101E-1 1.21356E-1 4.53464E-1 1.38177E-1 4.96452E-1 4.28493E-1 3.34386E-1 4.51203E-1 5.04939E-1
2.42514E-2 2.42721E-2 2.55688E-2 2.28467E-2 1.94784E-2 1.62241E-2 8.1463E-3 4.57215E-3 2.57192E-3 5.0756E-2 6.6943E-2 5.26777E-2 6.18536E-2 2.6557E-2 3.35272E-3 3.82262E-3 4.96275E-3 5.7586E-3 4.99288E-3 3.7644E-3 3.4772E-3 3.35453E-3 3.34193E-3 1.16946E-2 1.22085E-2 1.18257E-2 1.28792E-2 1.04408E-2 5.04879E-3 1.46736E-2 1.50554E-2 1.49016E-2 7.67255E-2 8.41363E-2 8.40343E-2 8.67648E-2 6.17012E-2 8.13959E-2 7.77326E-2 5.21021E-2 5.72607E-2 4.81709E-2 1.20282E-1 1.19225E-1 6.5029E-2 8.76831E-2 1.83651E-1 1.00365E-1 1.47441E-1 1.3153E-1 1.52663E-1 2.26891E-1 2.08705E-1 1.93073E-1 1.57772E-1 1.81371E-1 1.98655E-1 1.70377E-1 2.65026E-1 1.63663E-1 2.84183E-1 4.27457E-1 4.25214E-1 4.54187E-1 5.07293E-1
1.12689E-2 2.51507E-2 2.39967E-2 2.21761E-2 2.19785E-2 2.77803E-2 1.07752E-2 2.13602E-2 1.86602E-2 1.18619E-2 5.81454E-2 4.75674E-2 5.62256E-2 5.65882E-2 2.52402E-3 3.07434E-3 5.05304E-3 8.21843E-3 6.23356E-3 4.3031E-3 3.39642E-3 3.12018E-3 3.21326E-3 5.09722E-3 1.12794E-2 1.01217E-2 1.02431E-2 1.03674E-2 1.06232E-2 4.88791E-3 4.95548E-3 2.55598E-3 6.69864E-2 7.59355E-2 9.07274E-2 7.55583E-2 4.29663E-2 5.76076E-2 8.48613E-2 5.00438E-2 4.95772E-2 9.4188E-2 1.7305E-1 8.70249E-2 8.5074E-2 1.62744E-1 1.55801E-1 8.14776E-2 1.46664E-1 1.50086E-1 9.90854E-2 1.90368E-1 1.88294E-1 2.56065E-1 1.65832E-1 1.84723E-1 1.706E-1 1.96634E-1 2.95074E-1 1.74835E-1 2.04396E-1 3.59213E-1 6.53884E-1 6.79794E-1 5.38099E-1
6.30863E-3 1.86775E-2 2.05904E-2 2.26002E-2 2.26484E-2 2.2048E-2 4.59266E-2 3.51346E-2 8.67844E-3 3.59617E-3 5.83018E-2 4.09418E-2 3.64595E-2 2.934E-2 3.48432E-3 3.99646E-3 7.37885E-3 5.43426E-3 5.21507E-3 5.11898E-3 4.13604E-3 3.85246E-3 3.26563E-3 2.97856E-3 4.77209E-3 8.83981E-3 8.97966E-3 9.69867E-3 9.59089E-3 4.40812E-3 2.01836E-3 2.15446E-3 5.62759E-2 6.75231E-2 8.09714E-2 7.81053E-2 5.48111E-2 5.7263E-2 7.76717E-2 6.32684E-2 5.95654E-2 8.36986E-2 9.28001E-2 9.43161E-2 1.68307E-1 1.43945E-1 1.2309E-1 1.08828E-1 2.61332E-1 7.72819E-2 2.62516E-1 1.69735E-1 1.78687E-1 1.43488E-1 7.72452E-2 1.87884E-1 1.9148E-1 2.01929E-1 2.52317E-1 2.17286E-1 1.9915E-1 2.25325E-1 4.05027E-1 4.5863E-1 4.54492E-1
1.10095E-2 1.03469E-2 1.72795E-2 2.53825E-2 4.25839E-2 3.14758E-2 4.5619E-2 3.97531E-2 2.00361E-2 3.17963E-3 1.54714E-2 5.17324E-2 3.30223E-2 3.82675E-2 1.18194E-2 3.65552E-3 4.45731E-3 4.60982E-3 3.77658E-3 4.12218E-3 4.41885E-3 1.61876E-3 3.39522E-3 2.9057E-3 2.75657E-3 4.23765E-3 8.03931E-3 8.36887E-3 9.03353E-3 3.65809E-3 1.84877E-3 4.2838E-3 1.04057E-2 5.6298E-2 6.7458E-2 7.23215E-2 7.05284E-2 5.14454E-2 5.71415E-2 7.49674E-2 8.08495E-2 9.12973E-2 8.39345E-2 3.45896E-2 8.51689E-2 1.47046E-1 1.02661E-1 1.25452E-1 9.65785E-2 1.58792E-1 2.03009E-1 1.60275E-1 7.61918E-2 1.81651E-1 1.04532E-1 1.63155E-1 1.66515E-1 1.91152E-1 2.36024E-1 2.48952E-1 2.06841E-1 2.12598E-1 4.24271E-1 7.41064E-1 4.82179E-1
1.11185E-2 8.23845E-3 2.48777E-2 2.77998E-2 3.43612E-2 2.95389E-2 1.81627E-2 1.18306E-2 8.6469E-3 3.84602E-3 1.19494E-2 6.06523E-2 4.0672E-2 3.73E-2 2.36244E-2 2.2032E-3 8.29804E-3 2.44078E-3 2.82302E-3 3.48987E-3 4.43163E-3 3.76563E-3 3.45164E-3 2.79604E-3 2.5003E-3 2.49353E-3 4.10858E-3 7.63869E-3 7.91312E-3 6.75281E-3 3.2179E-3 8.78186E-3 8.89626E-3 4.59387E-2 5.41257E-2 6.49548E-2 7.73857E-2 4.96452E-2 4.1886E-2 5.74331E-2 5.7671E-2 7.3913E-2 8.75498E-2 6.31712E-2 3.24003E-2 8.09246E-2 5.36375E-2 9.54395E-2 5.00513E-2 1.13228E-1 1.80479E-1 2.16451E-1 1.17922E-1 2.3152E-1 3.16273E-1 8.97588E-2 1.01143E-1 1.37246E-1 2.01504E-1 2.04317E-1 2.14627E-1 3.30569E-1 3.76767E-1 6.66505E-1 5.08542E-1
-9999 1.57788E-2 1.71687E-2 2.75649E-2 3.60753E-2 3.25738E-2 3.06512E-2 3.31421E-2 7.4339E-3 6.24749E-3 3.15568E-3 8.59476E-2 5.30497E-2 4.43738E-2 1.43243E-2 4.29491E-3 3.86256E-3 4.27862E-3 1.85666E-3 1.66735E-3 1.50631E-3 7.97972E-4 3.30764E-3 2.8777E-3 2.40897E-3 2.27066E-3 2.8243E-3 6.4806E-3 6.65536E-3 6.94944E-3 6.21871E-3 7.24607E-3 7.34716E-3 3.78357E-2 4.67791E-2 5.69375E-2 6.4541E-2 4.68159E-2 3.78843E-2 4.16839E-2 4.30408E-2 5.00547E-2 7.36742E-2 8.85882E-2 9.94952E-2 1.2961E-1 1.52325E-1 5.86696E-2 6.16691E-2 1.21E-1 1.70805E-1 2.90422E-1 4.33053E-1 1.73268E-1 1.98262E-1 1.26441E-1 1.07056E-1 1.50823E-1 1.92325E-1 1.41922E-1 2.58244E-1 2.2024E-1 3.60537E-1 4.90311E-1 7.39812E-1
