layers/maxent/tupi_old.asc
ncols         638
nrows         825
xllcorner     -2985163.8955
yllcorner     -3022031.214
cellsize      10000.0
NODATA_value  -9999
[rows 377 to 405 of 825, columns 455 to 519 of 638]
5.12839E-1 5.12697E-1 5.01623E-1 5.1506E-1 5.02383E-1 5.35754E-1 4.79644E-1 5.55878E-1 5.84896E-1 5.896E-1 6.69866E-1 6.71468E-1 6.88891E-1 6.81438E-1 7.26766E-1 7.3032E-1 7.29018E-1 7.52519E-1 7.57308E-1 7.5809E-1 7.54695E-1 7.66131E-1 7.86833E-1 8.03363E-1 7.90786E-1 7.82539E-1 7.81248E-1 7.70413E-1 7.64345E-1 7.47539E-1 7.29666E-1 7.24294E-1 7.00541E-1 6.98035E-1 6.91152E-1 7.04134E-1 7.10695E-1 6.97819E-1 6.88766E-1 6.84415E-1 6.85803E-1 6.85808E-1 6.96155E-1 7.07602E-1 8.12094E-1 9.3965E-1 9.88518E-1 9.98702E-1 -9999 -9999 -9999 -9999 -9999 -9999 -9999 -9999 -9999 -9999 -9999 -9999 -9999 -9999 -9999 -9999 -9999
5.29533E-1 5.40294E-1 5.24961E-1 5.21456E-1 5.49907E-1 5.19222E-1 5.00944E-1 5.46599E-1 6.02673E-1 6.25616E-1 6.69202E-1 6.63571E-1 6.90881E-1 6.67158E-1 7.17534E-1 7.37579E-1 7.42106E-1 7.49104E-1 7.56395E-1 7.55927E-1 7.54261E-1 7.74371E-1 7.9552E-1 7.92148E-1 7.8899E-1 7.90899E-1 7.78249E-1 7.71074E-1 7.52789E-1 7.36175E-1 7.36883E-1 7.13427E-1 7.06345E-1 7.03636E-1 6.98924E-1 7.01839E-1 7.07919E-1 6.9925E-1 6.92526E-1 6.84032E-1 6.80271E-1 6.77982E-1 6.86612E-1 6.96918E-1 8.48996E-1 9.65712E-1 9.95665E-1 9.97563E-1 -9999 -9999 -9999 -9999 -9999 -9999 -9999 -9999 -9999 -9999 -9999 -9999 -9999 -9999 -9999 -9999 -9999
5.46539E-1 5.55203E-1 5.592E-1 5.19762E-1 5.5922E-1 5.61983E-1 5.18918E-1 5.19554E-1 6.22559E-1 6.34951E-1 6.60527E-1 6.38723E-1 6.70289E-1 6.73229E-1 7.25963E-1 7.00359E-1 7.47559E-1 7.53066E-1 7.53941E-1 7.56071E-1 7.66482E-1 7.72929E-1 7.85125E-1 7.79146E-1 7.8554E-1 7.92666E-1 7.81459E-1 7.78983E-1 7.62704E-1 7.53123E-1 7.5422E-1 7.48719E-1 7.43712E-1 7.28893E-1 7.18107E-1 7.10076E-1 7.11098E-1 6.92047E-1 6.85216E-1 6.80028E-1 6.80241E-1 7.69133E-1 6.99214E-1 7.95417E-1 9.21484E-1 9.90964E-1 9.85184E-1 9.89371E-1 -9999 -9999 -9999 -9999 -9999 -9999 -9999 -9999 -9999 -9999 -9999 -9999 -9999 -9999 -9999 -9999 -9999
5.57135E-1 5.67527E-1 5.78688E-1 5.54166E-1 5.86985E-1 6.00102E-1 5.86305E-1 4.13708E-1 5.95032E-1 6.22624E-1 6.21603E-1 6.43952E-1 6.31432E-1 6.96928E-1 6.90312E-1 7.30812E-1 7.47629E-1 7.48576E-1 7.49707E-1 7.6037E-1 7.64263E-1 7.74008E-1 7.84965E-1 7.85674E-1 7.99387E-1 7.87937E-1 7.7775E-1 7.54759E-1 7.66933E-1 7.571E-1 7.67953E-1 7.67643E-1 7.49704E-1 7.34385E-1 7.28404E-1 7.18635E-1 7.07572E-1 6.95736E-1 6.8464E-1 6.78284E-1 6.77329E-1 7.49592E-1 7.33104E-1 8.43661E-1 9.52539E-1 9.94066E-1 -9999 -9999 -9999 -9999 -9999 -9999 -9999 -9999 -9999 -9999 -9999 -9999 -9999 -9999 -9999 -9999 -9999 -9999 -9999
5.5277E-1 5.91492E-1 5.88048E-1 5.80609E-1 6.23612E-1 6.12637E-1 5.66796E-1 3.65163E-1 5.07336E-1 6.05074E-1 6.07145E-1 6.77508E-1 6.52033E-1 6.4029E-1 7.30177E-1 7.31628E-1 7.23397E-1 7.54608E-1 7.36939E-1 7.34247E-1 7.75854E-1 7.80479E-1 7.7874E-1 7.9608E-1 7.93666E-1 7.93902E-1 7.91218E-1 7.45188E-1 7.63542E-1 7.63915E-1 7.51708E-1 7.4077E-1 7.37481E-1 7.25545E-1 7.30395E-1 7.19628E-1 7.09251E-1 7.00466E-1 6.93947E-1 6.79819E-1 6.74334E-1 6.80265E-1 7.35184E-1 8.69542E-1 9.6633E-1 9.94178E-1 -9999 -9999 -9999 -9999 -9999 -9999 -9999 -9999 -9999 -9999 -9999 -9999 -9999 -9999 -9999 -9999 -9999 -9999 -9999
5.55436E-1 5.98183E-1 6.00003E-1 5.98701E-1 6.07442E-1 5.95074E-1 5.77386E-1 4.60653E-1 4.25527E-1 5.84033E-1 6.42862E-1 6.52602E-1 6.81947E-1 7.01568E-1 6.3675E-1 7.31496E-1 7.38013E-1 7.31449E-1 7.46633E-1 7.53646E-1 7.73465E-1 7.77099E-1 7.94796E-1 7.96082E-1 7.95373E-1 7.92726E-1 7.93037E-1 7.80666E-1 7.44419E-1 7.68783E-1 7.4368E-1 7.23186E-1 7.18918E-1 7.10275E-1 7.11505E-1 7.07414E-1 7.01682E-1 6.90007E-1 6.85604E-1 6.78364E-1 6.75876E-1 6.75705E-1 7.22235E-1 8.44121E-1 9.31381E-1 9.8947E-1 4.39554E-1 -9999 -9999 -9999 -9999 -9999 -9999 -9999 -9999 -9999 -9999 -9999 -9999 -9999 -9999 -9999 -9999 -9999 -9999
5.62884E-1 6.02594E-1 6.21513E-1 6.12271E-1 5.96249E-1 5.81018E-1 6.25436E-1 6.22286E-1 5.02213E-1 5.79567E-1 6.46649E-1 6.66731E-1 6.90332E-1 6.9579E-1 7.01168E-1 6.91732E-1 7.19892E-1 7.58327E-1 7.51978E-1 7.6012E-1 7.67372E-1 7.81703E-1 7.88018E-1 7.92021E-1 7.85441E-1 7.81248E-1 7.83701E-1 7.82945E-1 7.3814E-1 7.56558E-1 7.48198E-1 7.4361E-1 7.24046E-1 6.95512E-1 7.0694E-1 7.02572E-1 6.98639E-1 6.9068E-1 6.87088E-1 6.87216E-1 6.81431E-1 6.75836E-1 7.54807E-1 8.56973E-1 9.2786E-1 9.87545E-1 3.37104E-1 -9999 -9999 -9999 -9999 -9999 -9999 -9999 -9999 -9999 -9999 -9999 -9999 -9999 -9999 -9999 -9999 -9999 -9999
6.08981E-1 6.25577E-1 6.38704E-1 6.35565E-1 6.22305E-1 6.32685E-1 6.54938E-1 6.0853E-1 4.56851E-1 6.046E-1 6.03555E-1 6.69677E-1 6.77909E-1 7.14704E-1 6.51643E-1 6.43276E-1 6.2645E-1 6.86341E-1 7.53911E-1 7.66593E-1 7.71118E-1 7.73723E-1 7.70515E-1 7.68893E-1 7.68791E-1 7.75283E-1 7.82592E-1 7.78564E-1 7.69778E-1 7.53486E-1 7.56725E-1 7.41133E-1 7.12529E-1 7.11209E-1 7.18905E-1 7.12426E-1 6.99687E-1 6.96034E-1 6.87818E-1 6.85934E-1 6.8306E-1 7.37029E-1 8.4853E-1 9.23632E-1 9.70742E-1 9.92128E-1 4.76724E-1 -9999 -9999 -9999 -9999 -9999 -9999 -9999 -9999 -9999 -9999 -9999 -9999 -9999 -9999 -9999 -9999 -9999 -9999
6.23426E-1 6.29528E-1 6.4571E-1 6.70088E-1 6.36522E-1 6.38392E-1 6.49492E-1 4.71887E-1 3.71171E-1 6.13909E-1 6.52387E-1 6.76214E-1 6.88781E-1 7.03014E-1 6.29328E-1 5.96975E-1 6.13201E-1 6.57901E-1 7.61857E-1 7.69026E-1 7.66881E-1 7.58382E-1 7.5368E-1 7.39382E-1 7.47277E-1 7.80394E-1 7.74622E-1 7.70262E-1 7.80085E-1 7.58854E-1 7.56891E-1 7.45133E-1 7.30344E-1 7.14598E-1 7.05832E-1 7.12716E-1 7.02871E-1 7.05121E-1 6.92239E-1 6.87427E-1 6.90095E-1 7.88154E-1 8.83215E-1 9.44766E-1 9.78978E-1 9.92751E-1 4.66791E-1 -9999 -9999 -9999 -9999 -9999 -9999 -9999 -9999 -9999 -9999 -9999 -9999 -9999 -9999 -9999 -9999 -9999 -9999
6.55558E-1 6.20051E-1 6.4555E-1 6.56024E-1 6.75587E-1 6.75938E-1 6.46581E-1 4.50087E-1 5.7322E-1 6.81773E-1 6.58298E-1 6.77082E-1 6.83486E-1 7.00691E-1 6.69602E-1 6.34464E-1 6.6725E-1 7.45165E-1 7.59738E-1 7.22082E-1 7.54555E-1 7.57994E-1 7.44329E-1 7.52326E-1 7.61609E-1 7.72958E-1 7.65697E-1 7.50491E-1 7.55902E-1 7.37254E-1 7.52557E-1 7.42779E-1 7.38419E-1 7.16829E-1 7.09253E-1 7.13907E-1 6.98614E-1 6.97784E-1 6.93729E-1 6.89155E-1 6.96361E-1 7.99654E-1 8.95709E-1 9.5047E-1 9.78208E-1 9.92303E-1 5.09355E-1 -9999 -9999 -9999 -9999 -9999 -9999 -9999 -9999 -9999 -9999 -9999 -9999 -9999 -9999 -9999 -9999 -9999 -9999
6.75694E-1 6.24158E-1 6.64749E-1 6.67216E-1 6.789E-1 6.65164E-1 6.51485E-1 6.02401E-1 6.60425E-1 7.07258E-1 6.4371E-1 6.87442E-1 6.7521E-1 6.85198E-1 7.02316E-1 7.22617E-1 7.46806E-1 7.61033E-1 7.42495E-1 6.98658E-1 7.45466E-1 7.48884E-1 7.4438E-1 7.46443E-1 7.49188E-1 7.3989E-1 7.46735E-1 7.37971E-1 7.29462E-1 7.36807E-1 7.50076E-1 7.46927E-1 7.39279E-1 7.18309E-1 7.05684E-1 7.14591E-1 6.87996E-1 6.76524E-1 6.89679E-1 6.89584E-1 6.86131E-1 7.02121E-1 8.80013E-1 9.50597E-1 9.78656E-1 9.91948E-1 5.40889E-1 -9999 -9999 -9999 -9999 -9999 -9999 -9999 -9999 -9999 -9999 -9999 -9999 -9999 -9999 -9999 -9999 -9999 -9999
7.17943E-1 6.08999E-1 6.64673E-1 6.81464E-1 6.77853E-1 6.86931E-1 6.51649E-1 5.73339E-1 6.8658E-1 6.96676E-1 6.59415E-1 6.77666E-1 6.9849E-1 6.94519E-1 7.15525E-1 7.27826E-1 7.33319E-1 7.55112E-1 7.28053E-1 7.25369E-1 7.4059E-1 7.39513E-1 7.22052E-1 7.06552E-1 7.28429E-1 7.27125E-1 7.39323E-1 7.43525E-1 7.39191E-1 7.52796E-1 7.56917E-1 7.51917E-1 7.27329E-1 7.02814E-1 6.88966E-1 7.00307E-1 6.79769E-1 6.72489E-1 6.92264E-1 6.95635E-1 6.89042E-1 6.82026E-1 8.79715E-1 9.55682E-1 9.82174E-1 9.90052E-1 4.7735E-1 -9999 -9999 -9999 -9999 -9999 -9999 -9999 -9999 -9999 -9999 -9999 -9999 -9999 -9999 -9999 -9999 -9999 -9999
7.19689E-1 6.45514E-1 6.09183E-1 6.6144E-1 6.75407E-1 6.49791E-1 5.31197E-1 5.27736E-1 6.70023E-1 7.02684E-1 6.92804E-1 6.43303E-1 7.19808E-1 7.17717E-1 6.53979E-1 6.76973E-1 7.42241E-1 7.4448E-1 7.2025E-1 7.1041E-1 7.35954E-1 7.34001E-1 7.06265E-1 7.24655E-1 7.41927E-1 7.51547E-1 7.54002E-1 7.51938E-1 7.61703E-1 7.65894E-1 7.67401E-1 7.65974E-1 7.51933E-1 7.24518E-1 7.0392E-1 6.97201E-1 6.80918E-1 6.851E-1 6.96039E-1 6.96965E-1 6.8921E-1 6.77158E-1 9.41721E-1 9.83332E-1 9.91918E-1 9.75673E-1 3.5326E-1 -9999 -9999 -9999 -9999 -9999 -9999 -9999 -9999 -9999 -9999 -9999 -9999 -9999 -9999 -9999 -9999 -9999 -9999
7.40199E-1 7.07135E-1 5.73335E-1 6.19966E-1 6.78786E-1 6.56651E-1 5.51642E-1 5.07854E-1 6.10208E-1 6.50683E-1 6.33477E-1 6.60198E-1 7.09468E-1 7.19675E-1 6.30666E-1 6.99824E-1 7.47122E-1 7.46585E-1 7.3261E-1 7.36876E-1 7.32542E-1 7.34217E-1 6.76088E-1 7.19834E-1 7.50697E-1 7.4577E-1 7.50413E-1 7.7052E-1 7.6935E-1 7.64903E-1 7.65892E-1 7.41624E-1 7.37203E-1 7.24519E-1 7.10666E-1 6.98223E-1 6.83972E-1 6.96352E-1 6.96429E-1 6.9696E-1 6.96767E-1 7.18248E-1 9.74307E-1 9.93474E-1 9.84724E-1 9.83925E-1 -9999 -9999 -9999 -9999 -9999 -9999 -9999 -9999 -9999 -9999 -9999 -9999 -9999 -9999 -9999 -9999 -9999 -9999 -9999
7.40842E-1 7.15365E-1 5.22901E-1 5.22571E-1 6.70898E-1 5.35507E-1 5.07995E-1 5.81266E-1 6.67875E-1 7.09705E-1 6.82676E-1 7.00742E-1 6.70062E-1 7.0186E-1 6.5109E-1 7.26371E-1 7.47898E-1 7.37734E-1 7.41647E-1 7.3612E-1 7.26422E-1 7.18411E-1 6.97712E-1 7.13896E-1 7.35004E-1 7.48837E-1 7.7043E-1 7.66257E-1 7.66448E-1 7.64544E-1 7.51065E-1 7.31174E-1 7.30936E-1 7.13371E-1 7.05341E-1 6.97011E-1 6.86863E-1 7.02735E-1 7.04015E-1 7.13086E-1 7.05357E-1 8.29453E-1 9.8881E-1 9.82391E-1 9.85164E-1 8.17374E-1 -9999 -9999 -9999 -9999 -9999 -9999 -9999 -9999 -9999 -9999 -9999 -9999 -9999 -9999 -9999 -9999 -9999 -9999 -9999
6.90717E-1 7.01664E-1 4.45089E-1 4.13342E-1 6.85327E-1 4.27082E-1 3.96953E-1 4.66436E-1 6.05605E-1 6.1217E-1 6.93842E-1 7.19073E-1 6.94445E-1 6.25952E-1 6.9213E-1 7.352E-1 7.49131E-1 7.06858E-1 7.24985E-1 7.23579E-1 7.33822E-1 7.08132E-1 6.80068E-1 7.21385E-1 7.40114E-1 7.69956E-1 7.53203E-1 7.5849E-1 7.68625E-1 7.53315E-1 7.40618E-1 7.27009E-1 7.09493E-1 7.00749E-1 6.94579E-1 6.91994E-1 6.8227E-1 6.79879E-1 7.2103E-1 7.22404E-1 7.89752E-1 9.56342E-1 9.94952E-1 9.65847E-1 -9999 -9999 -9999 -9999 -9999 -9999 -9999 -9999 -9999 -9999 -9999 -9999 -9999 -9999 -9999 -9999 -9999 -9999 -9999 -9999 -9999
5.87359E-1 7.31019E-1 4.48772E-1 2.97982E-1 6.88394E-1 5.44758E-1 2.9868E-1 2.44623E-1 5.36714E-1 6.06095E-1 6.55729E-1 7.13081E-1 7.10993E-1 6.20668E-1 7.31362E-1 7.41904E-1 7.45407E-1 7.41952E-1 7.22105E-1 7.15358E-1 7.22282E-1 6.75572E-1 6.83381E-1 7.33516E-1 7.38511E-1 7.66785E-1 7.55898E-1 7.53255E-1 7.58064E-1 7.23865E-1 7.23038E-1 7.22351E-1 7.03205E-1 7.03174E-1 6.67395E-1 6.89654E-1 6.92307E-1 6.48205E-1 7.20043E-1 7.54823E-1 9.75088E-1 9.90359E-1 9.80878E-1 -9999 -9999 -9999 -9999 -9999 -9999 -9999 -9999 -9999 -9999 -9999 -9999 -9999 -9999 -9999 -9999 -9999 -9999 -9999 -9999 -9999 -9999
5.88354E-1 7.28065E-1 5.34352E-1 3.03963E-1 6.67414E-1 6.25226E-1 3.29045E-1 5.01655E-1 6.12507E-1 6.8584E-1 6.63387E-1 7.12139E-1 7.05504E-1 7.02138E-1 7.41589E-1 7.39643E-1 7.47731E-1 7.50028E-1 7.22249E-1 7.1891E-1 6.99514E-1 6.71186E-1 7.07179E-1 7.46152E-1 7.25968E-1 7.53494E-1 7.33133E-1 7.35081E-1 7.32959E-1 6.99522E-1 6.99826E-1 7.10045E-1 7.02997E-1 7.07479E-1 6.71255E-1 6.78448E-1 6.68103E-1 6.56064E-1 7.45423E-1 9.1779E-1 9.89849E-1 -9999 -9999 -9999 -9999 -9999 -9999 -9999 -9999 -9999 -9999 -9999 -9999 -9999 -9999 -9999 -9999 -9999 -9999 -9999 -9999 -9999 -9999 -9999 -9999
5.02037E-1 6.70323E-1 5.64578E-1 3.66649E-1 5.58432E-1 5.47776E-1 3.77772E-1 5.06454E-1 5.55279E-1 6.42109E-1 6.69986E-1 7.20882E-1 7.00646E-1 7.36617E-1 7.163E-1 7.39375E-1 7.46998E-1 7.42221E-1 7.2114E-1 7.17688E-1 6.88692E-1 6.8505E-1 7.27513E-1 7.23662E-1 7.1202E-1 7.28928E-1 7.19831E-1 7.21775E-1 7.12835E-1 6.73503E-1 6.89136E-1 6.82249E-1 6.38725E-1 6.24397E-1 6.61053E-1 6.78833E-1 6.87759E-1 6.88451E-1 8.23857E-1 9.80792E-1 9.85893E-1 -9999 -9999 -9999 -9999 -9999 -9999 -9999 -9999 -9999 -9999 -9999 -9999 -9999 -9999 -9999 -9999 -9999 -9999 -9999 -9999 -9999 -9999 -9999 -9999
4.95096E-1 5.97645E-1 5.56314E-1 4.59714E-1 4.84867E-1 4.01551E-1 2.81949E-1 4.06253E-1 5.66275E-1 6.29295E-1 6.81606E-1 7.02495E-1 6.76245E-1 7.37071E-1 7.14685E-1 7.43198E-1 7.43883E-1 7.27966E-1 7.00761E-1 7.14931E-1 6.81025E-1 6.80527E-1 7.26441E-1 6.9686E-1 7.18819E-1 7.14797E-1 7.05096E-1 6.76883E-1 5.47756E-1 6.01947E-1 6.79844E-1 6.43158E-1 4.9445E-1 5.72568E-1 6.23225E-1 6.58284E-1 6.68254E-1 7.3934E-1 8.5836E-1 9.95396E-1 9.94809E-1 -9999 -9999 -9999 -9999 -9999 -9999 -9999 -9999 -9999 -9999 -9999 -9999 -9999 -9999 -9999 -9999 -9999 -9999 -9999 -9999 -9999 -9999 -9999 -9999
4.55239E-1 5.67635E-1 6.65837E-1 6.53079E-1 5.93212E-1 3.94404E-1 3.40816E-1 4.54838E-1 5.85571E-1 6.54507E-1 6.12369E-1 6.54229E-1 7.06784E-1 7.32622E-1 7.0848E-1 7.37505E-1 7.32182E-1 7.13419E-1 7.08395E-1 6.93636E-1 6.73369E-1 6.49223E-1 7.05439E-1 6.19424E-1 6.17298E-1 6.26775E-1 6.79524E-1 5.67417E-1 5.37229E-1 5.57634E-1 6.4541E-1 5.82444E-1 5.23487E-1 6.27329E-1 6.67139E-1 6.33171E-1 6.23514E-1 7.35254E-1 9.40847E-1 9.96298E-1 9.26307E-1 -9999 -9999 -9999 -9999 -9999 -9999 -9999 -9999 -9999 -9999 -9999 -9999 -9999 -9999 -9999 -9999 -9999 -9999 -9999 -9999 -9999 -9999 -9999 -9999
5.44868E-1 6.46947E-1 6.06967E-1 6.328E-1 6.43781E-1 4.72267E-1 4.07651E-1 5.24564E-1 5.49297E-1 6.18553E-1 6.4537E-1 6.67742E-1 7.11451E-1 6.88404E-1 6.93668E-1 7.37569E-1 7.15121E-1 6.82563E-1 6.92287E-1 6.7107E-1 6.46674E-1 5.18488E-1 6.88175E-1 2.18724E-1 3.22227E-1 5.94456E-1 6.62821E-1 6.21542E-1 6.28865E-1 6.24439E-1 5.37114E-1 5.24435E-1 5.91257E-1 6.62017E-1 6.80934E-1 6.83037E-1 6.37719E-1 9.16063E-1 9.95733E-1 9.89244E-1 8.09393E-1 -9999 -9999 -9999 -9999 -9999 -9999 -9999 -9999 -9999 -9999 -9999 -9999 -9999 -9999 -9999 -9999 -9999 -9999 -9999 -9999 -9999 -9999 -9999 -9999
5.85366E-1 6.11785E-1 5.461E-1 5.49072E-1 5.18926E-1 6.61178E-1 5.8408E-1 6.26277E-1 6.54132E-1 6.50606E-1 6.23034E-1 7.15163E-1 7.20866E-1 6.60936E-1 6.7527E-1 7.29157E-1 6.85678E-1 4.49235E-1 5.66318E-1 6.57504E-1 6.56553E-1 4.84348E-1 6.32996E-1 1.8235E-1 4.19212E-1 5.91688E-1 6.51836E-1 6.54056E-1 6.57369E-1 6.4183E-1 5.87236E-1 3.91453E-1 4.38806E-1 5.82253E-1 6.3796E-1 6.85643E-1 7.4641E-1 9.52133E-1 9.95811E-1 9.93748E-1 -9999 -9999 -9999 -9999 -9999 -9999 -9999 -9999 -9999 -9999 -9999 -9999 -9999 -9999 -9999 -9999 -9999 -9999 -9999 -9999 -9999 -9999 -9999 -9999 -9999
5.57743E-1 5.79415E-1 5.79575E-1 4.84976E-1 4.84295E-1 6.44649E-1 6.59742E-1 5.96232E-1 6.23087E-1 6.98469E-1 6.79609E-1 6.99283E-1 7.10846E-1 6.7511E-1 6.59103E-1 7.05642E-1 6.33715E-1 4.64917E-1 6.33869E-1 6.60986E-1 6.65026E-1 6.24839E-1 6.37766E-1 4.26391E-1 5.80398E-1 6.22557E-1 6.59025E-1 6.20007E-1 6.0276E-1 6.61806E-1 6.00785E-1 4.12606E-1 4.81514E-1 6.38791E-1 6.41121E-1 6.3541E-1 7.4818E-1 9.07218E-1 9.64434E-1 -9999 -9999 -9999 -9999 -9999 -9999 -9999 -9999 -9999 -9999 -9999 -9999 -9999 -9999 -9999 -9999 -9999 -9999 -9999 -9999 -9999 -9999 -9999 -9999 -9999 -9999
4.93327E-1 5.1565E-1 4.86334E-1 4.30171E-1 5.57107E-1 6.15865E-1 6.37564E-1 6.00218E-1 6.01902E-1 6.59706E-1 7.04651E-1 6.79119E-1 6.80006E-1 6.97941E-1 6.50292E-1 6.95355E-1 5.29081E-1 6.12997E-1 6.60542E-1 6.63963E-1 6.65272E-1 6.6201E-1 6.50234E-1 5.91117E-1 5.74968E-1 5.96843E-1 6.67803E-1 5.74785E-1 6.48339E-1 6.88263E-1 6.73024E-1 5.67066E-1 5.86549E-1 7.08749E-1 6.87485E-1 6.43813E-1 7.00403E-1 9.80965E-1 9.65059E-1 -9999 -9999 -9999 -9999 -9999 -9999 -9999 -9999 -9999 -9999 -9999 -9999 -9999 -9999 -9999 -9999 -9999 -9999 -9999 -9999 -9999 -9999 -9999 -9999 -9999 -9999
4.8877E-1 5.02657E-1 4.40086E-1 3.33579E-1 5.18191E-1 6.01496E-1 6.20547E-1 6.40737E-1 6.33494E-1 6.6667E-1 7.05084E-1 6.63399E-1 6.70143E-1 6.95016E-1 6.72042E-1 6.76387E-1 5.77295E-1 6.28601E-1 6.7035E-1 6.2938E-1 6.44711E-1 6.6833E-1 6.56267E-1 6.39402E-1 6.0233E-1 5.95893E-1 6.82209E-1 6.93818E-1 7.02998E-1 7.0294E-1 6.85726E-1 6.32566E-1 6.23296E-1 7.0932E-1 7.22004E-1 7.43612E-1 7.47161E-1 9.96621E-1 -9999 -9999 -9999 -9999 -9999 -9999 -9999 -9999 -9999 -9999 -9999 -9999 -9999 -9999 -9999 -9999 -9999 -9999 -9999 -9999 -9999 -9999 -9999 -9999 -9999 -9999 -9999
5.15679E-1 4.71959E-1 4.84645E-1 3.60495E-1 3.57036E-1 5.30441E-1 5.99374E-1 6.61621E-1 5.85086E-1 6.30653E-1 6.55575E-1 6.11562E-1 6.75371E-1 6.89629E-1 6.83526E-1 6.14395E-1 5.8764E-1 6.6019E-1 6.75829E-1 6.12058E-1 6.72653E-1 6.80937E-1 5.90527E-1 6.61956E-1 6.43475E-1 5.74E-1 6.13078E-1 7.07493E-1 6.96184E-1 7.22595E-1 7.01537E-1 6.71924E-1 6.56757E-1 6.95787E-1 7.44636E-1 7.4725E-1 7.7743E-1 9.98278E-1 -9999 -9999 -9999 -9999 -9999 -9999 -9999 -9999 -9999 -9999 -9999 -9999 -9999 -9999 -9999 -9999 -9999 -9999 -9999 -9999 -9999 -9999 -9999 -9999 -9999 -9999 -9999
5.94421E-1 5.74484E-1 5.26484E-1 4.5931E-1 3.28216E-1 4.54598E-1 5.84322E-1 6.24334E-1 5.77163E-1 5.92375E-1 6.2307E-1 6.69581E-1 6.97989E-1 7.06353E-1 6.90655E-1 6.06474E-1 6.21059E-1 6.80741E-1 6.68388E-1 6.47332E-1 6.90176E-1 6.77376E-1 6.48647E-1 6.56149E-1 6.70132E-1 5.7346E-1 5.5961E-1 6.56402E-1 6.69693E-1 7.13247E-1 7.20861E-1 7.25635E-1 7.24209E-1 7.51073E-1 7.46894E-1 7.49025E-1 5.55609E-1 -9999 -9999 -9999 -9999 -9999 -9999 -9999 -9999 -9999 -9999 -9999 -9999 -9999 -9999 -9999 -9999 -9999 -9999 -9999 -9999 -9999 -9999 -9999 -9999 -9999 -9999 -9999 -9999
4.78003E-1 5.21073E-1 4.72078E-1 4.03307E-1 3.47272E-1 5.25985E-1 6.25309E-1 6.38021E-1 6.49093E-1 6.27206E-1 6.4821E-1 6.63627E-1 7.0844E-1 7.23148E-1 6.47981E-1 6.13199E-1 6.75556E-1 6.81008E-1 6.69971E-1 6.86164E-1 6.56272E-1 6.85408E-1 6.8554E-1 6.77187E-1 6.65347E-1 6.52514E-1 6.76962E-1 6.68682E-1 6.54886E-1 7.35729E-1 7.40472E-1 7.32169E-1 7.42064E-1 7.90668E-1 7.84182E-1 -9999 -9999 -9999 -9999 -9999 -9999 -9999 -9999 -9999 -9999 -9999 -9999 -9999 -9999 -9999 -9999 -9999 -9999 -9999 -9999 -9999 -9999 -9999 -9999 -9999 -9999 -9999 -9999 -9999 -9999
