layers/maxent/tupi.asc
ncols         638
nrows         825
xllcorner     -2985163.8955
yllcorner     -3022031.214
cellsize      10000.0
NODATA_value  -9999
[rows 522 to 550 of 825, columns 325 to 389 of 638]
5.26913E-1 5.21568E-1 5.12614E-1 5.32572E-1 4.79721E-1 5.21805E-1 4.82989E-1 4.9633E-1 5.92362E-1 5.83798E-1 6.08477E-1 6.51273E-1 6.73242E-1 7.13546E-1 7.27195E-1 7.53338E-1 7.30129E-1 6.92139E-1 7.46046E-1 7.378E-1 7.1499E-1 7.58374E-1 7.6671E-1 7.13883E-1 7.28565E-1 7.58263E-1 7.85424E-1 7.64746E-1 8.04918E-1 7.74586E-1 7.2052E-1 7.43769E-1 7.33066E-1 8.15283E-1 7.99595E-1 8.60038E-1 8.77164E-1 8.9247E-1 8.99791E-1 8.83721E-1 9.0199E-1 9.19312E-1 9.88819E-1 9.98075E-1 8.66925E-1 8.53986E-1 -9999 -9999 -9999 9.18075E-1 -9999 -9999 -9999 -9999 -9999 -9999 -9999 -9999 -9999 -9999 -9999 -9999 -9999 -9999 -9999
5.42775E-1 5.25905E-1 5.32603E-1 5.34484E-1 5.14618E-1 4.99866E-1 4.88548E-1 4.90998E-1 5.25939E-1 5.8028E-1 5.92765E-1 6.22333E-1 6.61039E-1 6.99916E-1 7.3736E-1 7.32305E-1 7.29699E-1 7.1348E-1 7.66798E-1 7.23464E-1 7.26839E-1 7.3499E-1 7.40176E-1 7.19893E-1 7.26739E-1 7.10609E-1 7.33286E-1 7.71914E-1 7.57407E-1 7.73182E-1 7.53394E-1 7.04123E-1 6.92505E-1 7.70643E-1 7.95894E-1 8.50579E-1 8.83931E-1 8.86382E-1 9.07438E-1 9.38402E-1 9.59556E-1 9.86841E-1 9.9773E-1 9.99389E-1 8.45711E-1 8.08286E-1 7.56021E-1 -9999 -9999 -9999 -9999 -9999 -9999 -9999 -9999 -9999 -9999 -9999 -9999 -9999 -9999 -9999 -9999 -9999 -9999
5.78301E-1 5.63403E-1 5.48718E-1 5.24537E-1 5.23034E-1 4.97333E-1 5.19E-1 5.38681E-1 5.08341E-1 5.19575E-1 5.56964E-1 6.01029E-1 6.57044E-1 7.22999E-1 7.69893E-1 7.18237E-1 7.42391E-1 7.28909E-1 7.50689E-1 7.2744E-1 7.15481E-1 7.16486E-1 7.02202E-1 6.9598E-1 6.98041E-1 6.77714E-1 7.25375E-1 7.37453E-1 7.40155E-1 7.58715E-1 6.92368E-1 6.65819E-1 7.17697E-1 7.46458E-1 7.95895E-1 8.20918E-1 8.55122E-1 8.78048E-1 9.27497E-1 9.74408E-1 9.89613E-1 9.9682E-1 9.98667E-1 9.70834E-1 8.35218E-1 7.54406E-1 8.47946E-1 -9999 -9999 -9999 -9999 -9999 -9999 -9999 -9999 -9999 -9999 -9999 -9999 -9999 -9999 -9999 -9999 -9999 -9999
5.7205E-1 5.67138E-1 5.51158E-1 5.24779E-1 5.19299E-1 5.17704E-1 5.18653E-1 5.72351E-1 5.7658E-1 5.3899E-1 5.40307E-1 5.70434E-1 6.25111E-1 7.09528E-1 8.29428E-1 7.91051E-1 7.62944E-1 7.06734E-1 7.23222E-1 7.35902E-1 6.84674E-1 6.85236E-1 6.74163E-1 6.63464E-1 6.74913E-1 6.65019E-1 7.10913E-1 7.10206E-1 7.19207E-1 8.14285E-1 7.14028E-1 7.28807E-1 7.42901E-1 7.6354E-1 7.62414E-1 8.11667E-1 8.40049E-1 8.67249E-1 9.40672E-1 9.85589E-1 9.96978E-1 9.98077E-1 8.37224E-1 8.34429E-1 8.05059E-1 8.17701E-1 -9999 -9999 -9999 -9999 -9999 -9999 -9999 -9999 -9999 -9999 -9999 -9999 -9999 -9999 -9999 -9999 -9999 -9999 -9999
5.96932E-1 5.85927E-1 5.46699E-1 5.2431E-1 5.16834E-1 5.07012E-1 5.34453E-1 5.44413E-1 5.82666E-1 5.68882E-1 5.43061E-1 5.66139E-1 6.05257E-1 6.86399E-1 8.18438E-1 7.69879E-1 7.44584E-1 7.16483E-1 7.17398E-1 7.35107E-1 6.63266E-1 6.56262E-1 6.3989E-1 6.2465E-1 6.65E-1 6.77292E-1 6.8856E-1 6.41498E-1 7.19439E-1 8.14466E-1 7.7971E-1 7.53549E-1 7.15799E-1 7.57022E-1 8.14347E-1 8.20349E-1 8.64104E-1 9.00599E-1 9.71201E-1 9.88783E-1 9.8862E-1 9.91258E-1 9.95981E-1 9.97636E-1 -9999 -9999 -9999 -9999 -9999 -9999 -9999 -9999 -9999 -9999 -9999 -9999 -9999 -9999 -9999 -9999 -9999 -9999 -9999 -9999 -9999
5.35271E-1 5.55325E-1 5.63758E-1 5.51015E-1 5.21372E-1 5.18803E-1 5.249E-1 5.35757E-1 5.83777E-1 5.79157E-1 5.91427E-1 5.70612E-1 5.80769E-1 6.89875E-1 7.69792E-1 7.58986E-1 7.33754E-1 7.48804E-1 7.24396E-1 7.04862E-1 6.57973E-1 6.33787E-1 6.2563E-1 6.35896E-1 6.62509E-1 6.60063E-1 6.85785E-1 6.15522E-1 7.05548E-1 7.94513E-1 8.5255E-1 7.64588E-1 7.64634E-1 7.31791E-1 8.04995E-1 9.58457E-1 9.64344E-1 9.75966E-1 9.91946E-1 9.91068E-1 9.74202E-1 9.7926E-1 9.90405E-1 9.91844E-1 -9999 -9999 -9999 -9999 -9999 -9999 -9999 -9999 -9999 -9999 -9999 -9999 -9999 -9999 -9999 -9999 -9999 -9999 -9999 -9999 -9999
5.14126E-1 5.05186E-1 5.3705E-1 5.21856E-1 5.12871E-1 5.37404E-1 5.41007E-1 5.40408E-1 5.49438E-1 5.5372E-1 5.82052E-1 7.39458E-1 7.47893E-1 7.67879E-1 7.70002E-1 7.28783E-1 6.76611E-1 7.13524E-1 7.08986E-1 6.90061E-1 6.55212E-1 6.32999E-1 6.10624E-1 6.49134E-1 6.45361E-1 6.42259E-1 6.84069E-1 6.4034E-1 7.26736E-1 7.90914E-1 8.60799E-1 7.67521E-1 7.48002E-1 7.49208E-1 8.60011E-1 9.68334E-1 9.80492E-1 9.87889E-1 9.92414E-1 9.86831E-1 9.69264E-1 9.79389E-1 9.91434E-1 9.93937E-1 -9999 -9999 -9999 -9999 -9999 -9999 -9999 -9999 -9999 -9999 -9999 -9999 -9999 -9999 -9999 -9999 -9999 -9999 -9999 -9999 -9999
5.1459E-1 5.1792E-1 6.08182E-1 5.3309E-1 5.38987E-1 5.54066E-1 5.54289E-1 5.54865E-1 5.66592E-1 5.57551E-1 6.49508E-1 8.41613E-1 8.29543E-1 7.89093E-1 8.06186E-1 6.98107E-1 6.46951E-1 6.71116E-1 6.80445E-1 6.9443E-1 6.40954E-1 6.26659E-1 5.95921E-1 6.44309E-1 6.24098E-1 6.40017E-1 6.63244E-1 6.63214E-1 7.43291E-1 8.45021E-1 8.84316E-1 8.87351E-1 8.69484E-1 8.67112E-1 9.37238E-1 9.82463E-1 9.88283E-1 9.92317E-1 9.9159E-1 9.82631E-1 9.72622E-1 9.82719E-1 9.95746E-1 -9999 -9999 -9999 -9999 -9999 -9999 -9999 -9999 -9999 -9999 -9999 -9999 -9999 -9999 -9999 -9999 -9999 -9999 -9999 -9999 -9999 -9999
5.1208E-1 5.34089E-1 6.04371E-1 6.24973E-1 5.97742E-1 5.82222E-1 5.8755E-1 5.93523E-1 5.92731E-1 5.91872E-1 7.15959E-1 8.1403E-1 8.03773E-1 7.73394E-1 8.62501E-1 6.88899E-1 5.87929E-1 6.63588E-1 6.60639E-1 6.87535E-1 6.1342E-1 6.09065E-1 6.06161E-1 6.10661E-1 6.10794E-1 6.97643E-1 6.72776E-1 6.79995E-1 7.70194E-1 8.76947E-1 9.21467E-1 9.49497E-1 9.57546E-1 9.66072E-1 9.76249E-1 9.87434E-1 9.90032E-1 9.89305E-1 9.88038E-1 9.82528E-1 9.81382E-1 9.88883E-1 9.9427E-1 -9999 -9999 -9999 -9999 -9999 -9999 -9999 -9999 -9999 -9999 -9999 -9999 -9999 -9999 -9999 -9999 -9999 -9999 -9999 -9999 -9999 -9999
5.29952E-1 5.39357E-1 6.25524E-1 6.30728E-1 6.46394E-1 6.08959E-1 5.99226E-1 6.3242E-1 6.9311E-1 7.3599E-1 8.03648E-1 7.94241E-1 7.21207E-1 7.06687E-1 7.87152E-1 5.88744E-1 5.82429E-1 6.18452E-1 6.34075E-1 6.32568E-1 5.84067E-1 5.69593E-1 5.79001E-1 5.86163E-1 5.9927E-1 6.19103E-1 6.92916E-1 6.8959E-1 8.56398E-1 9.13692E-1 9.38532E-1 9.68974E-1 9.83117E-1 9.86649E-1 9.8592E-1 9.84994E-1 9.85383E-1 9.8206E-1 9.79956E-1 9.79602E-1 9.77497E-1 9.89458E-1 7.12193E-1 -9999 -9999 -9999 -9999 -9999 -9999 -9999 -9999 -9999 -9999 -9999 -9999 -9999 -9999 -9999 -9999 -9999 -9999 -9999 -9999 -9999 -9999
5.59653E-1 6.28698E-1 6.56723E-1 6.25621E-1 6.08661E-1 7.18548E-1 7.8177E-1 7.82234E-1 8.40078E-1 8.69807E-1 8.36721E-1 7.94563E-1 6.23374E-1 5.85208E-1 6.76472E-1 5.31943E-1 5.86414E-1 5.9252E-1 6.087E-1 5.81088E-1 5.57973E-1 5.34747E-1 5.47291E-1 5.6838E-1 6.10786E-1 6.25721E-1 6.97813E-1 8.4138E-1 9.32386E-1 9.49196E-1 9.62821E-1 9.80008E-1 9.87199E-1 9.90983E-1 9.87029E-1 9.77232E-1 9.73701E-1 9.70087E-1 9.69986E-1 9.74937E-1 9.75655E-1 9.94509E-1 -9999 -9999 -9999 -9999 -9999 -9999 -9999 -9999 -9999 -9999 -9999 -9999 -9999 -9999 -9999 -9999 -9999 -9999 -9999 -9999 -9999 -9999 -9999
5.81939E-1 6.15524E-1 6.51294E-1 6.20057E-1 6.24237E-1 7.33193E-1 8.02612E-1 7.94783E-1 7.01485E-1 6.33346E-1 6.76317E-1 6.17296E-1 5.53925E-1 5.08103E-1 5.13846E-1 5.22219E-1 5.53226E-1 5.74393E-1 5.60686E-1 5.45502E-1 5.62001E-1 5.57299E-1 5.46689E-1 5.8934E-1 6.20207E-1 6.62778E-1 6.7747E-1 8.4551E-1 9.26643E-1 9.47762E-1 9.64235E-1 9.79905E-1 9.84346E-1 9.83561E-1 9.75985E-1 9.64541E-1 9.71036E-1 9.74755E-1 9.71906E-1 9.80346E-1 9.66104E-1 9.92137E-1 -9999 -9999 -9999 -9999 -9999 -9999 -9999 -9999 -9999 -9999 -9999 -9999 -9999 -9999 -9999 -9999 -9999 -9999 -9999 -9999 -9999 -9999 -9999
6.12518E-1 6.18144E-1 5.9834E-1 5.92596E-1 6.04321E-1 7.01956E-1 7.51112E-1 7.53087E-1 6.52169E-1 6.1804E-1 6.23514E-1 6.11003E-1 5.27907E-1 5.30309E-1 5.04146E-1 5.32709E-1 5.14157E-1 5.56722E-1 5.60189E-1 5.69913E-1 5.7694E-1 5.91868E-1 6.18187E-1 6.21813E-1 6.48437E-1 6.59788E-1 7.13268E-1 8.64456E-1 9.24335E-1 9.52079E-1 9.67048E-1 9.79323E-1 9.8077E-1 9.76477E-1 9.61867E-1 9.52187E-1 9.70582E-1 9.76571E-1 9.77847E-1 9.69364E-1 9.57895E-1 9.90478E-1 -9999 -9999 -9999 -9999 -9999 -9999 -9999 -9999 -9999 -9999 -9999 -9999 -9999 -9999 -9999 -9999 -9999 -9999 -9999 -9999 -9999 -9999 -9999
6.2101E-1 5.61741E-1 5.71609E-1 5.76409E-1 5.94676E-1 6.32794E-1 6.25942E-1 6.46785E-1 6.47018E-1 6.29404E-1 6.4097E-1 5.99725E-1 5.39726E-1 5.03309E-1 5.24846E-1 5.27531E-1 5.1648E-1 5.33952E-1 5.85719E-1 6.07253E-1 6.10284E-1 6.10197E-1 6.79946E-1 6.42657E-1 6.77761E-1 6.70494E-1 7.94697E-1 8.9485E-1 9.41998E-1 9.69142E-1 9.78097E-1 9.72447E-1 9.69378E-1 9.69417E-1 9.55918E-1 9.43628E-1 9.66815E-1 9.7719E-1 9.80132E-1 9.54228E-1 9.90977E-1 -9999 -9999 -9999 -9999 -9999 -9999 -9999 -9999 -9999 -9999 -9999 -9999 -9999 -9999 -9999 -9999 -9999 -9999 -9999 -9999 -9999 -9999 -9999 -9999
6.33745E-1 5.46113E-1 5.64568E-1 5.81524E-1 5.90654E-1 6.04072E-1 6.19777E-1 6.14219E-1 6.14114E-1 6.07774E-1 6.09753E-1 6.04048E-1 5.59725E-1 5.01581E-1 5.25944E-1 5.34501E-1 5.47816E-1 5.47813E-1 5.78757E-1 6.18198E-1 6.36846E-1 6.37243E-1 6.90872E-1 7.94924E-1 7.46037E-1 7.44639E-1 8.46068E-1 9.09145E-1 9.58296E-1 9.75129E-1 9.81111E-1 9.63493E-1 9.55963E-1 9.59018E-1 9.54043E-1 9.4538E-1 9.64193E-1 9.81497E-1 9.67184E-1 9.44318E-1 9.91258E-1 -9999 -9999 -9999 -9999 -9999 -9999 -9999 -9999 -9999 -9999 -9999 -9999 -9999 -9999 -9999 -9999 -9999 -9999 -9999 -9999 -9999 -9999 -9999 -9999
6.67635E-1 6.41982E-1 5.86745E-1 5.94323E-1 6.10295E-1 6.03812E-1 6.16818E-1 6.15616E-1 6.33841E-1 6.28828E-1 6.18468E-1 5.83036E-1 5.89052E-1 5.32431E-1 5.47608E-1 5.22838E-1 5.17135E-1 5.41316E-1 5.69411E-1 6.23136E-1 6.38186E-1 7.46403E-1 8.24926E-1 8.67323E-1 8.70349E-1 8.58376E-1 8.71346E-1 9.11392E-1 9.70687E-1 9.76558E-1 9.74922E-1 9.51793E-1 9.37208E-1 9.39143E-1 9.45793E-1 9.49543E-1 9.73348E-1 9.76402E-1 9.50634E-1 9.89657E-1 -9999 -9999 -9999 -9999 -9999 -9999 -9999 -9999 -9999 -9999 -9999 -9999 -9999 -9999 -9999 -9999 -9999 -9999 -9999 -9999 -9999 -9999 -9999 -9999 -9999
6.15671E-1 6.40239E-1 6.44883E-1 6.26506E-1 6.28773E-1 6.12039E-1 6.18994E-1 6.18691E-1 6.2095E-1 5.93433E-1 6.12087E-1 5.76573E-1 5.68228E-1 5.50404E-1 5.40299E-1 5.19657E-1 5.19701E-1 5.30143E-1 5.61894E-1 5.98119E-1 6.16291E-1 6.94355E-1 7.99471E-1 8.8342E-1 9.0003E-1 9.0199E-1 9.04394E-1 9.38136E-1 9.74609E-1 9.7735E-1 9.75351E-1 9.49194E-1 9.34012E-1 9.3889E-1 9.48002E-1 9.55109E-1 9.6797E-1 9.57842E-1 9.54514E-1 -9999 -9999 -9999 -9999 -9999 -9999 -9999 -9999 -9999 -9999 -9999 -9999 -9999 -9999 -9999 -9999 -9999 -9999 -9999 -9999 -9999 -9999 -9999 -9999 -9999 -9999
5.59154E-1 5.92726E-1 6.4418E-1 6.71712E-1 6.78301E-1 6.20964E-1 6.04699E-1 6.0838E-1 5.94027E-1 5.89483E-1 5.87598E-1 5.69454E-1 5.54968E-1 5.36998E-1 5.29356E-1 4.94021E-1 4.93621E-1 5.25216E-1 5.67663E-1 5.55296E-1 6.07905E-1 6.33181E-1 7.44689E-1 8.69992E-1 9.10527E-1 9.35368E-1 9.41946E-1 9.58857E-1 9.75117E-1 9.77425E-1 9.77298E-1 9.5106E-1 9.36525E-1 9.40104E-1 9.51286E-1 9.59248E-1 9.54861E-1 9.90993E-1 9.94862E-1 -9999 -9999 -9999 -9999 -9999 -9999 -9999 -9999 -9999 -9999 -9999 -9999 -9999 -9999 -9999 -9999 -9999 -9999 -9999 -9999 -9999 -9999 -9999 -9999 -9999 -9999
5.34416E-1 5.75008E-1 5.67276E-1 5.85473E-1 5.77651E-1 5.98335E-1 5.85809E-1 5.80344E-1 5.75613E-1 5.6861E-1 5.67959E-1 5.60465E-1 5.37628E-1 5.17024E-1 4.89703E-1 4.84663E-1 4.93293E-1 5.13905E-1 5.2143E-1 5.54308E-1 5.86175E-1 6.5663E-1 8.02306E-1 8.80281E-1 9.01081E-1 9.27001E-1 9.35934E-1 9.52591E-1 9.71659E-1 9.75741E-1 9.77027E-1 9.5866E-1 9.46232E-1 9.4351E-1 9.49217E-1 9.59419E-1 9.8554E-1 -9999 -9999 -9999 -9999 -9999 -9999 -9999 -9999 -9999 -9999 -9999 -9999 -9999 -9999 -9999 -9999 -9999 -9999 -9999 -9999 -9999 -9999 -9999 -9999 -9999 -9999 -9999 -9999
5.24135E-1 5.36313E-1 5.37344E-1 5.56708E-1 5.46913E-1 5.65188E-1 5.70518E-1 5.58987E-1 5.58449E-1 5.53733E-1 5.39202E-1 5.31739E-1 5.15829E-1 4.96833E-1 4.86978E-1 4.61784E-1 4.97978E-1 5.10328E-1 5.08212E-1 5.53291E-1 5.80085E-1 7.09884E-1 8.11899E-1 8.77911E-1 9.03275E-1 9.20801E-1 9.34983E-1 9.49892E-1 9.67116E-1 9.75148E-1 9.7734E-1 9.65984E-1 9.58461E-1 9.40216E-1 9.43142E-1 9.51676E-1 -9999 -9999 -9999 -9999 -9999 -9999 -9999 -9999 -9999 -9999 -9999 -9999 -9999 -9999 -9999 -9999 -9999 -9999 -9999 -9999 -9999 -9999 -9999 -9999 -9999 -9999 -9999 -9999 -9999
5.13093E-1 5.17483E-1 5.22922E-1 5.26765E-1 5.26835E-1 5.32664E-1 5.44145E-1 5.39475E-1 5.30469E-1 5.27766E-1 5.19683E-1 5.20152E-1 4.98343E-1 4.76102E-1 4.66325E-1 4.84542E-1 4.95045E-1 5.10571E-1 5.01064E-1 5.26822E-1 5.37818E-1 7.34756E-1 8.04595E-1 8.67952E-1 8.85935E-1 9.18271E-1 9.45742E-1 9.53477E-1 9.55995E-1 9.69104E-1 9.77644E-1 9.65474E-1 9.5227E-1 9.53301E-1 9.45582E-1 9.84214E-1 -9999 -9999 -9999 -9999 -9999 -9999 -9999 -9999 -9999 -9999 -9999 -9999 -9999 -9999 -9999 -9999 -9999 -9999 -9999 -9999 -9999 -9999 -9999 -9999 -9999 -9999 -9999 -9999 -9999
5.05142E-1 4.92763E-1 4.92594E-1 5.12725E-1 5.07981E-1 5.10386E-1 5.26094E-1 5.20574E-1 5.05122E-1 4.92653E-1 4.9904E-1 4.93074E-1 4.8983E-1 4.75323E-1 4.70378E-1 4.93786E-1 4.93827E-1 5.21073E-1 5.3023E-1 5.41351E-1 5.37698E-1 7.61983E-1 8.16714E-1 8.48573E-1 7.91921E-1 8.05923E-1 9.14708E-1 9.39942E-1 9.35814E-1 9.54826E-1 9.63798E-1 9.51493E-1 9.50067E-1 9.89163E-1 9.81652E-1 -9999 -9999 -9999 -9999 -9999 -9999 -9999 -9999 -9999 -9999 -9999 -9999 -9999 -9999 -9999 -9999 -9999 -9999 -9999 -9999 -9999 -9999 -9999 -9999 -9999 -9999 -9999 -9999 -9999 -9999
4.95974E-1 4.94898E-1 4.80728E-1 4.99518E-1 4.95837E-1 5.05038E-1 5.11038E-1 5.02019E-1 4.94912E-1 4.77738E-1 4.7887E-1 4.65432E-1 4.63457E-1 4.7356E-1 4.56208E-1 4.68056E-1 4.96356E-1 5.22288E-1 5.9962E-1 6.07998E-1 6.90854E-1 8.41339E-1 8.43416E-1 7.90371E-1 5.96264E-1 5.87689E-1 8.48956E-1 9.13889E-1 8.98749E-1 9.04203E-1 9.10356E-1 9.43646E-1 9.75209E-1 -9999 -9999 -9999 -9999 -9999 -9999 -9999 -9999 -9999 -9999 -9999 -9999 -9999 -9999 -9999 -9999 -9999 -9999 -9999 -9999 -9999 -9999 -9999 -9999 -9999 -9999 -9999 -9999 -9999 -9999 -9999 -9999
4.58729E-1 5.02557E-1 5.0155E-1 4.86702E-1 4.89191E-1 5.05101E-1 4.86937E-1 5.09098E-1 4.86151E-1 4.91167E-1 4.59827E-1 4.42728E-1 4.63652E-1 4.38374E-1 4.40064E-1 4.50145E-1 4.44947E-1 4.58857E-1 5.38414E-1 5.73893E-1 6.54412E-1 7.77282E-1 7.76156E-1 7.53497E-1 6.45377E-1 6.38726E-1 8.15948E-1 8.48119E-1 8.1384E-1 8.33217E-1 8.61975E-1 9.22282E-1 -9999 -9999 -9999 -9999 -9999 -9999 -9999 -9999 -9999 -9999 -9999 -9999 -9999 -9999 -9999 -9999 -9999 -9999 -9999 -9999 -9999 -9999 -9999 -9999 -9999 -9999 -9999 -9999 -9999 -9999 -9999 -9999 -9999
4.47945E-1 4.99744E-1 5.19902E-1 4.81675E-1 4.80502E-1 5.05309E-1 4.88298E-1 4.92614E-1 4.79228E-1 4.80337E-1 4.55951E-1 4.46102E-1 4.54703E-1 4.22082E-1 4.028E-1 4.29634E-1 4.4182E-1 4.54543E-1 5.01065E-1 4.95742E-1 5.46209E-1 6.52151E-1 6.83329E-1 7.10634E-1 7.41491E-1 7.67574E-1 8.10935E-1 7.30461E-1 6.88297E-1 7.30783E-1 7.89537E-1 7.91715E-1 -9999 -9999 -9999 -9999 -9999 -9999 -9999 -9999 -9999 -9999 -9999 -9999 -9999 -9999 -9999 -9999 -9999 -9999 -9999 -9999 -9999 -9999 -9999 -9999 -9999 -9999 -9999 -9999 -9999 -9999 -9999 -9999 -9999
4.64346E-1 4.83669E-1 5.02056E-1 4.79668E-1 4.94909E-1 5.0615E-1 4.97685E-1 4.7335E-1 4.77329E-1 4.74284E-1 4.69478E-1 4.51913E-1 4.6495E-1 4.35068E-1 4.03274E-1 4.12012E-1 4.20613E-1 4.4926E-1 4.82354E-1 4.93477E-1 5.00884E-1 6.69889E-1 6.25174E-1 6.42466E-1 6.47007E-1 6.53057E-1 5.94895E-1 5.99737E-1 5.43072E-1 6.83866E-1 8.24883E-1 8.77805E-1 -9999 -9999 -9999 -9999 -9999 -9999 -9999 -9999 -9999 -9999 -9999 -9999 -9999 -9999 -9999 -9999 -9999 -9999 -9999 -9999 -9999 -9999 -9999 -9999 -9999 -9999 -9999 -9999 -9999 -9999 -9999 -9999 -9999
4.46793E-1 4.93495E-1 4.99334E-1 5.1376E-1 5.05467E-1 5.14135E-1 4.68424E-1 4.9026E-1 4.75918E-1 4.76655E-1 4.5523E-1 4.5429E-1 4.54615E-1 4.44695E-1 4.17162E-1 4.10694E-1 4.43686E-1 4.3865E-1 4.40653E-1 4.9117E-1 4.90107E-1 5.33468E-1 5.08426E-1 5.60969E-1 5.44622E-1 5.2988E-1 5.16935E-1 5.19751E-1 4.90826E-1 6.74582E-1 8.4556E-1 -9999 -9999 -9999 -9999 -9999 -9999 -9999 -9999 -9999 -9999 -9999 -9999 -9999 -9999 -9999 -9999 -9999 -9999 -9999 -9999 -9999 -9999 -9999 -9999 -9999 -9999 -9999 -9999 -9999 -9999 -9999 -9999 -9999 -9999
5.11892E-1 5.5437E-1 6.08538E-1 6.28339E-1 6.79261E-1 6.71179E-1 6.04447E-1 5.71099E-1 5.43997E-1 5.42015E-1 4.89331E-1 4.68976E-1 4.38902E-1 4.44946E-1 4.30582E-1 4.05816E-1 4.1302E-1 4.31413E-1 4.45784E-1 4.66595E-1 4.82264E-1 5.03692E-1 4.85431E-1 5.17851E-1 4.94468E-1 4.81693E-1 6.47672E-1 5.70359E-1 4.45995E-1 8.53333E-1 -9999 -9999 -9999 -9999 -9999 -9999 -9999 -9999 -9999 -9999 -9999 -9999 -9999 -9999 -9999 -9999 -9999 -9999 -9999 -9999 -9999 -9999 -9999 -9999 -9999 -9999 -9999 -9999 -9999 -9999 -9999 -9999 -9999 -9999 -9999
6.43995E-1 6.68141E-1 6.84997E-1 7.44382E-1 7.82277E-1 7.42109E-1 6.66891E-1 5.91976E-1 5.47505E-1 5.41832E-1 4.9098E-1 4.75661E-1 4.63751E-1 4.27877E-1 4.16462E-1 4.31999E-1 4.29148E-1 4.16372E-1 4.55994E-1 4.46466E-1 4.13882E-1 4.60611E-1 4.61062E-1 5.21038E-1 4.56335E-1 4.82937E-1 6.79339E-1 7.30379E-1 7.59575E-1 -9999 -9999 -9999 -9999 -9999 -9999 -9999 -9999 -9999 -9999 -9999 -9999 -9999 -9999 -9999 -9999 -9999 -9999 -9999 -9999 -9999 -9999 -9999 -9999 -9999 -9999 -9999 -9999 -9999 -9999 -9999 -9999 -9999 -9999 -9999 -9999
