layers/maxent/tupi_old.asc
ncols         638
nrows         825
xllcorner     -2985163.8955
yllcorner     -3022031.214
cellsize      10000.0
NODATA_value  -9999
[rows 348 to 376 of 825, columns 455 to 519 of 638]
4.58189E-1 4.84122E-1 5.0019E-1 4.39183E-1 4.07075E-1 3.97212E-1 3.76128E-1 3.55991E-1 3.60353E-1 3.27092E-1 3.4111E-1 3.55451E-1 3.5719E-1 3.64583E-1 3.8076E-1 3.89256E-1 4.35471E-1 4.41641E-1 4.57869E-1 4.94314E-1 5.27681E-1 5.43271E-1 5.49089E-1 5.92061E-1 5.45181E-1 4.97911E-1 5.13591E-1 5.22316E-1 5.36892E-1 5.18436E-1 5.41039E-1 5.69282E-1 5.96655E-1 6.09033E-1 6.59434E-1 7.13281E-1 6.98535E-1 6.62176E-1 6.49662E-1 6.51464E-1 6.77397E-1 6.78136E-1 6.7638E-1 6.68141E-1 6.69788E-1 6.65714E-1 6.60579E-1 6.47623E-1 6.42996E-1 6.7248E-1 6.76057E-1 6.46282E-1 6.90602E-1 6.66918E-1 6.51895E-1 6.66468E-1 6.1303E-1 6.92365E-1 9.50619E-1 9.61602E-1 2.76389E-1 -9999 -9999 -9999 -9999
4.50916E-1 4.7869E-1 4.9448E-1 4.49337E-1 4.0145E-1 3.72693E-1 4.07702E-1 3.71024E-1 3.66693E-1 3.38429E-1 3.39049E-1 3.56552E-1 3.59812E-1 3.99361E-1 4.31837E-1 4.26806E-1 4.61625E-1 4.55904E-1 4.81326E-1 5.2037E-1 5.5482E-1 5.6412E-1 5.83376E-1 5.97166E-1 5.35509E-1 4.91251E-1 5.10194E-1 5.36913E-1 5.34452E-1 5.05651E-1 5.27263E-1 5.29043E-1 5.439E-1 5.99846E-1 6.43057E-1 7.09033E-1 7.11739E-1 7.02239E-1 6.9058E-1 6.65222E-1 6.72074E-1 6.76745E-1 6.77946E-1 6.72035E-1 6.62029E-1 6.66013E-1 6.65389E-1 6.55697E-1 6.53126E-1 6.68348E-1 6.81247E-1 6.70681E-1 6.96869E-1 6.96771E-1 6.82629E-1 6.81663E-1 5.96288E-1 7.49624E-1 9.40845E-1 9.68998E-1 1.90042E-1 -9999 -9999 -9999 -9999
4.27735E-1 4.41739E-1 4.58991E-1 4.39381E-1 4.09596E-1 3.78949E-1 3.96991E-1 4.0377E-1 3.79828E-1 3.52019E-1 3.39913E-1 3.50282E-1 3.54211E-1 4.16015E-1 4.40796E-1 4.51735E-1 4.59748E-1 4.66269E-1 5.08051E-1 5.16417E-1 5.51539E-1 5.93329E-1 5.8408E-1 5.65686E-1 5.04671E-1 4.8597E-1 5.13416E-1 5.32079E-1 5.06592E-1 5.05427E-1 5.17342E-1 5.35051E-1 5.36103E-1 5.68404E-1 6.21796E-1 7.06482E-1 7.13905E-1 6.88623E-1 6.6459E-1 6.68737E-1 6.79479E-1 6.75562E-1 6.74959E-1 6.7076E-1 6.56153E-1 6.59654E-1 6.57474E-1 6.52597E-1 6.44651E-1 6.58177E-1 6.7124E-1 6.94194E-1 7.00426E-1 7.01934E-1 6.87383E-1 6.5657E-1 6.21184E-1 8.07255E-1 9.27318E-1 9.67679E-1 1.28638E-1 -9999 -9999 -9999 -9999
4.26641E-1 4.32711E-1 4.25071E-1 4.30059E-1 4.03302E-1 3.83368E-1 4.03233E-1 3.99181E-1 3.69859E-1 3.49579E-1 3.49578E-1 3.44167E-1 3.46713E-1 4.12481E-1 4.36229E-1 4.72143E-1 4.89579E-1 4.84915E-1 5.31942E-1 5.10391E-1 5.35743E-1 5.97922E-1 5.56036E-1 5.71977E-1 4.96953E-1 4.9239E-1 5.12925E-1 5.19009E-1 4.90875E-1 4.99975E-1 4.54465E-1 5.19623E-1 5.74319E-1 5.88607E-1 6.06785E-1 6.96656E-1 7.38937E-1 7.14086E-1 7.02814E-1 7.14936E-1 7.24156E-1 7.00098E-1 6.81361E-1 6.66742E-1 6.53324E-1 6.47772E-1 6.47911E-1 6.45168E-1 6.34245E-1 6.56266E-1 6.78398E-1 7.0086E-1 7.00637E-1 7.09167E-1 7.15306E-1 6.87171E-1 6.61644E-1 8.07033E-1 9.09146E-1 9.68137E-1 -9999 -9999 -9999 -9999 -9999
4.31582E-1 4.32019E-1 4.14913E-1 4.23081E-1 4.07515E-1 3.84807E-1 4.20356E-1 4.00124E-1 3.79415E-1 3.4424E-1 3.59733E-1 3.45976E-1 3.57834E-1 4.12421E-1 4.27878E-1 4.69177E-1 4.8795E-1 5.05209E-1 5.46076E-1 5.09577E-1 5.39938E-1 5.82219E-1 5.13861E-1 5.33744E-1 5.05465E-1 4.51886E-1 4.8709E-1 5.02948E-1 4.98792E-1 4.8509E-1 4.46578E-1 5.05375E-1 5.42528E-1 5.93678E-1 6.14191E-1 7.39017E-1 7.40133E-1 7.17716E-1 7.10393E-1 7.12044E-1 6.86343E-1 6.77277E-1 6.80986E-1 6.67709E-1 6.48072E-1 6.40192E-1 6.4683E-1 6.41328E-1 6.38431E-1 6.72047E-1 6.99689E-1 7.04308E-1 7.05675E-1 6.9552E-1 6.67737E-1 7.33816E-1 8.26551E-1 8.2537E-1 -9999 -9999 -9999 -9999 -9999 -9999 -9999
4.25476E-1 4.31476E-1 4.19435E-1 4.23713E-1 4.16255E-1 3.94025E-1 4.22622E-1 4.16896E-1 3.80911E-1 3.72054E-1 3.51959E-1 3.44043E-1 3.72442E-1 4.10781E-1 4.15807E-1 4.5587E-1 4.95611E-1 5.05272E-1 5.4128E-1 5.04479E-1 5.44742E-1 5.62811E-1 5.06891E-1 4.83792E-1 4.89317E-1 4.66051E-1 4.63736E-1 4.92734E-1 5.03122E-1 4.79806E-1 4.36144E-1 5.06926E-1 5.41045E-1 6.10584E-1 6.33527E-1 7.25499E-1 7.50112E-1 7.35558E-1 7.44201E-1 7.26844E-1 6.81781E-1 6.83227E-1 6.65714E-1 6.48798E-1 6.41551E-1 6.32322E-1 6.30464E-1 6.2827E-1 6.68624E-1 6.95089E-1 7.11758E-1 7.07888E-1 7.14501E-1 7.71244E-1 7.33311E-1 8.4387E-1 9.71184E-1 9.07742E-1 -9999 -9999 -9999 -9999 -9999 -9999 -9999
4.34596E-1 4.33914E-1 4.16491E-1 4.28029E-1 4.25258E-1 4.1187E-1 4.20203E-1 4.20513E-1 4.17449E-1 3.92618E-1 3.56356E-1 3.66054E-1 3.86894E-1 4.18703E-1 4.23351E-1 4.46946E-1 4.86865E-1 5.10398E-1 5.26748E-1 5.00125E-1 5.22702E-1 5.41781E-1 4.86699E-1 4.72855E-1 4.58486E-1 4.34387E-1 4.64928E-1 4.82051E-1 4.79594E-1 4.85202E-1 4.67226E-1 4.81419E-1 5.43066E-1 5.88072E-1 6.60092E-1 7.67133E-1 7.68434E-1 7.59185E-1 7.34046E-1 7.07309E-1 6.94687E-1 6.83254E-1 6.54112E-1 6.38725E-1 6.41291E-1 6.26989E-1 6.1759E-1 6.60389E-1 6.73545E-1 6.87065E-1 7.13988E-1 7.14008E-1 7.17736E-1 7.36095E-1 7.16706E-1 8.46281E-1 9.73609E-1 8.9552E-1 -9999 -9999 -9999 -9999 -9999 -9999 -9999
4.39443E-1 4.3221E-1 4.26455E-1 4.18232E-1 4.21015E-1 4.073E-1 4.19736E-1 4.38666E-1 4.57832E-1 3.92952E-1 3.77567E-1 3.91114E-1 4.07346E-1 4.47859E-1 4.25649E-1 4.38134E-1 4.96833E-1 4.96508E-1 5.08361E-1 4.99289E-1 5.08345E-1 5.15879E-1 4.82764E-1 4.70356E-1 4.89946E-1 4.54539E-1 4.37203E-1 4.64737E-1 4.30177E-1 4.81811E-1 5.25406E-1 5.57242E-1 5.68055E-1 6.1412E-1 7.12209E-1 7.60087E-1 7.55487E-1 7.28261E-1 7.11968E-1 6.90653E-1 6.84427E-1 6.63778E-1 6.48454E-1 6.40242E-1 6.52437E-1 6.42114E-1 6.34699E-1 6.72894E-1 6.75731E-1 7.0605E-1 7.17825E-1 7.22535E-1 7.26208E-1 7.05713E-1 7.06413E-1 8.45765E-1 9.48282E-1 8.3934E-1 -9999 -9999 -9999 -9999 -9999 -9999 -9999
4.25789E-1 4.28247E-1 4.49668E-1 4.24419E-1 4.15889E-1 4.09902E-1 4.03658E-1 4.20606E-1 4.43183E-1 4.07201E-1 3.88778E-1 4.0875E-1 4.15824E-1 4.62075E-1 4.27766E-1 4.42058E-1 4.77718E-1 4.88822E-1 4.91526E-1 4.90614E-1 5.07936E-1 4.94814E-1 4.77828E-1 4.54923E-1 4.61035E-1 4.85828E-1 4.70985E-1 4.40322E-1 4.35893E-1 5.08533E-1 5.40189E-1 6.05692E-1 6.00229E-1 6.4742E-1 7.49272E-1 7.42583E-1 7.42186E-1 7.1751E-1 6.86164E-1 6.69997E-1 6.74623E-1 6.60073E-1 6.5877E-1 6.46301E-1 6.74786E-1 6.63414E-1 6.62716E-1 6.66429E-1 7.00769E-1 7.31285E-1 7.273E-1 7.30548E-1 7.30691E-1 7.13847E-1 6.86462E-1 8.07933E-1 9.5542E-1 8.63634E-1 -9999 -9999 -9999 -9999 -9999 -9999 -9999
4.25474E-1 4.33739E-1 4.62208E-1 4.29268E-1 4.1709E-1 4.16184E-1 4.13731E-1 3.79252E-1 3.99404E-1 3.97155E-1 3.94663E-1 4.00043E-1 4.17072E-1 4.60142E-1 4.18606E-1 4.47818E-1 4.72622E-1 4.77134E-1 4.72991E-1 4.93638E-1 5.08269E-1 4.84041E-1 4.67941E-1 4.53941E-1 4.47E-1 4.54913E-1 4.24106E-1 4.91807E-1 4.84918E-1 5.38024E-1 5.98036E-1 6.58434E-1 6.41757E-1 7.25224E-1 7.46909E-1 7.33644E-1 7.43077E-1 7.19847E-1 6.90338E-1 6.78173E-1 6.78049E-1 6.73928E-1 6.78075E-1 6.65885E-1 6.90088E-1 6.74997E-1 6.79117E-1 6.85904E-1 7.22594E-1 7.35705E-1 7.35295E-1 7.33218E-1 7.26534E-1 7.03749E-1 6.94883E-1 8.04071E-1 9.4605E-1 8.42376E-1 -9999 -9999 -9999 -9999 -9999 -9999 -9999
4.62699E-1 4.37506E-1 4.67446E-1 4.30615E-1 4.28394E-1 4.21593E-1 4.0398E-1 4.04642E-1 4.05217E-1 3.85248E-1 4.1418E-1 3.94934E-1 4.11869E-1 4.53445E-1 4.36219E-1 4.51392E-1 4.57821E-1 4.61641E-1 4.50475E-1 4.81147E-1 4.82471E-1 4.68898E-1 4.87965E-1 4.74243E-1 4.55793E-1 4.4659E-1 4.65941E-1 5.21063E-1 5.10226E-1 5.80833E-1 6.87657E-1 7.00671E-1 7.2402E-1 7.45442E-1 7.21101E-1 7.2755E-1 7.23392E-1 6.94811E-1 6.6859E-1 6.68402E-1 6.83484E-1 6.88939E-1 6.9891E-1 6.9331E-1 7.08963E-1 7.0655E-1 7.11409E-1 7.36439E-1 7.42896E-1 7.36997E-1 7.35711E-1 7.35446E-1 7.26622E-1 6.87006E-1 6.74972E-1 8.20414E-1 9.49453E-1 -9999 -9999 -9999 -9999 -9999 -9999 -9999 -9999
4.74223E-1 4.64962E-1 4.74054E-1 4.45368E-1 4.3412E-1 4.31391E-1 4.25665E-1 4.09607E-1 4.14764E-1 4.11865E-1 4.34356E-1 3.97424E-1 4.06609E-1 4.42987E-1 4.4324E-1 4.60252E-1 4.56265E-1 4.6767E-1 4.70536E-1 4.73828E-1 4.50333E-1 4.73541E-1 5.02538E-1 4.87203E-1 4.45144E-1 4.90142E-1 5.11086E-1 5.49679E-1 5.4234E-1 6.29646E-1 7.38935E-1 7.56744E-1 7.38004E-1 7.17909E-1 7.15872E-1 7.09971E-1 6.86357E-1 6.78621E-1 6.74306E-1 6.88703E-1 7.03717E-1 6.86102E-1 6.86175E-1 7.11557E-1 7.11018E-1 7.05314E-1 7.253E-1 7.43893E-1 7.55899E-1 7.45992E-1 7.43748E-1 7.34054E-1 7.18632E-1 7.18134E-1 7.87966E-1 7.88744E-1 5.59193E-1 -9999 -9999 -9999 -9999 -9999 -9999 -9999 -9999
4.88246E-1 4.896E-1 4.79496E-1 4.82933E-1 4.38435E-1 4.3166E-1 4.2943E-1 4.22534E-1 4.28513E-1 4.29685E-1 4.17177E-1 4.45026E-1 4.17691E-1 4.36668E-1 4.3773E-1 4.48096E-1 4.78115E-1 4.65166E-1 4.74477E-1 4.73301E-1 4.6036E-1 4.55814E-1 5.15184E-1 4.91869E-1 4.74483E-1 5.23848E-1 5.32897E-1 6.17848E-1 6.09284E-1 7.1637E-1 7.41496E-1 7.27765E-1 7.12175E-1 6.93313E-1 6.93859E-1 7.03353E-1 6.94751E-1 6.87968E-1 6.90678E-1 6.98453E-1 7.10723E-1 7.03934E-1 6.94656E-1 7.29217E-1 7.11135E-1 7.19237E-1 7.45174E-1 7.51202E-1 7.60539E-1 7.51016E-1 7.52936E-1 7.51078E-1 7.21353E-1 7.3691E-1 9.08188E-1 9.1071E-1 4.69078E-1 -9999 -9999 -9999 -9999 -9999 -9999 -9999 -9999
4.65345E-1 4.89757E-1 4.63849E-1 4.54905E-1 4.52103E-1 4.14543E-1 4.37943E-1 4.30194E-1 4.43475E-1 4.39219E-1 4.1975E-1 4.55697E-1 4.46067E-1 4.33042E-1 4.35755E-1 4.51908E-1 4.78765E-1 4.78804E-1 4.58963E-1 4.90012E-1 4.73649E-1 4.755E-1 5.21772E-1 4.93392E-1 5.14407E-1 5.50263E-1 5.66132E-1 6.86655E-1 7.137E-1 7.42222E-1 7.2509E-1 7.15466E-1 7.0301E-1 7.00466E-1 6.9465E-1 7.00177E-1 7.02996E-1 6.90624E-1 7.04476E-1 7.04373E-1 7.2495E-1 7.17959E-1 7.19353E-1 7.35197E-1 7.26034E-1 7.56926E-1 7.63154E-1 7.68365E-1 7.63231E-1 7.63793E-1 7.49371E-1 7.43882E-1 7.32899E-1 7.90657E-1 9.3479E-1 9.61448E-1 5.10942E-1 -9999 -9999 -9999 -9999 -9999 -9999 -9999 -9999
4.50629E-1 4.73864E-1 4.62748E-1 4.31464E-1 4.59262E-1 4.21455E-1 4.23714E-1 4.40007E-1 4.71022E-1 4.63384E-1 4.37326E-1 4.56911E-1 4.56586E-1 4.42559E-1 4.64717E-1 4.82294E-1 4.86958E-1 4.67793E-1 4.72291E-1 4.98733E-1 4.86599E-1 5.00468E-1 5.33643E-1 5.26756E-1 5.58304E-1 6.28618E-1 6.3679E-1 7.29145E-1 7.40096E-1 7.23281E-1 7.19229E-1 7.16642E-1 6.90521E-1 6.99579E-1 6.8721E-1 6.89314E-1 6.95037E-1 6.91314E-1 7.09449E-1 7.14368E-1 7.25738E-1 7.43075E-1 7.54696E-1 7.44241E-1 7.61111E-1 7.74526E-1 7.68134E-1 7.72271E-1 7.4897E-1 7.62221E-1 7.58027E-1 7.49232E-1 7.4645E-1 8.33713E-1 9.45233E-1 9.69954E-1 -9999 -9999 -9999 -9999 -9999 -9999 -9999 -9999 -9999
4.59114E-1 4.65508E-1 4.64628E-1 4.37228E-1 4.64239E-1 4.47909E-1 4.16753E-1 4.51443E-1 4.67791E-1 4.70925E-1 4.50776E-1 4.58218E-1 4.48912E-1 4.69091E-1 4.82768E-1 5.03219E-1 4.87571E-1 4.97743E-1 4.86498E-1 5.36686E-1 4.87572E-1 5.34621E-1 5.72294E-1 5.85521E-1 6.11579E-1 6.9832E-1 6.90412E-1 7.37501E-1 7.22256E-1 7.14335E-1 7.02989E-1 7.13239E-1 7.027E-1 6.87851E-1 6.92793E-1 7.08459E-1 7.05368E-1 7.04171E-1 7.06897E-1 7.17119E-1 7.2774E-1 7.49226E-1 7.63049E-1 7.5471E-1 7.64159E-1 7.58048E-1 7.56768E-1 7.70872E-1 7.47744E-1 7.67418E-1 7.63356E-1 7.55313E-1 7.57623E-1 8.26485E-1 9.27189E-1 9.71149E-1 -9999 -9999 -9999 -9999 -9999 -9999 -9999 -9999 -9999
4.27799E-1 4.31206E-1 4.54714E-1 4.73802E-1 4.63756E-1 4.69236E-1 4.22204E-1 4.51393E-1 4.77115E-1 4.55367E-1 4.75742E-1 4.8055E-1 4.55884E-1 4.89081E-1 4.97411E-1 4.96089E-1 5.01575E-1 5.09133E-1 5.32865E-1 5.20423E-1 5.51309E-1 5.37488E-1 6.01173E-1 6.83145E-1 6.43774E-1 7.07467E-1 7.5357E-1 7.32998E-1 7.22823E-1 7.15993E-1 7.02846E-1 7.04719E-1 7.06538E-1 6.90695E-1 6.8549E-1 6.99438E-1 6.96555E-1 7.05957E-1 7.13912E-1 7.14325E-1 7.27547E-1 7.46948E-1 7.59232E-1 7.53263E-1 7.51169E-1 7.5615E-1 7.60262E-1 7.6697E-1 7.66491E-1 7.72977E-1 7.66222E-1 9.08588E-1 9.17247E-1 9.22618E-1 9.44707E-1 -9999 -9999 -9999 -9999 -9999 -9999 -9999 -9999 -9999 -9999
4.24681E-1 4.33572E-1 4.67904E-1 4.79021E-1 4.63892E-1 4.69325E-1 4.36357E-1 4.51188E-1 4.84948E-1 4.61564E-1 4.7763E-1 4.98482E-1 4.85002E-1 5.01949E-1 4.91217E-1 5.05204E-1 5.21122E-1 5.44324E-1 5.83959E-1 5.28726E-1 6.02061E-1 5.86148E-1 6.49076E-1 7.55186E-1 7.20715E-1 7.33867E-1 7.01401E-1 6.78472E-1 6.78028E-1 6.77167E-1 6.95857E-1 7.0619E-1 7.00521E-1 6.97586E-1 6.91284E-1 6.98345E-1 6.94172E-1 7.06435E-1 7.17446E-1 7.09529E-1 7.22026E-1 7.33601E-1 7.42046E-1 7.39967E-1 7.47857E-1 7.63074E-1 7.59443E-1 7.62714E-1 8.10844E-1 7.71811E-1 8.98171E-1 9.88336E-1 9.95632E-1 9.9546E-1 9.80143E-1 -9999 -9999 -9999 -9999 -9999 -9999 -9999 -9999 -9999 -9999
4.34523E-1 4.40919E-1 4.64708E-1 4.57621E-1 4.56014E-1 4.40724E-1 4.59408E-1 4.54446E-1 5.02959E-1 4.56317E-1 4.46189E-1 5.0098E-1 5.12193E-1 5.05095E-1 4.96439E-1 5.16658E-1 5.30154E-1 5.74937E-1 6.24531E-1 5.69869E-1 6.10544E-1 6.34452E-1 6.49787E-1 7.64204E-1 7.47511E-1 7.31031E-1 7.10322E-1 6.94477E-1 6.93926E-1 6.89341E-1 7.0653E-1 7.07344E-1 7.07865E-1 6.9816E-1 6.96577E-1 6.94253E-1 6.93634E-1 7.03634E-1 7.1269E-1 7.05647E-1 7.11416E-1 7.33391E-1 7.41347E-1 7.43804E-1 7.45678E-1 7.56125E-1 7.62851E-1 7.70339E-1 7.78776E-1 8.03905E-1 9.30796E-1 9.89847E-1 9.97962E-1 9.76542E-1 9.68882E-1 -9999 -9999 -9999 -9999 -9999 -9999 -9999 -9999 -9999 -9999
4.34809E-1 4.38713E-1 4.52057E-1 4.36215E-1 4.63917E-1 4.59345E-1 4.3275E-1 4.63705E-1 5.08414E-1 4.88873E-1 4.81106E-1 5.03511E-1 5.05194E-1 5.10136E-1 5.19204E-1 5.22868E-1 5.65815E-1 6.18235E-1 6.28244E-1 5.91134E-1 6.49751E-1 6.82658E-1 7.09927E-1 7.38182E-1 7.27888E-1 7.28216E-1 7.35199E-1 7.26183E-1 7.23513E-1 7.25514E-1 7.11675E-1 7.05673E-1 6.98862E-1 6.96763E-1 7.03351E-1 6.95063E-1 6.99221E-1 7.01665E-1 7.09756E-1 7.08866E-1 7.05395E-1 7.20389E-1 7.27718E-1 7.29769E-1 7.43165E-1 7.60332E-1 7.73672E-1 7.80301E-1 7.85184E-1 7.90435E-1 9.26406E-1 9.82467E-1 9.96188E-1 9.81071E-1 9.23632E-1 -9999 -9999 -9999 -9999 -9999 -9999 -9999 -9999 -9999 -9999
4.08881E-1 4.39942E-1 4.34382E-1 4.43575E-1 4.50407E-1 4.58018E-1 4.25674E-1 4.74938E-1 5.14721E-1 4.84978E-1 5.1527E-1 5.17185E-1 5.27312E-1 5.29622E-1 5.38531E-1 5.45951E-1 5.99602E-1 6.20978E-1 6.32735E-1 6.26456E-1 7.09839E-1 7.39156E-1 7.13755E-1 7.4144E-1 7.25814E-1 7.247E-1 7.23132E-1 7.28011E-1 7.36025E-1 7.00539E-1 6.89151E-1 6.91327E-1 6.93489E-1 6.96897E-1 6.99778E-1 7.01047E-1 7.04926E-1 7.02593E-1 7.08475E-1 7.07435E-1 7.03185E-1 7.09204E-1 7.18436E-1 7.30848E-1 7.42681E-1 7.63087E-1 7.7921E-1 7.8941E-1 7.87704E-1 8.32412E-1 9.26283E-1 9.78945E-1 9.94522E-1 9.83782E-1 8.18605E-1 -9999 -9999 -9999 -9999 -9999 -9999 -9999 -9999 -9999 -9999
4.09715E-1 4.28164E-1 4.37834E-1 4.65044E-1 4.47208E-1 4.37209E-1 4.35373E-1 4.81184E-1 5.14122E-1 4.95589E-1 5.10727E-1 5.3703E-1 5.36252E-1 5.35738E-1 5.7382E-1 5.63762E-1 6.13312E-1 6.3654E-1 6.74204E-1 6.94328E-1 7.41104E-1 7.31453E-1 7.6599E-1 7.58375E-1 7.39896E-1 7.31487E-1 7.49416E-1 7.44896E-1 7.20796E-1 7.0743E-1 6.9762E-1 6.95686E-1 6.99526E-1 7.01613E-1 7.04493E-1 7.0616E-1 7.05468E-1 7.08969E-1 7.10655E-1 7.07122E-1 7.02444E-1 7.04968E-1 7.05775E-1 7.28928E-1 7.54331E-1 7.71553E-1 7.86805E-1 8.04238E-1 8.5562E-1 8.84048E-1 9.45903E-1 9.80995E-1 9.94075E-1 9.79845E-1 9.64701E-1 -9999 -9999 -9999 -9999 -9999 -9999 -9999 -9999 -9999 -9999
4.34971E-1 4.24617E-1 4.08483E-1 4.26659E-1 4.33643E-1 4.50357E-1 4.54809E-1 4.71288E-1 5.20533E-1 5.50052E-1 5.18951E-1 5.72465E-1 5.38577E-1 5.48595E-1 5.72477E-1 5.92492E-1 6.24203E-1 6.62621E-1 7.12948E-1 6.94628E-1 7.56003E-1 7.42809E-1 7.73126E-1 7.64357E-1 7.48594E-1 7.52802E-1 7.43454E-1 7.02234E-1 7.02921E-1 7.21206E-1 7.22982E-1 7.25311E-1 7.06297E-1 7.00626E-1 6.9643E-1 6.99736E-1 7.03751E-1 7.06703E-1 7.12497E-1 7.08912E-1 7.06685E-1 7.0832E-1 7.08073E-1 7.31862E-1 7.6009E-1 7.7817E-1 8.22182E-1 8.81214E-1 9.13402E-1 9.32568E-1 9.77557E-1 9.9509E-1 9.97517E-1 9.64624E-1 9.57363E-1 -9999 -9999 -9999 -9999 -9999 -9999 -9999 -9999 -9999 -9999
4.60825E-1 4.56813E-1 4.24142E-1 4.54361E-1 4.34488E-1 4.63995E-1 4.29731E-1 3.98023E-1 4.5527E-1 5.19499E-1 5.31274E-1 4.05449E-1 6.07747E-1 5.88357E-1 5.91359E-1 5.98335E-1 6.41515E-1 6.84969E-1 7.42913E-1 7.3348E-1 7.53507E-1 7.7055E-1 7.74278E-1 7.63976E-1 7.59732E-1 7.65262E-1 7.3423E-1 7.14228E-1 7.1077E-1 7.19145E-1 7.12078E-1 7.03176E-1 7.00202E-1 7.00171E-1 7.04334E-1 7.01975E-1 7.09335E-1 7.02281E-1 7.02473E-1 7.10271E-1 7.10294E-1 7.10761E-1 7.1872E-1 7.33104E-1 7.59258E-1 7.80231E-1 8.7304E-1 9.19705E-1 9.5443E-1 9.70671E-1 9.90871E-1 9.98536E-1 9.86913E-1 4.78641E-1 -9999 -9999 -9999 -9999 -9999 -9999 -9999 -9999 -9999 -9999 -9999
4.5899E-1 4.65008E-1 4.382E-1 4.78986E-1 4.54522E-1 4.59967E-1 4.23345E-1 3.8907E-1 4.72325E-1 5.60774E-1 5.33928E-1 4.59027E-1 6.15774E-1 6.04547E-1 6.34012E-1 6.39104E-1 6.70418E-1 7.1463E-1 7.52019E-1 7.67214E-1 7.40721E-1 7.95505E-1 7.79566E-1 7.66779E-1 7.71825E-1 7.65181E-1 7.31244E-1 7.3043E-1 7.27481E-1 7.14115E-1 6.92143E-1 6.89987E-1 6.97823E-1 7.04897E-1 7.01174E-1 6.94901E-1 6.9066E-1 6.91797E-1 6.975E-1 7.0794E-1 7.05718E-1 7.10302E-1 7.2086E-1 7.36129E-1 7.5327E-1 8.13736E-1 8.81236E-1 9.39102E-1 9.75596E-1 9.8932E-1 9.97269E-1 9.8302E-1 9.66819E-1 -9999 -9999 -9999 -9999 -9999 -9999 -9999 -9999 -9999 -9999 -9999 -9999
4.58718E-1 4.70937E-1 4.49647E-1 4.57906E-1 4.74566E-1 4.58706E-1 4.79654E-1 4.69021E-1 5.10737E-1 5.80137E-1 5.53771E-1 5.75533E-1 6.35739E-1 6.31049E-1 6.64277E-1 6.79643E-1 6.98084E-1 7.30384E-1 7.50614E-1 7.64317E-1 7.68098E-1 7.56536E-1 7.58106E-1 7.72739E-1 7.7726E-1 7.54387E-1 7.44331E-1 7.42349E-1 7.25167E-1 7.08961E-1 7.00354E-1 7.01822E-1 6.98917E-1 7.09506E-1 7.04352E-1 7.06311E-1 6.9526E-1 6.92588E-1 6.92129E-1 7.01582E-1 7.02761E-1 7.10377E-1 7.19446E-1 7.34433E-1 8.09415E-1 8.77076E-1 9.36917E-1 9.77282E-1 9.92289E-1 9.97559E-1 9.97539E-1 5.64198E-1 -9999 -9999 -9999 -9999 -9999 -9999 -9999 -9999 -9999 -9999 -9999 -9999 -9999
4.50695E-1 4.64077E-1 4.68135E-1 4.49348E-1 4.64557E-1 4.48814E-1 5.25152E-1 5.1658E-1 5.51404E-1 6.11693E-1 6.07142E-1 6.51434E-1 6.43049E-1 6.899E-1 6.95965E-1 7.28804E-1 7.53309E-1 7.49145E-1 7.70683E-1 7.70826E-1 7.79931E-1 7.77202E-1 7.65461E-1 7.82493E-1 7.79299E-1 7.56672E-1 7.56594E-1 7.52876E-1 7.37693E-1 7.34569E-1 7.25835E-1 7.2172E-1 7.18491E-1 7.15884E-1 7.14709E-1 7.08434E-1 7.00794E-1 6.9778E-1 6.8784E-1 6.92333E-1 6.99387E-1 7.08898E-1 7.17922E-1 7.34694E-1 8.15898E-1 9.1867E-1 9.72234E-1 9.93663E-1 9.98033E-1 9.90855E-1 5.86007E-1 -9999 -9999 -9999 -9999 -9999 -9999 -9999 -9999 -9999 -9999 -9999 -9999 -9999 -9999
4.65984E-1 4.7272E-1 4.76647E-1 4.86609E-1 4.59299E-1 5.05556E-1 5.20083E-1 5.28412E-1 5.3494E-1 5.78109E-1 6.29162E-1 6.64837E-1 6.58404E-1 6.91936E-1 7.24623E-1 7.16467E-1 7.39282E-1 7.71547E-1 7.79745E-1 7.83818E-1 7.91137E-1 7.8993E-1 7.86155E-1 7.857E-1 7.79816E-1 7.71124E-1 7.69007E-1 7.55498E-1 7.56085E-1 7.54695E-1 7.43364E-1 7.34213E-1 7.39117E-1 7.25553E-1 7.16869E-1 7.13917E-1 6.9931E-1 6.98857E-1 6.8822E-1 6.83329E-1 6.97227E-1 7.03637E-1 7.11413E-1 7.29639E-1 8.41675E-1 9.35453E-1 9.80927E-1 9.9631E-1 9.98512E-1 9.74023E-1 -9999 -9999 -9999 -9999 -9999 -9999 -9999 -9999 -9999 -9999 -9999 -9999 -9999 -9999 -9999
4.89133E-1 4.89649E-1 4.81173E-1 5.16907E-1 4.74921E-1 4.91092E-1 5.58498E-1 5.69897E-1 5.33548E-1 5.78229E-1 6.64638E-1 6.71875E-1 6.80786E-1 6.90519E-1 7.18512E-1 7.38318E-1 7.56339E-1 7.68445E-1 7.70423E-1 7.80099E-1 7.43445E-1 7.77713E-1 7.66978E-1 7.85459E-1 7.83294E-1 7.81854E-1 7.74049E-1 7.69191E-1 7.66404E-1 7.61267E-1 7.47169E-1 7.47037E-1 7.29267E-1 7.1127E-1 7.0616E-1 7.07294E-1 7.06663E-1 6.9937E-1 6.85813E-1 6.82099E-1 6.92338E-1 6.95556E-1 7.03501E-1 7.1673E-1 8.45433E-1 9.43634E-1 9.8644E-1 9.97991E-1 9.98194E-1 -9999 -9999 -9999 -9999 -9999 -9999 -9999 -9999 -9999 -9999 -9999 -9999 -9999 -9999 -9999 -9999
