layers/maxent/tupi.asc
ncols         638
nrows         825
xllcorner     -2985163.8955
yllcorner     -3022031.214
cellsize      10000.0
NODATA_value  -9999
[rows 232 to 260 of 825, columns 325 to 389 of 638]
3.78349E-2 4.11782E-2 4.29737E-2 4.02391E-2 3.64202E-2 3.25536E-2 3.14033E-2 2.97269E-2 3.38787E-2 3.17316E-2 3.52287E-2 2.75526E-2 3.51711E-2 3.76828E-2 3.74481E-2 4.17747E-2 4.52139E-2 4.82158E-2 5.18883E-2 5.08785E-2 6.27205E-2 5.72236E-2 7.74095E-2 8.21115E-2 9.09903E-2 7.54351E-2 7.13981E-2 7.73164E-2 8.98397E-2 9.86737E-2 9.56561E-2 1.13867E-1 9.79982E-2 8.79918E-2 1.01912E-1 1.01814E-1 1.00028E-1 1.11152E-1 1.03545E-1 1.06021E-1 1.27435E-1 1.25003E-1 1.16165E-1 1.25507E-1 1.01967E-1 1.09851E-1 9.79079E-2 1.09687E-1 1.19021E-1 1.16124E-1 1.21783E-1 1.33778E-1 1.279E-1 1.17228E-1 1.29455E-1 1.10342E-1 1.19464E-1 1.02104E-1 1.11212E-1 1.12123E-1 1.2438E-1 1.38527E-1 1.50194E-1 1.5319E-1 1.32669E-1
3.46418E-2 3.79937E-2 4.38803E-2 4.1495E-2 3.70952E-2 3.17283E-2 2.83118E-2 3.29897E-2 3.57887E-2 3.71545E-2 3.19678E-2 2.67646E-2 3.63806E-2 3.78902E-2 3.66734E-2 4.43829E-2 4.79215E-2 5.31388E-2 4.60295E-2 5.20761E-2 6.17543E-2 5.89729E-2 7.79134E-2 8.87546E-2 9.3472E-2 8.57643E-2 9.10361E-2 8.68016E-2 1.00431E-1 1.01281E-1 9.0141E-2 1.10848E-1 9.95735E-2 8.66448E-2 9.7738E-2 9.27782E-2 9.80443E-2 1.12734E-1 1.04545E-1 1.03301E-1 1.18799E-1 1.25882E-1 1.24152E-1 1.35502E-1 1.25096E-1 1.3754E-1 1.23538E-1 1.28247E-1 1.21534E-1 1.31694E-1 1.14599E-1 1.42656E-1 1.32443E-1 1.22853E-1 1.10137E-1 1.34096E-1 1.28652E-1 1.09762E-1 9.90742E-2 1.02309E-1 9.68949E-2 1.17722E-1 1.28776E-1 1.49372E-1 1.50284E-1
3.0285E-2 3.37726E-2 3.81931E-2 3.93216E-2 3.70089E-2 3.08484E-2 2.89135E-2 3.75346E-2 2.99911E-2 3.81082E-2 3.06392E-2 2.86893E-2 4.06481E-2 3.64712E-2 4.25079E-2 5.18432E-2 5.26941E-2 5.56429E-2 5.30757E-2 4.65198E-2 6.47041E-2 6.69691E-2 8.13649E-2 8.76735E-2 8.99332E-2 9.35534E-2 9.7218E-2 9.64209E-2 1.0321E-1 1.00613E-1 8.93118E-2 1.06405E-1 1.11418E-1 8.92725E-2 1.02252E-1 9.29962E-2 1.01743E-1 1.08322E-1 1.13766E-1 1.04477E-1 1.07524E-1 1.26656E-1 1.22019E-1 1.16207E-1 1.24381E-1 1.17244E-1 1.22955E-1 1.06566E-1 1.18116E-1 1.31523E-1 1.13409E-1 1.229E-1 1.29178E-1 1.35811E-1 1.18313E-1 1.21318E-1 1.57327E-1 1.54642E-1 1.37523E-1 1.31575E-1 1.41098E-1 1.66749E-1 1.14237E-1 1.36657E-1 1.52355E-1
2.61524E-2 3.02348E-2 3.70949E-2 3.83975E-2 3.17538E-2 2.97034E-2 3.12009E-2 3.71831E-2 3.26811E-2 3.85298E-2 3.3542E-2 3.18245E-2 3.6029E-2 3.98347E-2 4.99095E-2 5.69493E-2 5.07747E-2 5.32709E-2 6.24983E-2 6.40339E-2 7.13702E-2 7.91919E-2 8.48763E-2 1.05278E-1 9.39651E-2 8.41941E-2 8.80009E-2 1.01399E-1 1.06356E-1 9.9979E-2 9.18752E-2 9.07368E-2 1.1516E-1 1.06096E-1 9.56054E-2 8.844E-2 1.0294E-1 1.05213E-1 1.15975E-1 1.1265E-1 1.02307E-1 1.30047E-1 1.25236E-1 1.18345E-1 1.1597E-1 1.3092E-1 1.2083E-1 1.32528E-1 1.37114E-1 1.27315E-1 1.47949E-1 1.32903E-1 1.15177E-1 1.08832E-1 1.20224E-1 1.37651E-1 1.48154E-1 1.57615E-1 1.56656E-1 1.55343E-1 1.5712E-1 1.55749E-1 1.30357E-1 1.29866E-1 1.45389E-1
2.25955E-2 3.08277E-2 3.31337E-2 3.69589E-2 3.2615E-2 3.07268E-2 3.41731E-2 3.60264E-2 3.40824E-2 4.08236E-2 3.69632E-2 3.43108E-2 3.78469E-2 4.5967E-2 5.36016E-2 6.04159E-2 5.11984E-2 5.38901E-2 6.28997E-2 7.69808E-2 7.15227E-2 8.06447E-2 8.45585E-2 1.13399E-1 1.19756E-1 8.08293E-2 8.21628E-2 1.01277E-1 1.20022E-1 1.03308E-1 1.04727E-1 8.82932E-2 1.07413E-1 1.18701E-1 1.03151E-1 9.33181E-2 1.05704E-1 1.00753E-1 1.12256E-1 1.21141E-1 1.1615E-1 1.26365E-1 1.29025E-1 1.22751E-1 1.11511E-1 1.09389E-1 1.0933E-1 1.18766E-1 1.40084E-1 1.2228E-1 1.54438E-1 1.49103E-1 1.27855E-1 1.40527E-1 1.33033E-1 1.32391E-1 1.45913E-1 1.42777E-1 1.3799E-1 1.42129E-1 1.4142E-1 1.64748E-1 1.55678E-1 1.48585E-1 1.5834E-1
2.64122E-2 2.97488E-2 2.63442E-2 3.05947E-2 3.01062E-2 3.52692E-2 3.42629E-2 3.20279E-2 3.43472E-2 4.44113E-2 3.57804E-2 4.01534E-2 4.43446E-2 4.51835E-2 5.85217E-2 6.68321E-2 6.06823E-2 6.14344E-2 7.35338E-2 8.28683E-2 7.47017E-2 6.66297E-2 9.2048E-2 1.10602E-1 1.20497E-1 1.04311E-1 7.83017E-2 8.44565E-2 1.0591E-1 1.22165E-1 1.02803E-1 1.01696E-1 9.49216E-2 1.06357E-1 1.13579E-1 1.01391E-1 1.0435E-1 1.01984E-1 1.13643E-1 1.24271E-1 1.12191E-1 1.23777E-1 1.34699E-1 1.37663E-1 1.40603E-1 1.11987E-1 9.08679E-2 9.52474E-2 1.23179E-1 1.44295E-1 1.33503E-1 1.56109E-1 1.43367E-1 1.35045E-1 1.40153E-1 1.32029E-1 1.4226E-1 1.46711E-1 1.39683E-1 1.46744E-1 1.30818E-1 1.5735E-1 1.52835E-1 1.56983E-1 1.55262E-1
3.45289E-2 2.80483E-2 2.62669E-2 2.9473E-2 3.7579E-2 3.40547E-2 3.97032E-2 3.11012E-2 3.56971E-2 4.25597E-2 3.65899E-2 4.85004E-2 5.79888E-2 4.58581E-2 6.32596E-2 7.1474E-2 6.64661E-2 6.6426E-2 7.13474E-2 9.30981E-2 9.81742E-2 7.47289E-2 9.08564E-2 1.05207E-1 1.23439E-1 1.1463E-1 8.69643E-2 8.91486E-2 9.45004E-2 1.11788E-1 1.05262E-1 1.14636E-1 1.06523E-1 1.05688E-1 1.15323E-1 1.05221E-1 1.06225E-1 1.09318E-1 1.08472E-1 1.22544E-1 1.29163E-1 1.1334E-1 1.25117E-1 1.42538E-1 1.4421E-1 1.38559E-1 1.05155E-1 1.04754E-1 1.25619E-1 1.10866E-1 1.13067E-1 1.32402E-1 1.33159E-1 1.31103E-1 1.55273E-1 1.40517E-1 1.29657E-1 1.50778E-1 1.29082E-1 1.41271E-1 1.49805E-1 1.40257E-1 1.47926E-1 1.51094E-1 1.58411E-1
4.31351E-2 3.76623E-2 3.06033E-2 2.92596E-2 3.50237E-2 4.0001E-2 3.99725E-2 3.27604E-2 3.9508E-2 3.94368E-2 4.15259E-2 4.87743E-2 4.77864E-2 5.2905E-2 6.81785E-2 7.92768E-2 7.16408E-2 7.00267E-2 7.97454E-2 1.01341E-1 9.98845E-2 9.3195E-2 9.53794E-2 1.0733E-1 1.1206E-1 1.12924E-1 8.8254E-2 1.02225E-1 1.14932E-1 9.45266E-2 1.10702E-1 1.18034E-1 1.19672E-1 1.11569E-1 1.14328E-1 1.0413E-1 1.12234E-1 1.03301E-1 1.0932E-1 1.22485E-1 1.20767E-1 1.07112E-1 1.1904E-1 1.39456E-1 1.44064E-1 1.32853E-1 1.24402E-1 1.11179E-1 1.0769E-1 1.5679E-1 1.21643E-1 1.22111E-1 1.13125E-1 1.41887E-1 1.48503E-1 1.58286E-1 1.32749E-1 1.2333E-1 1.0477E-1 9.55946E-2 1.49763E-1 1.17887E-1 1.57148E-1 1.668E-1 1.65043E-1
5.20177E-2 5.31014E-2 3.67737E-2 3.11785E-2 3.46081E-2 3.70708E-2 4.31293E-2 3.90783E-2 4.19823E-2 4.34996E-2 4.46449E-2 4.82508E-2 5.29823E-2 6.41817E-2 6.88889E-2 8.73394E-2 8.16847E-2 7.89575E-2 8.9871E-2 1.03591E-1 1.03927E-1 9.98995E-2 9.48704E-2 1.14004E-1 1.13042E-1 1.20768E-1 1.12506E-1 1.00685E-1 9.14275E-2 1.02615E-1 1.11522E-1 1.13795E-1 1.16168E-1 1.14228E-1 1.17593E-1 1.07683E-1 1.17088E-1 1.18719E-1 1.06617E-1 1.13926E-1 1.23912E-1 1.15152E-1 1.16744E-1 1.3035E-1 1.50889E-1 1.53067E-1 1.32195E-1 1.43245E-1 1.08735E-1 1.45471E-1 1.21825E-1 1.33607E-1 1.41557E-1 1.37346E-1 1.50211E-1 1.49457E-1 1.57222E-1 1.46857E-1 1.18399E-1 1.07832E-1 1.24403E-1 1.33649E-1 1.58569E-1 1.71361E-1 1.6215E-1
5.54228E-2 5.80466E-2 4.86152E-2 4.16222E-2 3.69282E-2 3.61296E-2 3.11611E-2 4.28607E-2 4.77528E-2 5.17572E-2 4.84032E-2 5.19733E-2 5.88795E-2 7.22937E-2 7.3794E-2 9.29937E-2 8.94772E-2 9.1885E-2 9.53207E-2 1.00344E-1 1.00133E-1 1.12871E-1 1.08644E-1 1.1477E-1 1.18001E-1 1.30757E-1 1.25642E-1 9.89591E-2 9.67956E-2 1.15712E-1 1.10468E-1 1.16353E-1 1.10381E-1 1.28302E-1 1.25144E-1 1.16935E-1 1.17312E-1 1.09182E-1 1.00733E-1 1.15088E-1 1.22121E-1 1.19903E-1 1.19812E-1 1.28105E-1 1.35313E-1 1.37129E-1 1.41276E-1 1.4493E-1 1.30104E-1 1.33928E-1 1.45682E-1 1.25985E-1 1.36141E-1 1.40029E-1 1.31926E-1 1.17856E-1 1.21014E-1 1.23308E-1 1.33308E-1 1.01314E-1 1.29042E-1 1.46624E-1 1.55316E-1 1.66644E-1 1.72437E-1
5.81782E-2 5.85658E-2 6.34577E-2 4.76849E-2 4.00995E-2 3.91562E-2 3.58514E-2 3.10673E-2 5.11581E-2 5.17321E-2 5.53638E-2 6.63067E-2 7.44765E-2 8.59962E-2 8.49875E-2 1.04934E-1 1.00412E-1 1.05819E-1 9.82643E-2 1.00114E-1 9.52077E-2 1.13893E-1 1.13515E-1 1.13038E-1 1.14094E-1 1.29657E-1 1.34439E-1 1.23294E-1 1.16314E-1 1.21784E-1 1.1698E-1 1.25305E-1 1.18295E-1 1.18925E-1 1.33938E-1 1.24364E-1 1.09354E-1 1.06785E-1 1.20322E-1 1.16468E-1 1.20674E-1 1.14038E-1 1.14315E-1 1.2364E-1 1.22199E-1 1.38617E-1 1.34151E-1 1.24984E-1 1.1952E-1 1.20443E-1 1.38604E-1 1.51592E-1 1.53899E-1 1.55619E-1 1.51801E-1 1.63656E-1 1.6451E-1 1.63221E-1 1.37442E-1 1.1858E-1 1.28991E-1 1.54694E-1 1.66138E-1 1.57191E-1 1.79987E-1
5.78403E-2 6.41687E-2 6.75316E-2 5.63557E-2 5.53954E-2 5.22205E-2 4.99853E-2 4.12843E-2 4.21331E-2 6.18352E-2 6.53989E-2 6.91941E-2 8.60957E-2 8.72366E-2 9.47676E-2 1.22884E-1 9.2703E-2 1.09975E-1 9.50953E-2 1.16734E-1 1.16845E-1 1.059E-1 1.04915E-1 1.17666E-1 1.18804E-1 1.26513E-1 1.19843E-1 1.22404E-1 1.15275E-1 1.24302E-1 1.19453E-1 1.33104E-1 1.27982E-1 1.25399E-1 1.31167E-1 1.43592E-1 1.06143E-1 1.13961E-1 1.26406E-1 1.03357E-1 1.22533E-1 1.17736E-1 1.19549E-1 1.28035E-1 1.29538E-1 1.36321E-1 1.37232E-1 1.24383E-1 1.21384E-1 1.15672E-1 1.25091E-1 1.37823E-1 1.4327E-1 1.60794E-1 1.69986E-1 1.80569E-1 1.88456E-1 1.9657E-1 1.3393E-1 1.56382E-1 1.64696E-1 1.74336E-1 1.79934E-1 1.74633E-1 1.69552E-1
6.34989E-2 6.28697E-2 7.28262E-2 7.00379E-2 6.1293E-2 6.22008E-2 4.82233E-2 4.08327E-2 5.46455E-2 6.61428E-2 8.2757E-2 8.62467E-2 8.98848E-2 9.61198E-2 9.49944E-2 1.19211E-1 1.12158E-1 1.12468E-1 1.08801E-1 1.11268E-1 1.09203E-1 1.05273E-1 1.10972E-1 1.17103E-1 1.22285E-1 1.2705E-1 1.21367E-1 1.1499E-1 1.17135E-1 1.38709E-1 1.18129E-1 1.24145E-1 1.29577E-1 1.23552E-1 1.29028E-1 1.46453E-1 1.17254E-1 1.12354E-1 1.20505E-1 1.17784E-1 1.15459E-1 1.08518E-1 1.13587E-1 1.16126E-1 1.29424E-1 1.31903E-1 1.55305E-1 1.49435E-1 1.65958E-1 1.23255E-1 1.28406E-1 1.42601E-1 1.37719E-1 1.44413E-1 1.5696E-1 1.71697E-1 1.70209E-1 1.89246E-1 1.62885E-1 1.74386E-1 1.93989E-1 1.92511E-1 1.74071E-1 1.42822E-1 1.40708E-1
6.5285E-2 7.55175E-2 6.95916E-2 8.29034E-2 7.21084E-2 7.05179E-2 5.79754E-2 4.70898E-2 4.96307E-2 5.39949E-2 7.41427E-2 7.68593E-2 8.02842E-2 1.02112E-1 1.05546E-1 1.18566E-1 1.3535E-1 1.07031E-1 1.16157E-1 1.26493E-1 1.16081E-1 1.11129E-1 1.27209E-1 1.18209E-1 1.36806E-1 1.34783E-1 1.20724E-1 1.13266E-1 1.27956E-1 1.37252E-1 1.2452E-1 1.32916E-1 1.29226E-1 1.20771E-1 1.29889E-1 1.42572E-1 1.29423E-1 1.09215E-1 1.07269E-1 1.06163E-1 1.10675E-1 1.20931E-1 1.36485E-1 1.39844E-1 1.30476E-1 1.40078E-1 1.38794E-1 1.55808E-1 1.53954E-1 1.49704E-1 1.38368E-1 1.54633E-1 1.57233E-1 1.52149E-1 1.39178E-1 1.74749E-1 1.50727E-1 1.82382E-1 1.81926E-1 1.70242E-1 1.6533E-1 1.66227E-1 1.98673E-1 1.50829E-1 1.92453E-1
7.20558E-2 7.93199E-2 7.79796E-2 8.7535E-2 7.13205E-2 6.57934E-2 7.41772E-2 5.49253E-2 5.43886E-2 6.81909E-2 8.79681E-2 8.12762E-2 7.21416E-2 9.16806E-2 1.10646E-1 1.04186E-1 1.21759E-1 1.09961E-1 1.17875E-1 1.24238E-1 1.18304E-1 1.24135E-1 1.17932E-1 1.2111E-1 1.3775E-1 1.4187E-1 1.16356E-1 1.25701E-1 1.41973E-1 1.28642E-1 1.24571E-1 1.45126E-1 1.33944E-1 1.18187E-1 1.18368E-1 1.4452E-1 1.45377E-1 1.16624E-1 1.13323E-1 9.98907E-2 1.09746E-1 1.18493E-1 1.24743E-1 1.23591E-1 1.18903E-1 1.26967E-1 1.36423E-1 1.29656E-1 1.54896E-1 1.43758E-1 1.36128E-1 1.42782E-1 1.53616E-1 1.58522E-1 1.50548E-1 1.6896E-1 1.93384E-1 1.50474E-1 1.86085E-1 1.75516E-1 1.48284E-1 1.5714E-1 1.34989E-1 1.51683E-1 1.57912E-1
8.13732E-2 8.69198E-2 8.81894E-2 8.98821E-2 7.54531E-2 6.38371E-2 8.6329E-2 6.93933E-2 5.55199E-2 6.2846E-2 7.63064E-2 8.785E-2 8.08178E-2 8.14119E-2 9.45181E-2 1.04752E-1 1.1575E-1 1.08829E-1 1.18648E-1 1.16849E-1 1.1532E-1 1.20641E-1 1.30082E-1 1.37943E-1 1.44623E-1 1.3976E-1 1.30522E-1 1.40948E-1 1.30977E-1 1.35503E-1 1.30683E-1 1.39506E-1 1.31029E-1 1.17234E-1 1.11026E-1 1.37647E-1 1.44628E-1 1.12184E-1 1.19414E-1 1.06283E-1 1.24833E-1 1.35354E-1 1.29298E-1 1.3041E-1 1.38985E-1 1.39707E-1 1.39006E-1 1.27168E-1 1.53191E-1 1.52136E-1 1.23401E-1 1.27539E-1 1.63901E-1 1.81738E-1 1.86392E-1 1.81642E-1 2.17331E-1 1.60228E-1 1.85101E-1 1.70684E-1 1.40634E-1 1.44464E-1 1.57315E-1 1.58018E-1 1.87939E-1
9.27066E-2 1.10002E-1 1.07348E-1 9.24785E-2 8.88832E-2 6.73684E-2 8.35697E-2 9.19251E-2 7.326E-2 6.92737E-2 8.06601E-2 8.34373E-2 7.78594E-2 8.44728E-2 8.00485E-2 8.08089E-2 9.62814E-2 1.1286E-1 1.12376E-1 1.15739E-1 1.17037E-1 1.30075E-1 1.29555E-1 1.43821E-1 1.39011E-1 1.19143E-1 1.33752E-1 1.52453E-1 1.06763E-1 1.24076E-1 1.31322E-1 1.48639E-1 1.44253E-1 1.19341E-1 1.25078E-1 1.2783E-1 1.48806E-1 1.30292E-1 1.3571E-1 1.27826E-1 1.24135E-1 1.34268E-1 1.43221E-1 1.47174E-1 1.46312E-1 1.31238E-1 1.41681E-1 1.95129E-1 1.55145E-1 1.6431E-1 1.53268E-1 1.47268E-1 1.67932E-1 1.73062E-1 1.80253E-1 1.9729E-1 1.59652E-1 1.64373E-1 2.01798E-1 1.96162E-1 1.67927E-1 1.61271E-1 1.31346E-1 1.54369E-1 2.25239E-1
1.17115E-1 1.20014E-1 1.06655E-1 9.50455E-2 1.0126E-1 8.59605E-2 8.28989E-2 1.02066E-1 1.01403E-1 9.93654E-2 9.59308E-2 9.12188E-2 9.01498E-2 8.19343E-2 9.18835E-2 7.68398E-2 7.27848E-2 9.78466E-2 1.02952E-1 1.14894E-1 1.29502E-1 1.35886E-1 1.34456E-1 1.45071E-1 1.63944E-1 1.23729E-1 1.34545E-1 1.61706E-1 1.87097E-1 1.24746E-1 1.25492E-1 1.44944E-1 1.58597E-1 1.34579E-1 1.3295E-1 1.12937E-1 1.47184E-1 1.30789E-1 1.16648E-1 1.27909E-1 1.33463E-1 1.38766E-1 1.30949E-1 1.30584E-1 1.4273E-1 1.48847E-1 1.42931E-1 1.44239E-1 1.4545E-1 1.52041E-1 1.61938E-1 1.59333E-1 1.65397E-1 1.81264E-1 1.49735E-1 1.9957E-1 1.9734E-1 1.68087E-1 1.84734E-1 1.80463E-1 1.84129E-1 1.53144E-1 1.4825E-1 1.77303E-1 2.06887E-1
1.29819E-1 1.34715E-1 1.1824E-1 9.74351E-2 1.1365E-1 1.16964E-1 1.12474E-1 1.06093E-1 1.02575E-1 1.14544E-1 1.14176E-1 1.133E-1 1.14149E-1 1.17943E-1 1.10199E-1 1.0913E-1 8.04956E-2 9.1621E-2 7.99199E-2 8.37564E-2 1.06583E-1 1.34142E-1 1.41635E-1 1.31265E-1 1.71509E-1 1.42166E-1 1.3462E-1 1.48054E-1 1.50698E-1 1.35383E-1 1.3517E-1 1.44348E-1 1.55117E-1 1.32712E-1 1.35456E-1 1.26893E-1 1.35814E-1 1.3059E-1 1.19482E-1 1.23926E-1 1.30871E-1 1.47226E-1 1.26366E-1 1.32342E-1 1.54168E-1 1.31568E-1 1.34625E-1 1.35532E-1 1.54497E-1 1.49198E-1 1.51592E-1 1.57056E-1 1.61039E-1 2.06856E-1 1.67065E-1 1.6427E-1 2.03621E-1 1.8893E-1 1.56527E-1 1.81044E-1 1.89309E-1 1.58131E-1 1.47772E-1 1.7428E-1 2.12587E-1
1.26422E-1 1.37856E-1 1.47049E-1 1.06829E-1 1.15537E-1 1.35792E-1 1.34289E-1 1.22491E-1 1.18464E-1 1.24822E-1 1.31099E-1 1.23306E-1 1.21549E-1 1.1445E-1 1.18925E-1 1.3598E-1 1.08012E-1 1.20736E-1 1.04541E-1 1.10517E-1 8.55137E-2 1.10124E-1 1.46344E-1 1.27103E-1 1.61624E-1 1.3664E-1 1.36104E-1 1.60441E-1 1.42322E-1 1.33312E-1 1.29198E-1 1.47435E-1 1.43881E-1 1.38064E-1 1.214E-1 1.27109E-1 1.23291E-1 1.32352E-1 1.24158E-1 1.26572E-1 1.28585E-1 1.43571E-1 1.27451E-1 1.30442E-1 1.55459E-1 1.55622E-1 1.36972E-1 1.30157E-1 1.52365E-1 1.49754E-1 1.36008E-1 1.57608E-1 1.64281E-1 2.06827E-1 1.75972E-1 1.85409E-1 1.88266E-1 1.71681E-1 1.51638E-1 1.6754E-1 1.79809E-1 1.59127E-1 1.49019E-1 1.53854E-1 1.90006E-1
1.21331E-1 1.34493E-1 1.4689E-1 1.27831E-1 1.24772E-1 1.48072E-1 1.45411E-1 1.28619E-1 1.53711E-1 1.38137E-1 1.37514E-1 1.43573E-1 1.40709E-1 1.39005E-1 1.28777E-1 1.54049E-1 1.30145E-1 1.31309E-1 1.30537E-1 1.34086E-1 1.17789E-1 9.91947E-2 1.22453E-1 1.25382E-1 1.35909E-1 1.58335E-1 1.37559E-1 1.52788E-1 1.45972E-1 1.33251E-1 1.27428E-1 1.41001E-1 1.60538E-1 1.61703E-1 1.34452E-1 1.29792E-1 1.11218E-1 1.28828E-1 1.33057E-1 1.31272E-1 1.3996E-1 1.43634E-1 1.27312E-1 1.32682E-1 1.52207E-1 1.54851E-1 1.5052E-1 1.32461E-1 1.39091E-1 1.61354E-1 1.45417E-1 1.60903E-1 1.65012E-1 1.82278E-1 1.93384E-1 2.01421E-1 2.05735E-1 1.99659E-1 1.59581E-1 1.54783E-1 1.84993E-1 1.7646E-1 1.48092E-1 1.75981E-1 2.00008E-1
1.24276E-1 1.18724E-1 1.27297E-1 1.34811E-1 1.42017E-1 1.47324E-1 1.42854E-1 1.39893E-1 1.58603E-1 1.58804E-1 1.53924E-1 1.63193E-1 1.63981E-1 1.58037E-1 1.35004E-1 1.62397E-1 1.62237E-1 1.58489E-1 1.64618E-1 1.47407E-1 1.36362E-1 1.10964E-1 9.33314E-2 1.14429E-1 1.21935E-1 1.27781E-1 1.22729E-1 1.44923E-1 1.56527E-1 1.53345E-1 1.31445E-1 1.35947E-1 1.46211E-1 1.57647E-1 1.3963E-1 1.36474E-1 1.31162E-1 1.34418E-1 1.40831E-1 1.38235E-1 1.42907E-1 1.39923E-1 1.24951E-1 1.29228E-1 1.40042E-1 1.69492E-1 1.56848E-1 1.4717E-1 1.40079E-1 1.59917E-1 1.45245E-1 1.59956E-1 1.71025E-1 1.5807E-1 1.92255E-1 2.04906E-1 2.24585E-1 2.26887E-1 2.27048E-1 1.80073E-1 2.01301E-1 2.25081E-1 1.94048E-1 1.89128E-1 1.98488E-1
1.28686E-1 1.35715E-1 1.15946E-1 1.28962E-1 1.31228E-1 1.60918E-1 1.51738E-1 1.50045E-1 1.60483E-1 1.60732E-1 1.59325E-1 1.72682E-1 1.69601E-1 1.68431E-1 1.49733E-1 1.55172E-1 1.75323E-1 1.77508E-1 1.7533E-1 1.51426E-1 1.4221E-1 1.36764E-1 1.24147E-1 1.05282E-1 9.43495E-2 9.07997E-2 1.09872E-1 1.29732E-1 1.33622E-1 1.22236E-1 1.06932E-1 1.15023E-1 1.40753E-1 1.37646E-1 1.18626E-1 1.24396E-1 1.25941E-1 1.28462E-1 1.33177E-1 1.35542E-1 1.36362E-1 1.31751E-1 1.34354E-1 1.40283E-1 1.35834E-1 1.57712E-1 1.48491E-1 1.53754E-1 1.3307E-1 1.39543E-1 1.60341E-1 1.51232E-1 1.60714E-1 1.64943E-1 1.76733E-1 1.73233E-1 2.07042E-1 2.20895E-1 2.06741E-1 2.25851E-1 2.39063E-1 2.42384E-1 1.71266E-1 1.81715E-1 2.09504E-1
1.40203E-1 1.53821E-1 1.55438E-1 1.45841E-1 1.30129E-1 1.34425E-1 1.50579E-1 1.58833E-1 1.71858E-1 1.72678E-1 1.68457E-1 1.78853E-1 1.69599E-1 1.71922E-1 1.63718E-1 1.50388E-1 1.87176E-1 1.76393E-1 1.62195E-1 1.64022E-1 1.53908E-1 1.43619E-1 1.38437E-1 1.35809E-1 1.26034E-1 1.03423E-1 1.02918E-1 1.05693E-1 1.17982E-1 1.18944E-1 1.04053E-1 9.11368E-2 1.26972E-1 1.50683E-1 1.11755E-1 1.37744E-1 1.43781E-1 1.37251E-1 1.34738E-1 1.35107E-1 1.27969E-1 1.43876E-1 1.33205E-1 1.4849E-1 1.46085E-1 1.60231E-1 1.6459E-1 1.53434E-1 1.39839E-1 1.27375E-1 1.65773E-1 1.77753E-1 1.85599E-1 1.77019E-1 1.94602E-1 1.80113E-1 1.81301E-1 2.32149E-1 2.01446E-1 1.65418E-1 2.14468E-1 2.3304E-1 1.79924E-1 1.97823E-1 2.07205E-1
1.11745E-1 1.33151E-1 1.47609E-1 1.46901E-1 1.75635E-1 1.71402E-1 1.21879E-1 1.32056E-1 1.42873E-1 1.55208E-1 1.61365E-1 1.58414E-1 1.64351E-1 1.7455E-1 1.84093E-1 1.60513E-1 1.88402E-1 1.7111E-1 1.63349E-1 1.66135E-1 1.56139E-1 1.56228E-1 1.3799E-1 1.37487E-1 1.39859E-1 1.15953E-1 1.11536E-1 1.18883E-1 1.20476E-1 1.22073E-1 1.0405E-1 1.01884E-1 9.82398E-2 1.43026E-1 1.21659E-1 1.21172E-1 1.29356E-1 1.38787E-1 1.36974E-1 1.34257E-1 1.33625E-1 1.4114E-1 1.46132E-1 1.43774E-1 1.4789E-1 1.52715E-1 1.62675E-1 1.67023E-1 1.46822E-1 1.32632E-1 1.54077E-1 1.6907E-1 1.82913E-1 1.81617E-1 1.97317E-1 1.8757E-1 1.99822E-1 2.23261E-1 2.34701E-1 2.05427E-1 1.78628E-1 2.15328E-1 2.16315E-1 2.12761E-1 2.01257E-1
1.1971E-1 1.26481E-1 1.3322E-1 1.39956E-1 1.49154E-1 1.92706E-1 1.65775E-1 1.79386E-1 1.79301E-1 1.72332E-1 1.806E-1 1.77233E-1 1.741E-1 1.6066E-1 1.63646E-1 1.78229E-1 1.99622E-1 1.76571E-1 1.74407E-1 1.70231E-1 1.59349E-1 1.64328E-1 1.50277E-1 1.55411E-1 1.38592E-1 1.22837E-1 1.1797E-1 1.22129E-1 1.23658E-1 1.18027E-1 1.03054E-1 1.05928E-1 1.01027E-1 1.27919E-1 1.34444E-1 1.30181E-1 1.28498E-1 1.32295E-1 1.30674E-1 1.38333E-1 1.46868E-1 1.45543E-1 1.43389E-1 1.44783E-1 1.47353E-1 1.46161E-1 1.51623E-1 1.67224E-1 1.53319E-1 1.44091E-1 1.54517E-1 1.58692E-1 1.64206E-1 1.57688E-1 1.81268E-1 1.85586E-1 1.77233E-1 2.1105E-1 2.30438E-1 2.39639E-1 2.17822E-1 1.69888E-1 1.97685E-1 2.13031E-1 1.93849E-1
1.29651E-1 1.5164E-1 1.41009E-1 1.37251E-1 1.28657E-1 1.73781E-1 1.73639E-1 1.83275E-1 1.82811E-1 1.63322E-1 1.66187E-1 1.94286E-1 1.90585E-1 1.94992E-1 1.88017E-1 1.72461E-1 1.73966E-1 1.69488E-1 1.69982E-1 1.68761E-1 1.56276E-1 1.59302E-1 1.60922E-1 1.61821E-1 1.4377E-1 1.33143E-1 1.35567E-1 1.27578E-1 1.2096E-1 1.13073E-1 1.05852E-1 9.38981E-2 1.00446E-1 1.24315E-1 1.28455E-1 1.35948E-1 1.3049E-1 1.27133E-1 1.27227E-1 1.261E-1 1.29212E-1 1.29754E-1 1.46742E-1 1.40613E-1 1.47491E-1 1.44913E-1 1.4609E-1 1.56526E-1 1.44537E-1 1.57134E-1 1.71746E-1 1.61868E-1 1.63592E-1 1.51896E-1 1.78374E-1 1.82853E-1 1.67486E-1 1.82781E-1 1.82477E-1 2.0017E-1 2.10993E-1 2.06742E-1 1.97861E-1 1.81406E-1 1.88511E-1
1.214E-1 1.25649E-1 1.3139E-1 1.21716E-1 1.6098E-1 1.64462E-1 1.6946E-1 1.5216E-1 1.65555E-1 1.54873E-1 1.42106E-1 1.57592E-1 1.84283E-1 1.72059E-1 1.92688E-1 2.08474E-1 1.93401E-1 1.84058E-1 1.86008E-1 1.71497E-1 1.5829E-1 1.62609E-1 1.59479E-1 1.48474E-1 1.44007E-1 1.33827E-1 1.41843E-1 1.29401E-1 1.29212E-1 1.2381E-1 1.02923E-1 1.04165E-1 9.93526E-2 1.17937E-1 1.36403E-1 1.41905E-1 1.39325E-1 1.40464E-1 1.35792E-1 1.39564E-1 1.48134E-1 1.45146E-1 1.40999E-1 1.39501E-1 1.44302E-1 1.50235E-1 1.54003E-1 1.48319E-1 1.57445E-1 1.50405E-1 1.57757E-1 1.70077E-1 1.71164E-1 1.68698E-1 1.90446E-1 1.69676E-1 1.79923E-1 1.73994E-1 1.91441E-1 2.04098E-1 1.96749E-1 2.04348E-1 1.91107E-1 1.68956E-1 1.68253E-1
1.31375E-1 1.41015E-1 1.3533E-1 1.41355E-1 1.48387E-1 1.66646E-1 1.77315E-1 1.61348E-1 1.77024E-1 1.77101E-1 1.66229E-1 1.49441E-1 1.535E-1 1.47645E-1 1.78991E-1 1.82266E-1 1.64724E-1 1.7971E-1 1.78481E-1 1.79475E-1 1.79066E-1 1.68403E-1 1.7781E-1 1.7026E-1 1.55474E-1 1.47681E-1 1.4354E-1 1.40102E-1 1.3414E-1 1.32906E-1 1.24078E-1 1.1258E-1 1.26062E-1 1.58075E-1 1.31307E-1 1.31838E-1 1.39069E-1 1.41162E-1 1.44346E-1 1.3619E-1 1.39812E-1 1.322E-1 1.28923E-1 1.29746E-1 1.36243E-1 1.4903E-1 1.53757E-1 1.60744E-1 1.56479E-1 1.39836E-1 1.58413E-1 1.60794E-1 1.62552E-1 1.68155E-1 1.6502E-1 1.77742E-1 1.86505E-1 1.79823E-1 1.98848E-1 2.074E-1 2.06213E-1 1.95904E-1 1.9128E-1 2.00736E-1 1.70989E-1
