layers/maxent/tupi.asc
ncols         638
nrows         825
xllcorner     -2985163.8955
yllcorner     -3022031.214
cellsize      10000.0
NODATA_value  -9999
[rows 116 to 144 of 825, columns 325 to 389 of 638]
1.36077E-1 1.22644E-1 1.32308E-1 1.06045E-1 9.7093E-2 1.21983E-1 1.16233E-1 1.04821E-1 7.01535E-2 7.15882E-2 1.1479E-1 1.2705E-1 1.30209E-1 1.02766E-1 1.20007E-1 1.2932E-1 1.37779E-1 1.14936E-1 6.9632E-2 9.25573E-2 1.38669E-1 1.61746E-1 1.55021E-1 1.42871E-1 1.61527E-1 1.72452E-1 1.97015E-1 2.0917E-1 1.60015E-1 1.58025E-1 1.63981E-1 1.51506E-1 1.63358E-1 1.75471E-1 2.07246E-1 1.84391E-1 1.68208E-1 1.79451E-1 1.81447E-1 1.73192E-1 2.25268E-1 1.37326E-1 1.43708E-1 1.33523E-1 1.58622E-1 1.58394E-1 1.24992E-1 1.04813E-1 1.17413E-1 1.25439E-1 1.48169E-1 1.52346E-1 1.32143E-1 1.00979E-1 1.06143E-1 9.98218E-2 8.68663E-2 8.26736E-2 9.46973E-2 1.17635E-1 1.0661E-1 9.69521E-2 1.04614E-1 8.39355E-2 7.79001E-2
1.30302E-1 1.15072E-1 1.1343E-1 1.07934E-1 1.02761E-1 1.1631E-1 1.24051E-1 1.15367E-1 7.43091E-2 6.23393E-2 7.98976E-2 9.93522E-2 3.86921E-2 3.35796E-2 8.19935E-2 8.24235E-2 1.1698E-1 1.16362E-1 7.21618E-2 8.85916E-2 1.17652E-1 1.45161E-1 1.3942E-1 1.52609E-1 1.70386E-1 1.76441E-1 1.91009E-1 1.85902E-1 1.56504E-1 1.71296E-1 1.56487E-1 1.42227E-1 1.64515E-1 1.73761E-1 1.92237E-1 1.85724E-1 1.77743E-1 2.01642E-1 1.80405E-1 1.44961E-1 1.95268E-1 1.69633E-1 1.38013E-1 1.50935E-1 1.54489E-1 1.33897E-1 1.32052E-1 1.31386E-1 1.23424E-1 1.09948E-1 1.30009E-1 1.39104E-1 1.41404E-1 1.17473E-1 1.02086E-1 1.02556E-1 9.61344E-2 9.01526E-2 8.16592E-2 9.15124E-2 1.24049E-1 1.30946E-1 1.3057E-1 1.0825E-1 8.1791E-2
1.55459E-1 1.5269E-1 1.41582E-1 1.28994E-1 1.24808E-1 1.24357E-1 1.14743E-1 1.16776E-1 9.98377E-2 8.01668E-2 8.16381E-2 7.35856E-2 1.94127E-2 2.13807E-2 2.07394E-2 6.37188E-2 7.98198E-2 7.42084E-2 6.79718E-2 1.03088E-1 1.17697E-1 1.14066E-1 1.36781E-1 1.58496E-1 1.54833E-1 1.48432E-1 1.66065E-1 1.67541E-1 1.64832E-1 1.64823E-1 1.46335E-1 1.33802E-1 1.42063E-1 1.57828E-1 1.7593E-1 1.63804E-1 1.64389E-1 1.79623E-1 1.68124E-1 1.61345E-1 1.54598E-1 1.73523E-1 1.69603E-1 9.37914E-2 1.55926E-1 1.49471E-1 1.35162E-1 1.56651E-1 1.4215E-1 1.09448E-1 1.04078E-1 1.32181E-1 1.41342E-1 1.12373E-1 8.29934E-2 8.86218E-2 8.92363E-2 9.69197E-2 8.43904E-2 8.49065E-2 1.04732E-1 1.08248E-1 9.18204E-2 8.63092E-2 7.40502E-2
1.43517E-1 1.58429E-1 1.54478E-1 1.51669E-1 1.46863E-1 1.49039E-1 1.46696E-1 1.50459E-1 1.2535E-1 8.3901E-2 7.5542E-2 9.41385E-2 9.32371E-2 1.48468E-1 9.74921E-2 9.64554E-2 1.01207E-1 7.23313E-2 7.72242E-2 9.04388E-2 1.0745E-1 1.20483E-1 1.35806E-1 1.51362E-1 1.44459E-1 1.49533E-1 1.43182E-1 1.47685E-1 1.66349E-1 1.54307E-1 1.42871E-1 1.32112E-1 1.47085E-1 1.64676E-1 1.56868E-1 1.51318E-1 1.50252E-1 1.60051E-1 1.6166E-1 1.44378E-1 1.47136E-1 1.73365E-1 1.49311E-1 1.38397E-1 1.23706E-1 1.62578E-1 1.4835E-1 1.4879E-1 1.36253E-1 1.08006E-1 7.50948E-2 9.32148E-2 1.37007E-1 1.12233E-1 9.05441E-2 9.05311E-2 9.56616E-2 1.08955E-1 1.04568E-1 1.15391E-1 1.18477E-1 1.07829E-1 9.37099E-2 8.54549E-2 8.35034E-2
1.11939E-1 1.32845E-1 1.3736E-1 1.31586E-1 1.34323E-1 1.47036E-1 1.49772E-1 1.54142E-1 1.34253E-1 1.01115E-1 9.83723E-2 1.16535E-1 1.25156E-1 1.29642E-1 1.32833E-1 1.24896E-1 1.21728E-1 7.49411E-2 6.6837E-2 9.05127E-2 1.18526E-1 1.32872E-1 1.47668E-1 1.64581E-1 1.49756E-1 1.4733E-1 1.28201E-1 1.34931E-1 1.53295E-1 1.50881E-1 1.47201E-1 1.51156E-1 1.71121E-1 1.75708E-1 1.43039E-1 1.3651E-1 1.50234E-1 1.40914E-1 1.47869E-1 1.20728E-1 1.45888E-1 1.59976E-1 1.24548E-1 1.257E-1 1.03376E-1 1.32343E-1 1.48644E-1 1.1771E-1 9.84707E-2 7.23158E-2 1.03825E-1 1.0659E-1 9.80994E-2 1.05662E-1 9.9534E-2 1.11366E-1 1.18028E-1 1.14895E-1 1.12249E-1 1.40021E-1 1.35217E-1 1.12048E-1 9.6045E-2 9.35803E-2 9.71164E-2
1.02462E-1 1.28061E-1 1.41346E-1 1.32491E-1 1.30436E-1 1.44248E-1 1.51783E-1 1.53702E-1 1.35631E-1 1.13237E-1 1.21576E-1 1.34993E-1 1.33786E-1 1.36449E-1 1.18968E-1 1.14372E-1 1.21896E-1 1.07701E-1 9.72147E-2 1.09876E-1 1.16959E-1 1.28481E-1 1.43078E-1 1.6128E-1 1.51457E-1 1.3963E-1 1.38258E-1 1.42021E-1 1.4281E-1 1.45889E-1 1.52195E-1 1.58033E-1 1.65989E-1 1.62048E-1 1.40666E-1 1.39373E-1 1.42854E-1 1.28906E-1 1.42935E-1 1.22339E-1 1.33261E-1 1.29805E-1 1.34028E-1 1.47348E-1 1.41319E-1 6.91552E-2 1.14062E-1 1.03493E-1 9.52352E-2 7.11715E-2 1.04834E-1 1.63624E-1 1.15999E-1 1.07914E-1 1.12714E-1 1.32668E-1 1.33278E-1 1.30455E-1 1.28529E-1 1.40948E-1 1.42231E-1 1.18853E-1 1.06839E-1 1.06115E-1 1.03679E-1
1.09393E-1 1.25568E-1 1.3526E-1 1.3712E-1 1.33714E-1 1.3773E-1 1.48372E-1 1.62878E-1 1.52211E-1 1.34453E-1 1.43435E-1 1.53182E-1 1.45972E-1 1.5733E-1 1.63729E-1 2.19262E-1 1.12538E-1 1.25081E-1 1.31381E-1 1.23117E-1 9.59637E-2 1.11835E-1 1.38519E-1 1.54482E-1 1.58556E-1 1.49896E-1 1.62277E-1 1.62131E-1 1.34414E-1 1.40469E-1 1.54527E-1 1.53208E-1 1.49272E-1 1.57378E-1 1.4171E-1 1.52667E-1 1.42527E-1 1.13263E-1 1.4115E-1 1.26231E-1 1.21038E-1 1.0568E-1 1.0842E-1 1.63256E-1 1.85299E-1 1.28029E-1 1.33759E-1 1.43721E-1 1.42694E-1 1.61317E-1 1.65635E-1 1.6563E-1 1.32619E-1 1.04719E-1 1.22058E-1 1.30369E-1 1.29601E-1 1.32889E-1 1.36318E-1 1.36491E-1 1.33558E-1 1.34121E-1 1.21171E-1 1.20544E-1 1.13573E-1
1.06362E-1 1.19008E-1 1.27855E-1 1.32995E-1 1.34351E-1 1.46991E-1 1.44605E-1 1.50283E-1 1.6001E-1 1.55344E-1 1.45229E-1 1.54293E-1 1.57235E-1 1.6492E-1 1.47744E-1 1.06499E-1 1.00601E-1 1.03256E-1 1.11602E-1 1.17876E-1 1.01241E-1 1.13647E-1 1.34973E-1 1.63937E-1 1.61945E-1 1.58762E-1 1.67136E-1 1.69153E-1 1.40036E-1 1.49727E-1 1.54571E-1 1.49658E-1 1.32967E-1 1.3E-1 1.23565E-1 8.66279E-2 1.18759E-1 1.15058E-1 1.34284E-1 1.33919E-1 1.37795E-1 1.39581E-1 1.49544E-1 1.64519E-1 1.65935E-1 1.7266E-1 1.55386E-1 1.50432E-1 1.63403E-1 1.52194E-1 1.33839E-1 1.29495E-1 1.18741E-1 1.07393E-1 9.80245E-2 9.43093E-2 1.0996E-1 1.20221E-1 1.41493E-1 1.29983E-1 1.19822E-1 1.52184E-1 1.48886E-1 1.28063E-1 1.32191E-1
1.07821E-1 1.21453E-1 1.18005E-1 1.16164E-1 1.32798E-1 1.55501E-1 1.6679E-1 1.5345E-1 1.61043E-1 1.78458E-1 1.51637E-1 1.41494E-1 1.48227E-1 1.6525E-1 1.59828E-1 1.35879E-1 1.17321E-1 1.06621E-1 1.0616E-1 1.12989E-1 1.12351E-1 1.29363E-1 1.40961E-1 1.63433E-1 1.7041E-1 1.67502E-1 1.54662E-1 1.67911E-1 1.35942E-1 1.5417E-1 1.49005E-1 1.56628E-1 1.16356E-1 1.01049E-1 1.15843E-1 7.44149E-2 1.047E-1 1.43845E-1 1.32533E-1 1.35214E-1 1.37179E-1 1.54049E-1 1.84636E-1 1.76435E-1 1.64397E-1 1.79236E-1 1.65559E-1 1.3987E-1 1.50315E-1 1.61612E-1 1.40983E-1 1.21257E-1 1.13934E-1 9.85223E-2 8.86136E-2 7.92525E-2 7.53923E-2 1.03043E-1 1.36339E-1 1.25618E-1 1.23032E-1 1.51966E-1 1.53159E-1 1.53803E-1 2.00061E-1
1.23454E-1 1.27314E-1 1.35542E-1 1.24989E-1 1.26168E-1 1.50829E-1 1.67173E-1 1.68542E-1 1.67772E-1 1.72403E-1 1.58772E-1 1.32162E-1 1.19902E-1 1.28805E-1 1.54583E-1 1.64566E-1 1.38862E-1 1.36962E-1 1.20472E-1 1.29268E-1 1.2413E-1 1.43548E-1 1.4274E-1 1.53055E-1 1.71146E-1 1.68297E-1 1.49306E-1 1.65978E-1 1.26178E-1 1.21177E-1 1.21821E-1 1.2708E-1 9.34407E-2 8.32051E-2 9.9037E-2 9.62926E-2 1.10854E-1 1.42582E-1 1.39942E-1 1.26371E-1 1.29123E-1 1.5068E-1 1.81807E-1 1.7615E-1 1.56175E-1 1.56515E-1 1.52674E-1 1.39943E-1 1.35409E-1 1.41984E-1 1.39699E-1 1.4105E-1 1.33567E-1 9.93886E-2 5.077E-2 8.13194E-2 1.13441E-1 1.61852E-1 1.49575E-1 1.21891E-1 1.38526E-1 1.66458E-1 1.51697E-1 2.12485E-1 1.77954E-1
1.17465E-1 1.25248E-1 1.27864E-1 1.35695E-1 1.27854E-1 1.48058E-1 1.59557E-1 1.53454E-1 1.6801E-1 1.7508E-1 1.47608E-1 1.35597E-1 1.45067E-1 1.29607E-1 1.44497E-1 1.58966E-1 1.22375E-1 1.22126E-1 1.13221E-1 1.44663E-1 1.28838E-1 1.47427E-1 1.43497E-1 1.31022E-1 1.67077E-1 1.55667E-1 1.36642E-1 1.57913E-1 1.38299E-1 1.24518E-1 1.17669E-1 9.50994E-2 9.3621E-2 1.0543E-1 1.14813E-1 1.11807E-1 1.32281E-1 1.43142E-1 1.21126E-1 1.2042E-1 1.33695E-1 1.3825E-1 1.37887E-1 1.47609E-1 1.46552E-1 1.36715E-1 1.37149E-1 1.50589E-1 1.41034E-1 1.23496E-1 1.23565E-1 1.22146E-1 1.34011E-1 1.04901E-1 4.84469E-2 6.85005E-2 1.06027E-1 1.59618E-1 1.66417E-1 1.42575E-1 1.63335E-1 1.41458E-1 1.77666E-1 1.63858E-1 1.49881E-1
1.19809E-1 1.22905E-1 1.28791E-1 1.46969E-1 1.43481E-1 1.50863E-1 1.5933E-1 1.39332E-1 1.47786E-1 1.72436E-1 1.50773E-1 1.23395E-1 1.45684E-1 1.49135E-1 1.47387E-1 1.38739E-1 1.29551E-1 8.9787E-2 9.074E-2 9.38051E-2 1.18561E-1 1.47134E-1 1.42299E-1 1.16099E-1 1.45662E-1 1.52738E-1 1.32784E-1 1.40566E-1 1.39746E-1 1.19904E-1 1.10983E-1 1.12001E-1 1.07442E-1 1.08012E-1 1.18035E-1 1.24E-1 1.39739E-1 1.42799E-1 1.14135E-1 1.15905E-1 1.35281E-1 1.22772E-1 1.07745E-1 1.31189E-1 1.47898E-1 1.3381E-1 1.38222E-1 1.60318E-1 1.49374E-1 1.19348E-1 1.13287E-1 1.15853E-1 1.19912E-1 1.16448E-1 6.7941E-2 9.42855E-2 1.19338E-1 1.43525E-1 1.65151E-1 1.44459E-1 1.66104E-1 1.43265E-1 1.80631E-1 1.64007E-1 1.24282E-1
1.25304E-1 1.25004E-1 1.28541E-1 1.42725E-1 1.46279E-1 1.44288E-1 1.51023E-1 1.49378E-1 1.53025E-1 1.62727E-1 1.5624E-1 1.47642E-1 1.48455E-1 1.44518E-1 1.23313E-1 1.33664E-1 1.15473E-1 1.00804E-1 7.70188E-2 6.00563E-2 8.77995E-2 1.50652E-1 1.40884E-1 1.29794E-1 1.31194E-1 1.31515E-1 1.33767E-1 1.43771E-1 1.43329E-1 1.08926E-1 8.25363E-2 1.03501E-1 1.33083E-1 1.25249E-1 1.22887E-1 1.26049E-1 1.27446E-1 1.29896E-1 1.23761E-1 1.2216E-1 1.40934E-1 1.34564E-1 1.14217E-1 1.45933E-1 1.58277E-1 1.36243E-1 1.41722E-1 1.61357E-1 1.52278E-1 1.238E-1 1.14574E-1 1.09547E-1 1.0038E-1 1.1202E-1 1.00842E-1 1.15807E-1 1.35779E-1 1.46084E-1 1.67675E-1 1.52902E-1 1.50241E-1 1.70589E-1 1.95267E-1 1.36774E-1 1.17577E-1
1.27371E-1 1.22351E-1 1.25533E-1 1.35714E-1 1.42839E-1 1.44343E-1 1.47052E-1 1.57964E-1 1.55946E-1 1.45391E-1 1.56327E-1 1.6107E-1 1.40954E-1 1.30855E-1 1.12361E-1 1.12884E-1 1.20937E-1 1.22107E-1 8.64484E-2 4.7724E-2 6.17703E-2 1.75805E-1 1.342E-1 1.31194E-1 1.33846E-1 1.43675E-1 1.46453E-1 1.48264E-1 1.37553E-1 1.20477E-1 9.20233E-2 7.42889E-2 1.06305E-1 1.32171E-1 1.22482E-1 1.15803E-1 1.17343E-1 1.26431E-1 1.32218E-1 1.30214E-1 1.51952E-1 1.50706E-1 1.40696E-1 1.64871E-1 1.81687E-1 1.49656E-1 1.39439E-1 1.55145E-1 1.42882E-1 1.31136E-1 1.18985E-1 1.03686E-1 9.37536E-2 1.02041E-1 1.13792E-1 1.30965E-1 1.58711E-1 1.34026E-1 1.41915E-1 1.46295E-1 1.54202E-1 2.04272E-1 1.36047E-1 1.29549E-1 1.21759E-1
1.10277E-1 1.08697E-1 1.19182E-1 1.38859E-1 1.41985E-1 1.32706E-1 1.37588E-1 1.53642E-1 1.55574E-1 1.50188E-1 1.59342E-1 1.69662E-1 1.4303E-1 1.23571E-1 9.86537E-2 1.08623E-1 1.22321E-1 1.25626E-1 1.10926E-1 6.34255E-2 6.45887E-2 1.49773E-1 1.08321E-1 9.03584E-2 1.19523E-1 1.33928E-1 1.41304E-1 1.40822E-1 1.50027E-1 1.42025E-1 9.35074E-2 7.08035E-2 7.21298E-2 7.63563E-2 7.56419E-2 7.96163E-2 9.62015E-2 1.02932E-1 1.16989E-1 1.28461E-1 1.34378E-1 1.39166E-1 1.44516E-1 1.63213E-1 1.74959E-1 1.59163E-1 1.43345E-1 1.45003E-1 1.56109E-1 1.45222E-1 1.35415E-1 1.21421E-1 1.24494E-1 1.28516E-1 1.42888E-1 1.46972E-1 1.44551E-1 1.33772E-1 1.36704E-1 1.60378E-1 1.71936E-1 1.27445E-1 1.21195E-1 1.21358E-1 1.28245E-1
1.09248E-1 1.00247E-1 1.04573E-1 1.32438E-1 1.46866E-1 1.34159E-1 1.28237E-1 1.37551E-1 1.51442E-1 1.57087E-1 1.60573E-1 1.70775E-1 1.70652E-1 1.37002E-1 1.16528E-1 9.13132E-2 1.08605E-1 1.20579E-1 1.12289E-1 8.32352E-2 8.71203E-2 1.24393E-1 8.48281E-2 7.46589E-2 1.05931E-1 1.25102E-1 1.30854E-1 1.33311E-1 1.20951E-1 1.14288E-1 1.1016E-1 8.96156E-2 8.11623E-2 1.05568E-1 1.149E-1 9.73622E-2 9.26992E-2 8.82387E-2 1.14081E-1 1.35558E-1 1.2281E-1 1.34895E-1 1.59323E-1 1.68048E-1 1.67098E-1 1.63524E-1 1.53797E-1 1.42806E-1 1.65533E-1 1.6103E-1 1.3205E-1 1.1601E-1 1.22714E-1 1.2709E-1 1.60566E-1 1.47546E-1 1.287E-1 1.38161E-1 1.45835E-1 1.6818E-1 1.88911E-1 1.24867E-1 1.13243E-1 1.08265E-1 1.13768E-1
1.14666E-1 1.10082E-1 1.08476E-1 1.30782E-1 1.41134E-1 1.32261E-1 1.16917E-1 1.14132E-1 1.35616E-1 1.63446E-1 1.48651E-1 1.44983E-1 1.56195E-1 1.46538E-1 1.21993E-1 8.6334E-2 9.97808E-2 1.05167E-1 1.01098E-1 9.49136E-2 7.81293E-2 1.14359E-1 7.526E-2 6.57456E-2 8.5547E-2 9.82301E-2 1.10181E-1 1.20388E-1 1.10314E-1 1.13039E-1 1.17764E-1 1.07989E-1 7.56144E-2 7.09224E-2 8.49239E-2 1.12173E-1 1.25214E-1 1.33523E-1 1.54104E-1 1.5405E-1 1.28166E-1 1.42796E-1 1.79522E-1 1.88713E-1 1.64639E-1 1.45911E-1 1.45135E-1 1.4607E-1 1.55856E-1 1.61888E-1 1.11385E-1 7.49688E-2 7.72706E-2 9.63353E-2 1.41887E-1 1.41695E-1 1.40451E-1 1.56694E-1 1.60345E-1 1.7344E-1 1.9624E-1 1.30369E-1 1.20716E-1 1.00907E-1 8.32431E-2
1.14528E-1 1.12405E-1 1.16395E-1 1.2365E-1 1.30694E-1 1.27843E-1 1.19625E-1 1.08372E-1 1.22899E-1 1.46736E-1 1.42722E-1 1.27465E-1 1.41759E-1 1.45505E-1 1.31341E-1 1.09633E-1 1.16617E-1 1.22392E-1 7.71818E-2 7.40183E-2 8.08249E-2 1.08527E-1 1.04142E-1 7.33612E-2 7.34819E-2 7.6794E-2 9.74145E-2 1.15764E-1 1.11319E-1 1.16594E-1 1.30017E-1 1.42166E-1 9.9691E-2 1.04096E-1 1.0176E-1 9.65978E-2 9.4868E-2 1.06176E-1 1.30701E-1 1.49086E-1 1.51077E-1 1.65116E-1 1.85679E-1 1.81628E-1 1.58562E-1 1.32424E-1 1.07579E-1 1.36079E-1 1.53082E-1 1.54367E-1 1.23478E-1 8.47016E-2 7.98945E-2 1.06026E-1 1.4215E-1 1.35805E-1 1.41483E-1 1.64201E-1 1.75429E-1 1.80872E-1 1.19523E-1 1.25617E-1 1.16784E-1 9.55338E-2 7.07306E-2
1.11927E-1 1.12704E-1 1.27658E-1 1.22609E-1 1.14568E-1 1.20779E-1 1.24624E-1 1.08276E-1 1.1138E-1 1.25098E-1 1.33049E-1 1.4587E-1 1.41148E-1 1.39657E-1 1.45968E-1 1.35122E-1 1.05737E-1 7.71456E-2 4.88433E-2 7.44437E-2 8.15646E-2 1.18765E-1 1.40378E-1 1.16309E-1 7.61747E-2 6.78953E-2 1.00531E-1 1.25584E-1 1.19171E-1 1.15062E-1 1.37912E-1 1.55071E-1 1.56846E-1 1.43329E-1 1.12032E-1 1.05626E-1 1.04688E-1 9.29903E-2 1.06976E-1 1.20744E-1 1.54602E-1 1.81085E-1 1.71871E-1 1.69395E-1 1.44246E-1 1.05999E-1 1.31867E-1 1.16735E-1 1.25471E-1 9.78345E-2 1.53153E-1 1.33368E-1 1.23293E-1 1.32893E-1 1.47032E-1 1.47363E-1 1.43768E-1 1.64221E-1 1.80061E-1 1.1942E-1 1.15672E-1 1.25027E-1 9.98429E-2 9.40631E-2 1.125E-1
1.1147E-1 1.15625E-1 1.20486E-1 1.21443E-1 1.09689E-1 1.05851E-1 1.1108E-1 9.91609E-2 1.02932E-1 1.19718E-1 1.18222E-1 1.35382E-1 1.36441E-1 1.24092E-1 1.30869E-1 1.37189E-1 1.29826E-1 1.36924E-1 8.5001E-2 1.28227E-1 9.91043E-2 1.10384E-1 1.53252E-1 1.31904E-1 8.90986E-2 8.35081E-2 7.7504E-2 1.21541E-1 1.42284E-1 1.33971E-1 1.48858E-1 1.57627E-1 1.58991E-1 1.56861E-1 8.64609E-2 1.40669E-1 1.56578E-1 1.32125E-1 1.3215E-1 1.23789E-1 1.32787E-1 1.55888E-1 1.50623E-1 8.78057E-2 9.33057E-2 1.06403E-1 1.16505E-1 1.0395E-1 8.95762E-2 1.00639E-1 9.12013E-2 7.54224E-2 7.02991E-2 1.25219E-1 1.34346E-1 1.44147E-1 1.57695E-1 1.11659E-1 1.13845E-1 1.05771E-1 9.67138E-2 9.22198E-2 8.10566E-2 1.14152E-1 1.00233E-1
1.09975E-1 1.12799E-1 1.04482E-1 1.06902E-1 1.04367E-1 9.46636E-2 1.00866E-1 9.13725E-2 1.03067E-1 1.29212E-1 1.2698E-1 1.3635E-1 1.3753E-1 1.24362E-1 1.07035E-1 1.0075E-1 1.17038E-1 1.26653E-1 8.02695E-2 1.58737E-1 1.35414E-1 9.44182E-2 1.12939E-1 1.48746E-1 1.44377E-1 1.14302E-1 9.33587E-2 1.13579E-1 1.44688E-1 1.63761E-1 1.64632E-1 1.05344E-1 1.02141E-1 1.02903E-1 9.10795E-2 9.17996E-2 1.06082E-1 1.06908E-1 1.07738E-1 9.30896E-2 8.6159E-2 1.50101E-1 9.44913E-2 8.60149E-2 9.73078E-2 1.03707E-1 1.11047E-1 1.11828E-1 1.05399E-1 1.11085E-1 9.15203E-2 6.60689E-2 5.53671E-2 5.97657E-2 7.16881E-2 9.03272E-2 1.02976E-1 9.83812E-2 9.7515E-2 8.53455E-2 7.89162E-2 7.21819E-2 6.15447E-2 8.47413E-2 9.08065E-2
9.65071E-2 9.38281E-2 7.74321E-2 6.98235E-2 7.84316E-2 8.59781E-2 9.53095E-2 1.06774E-1 1.10842E-1 1.26026E-1 1.26909E-1 1.37286E-1 1.46432E-1 1.27964E-1 9.21446E-2 9.12532E-2 9.41083E-2 1.08847E-1 7.11724E-2 1.33743E-1 1.23961E-1 8.43858E-2 1.08735E-1 1.18559E-1 1.44077E-1 1.32431E-1 1.22364E-1 1.34876E-1 1.19288E-1 1.54759E-1 1.08283E-1 1.06842E-1 1.10881E-1 1.83689E-1 1.69139E-1 1.53089E-1 9.67406E-2 1.03973E-1 1.15956E-1 1.18149E-1 1.01478E-1 1.03367E-1 1.00398E-1 9.46433E-2 9.63245E-2 1.20474E-1 1.19161E-1 1.12813E-1 1.09223E-1 1.16896E-1 1.03181E-1 7.60469E-2 4.92625E-2 4.30849E-2 5.01546E-2 7.87945E-2 1.03796E-1 8.42358E-2 7.11826E-2 6.20846E-2 5.78627E-2 5.21019E-2 5.0371E-2 5.07918E-2 4.98725E-2
8.53155E-2 8.43282E-2 6.65678E-2 5.45561E-2 6.05736E-2 9.16031E-2 1.00264E-1 1.08247E-1 1.24954E-1 1.38519E-1 1.33564E-1 1.47479E-1 1.63334E-1 1.15536E-1 9.44916E-2 1.12694E-1 1.15022E-1 1.17718E-1 1.10377E-1 1.36286E-1 1.20437E-1 1.04462E-1 1.10129E-1 1.14386E-1 1.36052E-1 1.33051E-1 1.31562E-1 1.09146E-1 1.31569E-1 1.58279E-1 1.77523E-1 1.79368E-1 1.60031E-1 1.75172E-1 1.78638E-1 1.99573E-1 1.84208E-1 1.72871E-1 1.16591E-1 1.30894E-1 1.11221E-1 1.16038E-1 1.07831E-1 1.10994E-1 1.01255E-1 1.22071E-1 1.34435E-1 1.1805E-1 1.04378E-1 1.08898E-1 9.74563E-2 8.35409E-2 1.01277E-1 7.71057E-2 3.70219E-2 5.94628E-2 8.63864E-2 8.56894E-2 7.6708E-2 6.52366E-2 5.54871E-2 4.77032E-2 4.32416E-2 4.97593E-2 5.33899E-2
8.06661E-2 8.38542E-2 8.85182E-2 7.84834E-2 7.591E-2 1.11628E-1 1.29294E-1 9.72792E-2 1.17163E-1 1.37158E-1 1.51884E-1 1.6575E-1 1.59373E-1 1.61873E-1 1.10795E-1 1.30772E-1 1.41942E-1 1.19428E-1 1.17041E-1 1.04384E-1 9.81813E-2 1.17849E-1 1.12706E-1 1.09929E-1 1.17756E-1 1.16654E-1 1.08676E-1 1.16814E-1 1.71277E-1 1.66492E-1 1.81883E-1 1.96116E-1 1.77042E-1 1.6349E-1 1.95581E-1 2.01726E-1 2.0704E-1 2.16705E-1 2.08455E-1 1.4366E-1 1.33433E-1 1.31628E-1 1.27946E-1 1.37781E-1 1.2073E-1 2.01876E-1 2.0574E-1 1.9165E-1 1.0337E-1 8.21121E-2 6.99853E-2 6.68145E-2 1.16059E-1 9.72282E-2 8.09309E-2 6.13582E-2 7.544E-2 8.57293E-2 8.69059E-2 6.76646E-2 5.73383E-2 5.53358E-2 4.80919E-2 5.23625E-2 6.23889E-2
1.06736E-1 1.08739E-1 1.24956E-1 1.09326E-1 1.06416E-1 1.199E-1 1.3185E-1 9.4506E-2 1.19542E-1 1.42655E-1 1.273E-1 1.46365E-1 1.70126E-1 1.42103E-1 1.35008E-1 1.27059E-1 1.63023E-1 1.36033E-1 1.2364E-1 1.06365E-1 1.02039E-1 1.04366E-1 1.1538E-1 1.1307E-1 1.21566E-1 1.24681E-1 1.18826E-1 1.80728E-1 1.93365E-1 1.85764E-1 1.83915E-1 2.03736E-1 1.91979E-1 1.53423E-1 1.43053E-1 1.39763E-1 1.62154E-1 1.913E-1 1.9548E-1 2.03734E-1 2.30056E-1 1.3354E-1 1.42051E-1 1.44672E-1 1.32133E-1 2.04276E-1 2.11981E-1 1.97142E-1 1.80047E-1 1.58881E-1 1.29472E-1 6.96904E-2 7.2102E-2 1.01161E-1 8.94338E-2 6.15836E-2 6.99268E-2 6.47837E-2 6.73539E-2 7.17609E-2 6.54244E-2 6.35877E-2 5.83935E-2 6.27134E-2 6.87118E-2
1.33378E-1 1.3758E-1 1.5054E-1 1.53866E-1 1.42699E-1 1.19923E-1 1.3457E-1 1.03412E-1 1.25322E-1 1.6737E-1 1.51649E-1 1.27422E-1 1.76325E-1 1.43257E-1 1.44136E-1 1.1811E-1 1.5398E-1 1.45998E-1 1.39455E-1 1.16471E-1 1.15571E-1 1.18405E-1 1.44718E-1 1.59701E-1 1.30337E-1 1.33861E-1 1.93554E-1 1.88027E-1 1.94326E-1 2.02943E-1 1.99647E-1 2.00652E-1 1.77679E-1 1.45209E-1 1.28136E-1 1.2285E-1 1.77336E-1 2.06795E-1 2.17444E-1 2.26377E-1 2.16119E-1 2.35036E-1 1.51671E-1 1.52011E-1 1.46551E-1 1.38782E-1 1.48184E-1 2.10602E-1 2.06843E-1 2.1165E-1 1.81786E-1 1.63848E-1 1.48288E-1 1.23421E-1 1.02536E-1 6.56308E-2 7.0902E-2 5.57266E-2 4.90861E-2 7.68879E-2 8.46832E-2 7.36599E-2 6.57172E-2 7.50639E-2 7.37206E-2
1.34933E-1 1.31341E-1 1.43433E-1 1.65767E-1 1.57437E-1 1.37524E-1 1.52062E-1 1.31511E-1 1.44279E-1 1.65344E-1 1.43034E-1 1.17379E-1 1.66215E-1 1.56846E-1 1.62706E-1 1.49548E-1 1.53826E-1 1.40888E-1 1.38324E-1 1.12873E-1 1.08869E-1 1.08692E-1 1.10612E-1 1.50595E-1 1.27318E-1 2.00623E-1 2.08528E-1 1.85889E-1 1.82785E-1 1.94013E-1 2.08653E-1 2.11883E-1 1.71589E-1 1.41331E-1 1.22457E-1 1.26164E-1 2.02255E-1 2.16122E-1 2.01116E-1 2.04809E-1 2.06143E-1 2.26461E-1 2.48848E-1 1.54418E-1 1.54207E-1 1.44508E-1 1.50115E-1 1.40064E-1 1.36735E-1 2.05917E-1 1.96334E-1 1.81518E-1 1.76886E-1 1.64489E-1 1.32424E-1 6.91946E-2 6.78576E-2 6.21501E-2 6.59127E-2 8.38888E-2 9.83025E-2 8.15773E-2 8.0114E-2 8.40649E-2 8.98268E-2
1.30825E-1 1.27173E-1 1.38698E-1 1.47829E-1 1.61744E-1 1.55877E-1 1.57798E-1 1.5365E-1 1.70505E-1 1.68623E-1 1.61709E-1 1.17309E-1 1.55874E-1 1.38204E-1 1.48715E-1 1.46293E-1 1.38716E-1 1.34002E-1 1.47701E-1 1.13258E-1 1.17485E-1 1.3265E-1 1.20945E-1 1.27695E-1 1.80433E-1 2.12759E-1 2.16291E-1 2.05647E-1 1.83112E-1 1.77284E-1 1.99178E-1 2.30824E-1 2.15655E-1 1.39282E-1 1.40119E-1 1.2967E-1 1.30809E-1 1.51025E-1 1.48111E-1 1.4957E-1 1.38445E-1 1.84298E-1 2.23739E-1 1.64635E-1 1.71544E-1 1.63182E-1 1.63279E-1 1.52913E-1 1.42303E-1 1.23463E-1 1.24677E-1 1.24309E-1 1.75733E-1 1.82532E-1 1.3032E-1 1.18864E-1 8.04243E-2 8.20497E-2 7.94009E-2 9.42672E-2 1.14332E-1 1.00376E-1 8.49847E-2 9.389E-2 9.83688E-2
1.15305E-1 1.17733E-1 1.1942E-1 1.23678E-1 1.39478E-1 1.57908E-1 1.51033E-1 1.61799E-1 1.69629E-1 1.33383E-1 1.4662E-1 1.43108E-1 1.41112E-1 1.35872E-1 1.52727E-1 1.43178E-1 1.42917E-1 1.46126E-1 1.57441E-1 1.37979E-1 1.58932E-1 1.63771E-1 1.70799E-1 1.58458E-1 1.89966E-1 2.17488E-1 2.20851E-1 2.25851E-1 2.02498E-1 1.88818E-1 1.85528E-1 2.20383E-1 2.36731E-1 2.1183E-1 1.5337E-1 1.48915E-1 1.30987E-1 1.55909E-1 1.92399E-1 1.86034E-1 1.11942E-1 1.8757E-1 1.41507E-1 1.48842E-1 1.55546E-1 1.59804E-1 1.75164E-1 1.91154E-1 1.79023E-1 1.58199E-1 1.43801E-1 1.29802E-1 1.86576E-1 1.94151E-1 1.55159E-1 8.49276E-2 1.04723E-1 1.16414E-1 9.85704E-2 1.00241E-1 1.23649E-1 1.25254E-1 1.04771E-1 9.65719E-2 1.05754E-1
