layers/maxent/tupi.asc
ncols         638
nrows         825
xllcorner     -2985163.8955
yllcorner     -3022031.214
cellsize      10000.0
NODATA_value  -9999
[rows 261 to 289 of 825, columns 455 to 519 of 638]
3.73552E-1 3.73295E-1 3.69742E-1 3.84661E-1 2.40726E-1 2.76958E-1 4.60766E-1 4.59369E-1 4.18961E-1 2.77864E-1 2.87231E-1 4.31892E-1 4.57671E-1 4.87396E-1 4.68932E-1 2.26306E-1 1.15143E-1 1.99011E-1 2.94876E-1 3.62834E-1 3.60789E-1 2.77054E-1 4.36498E-1 2.80651E-1 4.58075E-1 3.90523E-1 2.2272E-1 1.74962E-1 1.83274E-1 4.03338E-1 2.94397E-1 1.15628E-1 1.31327E-1 8.82376E-2 4.94474E-2 4.45107E-2 3.75784E-2 8.39875E-2 1.54181E-1 8.30886E-2 1.14057E-1 1.26855E-1 1.2956E-1 1.22158E-1 7.12934E-2 7.33168E-2 1.00708E-1 8.30883E-2 6.89033E-2 1.17158E-1 2.71421E-1 3.48584E-1 3.71304E-1 3.77355E-1 3.96243E-1 4.08507E-1 4.12263E-1 4.31926E-1 4.17761E-1 3.46129E-1 3.4113E-1 4.18193E-1 3.12431E-1 1.96394E-1 2.2527E-1
3.63181E-1 3.9164E-1 3.6252E-1 2.26239E-1 2.37918E-1 4.29982E-1 4.17405E-1 4.41336E-1 2.80673E-1 2.88879E-1 3.00687E-1 4.66259E-1 4.03374E-1 2.71252E-1 1.31529E-1 1.36092E-1 1.38352E-1 1.83751E-1 3.91134E-1 4.21094E-1 4.0094E-1 2.61649E-1 4.24105E-1 2.76672E-1 4.37361E-1 4.1584E-1 2.32821E-1 2.50504E-1 3.28648E-1 2.96396E-1 3.34218E-1 2.95702E-1 1.74256E-1 8.57102E-2 1.05321E-1 6.33578E-2 2.54393E-2 1.18451E-1 8.92773E-2 6.15239E-2 7.17975E-2 5.59371E-2 1.16002E-1 1.67674E-1 8.98384E-2 1.54989E-1 2.46046E-1 1.8154E-1 1.79377E-1 2.86502E-1 3.57975E-1 3.73443E-1 3.87621E-1 3.92735E-1 4.04878E-1 4.29866E-1 4.23265E-1 4.12958E-1 4.46256E-1 3.78695E-1 3.74432E-1 3.70676E-1 2.56427E-1 1.71615E-1 2.29883E-1
3.5129E-1 3.686E-1 2.23992E-1 3.71782E-1 3.90513E-1 3.87303E-1 4.25467E-1 4.06754E-1 2.82076E-1 4.07692E-1 4.0179E-1 4.10263E-1 3.39914E-1 2.07337E-1 1.31262E-1 2.8639E-1 1.73595E-1 2.37413E-1 4.4539E-1 3.83008E-1 2.29952E-1 3.90862E-1 4.05537E-1 4.11445E-1 4.05129E-1 4.1249E-1 2.65156E-1 2.70062E-1 2.71827E-1 2.75222E-1 3.94621E-1 2.82142E-1 2.34451E-1 1.63472E-1 2.15684E-1 1.48091E-1 2.73047E-2 4.79405E-2 3.06403E-2 5.80014E-2 5.19152E-2 9.91995E-2 1.55186E-1 1.86236E-1 1.12771E-1 1.56443E-1 1.92011E-1 2.2973E-1 2.60387E-1 3.79658E-1 4.01405E-1 3.92094E-1 3.95432E-1 4.02694E-1 3.79783E-1 3.66321E-1 3.96858E-1 3.97422E-1 4.66307E-1 4.29649E-1 2.69972E-1 1.46996E-1 1.5421E-1 1.81631E-1 2.33807E-1
3.30807E-1 3.53588E-1 3.12278E-1 3.80716E-1 3.7054E-1 3.65688E-1 3.76579E-1 3.91967E-1 4.19445E-1 3.84727E-1 3.91892E-1 3.28326E-1 1.97098E-1 1.34278E-1 2.28201E-1 4.38368E-1 3.15472E-1 2.63037E-1 4.35165E-1 3.29456E-1 3.67715E-1 3.72499E-1 2.37616E-1 2.40233E-1 4.07785E-1 3.9174E-1 3.85737E-1 2.52572E-1 4.15235E-1 4.057E-1 3.7589E-1 3.9881E-1 4.07699E-1 3.99081E-1 3.5215E-1 6.25439E-2 2.90972E-2 3.17346E-2 4.32849E-2 6.17323E-2 1.1086E-1 1.10341E-1 2.12713E-1 2.6301E-1 1.72859E-1 1.59824E-1 2.38545E-1 3.74411E-1 3.7876E-1 4.03514E-1 4.03907E-1 3.98859E-1 4.02635E-1 4.05602E-1 3.98681E-1 3.53045E-1 3.72503E-1 3.59906E-1 4.39871E-1 4.54649E-1 2.68557E-1 2.38058E-1 1.39892E-1 1.78575E-1 2.17615E-1
3.40284E-1 3.43284E-1 3.78803E-1 3.90416E-1 3.81479E-1 3.69425E-1 3.71646E-1 2.41877E-1 2.5923E-1 4.4225E-1 4.70154E-1 3.70134E-1 1.62812E-1 1.46042E-1 2.021E-1 3.64263E-1 3.42441E-1 3.41217E-1 4.07975E-1 3.59696E-1 2.14252E-1 3.65038E-1 2.18245E-1 2.2702E-1 3.66321E-1 3.71017E-1 3.90975E-1 2.40244E-1 4.05669E-1 4.13827E-1 4.09209E-1 4.1127E-1 3.27553E-1 9.09197E-2 5.14738E-2 2.54052E-2 3.63028E-2 3.38076E-2 4.86544E-2 6.49487E-2 8.35592E-2 1.6209E-1 2.0743E-1 2.42636E-1 2.69941E-1 3.36612E-1 3.53291E-1 3.69128E-1 3.77401E-1 3.82285E-1 3.76784E-1 3.85019E-1 3.48434E-1 3.41067E-1 3.91281E-1 3.76563E-1 3.75685E-1 3.69169E-1 4.23241E-1 4.30179E-1 3.90207E-1 3.48257E-1 2.30641E-1 1.48686E-1 1.93197E-1
1.93758E-1 3.62277E-1 3.67669E-1 2.21816E-1 3.31669E-1 3.55675E-1 3.78376E-1 4.02334E-1 3.42351E-1 3.92113E-1 3.78456E-1 2.04485E-1 1.66405E-1 2.05692E-1 2.29128E-1 4.12019E-1 3.64967E-1 4.46286E-1 3.47607E-1 2.36788E-1 2.15461E-1 3.59707E-1 2.10097E-1 3.6209E-1 2.1327E-1 3.57788E-1 3.67393E-1 3.81708E-1 3.92634E-1 2.61501E-1 1.85599E-1 1.34172E-1 8.67587E-2 5.16116E-2 3.33125E-2 3.22894E-2 4.13294E-2 4.60099E-2 5.571E-2 1.01922E-1 1.14673E-1 1.5772E-1 1.54784E-1 2.43104E-1 3.32011E-1 3.45215E-1 3.50475E-1 3.62744E-1 3.48968E-1 3.35939E-1 3.80762E-1 3.40168E-1 2.89264E-1 3.1057E-1 3.84238E-1 4.19372E-1 4.12012E-1 3.42778E-1 3.36469E-1 3.77415E-1 3.73372E-1 3.06222E-1 3.96272E-1 2.3521E-1 1.53034E-1
3.44042E-1 3.5954E-1 3.56265E-1 3.42145E-1 1.89212E-1 3.39109E-1 2.04598E-1 3.6833E-1 4.07164E-1 3.56543E-1 2.09875E-1 1.60018E-1 2.08948E-1 2.28616E-1 3.82125E-1 2.58802E-1 3.75848E-1 4.04676E-1 3.89336E-1 3.62654E-1 3.43249E-1 2.00248E-1 3.42108E-1 3.37061E-1 3.57998E-1 3.48791E-1 3.62328E-1 2.95245E-1 2.15352E-1 1.14343E-1 8.3962E-2 6.70026E-2 5.9305E-2 4.16203E-2 3.40763E-2 4.07858E-2 5.13927E-2 5.82817E-2 1.20072E-1 1.68667E-1 1.72297E-1 2.50232E-1 2.01316E-1 2.23941E-1 3.37343E-1 3.46541E-1 3.15385E-1 3.3831E-1 3.36716E-1 2.98157E-1 2.89011E-1 2.87611E-1 2.77062E-1 3.33473E-1 4.11172E-1 4.197E-1 4.26543E-1 4.28866E-1 3.64699E-1 3.49401E-1 3.5554E-1 3.09315E-1 3.47824E-1 2.47515E-1 2.25302E-1
3.44201E-1 2.00723E-1 1.96629E-1 3.55258E-1 3.33083E-1 1.9325E-1 1.95275E-1 2.20368E-1 3.85553E-1 3.65476E-1 1.73752E-1 2.44275E-1 3.00338E-1 2.34683E-1 3.57824E-1 3.82839E-1 3.5053E-1 3.13008E-1 2.62085E-1 3.62598E-1 1.43865E-1 3.16712E-1 3.34167E-1 3.39392E-1 3.70897E-1 3.63108E-1 2.37398E-1 1.58318E-1 1.33259E-1 1.19761E-1 1.59627E-1 6.64017E-2 6.24798E-2 6.96928E-2 6.77083E-2 6.19095E-2 1.04217E-1 9.79947E-2 1.35274E-1 1.58804E-1 2.61046E-1 1.9775E-1 2.15721E-1 3.16642E-1 3.31254E-1 2.98828E-1 2.75195E-1 2.79579E-1 2.96989E-1 3.35578E-1 2.99414E-1 2.70287E-1 2.54813E-1 3.17833E-1 3.63293E-1 3.59982E-1 3.71207E-1 4.24684E-1 3.83979E-1 2.62668E-1 2.0557E-1 2.17308E-1 3.26824E-1 2.58643E-1 2.98996E-1
1.94196E-1 3.19123E-1 3.1212E-1 3.29497E-1 3.39996E-1 3.46526E-1 2.14833E-1 3.22092E-1 3.47983E-1 2.0236E-1 2.16978E-1 2.68341E-1 3.83998E-1 3.40092E-1 3.82334E-1 3.49541E-1 1.66952E-1 2.68815E-1 1.35911E-1 1.04232E-1 2.91287E-1 3.29112E-1 3.24746E-1 2.57351E-1 3.60784E-1 2.36012E-1 1.95092E-1 1.51264E-1 2.01897E-1 2.49869E-1 9.71017E-2 7.2644E-2 9.07751E-2 1.16329E-1 1.34575E-1 9.45508E-2 1.32648E-1 1.33312E-1 1.16677E-1 1.83228E-1 2.31045E-1 1.47759E-1 3.13957E-1 2.42989E-1 3.42361E-1 3.20561E-1 2.83568E-1 2.46897E-1 2.62263E-1 3.44031E-1 3.14914E-1 2.61752E-1 2.60766E-1 2.90387E-1 3.39805E-1 3.24855E-1 3.29734E-1 4.36189E-1 3.34343E-1 2.32557E-1 2.11323E-1 2.34679E-1 2.65902E-1 2.88767E-1 3.31217E-1
2.81221E-1 2.24164E-1 3.24845E-1 3.59272E-1 3.63663E-1 3.64807E-1 3.64778E-1 3.30339E-1 2.52237E-1 1.978E-1 2.69183E-1 3.03654E-1 3.37128E-1 3.10953E-1 3.14043E-1 3.61738E-1 8.61234E-2 1.28139E-1 1.24569E-1 1.13216E-1 3.37636E-1 3.4382E-1 3.51714E-1 2.54271E-1 2.53343E-1 2.53932E-1 2.34134E-1 1.60749E-1 1.31152E-1 1.71413E-1 1.00753E-1 1.37103E-1 1.18068E-1 1.78659E-1 2.03104E-1 1.46406E-1 1.76829E-1 1.52718E-1 1.8987E-1 2.41458E-1 1.6514E-1 2.16851E-1 2.24661E-1 3.30757E-1 3.27591E-1 2.98896E-1 2.74786E-1 2.26103E-1 2.44213E-1 3.06297E-1 3.28508E-1 3.14775E-1 2.90239E-1 2.67809E-1 3.26671E-1 3.06478E-1 2.218E-1 3.03835E-1 2.62545E-1 2.28066E-1 2.46901E-1 2.72513E-1 2.7985E-1 2.99213E-1 3.28634E-1
2.91031E-1 2.21256E-1 3.55984E-1 3.67315E-1 3.66217E-1 3.33631E-1 2.72884E-1 2.66435E-1 1.94898E-1 2.82883E-1 3.45671E-1 3.36155E-1 3.19843E-1 3.59693E-1 2.1362E-1 3.58924E-1 1.26513E-1 1.79926E-1 3.33911E-1 2.52571E-1 3.57432E-1 3.46461E-1 3.29465E-1 2.44694E-1 2.49261E-1 2.51254E-1 2.6215E-1 2.12839E-1 1.48489E-1 1.53306E-1 2.10683E-1 1.94249E-1 1.70916E-1 2.12715E-1 2.56278E-1 2.43373E-1 2.50682E-1 2.1317E-1 2.33636E-1 2.43761E-1 2.32513E-1 2.2379E-1 3.33628E-1 2.78281E-1 3.25542E-1 2.80764E-1 2.89227E-1 2.25004E-1 2.23747E-1 2.92659E-1 3.60515E-1 3.64976E-1 3.20725E-1 3.1735E-1 2.38148E-1 2.05093E-1 2.2888E-1 2.49565E-1 2.46933E-1 2.37513E-1 2.68889E-1 1.99721E-1 2.74954E-1 3.64551E-1 3.3247E-1
3.40485E-1 3.424E-1 3.57228E-1 3.80992E-1 3.66012E-1 3.1899E-1 2.99237E-1 3.32758E-1 2.32589E-1 3.52933E-1 3.83329E-1 3.558E-1 3.50733E-1 2.09656E-1 1.9606E-1 3.28101E-1 3.32898E-1 3.35632E-1 3.56258E-1 3.68986E-1 2.40767E-1 2.06388E-1 2.49869E-1 2.43036E-1 2.50173E-1 2.61756E-1 2.56566E-1 1.99594E-1 1.84887E-1 2.28958E-1 2.42814E-1 2.49744E-1 2.34946E-1 2.17549E-1 1.93331E-1 2.31657E-1 2.5881E-1 2.92943E-1 3.40656E-1 3.21084E-1 3.28905E-1 2.34373E-1 3.12456E-1 2.54926E-1 2.10164E-1 2.19961E-1 2.3104E-1 2.20656E-1 2.25518E-1 2.83865E-1 3.47964E-1 3.77218E-1 3.8813E-1 3.86603E-1 2.65801E-1 2.2552E-1 2.64227E-1 2.65298E-1 2.72808E-1 2.65681E-1 2.94722E-1 2.98684E-1 2.96411E-1 2.40116E-1 2.60815E-1
3.55007E-1 2.49737E-1 3.73729E-1 3.6463E-1 2.90492E-1 3.40171E-1 3.7252E-1 2.2816E-1 2.52023E-1 3.46594E-1 3.65723E-1 2.25492E-1 3.46553E-1 3.35402E-1 3.2634E-1 3.40115E-1 3.48698E-1 3.53362E-1 3.66442E-1 3.50124E-1 3.53522E-1 3.57586E-1 2.45011E-1 3.18814E-1 3.1989E-1 3.21419E-1 2.13204E-1 2.25212E-1 2.07154E-1 2.38806E-1 3.28637E-1 2.2508E-1 3.15136E-1 2.60795E-1 2.19549E-1 2.09108E-1 2.08796E-1 2.40021E-1 2.62516E-1 3.00155E-1 3.27012E-1 3.38828E-1 3.23302E-1 2.68475E-1 2.21826E-1 2.04198E-1 1.81279E-1 1.31025E-1 1.5019E-1 2.78624E-1 3.29577E-1 3.32493E-1 3.48821E-1 2.32306E-1 2.40992E-1 2.36394E-1 2.86698E-1 3.20965E-1 3.12599E-1 3.04922E-1 3.00525E-1 2.96521E-1 2.16139E-1 2.3744E-1 2.51634E-1
3.46415E-1 2.47943E-1 3.44975E-1 2.89862E-1 2.89523E-1 3.43987E-1 3.08879E-1 2.65943E-1 2.63577E-1 3.48042E-1 3.60984E-1 3.56248E-1 3.54207E-1 3.63767E-1 3.79867E-1 3.73829E-1 3.70297E-1 3.71468E-1 3.68099E-1 3.33647E-1 3.06512E-1 3.5401E-1 2.99405E-1 2.8149E-1 2.68279E-1 2.72637E-1 1.83202E-1 2.00302E-1 2.04768E-1 3.43969E-1 3.18832E-1 2.39062E-1 2.32438E-1 2.12618E-1 1.85403E-1 1.71033E-1 1.82846E-1 3.70654E-1 3.1561E-1 2.32561E-1 2.64946E-1 2.92864E-1 3.08629E-1 3.13522E-1 2.68407E-1 2.06487E-1 2.01471E-1 1.54943E-1 1.67711E-1 1.76004E-1 1.97763E-1 2.08248E-1 2.0783E-1 2.14441E-1 2.21831E-1 2.46842E-1 3.00862E-1 3.45106E-1 3.49815E-1 3.34075E-1 3.05499E-1 2.78945E-1 3.25072E-1 3.45032E-1 2.43749E-1
3.27071E-1 2.64035E-1 2.67616E-1 2.48838E-1 2.846E-1 2.77273E-1 2.98353E-1 2.52598E-1 2.74664E-1 2.68808E-1 3.28459E-1 3.30457E-1 3.95152E-1 3.51704E-1 2.74953E-1 3.71405E-1 3.67104E-1 3.71745E-1 3.61162E-1 3.66402E-1 3.11404E-1 2.67726E-1 3.00381E-1 2.52696E-1 2.22918E-1 2.24507E-1 2.28873E-1 2.41586E-1 2.57633E-1 3.00528E-1 3.59704E-1 2.54765E-1 1.73743E-1 1.76549E-1 1.48998E-1 1.51069E-1 1.6794E-1 9.78403E-2 1.2948E-1 1.1002E-1 1.49835E-1 1.32577E-1 1.3812E-1 2.51644E-1 2.23013E-1 1.14548E-1 1.47101E-1 2.44794E-1 2.76037E-1 1.91563E-1 1.90133E-1 2.02892E-1 2.09231E-1 2.32765E-1 2.64333E-1 2.79763E-1 3.4438E-1 3.42374E-1 3.48458E-1 3.32781E-1 3.087E-1 2.89498E-1 3.33213E-1 3.53219E-1 2.38521E-1
2.48084E-1 2.57297E-1 2.62426E-1 2.42023E-1 2.79861E-1 2.8185E-1 2.58444E-1 3.16945E-1 2.46828E-1 1.8733E-1 1.66139E-1 2.31591E-1 2.40304E-1 2.41056E-1 2.93151E-1 3.14146E-1 2.38386E-1 3.64071E-1 3.59821E-1 3.65117E-1 3.44773E-1 3.42335E-1 2.62009E-1 2.20832E-1 2.04241E-1 1.85861E-1 1.91918E-1 2.20316E-1 2.39172E-1 2.75896E-1 3.03922E-1 2.73771E-1 1.91653E-1 1.62221E-1 9.71913E-2 1.00771E-1 1.09525E-1 1.14008E-1 9.41677E-2 6.17343E-2 7.97254E-2 1.12731E-1 1.15452E-1 1.34803E-1 8.73375E-2 1.87027E-1 2.68049E-1 3.29328E-1 2.61598E-1 2.14126E-1 2.28062E-1 2.30778E-1 2.64231E-1 2.80994E-1 2.93565E-1 3.05523E-1 3.05519E-1 3.18607E-1 3.44541E-1 3.22601E-1 3.08474E-1 3.1708E-1 3.57653E-1 2.37601E-1 3.0022E-1
2.86478E-1 2.37784E-1 2.53126E-1 2.64647E-1 2.4165E-1 2.28433E-1 2.33588E-1 2.4387E-1 3.14943E-1 2.46637E-1 3.16897E-1 2.32328E-1 2.02156E-1 2.16439E-1 2.51592E-1 2.42713E-1 3.58574E-1 3.56291E-1 3.50598E-1 3.56978E-1 3.21749E-1 3.62646E-1 2.90843E-1 2.56726E-1 2.31727E-1 1.89751E-1 1.76488E-1 1.92058E-1 1.98782E-1 1.97553E-1 2.03712E-1 2.05554E-1 1.85991E-1 1.49824E-1 6.02436E-2 1.23961E-1 2.31202E-1 2.78139E-1 1.73573E-1 1.64087E-1 1.74109E-1 1.96412E-1 2.55639E-1 2.126E-1 2.07905E-1 2.06476E-1 2.49621E-1 2.39613E-1 2.39521E-1 2.66879E-1 2.89028E-1 1.67729E-1 2.6728E-1 2.76787E-1 2.80682E-1 3.02579E-1 2.90536E-1 3.02102E-1 5.53212E-1 3.23377E-1 3.23687E-1 3.31682E-1 2.44898E-1 2.24334E-1 3.69856E-1
1.56167E-1 2.32604E-1 2.49257E-1 2.44128E-1 2.31547E-1 3.47473E-1 1.86515E-1 2.13697E-1 2.42193E-1 2.91352E-1 2.78396E-1 3.0138E-1 2.52823E-1 3.36277E-1 2.34128E-1 2.28625E-1 2.56675E-1 3.54219E-1 3.48647E-1 3.55389E-1 3.26003E-1 3.50173E-1 3.44454E-1 2.77106E-1 2.31469E-1 2.05308E-1 1.8389E-1 1.79377E-1 1.64631E-1 1.66081E-1 1.73278E-1 1.74792E-1 6.6602E-2 3.34013E-2 3.04211E-2 1.21389E-1 2.66682E-1 2.94574E-1 3.01503E-1 3.04506E-1 2.62513E-1 2.79903E-1 2.33758E-1 1.94907E-1 1.86758E-1 1.78567E-1 1.91999E-1 2.60883E-1 2.858E-1 2.02273E-1 2.27216E-1 2.51815E-1 2.58301E-1 2.62243E-1 2.8399E-1 2.96354E-1 2.89723E-1 3.15364E-1 3.5259E-1 3.33863E-1 3.22444E-1 3.40979E-1 2.42331E-1 2.20541E-1 2.97972E-1
1.6309E-1 2.9071E-1 2.47271E-1 2.51705E-1 2.30342E-1 3.32583E-1 2.61294E-1 1.06566E-1 2.90503E-1 3.52545E-1 3.36563E-1 2.43203E-1 1.8633E-1 2.38726E-1 2.66148E-1 2.74746E-1 2.4376E-1 3.41675E-1 3.4676E-1 3.52855E-1 3.26419E-1 3.3932E-1 3.59079E-1 2.98411E-1 2.75908E-1 2.61826E-1 2.13521E-1 2.05263E-1 1.61067E-1 1.5013E-1 1.68862E-1 5.98961E-2 2.63834E-2 4.10261E-2 1.6897E-1 1.26794E-1 2.14927E-1 2.92055E-1 2.24913E-1 2.3434E-1 2.21005E-1 1.79515E-1 1.79418E-1 1.74209E-1 1.72414E-1 1.76014E-1 2.01534E-1 1.9401E-1 2.20445E-1 2.23863E-1 2.77484E-1 1.62334E-1 1.66991E-1 2.58442E-1 2.86624E-1 2.9594E-1 2.978E-1 3.35149E-1 3.53501E-1 3.35475E-1 3.2157E-1 3.51823E-1 3.60748E-1 2.44434E-1 2.38528E-1
1.86779E-1 3.08072E-1 2.22624E-1 3.24191E-1 3.07697E-1 1.31996E-1 8.50779E-2 6.7384E-2 9.2574E-2 1.05597E-1 1.07967E-1 1.8967E-1 8.37405E-2 1.32041E-1 2.24056E-1 2.8237E-1 3.20145E-1 3.23119E-1 2.79736E-1 3.46668E-1 3.28898E-1 3.30154E-1 3.50923E-1 3.45156E-1 3.11844E-1 2.93102E-1 2.5519E-1 2.45778E-1 1.92793E-1 1.55995E-1 1.4784E-1 5.59739E-2 2.01022E-1 6.30407E-2 3.65003E-2 2.1729E-1 2.80224E-1 2.2992E-1 2.45912E-1 2.31168E-1 1.5151E-1 1.32568E-1 1.78886E-1 1.60692E-1 1.76315E-1 1.89411E-1 1.93445E-1 2.00712E-1 2.15622E-1 2.32777E-1 1.57221E-1 1.54359E-1 2.43046E-1 2.81654E-1 2.93336E-1 3.08016E-1 3.20524E-1 3.4752E-1 3.49898E-1 3.46611E-1 3.44572E-1 2.66668E-1 3.86432E-1 2.64662E-1 2.54589E-1
6.63517E-2 1.22137E-1 1.7261E-1 2.10995E-1 1.48464E-1 6.65431E-2 1.09776E-1 1.06378E-1 7.24443E-2 7.15031E-2 1.23593E-1 1.60417E-1 8.12023E-2 9.81046E-2 7.63568E-2 2.75229E-1 3.15423E-1 3.19344E-1 3.09773E-1 3.35876E-1 3.27208E-1 3.32452E-1 3.45972E-1 3.48858E-1 3.73425E-1 3.3292E-1 2.89393E-1 2.56279E-1 2.04811E-1 1.79571E-1 1.08E-1 1.14941E-1 8.33444E-2 2.38849E-2 2.475E-2 1.09937E-1 1.5694E-1 3.10391E-1 1.79107E-1 1.55237E-1 1.3763E-1 2.2066E-1 1.7704E-1 1.70616E-1 1.95157E-1 1.9361E-1 1.96364E-1 2.09217E-1 1.711E-1 2.57466E-1 1.49421E-1 2.10046E-1 1.96599E-1 3.0693E-1 3.48733E-1 3.35618E-1 3.52561E-1 3.6256E-1 3.51328E-1 4.52482E-1 3.79736E-1 3.80377E-1 3.81223E-1 2.5856E-1 2.60468E-1
4.45911E-2 5.57363E-2 5.93134E-2 1.02318E-1 7.22432E-2 7.40366E-2 7.15659E-2 1.01604E-1 7.82711E-2 7.50688E-2 1.23628E-1 1.06029E-1 7.82067E-2 2.32697E-1 1.32993E-1 2.97058E-1 3.10953E-1 2.90352E-1 2.72417E-1 3.32739E-1 3.08647E-1 3.33295E-1 3.53866E-1 3.32621E-1 3.39759E-1 3.637E-1 3.52977E-1 2.9407E-1 2.24784E-1 2.07112E-1 1.37577E-1 1.25332E-1 1.25312E-1 2.85871E-2 3.72345E-2 1.20288E-1 1.32568E-1 1.44832E-1 1.46783E-1 1.38383E-1 2.03373E-1 2.07926E-1 1.75905E-1 1.63243E-1 1.86096E-1 2.0489E-1 2.10888E-1 2.9065E-1 1.63907E-1 2.17741E-1 1.45446E-1 1.58331E-1 2.01161E-1 3.70054E-1 3.32904E-1 3.98688E-1 3.80215E-1 3.63701E-1 3.51282E-1 4.44544E-1 3.83103E-1 3.77544E-1 3.83032E-1 3.92933E-1 2.73412E-1
4.2284E-2 2.69667E-2 5.8544E-2 9.39583E-2 7.70028E-2 7.21462E-2 6.78584E-2 7.1421E-2 7.9538E-2 1.25704E-1 2.31041E-1 2.03219E-1 1.71745E-1 1.75958E-1 2.86823E-1 2.92202E-1 3.04128E-1 2.0438E-1 2.78569E-1 3.39899E-1 3.04966E-1 3.34454E-1 3.55129E-1 3.41609E-1 3.53148E-1 3.48691E-1 3.39326E-1 3.23478E-1 2.79028E-1 1.36192E-1 1.52568E-1 1.33473E-1 8.72195E-2 1.06551E-1 1.18283E-1 1.29561E-1 1.46043E-1 2.14226E-1 1.50365E-1 2.34095E-1 1.75229E-1 2.11149E-1 1.77378E-1 1.77411E-1 1.90886E-1 2.12297E-1 2.87671E-1 1.66949E-1 1.62634E-1 1.51036E-1 1.56324E-1 1.79667E-1 2.99523E-1 4.16687E-1 4.44123E-1 3.92758E-1 3.7968E-1 3.54449E-1 3.99697E-1 5.13749E-1 3.94024E-1 3.57782E-1 4.41126E-1 3.67876E-1 2.75156E-1
3.94125E-2 5.24263E-2 5.53712E-2 7.5263E-2 9.19898E-2 8.02415E-2 8.42168E-2 8.49866E-2 7.0771E-2 1.36428E-1 1.88476E-1 1.95889E-1 2.48931E-1 9.18108E-2 2.84226E-1 2.89173E-1 2.68708E-1 2.14312E-1 3.48109E-1 3.39507E-1 2.89073E-1 3.3474E-1 3.53576E-1 3.58366E-1 3.46022E-1 3.29389E-1 2.96468E-1 3.00414E-1 2.85915E-1 1.76981E-1 1.58791E-1 1.53711E-1 1.08437E-1 1.8089E-1 1.8792E-1 1.45571E-1 1.62769E-1 1.56142E-1 2.25732E-1 1.7359E-1 1.97919E-1 2.02392E-1 2.04976E-1 2.49317E-1 2.81004E-1 2.87886E-1 2.62411E-1 2.23366E-1 1.65596E-1 1.6393E-1 1.73468E-1 2.18626E-1 4.21368E-1 4.08742E-1 4.33043E-1 4.41807E-1 3.99179E-1 3.73355E-1 4.45123E-1 4.59365E-1 4.03706E-1 4.29783E-1 4.39156E-1 3.64906E-1 2.65307E-1
4.83973E-2 5.21882E-2 5.58712E-2 5.70778E-2 5.5446E-2 7.28708E-2 8.50208E-2 7.42761E-2 7.65302E-2 7.70504E-2 6.09548E-2 9.68408E-2 9.55053E-2 8.73774E-2 1.99086E-1 2.57504E-1 2.17753E-1 3.42273E-1 3.57965E-1 3.42527E-1 3.03775E-1 3.37735E-1 3.58947E-1 3.73757E-1 3.33031E-1 2.74757E-1 2.78822E-1 2.67747E-1 1.39753E-1 1.60896E-1 3.1818E-1 1.14654E-1 1.23082E-1 1.25705E-1 2.19376E-1 2.48155E-1 1.72976E-1 1.5249E-1 2.55553E-1 1.8303E-1 2.31613E-1 2.80847E-1 2.9992E-1 2.69729E-1 2.91224E-1 2.93608E-1 2.1214E-1 2.3633E-1 1.71333E-1 1.85984E-1 2.07987E-1 3.96913E-1 4.14595E-1 4.18174E-1 4.20602E-1 5.04377E-1 2.96657E-1 3.86545E-1 4.79913E-1 3.9141E-1 4.063E-1 4.20378E-1 5.1111E-1 4.5354E-1 3.81069E-1
5.10318E-2 7.11519E-2 5.59668E-2 5.55965E-2 5.44038E-2 7.21076E-2 5.71466E-2 8.86447E-2 5.17197E-2 5.33247E-2 5.6879E-2 1.20356E-1 8.18997E-2 5.98307E-2 9.26412E-2 1.97625E-1 3.3413E-1 3.52524E-1 3.43331E-1 3.11837E-1 3.34039E-1 3.53723E-1 3.64128E-1 3.76061E-1 3.41443E-1 2.67587E-1 2.65667E-1 1.44258E-1 1.55099E-1 2.88119E-1 1.82076E-1 1.30263E-1 2.06567E-1 2.01423E-1 2.38896E-1 2.56126E-1 2.53023E-1 1.57626E-1 2.48893E-1 1.95362E-1 2.02356E-1 2.12575E-1 2.0771E-1 2.01919E-1 2.59613E-1 2.95464E-1 2.14344E-1 1.68723E-1 1.83419E-1 2.08027E-1 3.67216E-1 4.18127E-1 4.39722E-1 4.51176E-1 4.13596E-1 5.30243E-1 4.11378E-1 4.03743E-1 4.83814E-1 4.34217E-1 4.08168E-1 3.61462E-1 5.12286E-1 4.46605E-1 5.01891E-1
5.62719E-2 5.53889E-2 5.57425E-2 5.60352E-2 5.59754E-2 7.4563E-2 9.51095E-2 5.58234E-2 5.60099E-2 5.66632E-2 6.15308E-2 6.26109E-2 5.78339E-2 1.04363E-1 1.9734E-1 2.60058E-1 3.18121E-1 3.51859E-1 3.2642E-1 3.08372E-1 3.26546E-1 3.046E-1 3.21708E-1 3.46725E-1 2.96904E-1 2.53637E-1 1.37002E-1 1.2978E-1 1.43487E-1 1.71358E-1 1.61119E-1 1.47074E-1 1.47794E-1 2.31435E-1 2.44574E-1 2.4798E-1 2.44458E-1 1.62422E-1 1.51292E-1 2.67352E-1 2.71938E-1 2.99404E-1 2.31148E-1 2.07876E-1 2.81778E-1 3.22234E-1 2.30435E-1 1.78372E-1 3.28899E-1 4.11098E-1 4.122E-1 4.26374E-1 4.16882E-1 4.43138E-1 5.40321E-1 5.77728E-1 4.12689E-1 4.87306E-1 4.154E-1 4.36544E-1 2.80379E-1 3.91161E-1 4.11109E-1 3.64791E-1 4.45206E-1
5.12096E-2 5.6749E-2 5.47307E-2 5.41529E-2 5.4635E-2 5.23933E-2 8.97792E-2 5.59762E-2 5.70011E-2 5.81142E-2 5.91489E-2 6.35853E-2 6.16239E-2 1.05946E-1 3.04235E-1 3.15226E-1 2.81306E-1 3.52325E-1 3.00274E-1 3.28033E-1 2.92117E-1 2.51767E-1 2.34205E-1 2.49875E-1 2.18666E-1 1.2042E-1 1.30383E-1 1.61096E-1 1.58757E-1 1.7541E-1 1.67322E-1 1.6176E-1 1.55229E-1 2.42742E-1 2.43646E-1 2.40008E-1 1.65861E-1 2.40406E-1 1.59998E-1 2.51171E-1 3.12007E-1 2.82758E-1 2.74921E-1 2.14521E-1 2.95422E-1 3.19267E-1 1.75169E-1 2.56556E-1 3.67205E-1 3.96745E-1 4.39184E-1 4.37474E-1 4.87858E-1 5.64527E-1 5.80802E-1 5.97664E-1 2.95574E-1 4.86148E-1 4.07716E-1 4.25688E-1 4.10932E-1 2.64659E-1 3.82223E-1 4.33733E-1 3.64082E-1
3.21926E-2 5.31656E-2 5.32643E-2 6.62855E-2 6.9135E-2 5.16145E-2 5.40705E-2 5.54752E-2 5.65284E-2 6.0006E-2 6.66887E-2 1.02725E-1 1.13541E-1 1.02607E-1 2.63742E-1 3.37466E-1 3.50388E-1 3.07298E-1 2.92467E-1 3.5762E-1 2.97367E-1 2.24897E-1 2.13936E-1 1.42577E-1 1.3764E-1 1.58731E-1 1.57955E-1 2.11604E-1 2.75831E-1 2.5346E-1 1.68255E-1 1.55516E-1 1.55091E-1 2.31229E-1 1.6351E-1 1.63844E-1 1.58808E-1 2.3261E-1 2.63655E-1 2.08942E-1 2.18799E-1 3.15521E-1 3.28289E-1 3.24624E-1 3.28093E-1 2.4258E-1 1.87632E-1 2.70427E-1 4.2027E-1 4.23206E-1 4.67389E-1 4.63465E-1 4.70561E-1 6.06828E-1 6.14633E-1 4.51792E-1 3.02448E-1 5.04827E-1 4.89293E-1 2.86793E-1 2.72718E-1 2.55878E-1 2.72576E-1 3.52532E-1 4.17004E-1
