layers/maxent/tupi_old.asc
ncols         638
nrows         825
xllcorner     -2985163.8955
yllcorner     -3022031.214
cellsize      10000.0
NODATA_value  -9999
[rows 493 to 521 of 825, columns 195 to 259 of 638]
1.59209E-4 8.9905E-5 6.87583E-5 3.95939E-5 8.73067E-6 1.36905E-6 1.63633E-7 3.44108E-7 5.77449E-8 3.7684E-8 2.1194E-8 8.37175E-9 1.47045E-8 1.56092E-8 2.3723E-8 1.24754E-8 2.07421E-8 3.71783E-8 1.1492E-7 5.70493E-7 4.43578E-7 1.62743E-6 1.30133E-5 3.27804E-5 5.86284E-5 2.56511E-5 9.75039E-5 2.505E-4 1.93557E-4 9.69705E-5 3.35822E-5 1.55472E-5 3.30215E-5 1.73787E-4 3.24993E-4 3.15289E-4 1.20643E-4 2.6397E-5 6.50919E-5 1.38804E-4 4.41517E-4 5.79487E-4 6.17384E-4 6.01908E-4 6.23476E-4 6.23681E-4 6.41505E-4 6.61802E-4 6.76613E-4 7.26956E-4 7.40546E-4 6.21883E-4 6.86321E-4 1.02952E-3 1.12338E-3 1.16013E-3 1.20447E-3 1.346E-3 1.3069E-3 1.88525E-3 2.09342E-3 1.93757E-3 2.14821E-3 2.18064E-3 2.05274E-3
1.64951E-4 1.2485E-4 8.79189E-5 3.93674E-5 5.91676E-6 1.22808E-6 1.19694E-7 2.34932E-7 3.88968E-8 9.14717E-9 8.02933E-9 6.40387E-9 1.13139E-8 7.39937E-9 2.24166E-8 1.62506E-8 2.49451E-8 3.99267E-8 6.3865E-8 7.13449E-7 4.54808E-7 2.08547E-6 1.45038E-5 4.48941E-5 9.24298E-5 3.47274E-5 1.066E-4 2.42716E-4 2.06963E-4 1.39215E-4 7.3054E-5 3.77859E-5 2.25089E-5 1.23077E-4 3.18266E-4 3.44566E-4 1.95058E-4 3.2083E-5 4.83356E-5 1.72903E-4 5.40208E-4 6.01408E-4 6.02496E-4 5.82247E-4 5.69924E-4 6.01053E-4 6.10623E-4 5.98122E-4 5.98625E-4 7.03539E-4 7.71064E-4 6.35379E-4 7.91791E-4 9.58146E-4 1.0706E-3 1.12015E-3 1.18264E-3 1.28383E-3 1.27279E-3 1.67424E-3 2.15711E-3 1.96692E-3 2.10739E-3 1.9813E-3 1.87462E-3
4.07331E-4 2.20087E-4 1.1595E-4 3.6568E-5 4.26467E-6 8.27454E-7 9.93374E-8 1.08055E-7 1.97622E-7 3.2279E-8 6.53081E-9 7.3173E-9 9.82792E-9 6.15971E-9 1.51061E-8 1.99466E-8 1.24406E-8 4.47465E-8 6.62786E-8 9.33779E-7 3.28926E-7 1.26814E-6 1.0178E-5 4.19889E-5 1.20551E-4 1.06658E-4 1.78E-4 2.53458E-4 2.21824E-4 1.6252E-4 1.1001E-4 6.19084E-5 1.18389E-5 5.1477E-5 2.6769E-4 3.52685E-4 2.42522E-4 7.2792E-5 4.00802E-5 2.35577E-4 5.97137E-4 6.06877E-4 5.96853E-4 5.67048E-4 5.5533E-4 5.46411E-4 5.3345E-4 4.85754E-4 4.33955E-4 6.18893E-4 7.81366E-4 6.85314E-4 7.88272E-4 8.48164E-4 1.00714E-3 1.10791E-3 1.16239E-3 1.22143E-3 1.24092E-3 1.50559E-3 2.20035E-3 1.98813E-3 2.01127E-3 1.83614E-3 1.55763E-3
4.32628E-4 1.84812E-4 8.78329E-5 2.82858E-5 7.47767E-6 1.16951E-6 1.1848E-7 5.51262E-8 6.92693E-8 3.72204E-8 1.4067E-8 6.28906E-9 7.41878E-9 4.53255E-9 9.3447E-9 1.91214E-8 7.19704E-9 2.8462E-8 1.03076E-7 7.5377E-7 3.29572E-7 1.34608E-6 5.65541E-6 2.82815E-5 1.33024E-4 2.16142E-4 1.67924E-4 2.54368E-4 2.2306E-4 1.66409E-4 1.06693E-4 5.97769E-5 1.41127E-5 1.60796E-5 1.65409E-4 3.20445E-4 2.51531E-4 1.2778E-4 3.7518E-5 3.30959E-4 6.03154E-4 6.33954E-4 5.73405E-4 5.24485E-4 5.13795E-4 4.82152E-4 4.68383E-4 4.49539E-4 3.82373E-4 5.14944E-4 7.12092E-4 7.10295E-4 7.31242E-4 8.05102E-4 9.36784E-4 1.04075E-3 1.12429E-3 1.19421E-3 1.22814E-3 1.35382E-3 2.08106E-3 1.99326E-3 1.91899E-3 1.75669E-3 1.30536E-3
2.09766E-4 5.92606E-5 4.95054E-5 1.67585E-5 5.5581E-6 9.68238E-7 1.06342E-7 2.01898E-8 2.15358E-8 3.61521E-8 1.44721E-8 6.87264E-9 4.13566E-9 3.97114E-9 8.07149E-9 2.20011E-8 7.74433E-9 1.07893E-8 7.19108E-8 1.13657E-6 2.7764E-7 8.23032E-7 3.72836E-6 2.54734E-5 1.04611E-4 2.22513E-4 2.02073E-4 2.39239E-4 2.17738E-4 1.58999E-4 9.89481E-5 5.33154E-5 2.03651E-5 1.04006E-5 4.77078E-5 2.15717E-4 2.53374E-4 1.46309E-4 4.76268E-5 3.53105E-4 5.62456E-4 6.14141E-4 5.09682E-4 4.92755E-4 4.69886E-4 4.59753E-4 4.59553E-4 4.32482E-4 3.64664E-4 4.50122E-4 6.62745E-4 6.85974E-4 7.00695E-4 7.73283E-4 8.7687E-4 9.69936E-4 1.09973E-3 1.17388E-3 1.26799E-3 1.26326E-3 1.70532E-3 2.07179E-3 1.88304E-3 1.60577E-3 1.13766E-3
1.62953E-4 3.65535E-5 3.50216E-5 1.27298E-5 3.84817E-6 8.12295E-7 1.4694E-7 3.31946E-8 7.09665E-9 2.01367E-8 1.53358E-8 7.33225E-9 2.61748E-9 4.86799E-9 7.66008E-9 4.49282E-8 6.06359E-9 6.56016E-9 1.47407E-7 2.19817E-6 4.02847E-7 9.0738E-7 3.12914E-6 9.88322E-6 4.60472E-5 1.98469E-4 2.40605E-4 2.13513E-4 1.95211E-4 1.46788E-4 9.80716E-5 5.59761E-5 2.73317E-5 1.22345E-5 1.43857E-5 7.37171E-5 2.07257E-4 1.53499E-4 7.74516E-5 3.16752E-4 5.15971E-4 5.82146E-4 5.02451E-4 4.78981E-4 4.37135E-4 4.48656E-4 4.50619E-4 4.22131E-4 3.53452E-4 4.51692E-4 6.27979E-4 6.59305E-4 6.85668E-4 7.46041E-4 8.52746E-4 9.72709E-4 1.04389E-3 1.1578E-3 1.2689E-3 1.38333E-3 1.44891E-3 1.73675E-3 2.03835E-3 1.36198E-3 9.16763E-4
2.3357E-4 5.9095E-5 1.16273E-4 1.26211E-5 3.36876E-6 5.28108E-7 2.19331E-7 1.19462E-7 1.25051E-8 7.42865E-9 7.23859E-9 6.00593E-9 3.16357E-9 5.17383E-9 6.53339E-9 2.6762E-8 1.56645E-8 1.56231E-8 4.51314E-7 3.06794E-6 7.65447E-7 9.08477E-7 3.30554E-6 1.05102E-5 2.25887E-5 1.19291E-4 2.59019E-4 1.95756E-4 1.53083E-4 1.12522E-4 9.35038E-5 5.62742E-5 3.11263E-5 1.37411E-5 9.22587E-6 3.85703E-5 1.28573E-4 1.94632E-4 1.61704E-4 2.95184E-4 4.82885E-4 4.96324E-4 4.6872E-4 4.80067E-4 4.35617E-4 4.34031E-4 4.36075E-4 4.11942E-4 3.61641E-4 4.32685E-4 6.16635E-4 6.41894E-4 6.67514E-4 7.22778E-4 8.42813E-4 9.52828E-4 1.03416E-3 1.12803E-3 1.2458E-3 1.46738E-3 1.39754E-3 1.4586E-3 1.61196E-3 1.08201E-3 7.09158E-4
3.01773E-4 1.22081E-4 5.78286E-5 1.22232E-5 6.04867E-6 5.29423E-7 4.72712E-7 4.2518E-7 7.42067E-8 1.65299E-8 5.8533E-9 9.02812E-9 2.84849E-9 4.93815E-9 8.45966E-9 1.17682E-8 1.67731E-8 4.09155E-8 9.96096E-7 4.17893E-6 1.93123E-6 1.3164E-6 3.06034E-6 1.38054E-5 2.31147E-5 1.11872E-4 2.65296E-4 2.3248E-4 1.50286E-4 8.90089E-5 7.44937E-5 5.29038E-5 3.338E-5 1.99391E-5 1.5696E-5 3.70708E-5 9.36328E-5 2.23411E-4 2.46796E-4 3.47088E-4 4.29366E-4 4.44872E-4 4.38889E-4 4.44569E-4 4.24637E-4 4.11866E-4 4.23018E-4 4.04396E-4 3.88599E-4 4.95909E-4 6.05544E-4 6.21252E-4 6.63683E-4 7.13384E-4 8.20583E-4 9.04374E-4 1.05267E-3 1.13253E-3 1.24063E-3 1.40375E-3 1.37264E-3 1.33555E-3 1.16362E-3 8.022E-4 5.71079E-4
4.79158E-4 1.95778E-4 4.46159E-5 2.13451E-5 5.60881E-6 7.14755E-7 2.03752E-6 6.10558E-7 2.24353E-7 3.52477E-8 1.93328E-8 1.94076E-8 2.18352E-9 3.62211E-9 6.37621E-9 4.53048E-9 1.42522E-8 7.4949E-8 8.6476E-7 6.39433E-6 4.37121E-6 2.3881E-6 6.10297E-6 4.0068E-5 4.77952E-5 1.18615E-4 2.32884E-4 2.58746E-4 1.85525E-4 8.34437E-5 6.00784E-5 5.05729E-5 3.75779E-5 2.89037E-5 3.60822E-5 5.102E-5 5.34157E-5 1.775E-4 2.70691E-4 3.25657E-4 3.72222E-4 4.21275E-4 4.25236E-4 3.98956E-4 4.04945E-4 4.30816E-4 4.17559E-4 4.12664E-4 3.91554E-4 5.46212E-4 5.6741E-4 6.00294E-4 6.58343E-4 7.05423E-4 8.13878E-4 8.93486E-4 1.02235E-3 1.16388E-3 1.28225E-3 1.36541E-3 1.34481E-3 1.19097E-3 9.37351E-4 6.41922E-4 5.48009E-4
5.88244E-4 2.47975E-4 8.52409E-5 3.53374E-5 1.19606E-5 3.06782E-6 3.24439E-6 1.20568E-7 4.29389E-8 1.09533E-7 6.59857E-8 2.12488E-8 2.34152E-9 3.27403E-9 7.57266E-9 6.38413E-9 2.37347E-8 1.17291E-7 1.67826E-6 8.59777E-6 9.89217E-6 3.2939E-6 1.16061E-5 6.39247E-5 7.52746E-5 1.38535E-4 2.19805E-4 2.66997E-4 2.16995E-4 9.7799E-5 5.83149E-5 4.87288E-5 4.16154E-5 3.19995E-5 5.91733E-5 6.85209E-5 6.08464E-5 1.35771E-4 2.51363E-4 3.11564E-4 3.50571E-4 3.85057E-4 3.74602E-4 3.67646E-4 3.85897E-4 4.00154E-4 4.10264E-4 4.44725E-4 4.123E-4 5.24284E-4 5.14398E-4 5.85E-4 6.57696E-4 7.26123E-4 8.14503E-4 8.89586E-4 1.00236E-3 1.16988E-3 1.31302E-3 1.35322E-3 1.29234E-3 1.13477E-3 8.51214E-4 6.38405E-4 5.36772E-4
4.38861E-4 1.40057E-4 8.42466E-5 2.6457E-5 3.38056E-5 1.52247E-5 2.8601E-6 6.83981E-7 3.07726E-8 2.78366E-8 2.88629E-8 1.39485E-8 2.26953E-9 1.93045E-9 4.70748E-9 9.76054E-9 2.94234E-8 1.33301E-7 2.93966E-6 8.76415E-6 1.69717E-5 7.28674E-6 2.51666E-5 7.81065E-5 1.10156E-4 1.64295E-4 2.16389E-4 2.49522E-4 2.29437E-4 1.3255E-4 4.57341E-5 4.34839E-5 4.89443E-5 4.47239E-5 6.82864E-5 7.9971E-5 8.73872E-5 1.53363E-4 2.3006E-4 2.59326E-4 3.15802E-4 3.46064E-4 3.20725E-4 2.87513E-4 3.34717E-4 3.53791E-4 3.89038E-4 4.48116E-4 4.54171E-4 4.80218E-4 4.89209E-4 5.95837E-4 6.789E-4 7.4782E-4 8.08627E-4 8.82117E-4 9.91155E-4 1.18844E-3 1.30812E-3 1.42107E-3 1.15751E-3 1.04308E-3 8.68515E-4 6.2752E-4 5.54742E-4
3.95742E-4 7.03602E-5 4.54954E-5 2.23367E-5 1.28796E-5 3.74774E-6 4.68674E-7 6.39758E-7 7.30033E-8 1.21417E-8 1.23999E-8 1.031E-8 1.95631E-9 1.15284E-9 1.96617E-9 7.82491E-9 3.22574E-8 1.25384E-7 3.03811E-6 7.73689E-6 1.67147E-5 2.19523E-5 4.15392E-5 8.78289E-5 1.11358E-4 1.4584E-4 2.02981E-4 2.36182E-4 2.3154E-4 1.64642E-4 6.39505E-5 2.85969E-5 4.30936E-5 5.91239E-5 7.17913E-5 8.18795E-5 1.03298E-4 1.32038E-4 1.89862E-4 2.52291E-4 3.11222E-4 3.14156E-4 2.69875E-4 2.02984E-4 2.17259E-4 3.16566E-4 3.77056E-4 4.1652E-4 4.79897E-4 5.2243E-4 5.08779E-4 6.2201E-4 6.92449E-4 7.50138E-4 7.92627E-4 8.71411E-4 9.76646E-4 1.14838E-3 1.20091E-3 1.1442E-3 1.02378E-3 9.04844E-4 7.76902E-4 6.26518E-4 6.18117E-4
2.85896E-4 4.95125E-5 2.37393E-5 1.28488E-5 3.28596E-6 1.03778E-6 2.53957E-7 1.96789E-7 4.53412E-8 1.4227E-8 5.57949E-9 8.42876E-9 2.21454E-9 8.61408E-10 1.37008E-9 6.35844E-9 6.53243E-8 5.6193E-7 2.80169E-6 7.20155E-6 1.0577E-5 9.12038E-6 1.8444E-5 7.79969E-5 1.23315E-4 1.34801E-4 1.88101E-4 2.25023E-4 2.26427E-4 1.82454E-4 1.0672E-4 3.32423E-5 2.62485E-5 5.99741E-5 7.24273E-5 8.13293E-5 9.50329E-5 1.22106E-4 1.83426E-4 2.29913E-4 2.88517E-4 3.03223E-4 2.39739E-4 1.80701E-4 1.13013E-4 2.47683E-4 3.5004E-4 4.01998E-4 5.07755E-4 6.00322E-4 5.73528E-4 6.35838E-4 6.95319E-4 7.38858E-4 8.17063E-4 8.90478E-4 9.63429E-4 1.10143E-3 1.05519E-3 9.24898E-4 8.15988E-4 6.98423E-4 6.8107E-4 5.91743E-4 6.34779E-4
1.40055E-4 4.03121E-5 1.76597E-5 1.25971E-5 3.63933E-6 2.8455E-6 2.93798E-7 5.5664E-8 1.27717E-8 1.47491E-8 4.30009E-9 4.688E-9 2.43538E-9 1.60889E-9 1.12081E-9 7.7915E-9 2.21E-7 9.375E-7 2.72835E-6 6.26585E-6 6.45814E-6 3.53477E-6 1.64677E-5 8.19027E-5 1.31504E-4 1.35162E-4 1.8085E-4 2.15552E-4 2.19717E-4 1.84619E-4 1.25418E-4 5.7665E-5 1.84734E-5 5.20685E-5 7.80908E-5 8.30134E-5 9.84037E-5 1.11997E-4 1.6947E-4 2.18646E-4 2.68556E-4 2.68858E-4 2.21379E-4 1.67404E-4 7.37822E-5 1.36564E-4 3.31863E-4 4.16768E-4 5.36706E-4 6.2097E-4 6.38625E-4 6.46234E-4 6.89461E-4 7.28725E-4 8.84376E-4 9.52781E-4 9.4745E-4 1.01542E-3 9.40076E-4 8.13365E-4 6.61913E-4 5.30335E-4 4.87691E-4 5.07329E-4 7.71008E-4
1.06486E-4 6.57291E-5 3.12194E-5 1.93851E-5 8.24253E-6 2.12091E-6 2.80023E-7 3.38656E-8 1.37667E-8 7.52614E-9 4.47508E-9 3.89124E-9 2.91644E-9 9.73411E-9 1.24992E-9 1.92672E-8 1.59713E-7 9.58483E-7 2.6303E-6 6.34265E-6 4.3837E-6 2.47568E-6 1.65683E-5 7.33601E-5 1.23554E-4 1.50143E-4 1.83917E-4 2.08584E-4 2.11302E-4 1.85524E-4 1.29052E-4 7.72487E-5 1.88867E-5 3.99231E-5 7.93781E-5 8.65712E-5 1.04849E-4 1.22058E-4 1.55991E-4 2.0935E-4 2.31572E-4 2.40573E-4 1.87676E-4 1.49844E-4 7.92217E-5 9.69007E-5 3.13079E-4 4.46162E-4 5.4144E-4 6.23228E-4 6.57124E-4 7.09539E-4 7.19952E-4 7.18722E-4 8.93227E-4 1.01174E-3 1.01835E-3 1.05816E-3 9.25387E-4 7.32389E-4 5.91768E-4 4.3255E-4 3.61214E-4 4.2095E-4 6.87513E-4
1.24207E-4 9.34703E-5 4.46978E-5 1.41012E-5 5.30797E-6 1.37445E-6 1.89637E-7 4.87157E-8 1.57687E-8 5.10815E-9 4.58655E-9 4.31269E-9 5.01365E-9 1.90721E-8 5.37142E-9 1.62456E-8 1.3404E-7 7.28024E-7 2.21663E-6 4.78373E-6 3.24833E-6 2.4729E-6 1.45195E-5 6.0056E-5 1.25018E-4 1.62996E-4 1.8778E-4 2.01785E-4 1.97785E-4 1.84039E-4 1.41531E-4 9.14806E-5 2.41666E-5 3.0713E-5 6.11222E-5 8.45349E-5 1.08489E-4 1.23343E-4 1.54583E-4 1.92932E-4 2.07404E-4 2.14793E-4 1.47206E-4 1.09569E-4 1.01104E-4 1.09499E-4 2.90418E-4 4.70214E-4 5.54525E-4 6.49206E-4 7.15427E-4 8.13568E-4 8.166E-4 7.26434E-4 8.93071E-4 9.87216E-4 9.31025E-4 9.8608E-4 1.05057E-3 8.11E-4 6.18436E-4 4.05986E-4 2.76346E-4 2.97646E-4 6.6199E-4
1.70293E-4 1.09172E-4 3.42817E-5 7.94042E-6 3.13224E-6 9.92612E-7 1.36716E-7 3.58678E-8 3.78577E-8 8.71926E-9 7.11484E-9 1.16002E-8 6.47039E-9 4.18951E-8 1.208E-8 2.66953E-8 1.24606E-7 6.24591E-7 2.05365E-6 4.52916E-6 3.3502E-6 5.14001E-6 1.49411E-5 4.01146E-5 1.12941E-4 1.37785E-4 1.6761E-4 1.89731E-4 1.87128E-4 1.74591E-4 1.49348E-4 9.79157E-5 3.77196E-5 1.91959E-5 4.05384E-5 6.63196E-5 1.07476E-4 1.2339E-4 1.57993E-4 1.7589E-4 1.85958E-4 1.89589E-4 1.30621E-4 8.55043E-5 1.33113E-4 1.48164E-4 2.91583E-4 4.81602E-4 6.03261E-4 7.19604E-4 7.79901E-4 8.59931E-4 8.97147E-4 7.85996E-4 7.93921E-4 9.83251E-4 8.24022E-4 8.34902E-4 9.24511E-4 8.97764E-4 6.72979E-4 4.10468E-4 2.21332E-4 2.63841E-4 6.39696E-4
2.3636E-4 1.15135E-4 4.19949E-5 1.81525E-5 4.57953E-6 1.64215E-6 1.49139E-7 8.71663E-8 1.04229E-7 2.31365E-8 2.48969E-8 3.83662E-8 3.44199E-8 4.55942E-8 5.35363E-8 6.20641E-8 1.69821E-7 6.81439E-7 1.90894E-6 3.63851E-6 3.03726E-6 7.94481E-6 2.14504E-5 2.86951E-5 9.10576E-5 1.03154E-4 1.27683E-4 1.73708E-4 1.71757E-4 1.65754E-4 1.47241E-4 1.15286E-4 6.82149E-5 2.0871E-5 1.79022E-5 4.08574E-5 9.26828E-5 1.37348E-4 1.58696E-4 1.65026E-4 1.67587E-4 1.71053E-4 1.32114E-4 7.40466E-5 1.30691E-4 2.15736E-4 3.32458E-4 4.78417E-4 6.66228E-4 8.07719E-4 8.28847E-4 8.79365E-4 9.50057E-4 8.4823E-4 6.64456E-4 7.55045E-4 8.90657E-4 7.49722E-4 6.10453E-4 6.58831E-4 7.08844E-4 3.94704E-4 1.73922E-4 2.42209E-4 7.04352E-4
2.03936E-4 6.56362E-5 5.01633E-5 3.61709E-5 9.76719E-6 2.11817E-6 6.63039E-7 3.60245E-7 1.63518E-7 6.85578E-8 5.53586E-8 5.1801E-8 5.38965E-8 5.73598E-8 1.09364E-7 2.3999E-7 3.56881E-7 9.35559E-7 2.00452E-6 2.42501E-6 1.52452E-6 6.51827E-6 2.10758E-5 2.21272E-5 6.90777E-5 8.69113E-5 1.026E-4 1.55613E-4 1.57962E-4 1.51031E-4 1.32304E-4 1.2612E-4 9.31486E-5 4.8932E-5 1.65431E-5 1.65859E-5 6.06594E-5 1.50794E-4 1.74465E-4 1.6924E-4 1.64186E-4 1.51889E-4 1.13693E-4 6.20674E-5 1.12395E-4 2.46222E-4 4.01687E-4 5.18435E-4 7.02189E-4 9.03867E-4 9.84633E-4 1.03582E-3 1.06073E-3 9.13155E-4 4.85513E-4 5.93368E-4 8.45364E-4 6.76116E-4 4.59685E-4 4.51767E-4 5.47519E-4 4.0665E-4 2.04235E-4 2.73669E-4 7.96132E-4
2.13329E-4 4.08726E-5 2.58307E-5 2.65412E-5 8.02608E-6 3.49661E-6 1.78989E-6 8.7593E-7 1.56884E-7 7.93708E-8 6.44573E-8 7.70575E-8 9.3574E-8 1.2848E-7 2.35863E-7 5.10124E-7 9.43528E-7 1.37826E-6 2.3239E-6 2.01613E-6 8.64052E-7 4.63408E-6 1.60536E-5 2.01302E-5 5.67577E-5 8.7764E-5 1.10123E-4 1.36707E-4 1.36618E-4 1.32124E-4 1.17917E-4 1.1593E-4 1.09081E-4 8.37408E-5 2.09056E-5 8.00965E-6 3.19671E-5 1.48205E-4 2.1147E-4 1.85011E-4 1.79294E-4 1.62852E-4 9.85245E-5 6.95015E-5 1.25915E-4 2.7582E-4 4.94585E-4 6.36435E-4 7.70239E-4 9.73774E-4 1.08764E-3 1.13847E-3 1.11972E-3 9.4515E-4 3.62721E-4 4.9902E-4 7.4945E-4 4.98809E-4 3.34369E-4 3.02816E-4 3.83693E-4 3.18298E-4 2.64503E-4 3.39863E-4 8.65793E-4
1.09873E-4 4.31746E-5 1.96022E-5 1.48252E-5 9.16728E-6 3.24709E-6 1.76038E-6 3.82278E-7 2.12767E-7 1.04717E-7 6.72349E-8 7.15605E-8 1.56887E-7 9.8069E-8 8.33536E-8 3.15876E-7 1.60362E-6 2.061E-6 2.88249E-6 1.65955E-6 8.24132E-7 3.60903E-6 9.88472E-6 1.89335E-5 5.27284E-5 8.19121E-5 1.18696E-4 1.31369E-4 1.27163E-4 1.08132E-4 8.23768E-5 6.83926E-5 1.10176E-4 9.86478E-5 4.06087E-5 6.46314E-6 2.5455E-5 1.32121E-4 2.2484E-4 2.11306E-4 2.02485E-4 1.82512E-4 9.25055E-5 9.26416E-5 1.54924E-4 3.28608E-4 5.24615E-4 7.11755E-4 8.71305E-4 1.06356E-3 1.11312E-3 1.16031E-3 1.18092E-3 9.2694E-4 4.19613E-4 4.47793E-4 6.33109E-4 4.13126E-4 2.24854E-4 1.57776E-4 2.19647E-4 3.1993E-4 3.77997E-4 4.57586E-4 8.95409E-4
4.82995E-5 3.43163E-5 2.02393E-5 1.01419E-5 5.88629E-6 1.63264E-6 5.58053E-7 5.4961E-7 3.1361E-7 1.32524E-7 6.37056E-8 9.58183E-8 9.40788E-8 3.94005E-8 4.27667E-8 3.10981E-7 1.73784E-6 4.04475E-6 3.19812E-6 1.19429E-6 1.01937E-6 3.05835E-6 5.31651E-6 1.41638E-5 4.86615E-5 6.21188E-5 9.38392E-5 1.31185E-4 1.21736E-4 8.38075E-5 2.32015E-5 6.32328E-6 3.48836E-5 1.13991E-4 6.43596E-5 9.84933E-6 2.20245E-5 1.44511E-4 2.36128E-4 2.39771E-4 2.24682E-4 2.11527E-4 1.15618E-4 1.25538E-4 2.11774E-4 4.17308E-4 5.53377E-4 7.50302E-4 9.94396E-4 1.21492E-3 1.25413E-3 1.30891E-3 1.26752E-3 9.64233E-4 4.10845E-4 4.35699E-4 5.8993E-4 3.96387E-4 1.5366E-4 9.33759E-5 1.36432E-4 3.74834E-4 5.08366E-4 5.8509E-4 9.63607E-4
4.91349E-5 2.1053E-5 1.64416E-5 8.08557E-6 8.32257E-6 9.93179E-7 6.3316E-7 8.54256E-7 1.69131E-7 1.04497E-7 5.24205E-8 7.07203E-8 4.31117E-8 2.60597E-8 3.64456E-8 3.07752E-7 1.42303E-6 4.25097E-6 3.64602E-6 1.80147E-6 1.66626E-6 2.75972E-6 3.25709E-6 1.33652E-5 4.62236E-5 5.00572E-5 7.99586E-5 1.29386E-4 1.16303E-4 6.79649E-5 1.25562E-5 2.32966E-6 1.37796E-5 1.12765E-4 7.96128E-5 2.33952E-5 3.37049E-5 1.75221E-4 2.4882E-4 2.58702E-4 2.55557E-4 2.48742E-4 1.88409E-4 1.95156E-4 2.84578E-4 4.80066E-4 6.40677E-4 8.30285E-4 1.05507E-3 1.26711E-3 1.34859E-3 1.4177E-3 1.40216E-3 1.12088E-3 4.0067E-4 3.42788E-4 4.84002E-4 3.70767E-4 1.46536E-4 7.60495E-5 1.17612E-4 4.22657E-4 6.337E-4 7.69406E-4 1.12525E-3
2.3549E-5 1.65513E-5 1.12923E-5 7.36958E-6 2.40315E-6 1.87028E-6 4.09655E-7 3.29396E-7 1.4174E-7 9.42115E-8 3.93019E-8 3.9072E-8 2.16871E-8 1.50417E-8 3.00597E-8 2.28889E-7 1.33095E-6 4.17071E-6 5.48283E-6 4.23755E-6 4.36142E-6 5.67657E-6 3.40018E-6 1.36768E-5 4.68994E-5 4.81783E-5 9.06056E-5 1.30724E-4 1.15131E-4 6.31843E-5 8.29276E-6 1.44264E-6 1.35622E-5 1.19947E-4 9.47965E-5 6.0788E-5 6.41827E-5 2.00137E-4 2.65117E-4 2.68713E-4 2.86845E-4 2.87774E-4 2.64248E-4 2.80833E-4 3.31355E-4 5.14574E-4 7.05303E-4 9.10615E-4 1.15571E-3 1.32179E-3 1.37594E-3 1.43544E-3 1.37982E-3 1.08897E-3 4.5993E-4 3.05308E-4 4.02269E-4 2.82742E-4 1.21871E-4 6.46895E-5 1.32042E-4 4.43797E-4 7.16924E-4 8.73961E-4 1.31329E-3
1.81427E-5 1.17208E-5 6.65238E-6 4.48571E-6 2.88249E-6 4.16245E-7 8.99511E-8 1.59131E-7 1.04908E-7 1.13747E-7 3.50603E-8 1.76937E-8 2.70237E-8 3.43727E-8 5.40911E-8 3.25957E-7 1.4953E-6 3.56186E-6 6.28109E-6 2.35915E-6 3.07131E-6 8.57337E-6 5.65584E-6 1.418E-5 5.26259E-5 6.6658E-5 1.04637E-4 1.29009E-4 1.07149E-4 4.95036E-5 6.55354E-6 2.85886E-6 2.77494E-5 1.23955E-4 1.11016E-4 1.00947E-4 1.02119E-4 2.19902E-4 2.93176E-4 2.89786E-4 3.12295E-4 3.24244E-4 3.31023E-4 3.38124E-4 3.67244E-4 4.88116E-4 7.95957E-4 9.96308E-4 1.21511E-3 1.45852E-3 1.42393E-3 1.58019E-3 1.42724E-3 1.16669E-3 6.74655E-4 4.24457E-4 3.93259E-4 2.33061E-4 9.29008E-5 4.23642E-5 1.17815E-4 4.13649E-4 7.14625E-4 9.44504E-4 1.28942E-3
2.14201E-5 1.68282E-5 4.15201E-6 2.27111E-6 1.40828E-6 8.00988E-8 3.24387E-8 7.49834E-8 2.42635E-8 1.04451E-7 3.88218E-8 2.09972E-8 1.15783E-8 1.93069E-8 1.34213E-7 5.19599E-7 1.5087E-6 3.23192E-6 5.24448E-6 7.4202E-7 1.26143E-6 7.50973E-6 1.05395E-5 2.04843E-5 5.83129E-5 8.40543E-5 1.11736E-4 1.20787E-4 9.09216E-5 2.69691E-5 4.3682E-6 5.72006E-6 5.90586E-5 1.32736E-4 1.29712E-4 1.29922E-4 1.49971E-4 2.36956E-4 3.16187E-4 3.32868E-4 3.51183E-4 3.47059E-4 4.0087E-4 3.88589E-4 4.17706E-4 4.49218E-4 7.37011E-4 1.05512E-3 1.29949E-3 1.48114E-3 1.55741E-3 1.68704E-3 1.68414E-3 1.42657E-3 9.82773E-4 4.98473E-4 4.13279E-4 2.82245E-4 1.08772E-4 3.52178E-5 8.33275E-5 3.59874E-4 6.33795E-4 1.01094E-3 1.22819E-3
4.99495E-5 2.09952E-5 5.37038E-6 2.55645E-6 6.95222E-7 5.86265E-8 4.5699E-8 7.43182E-8 4.02322E-8 9.47366E-8 5.22389E-8 4.83934E-8 8.96779E-9 1.15752E-8 9.79891E-8 4.14145E-7 1.19012E-6 2.68059E-6 5.34936E-6 7.24189E-7 9.22956E-7 3.83979E-6 1.3372E-5 2.48794E-5 5.52116E-5 8.4668E-5 1.08984E-4 1.10872E-4 8.39568E-5 2.86466E-5 1.08461E-5 1.86807E-5 8.66901E-5 1.41116E-4 1.49399E-4 1.5053E-4 1.6012E-4 2.32456E-4 3.18858E-4 3.54219E-4 3.69587E-4 3.75292E-4 4.56179E-4 4.76472E-4 4.77674E-4 4.38878E-4 5.13637E-4 1.21843E-3 1.31878E-3 1.44951E-3 1.54394E-3 1.67319E-3 1.88481E-3 1.71133E-3 1.388E-3 7.57417E-4 4.34411E-4 3.81E-4 1.79193E-4 4.29905E-5 6.57853E-5 3.35857E-4 5.88258E-4 1.04848E-3 1.2687E-3
2.84624E-4 8.88444E-5 1.36771E-5 4.44422E-6 1.0841E-6 3.42316E-7 8.73034E-8 2.19382E-8 5.56456E-8 8.80692E-8 1.04782E-7 1.25025E-7 3.70621E-8 1.60367E-8 4.44155E-8 3.00528E-7 1.06994E-6 2.78609E-6 4.23155E-6 1.0901E-6 5.07227E-7 1.094E-6 5.28626E-6 1.26035E-5 3.07352E-5 7.49736E-5 1.06832E-4 1.16618E-4 1.14621E-4 7.24858E-5 3.39203E-5 4.41539E-5 1.07325E-4 1.42899E-4 1.51531E-4 1.61078E-4 1.64004E-4 2.13231E-4 2.97096E-4 3.46403E-4 4.1115E-4 4.31525E-4 5.07037E-4 5.42991E-4 5.28492E-4 4.58879E-4 4.74697E-4 1.28641E-3 1.44002E-3 1.43512E-3 1.51435E-3 1.66406E-3 1.80579E-3 1.73275E-3 1.56631E-3 1.03391E-3 5.13941E-4 4.53053E-4 2.83908E-4 5.81434E-5 7.70683E-5 3.59549E-4 6.4486E-4 1.12724E-3 1.3532E-3
6.04942E-4 1.66013E-4 2.43832E-5 5.07894E-6 1.55637E-6 4.70315E-7 1.23507E-7 5.25007E-8 4.408E-8 4.04712E-8 7.49402E-8 1.34009E-7 8.28045E-8 2.39202E-8 1.9043E-8 2.11635E-7 9.86992E-7 2.77665E-6 3.39647E-6 1.43495E-6 3.04205E-7 4.6523E-7 1.82668E-6 8.38294E-6 1.9212E-5 4.56441E-5 1.00145E-4 1.16567E-4 1.14449E-4 1.08752E-4 8.38735E-5 8.33436E-5 1.24422E-4 1.45348E-4 1.56583E-4 1.62751E-4 1.71306E-4 1.89518E-4 2.71619E-4 3.45165E-4 4.43589E-4 4.73809E-4 5.25102E-4 5.769E-4 5.60482E-4 4.80779E-4 5.54917E-4 1.33811E-3 1.47969E-3 1.46922E-3 1.50304E-3 1.60003E-3 1.78829E-3 1.58716E-3 1.50639E-3 1.01926E-3 6.4318E-4 5.15513E-4 3.23737E-4 5.86203E-5 1.12382E-4 4.16315E-4 6.88173E-4 1.07924E-3 1.4993E-3
