layers/maxent/tupi.asc
ncols         638
nrows         825
xllcorner     -2985163.8955
yllcorner     -3022031.214
cellsize      10000.0
NODATA_value  -9999
[rows 116 to 144 of 825, columns 65 to 129 of 638]
-9999 -9999 -9999 -9999 -9999 -9999 -9999 -9999 -9999 -9999 -9999 -9999 -9999 -9999 -9999 -9999 -9999 -9999 -9999 -9999 -9999 -9999 -9999 -9999 -9999 -9999 -9999 -9999 -9999 1.13479E-5 2.31147E-5 2.23251E-5 1.69529E-5 1.92796E-5 1.65391E-5 1.63935E-5 2.37709E-5 5.41393E-6 2.98495E-7 1.36953E-8 2.48216E-8 5.80488E-7 4.67374E-6 4.89218E-6 4.88881E-5 4.00619E-4 1.0055E-3 4.62557E-4 2.54346E-4 9.85548E-5 1.24198E-5 1.20962E-7 1.76664E-8 5.4883E-8 4.46278E-7 1.59458E-5 9.15203E-4 9.56675E-3 8.95595E-3 1.86411E-2 1.03971E-2 1.21773E-2 6.6174E-3 9.45435E-3 9.75848E-3
-9999 -9999 -9999 -9999 -9999 -9999 -9999 -9999 -9999 -9999 -9999 -9999 -9999 -9999 -9999 -9999 -9999 -9999 -9999 -9999 -9999 -9999 -9999 -9999 -9999 -9999 -9999 -9999 -9999 -9999 1.7044E-5 1.68123E-5 1.54273E-5 1.66079E-5 1.97919E-5 8.33273E-6 5.08564E-5 8.37771E-6 8.47892E-8 1.34366E-8 1.71975E-8 2.67327E-7 3.50912E-6 3.16886E-5 1.5885E-4 5.82637E-4 1.2926E-3 6.51462E-4 2.72531E-4 7.5635E-5 1.52164E-5 2.53366E-7 1.66914E-8 1.50017E-7 1.00991E-6 3.99066E-5 1.38228E-3 1.05127E-2 8.81009E-3 1.58096E-2 1.47605E-2 2.02101E-2 1.36299E-2 1.17449E-2 1.91565E-3
-9999 -9999 -9999 -9999 -9999 -9999 -9999 -9999 -9999 -9999 -9999 -9999 -9999 -9999 -9999 -9999 -9999 -9999 -9999 -9999 -9999 -9999 -9999 -9999 -9999 -9999 -9999 -9999 -9999 -9999 2.56241E-5 2.46892E-5 1.94086E-5 1.79597E-5 1.61285E-5 1.40546E-5 2.64397E-5 1.84819E-5 7.49067E-6 1.66991E-7 3.78146E-7 1.97096E-6 9.4514E-6 1.38448E-4 3.98154E-4 1.63823E-3 1.03854E-3 3.94504E-4 2.32894E-4 1.75221E-4 1.84713E-5 9.75886E-7 6.36173E-7 7.2921E-6 2.57326E-5 3.72472E-4 3.60675E-3 5.53106E-3 6.93686E-3 1.60135E-2 1.62643E-2 1.89248E-2 1.32659E-2 8.10467E-3 2.57865E-3
-9999 -9999 -9999 -9999 -9999 -9999 -9999 -9999 -9999 -9999 -9999 -9999 -9999 -9999 -9999 -9999 -9999 -9999 -9999 -9999 -9999 -9999 -9999 -9999 -9999 -9999 -9999 -9999 -9999 -9999 -9999 3.61771E-5 2.10184E-5 1.37275E-5 1.3119E-5 1.44856E-5 2.72894E-5 6.36016E-5 3.579E-5 3.77905E-6 2.04317E-6 6.69875E-6 1.8981E-5 6.60906E-5 6.22342E-4 1.86223E-3 1.0847E-3 5.93102E-4 4.02211E-4 2.26566E-4 4.52989E-6 8.18073E-7 6.2892E-6 1.75757E-4 1.05888E-3 1.74475E-3 3.15446E-3 4.72832E-3 9.72725E-3 1.28812E-2 1.86173E-2 2.3699E-2 2.46662E-2 7.18903E-3 3.78983E-3
-9999 -9999 -9999 -9999 -9999 -9999 -9999 -9999 -9999 -9999 -9999 -9999 -9999 -9999 -9999 -9999 -9999 -9999 -9999 -9999 -9999 -9999 -9999 -9999 -9999 -9999 -9999 -9999 -9999 -9999 -9999 3.33279E-5 3.27259E-5 1.54845E-5 3.98855E-5 8.65398E-5 5.03258E-5 9.82164E-5 7.25403E-5 3.44988E-6 3.00942E-6 2.03734E-5 1.22429E-5 8.81086E-5 7.126E-4 2.01066E-3 1.45654E-3 1.15773E-3 1.25229E-3 8.73375E-5 7.98113E-7 2.80349E-6 4.51094E-5 3.88148E-4 2.36489E-3 4.91797E-3 4.69871E-3 4.67849E-3 7.26907E-3 1.30797E-2 1.52921E-2 2.71132E-2 2.24532E-2 1.1822E-2 3.87692E-3
-9999 -9999 -9999 -9999 -9999 -9999 -9999 -9999 -9999 -9999 -9999 -9999 -9999 -9999 -9999 -9999 -9999 -9999 -9999 -9999 -9999 -9999 -9999 -9999 -9999 -9999 -9999 -9999 -9999 -9999 2.53895E-5 2.8968E-5 3.51489E-5 2.56887E-5 2.70176E-5 3.57644E-5 7.63466E-5 4.35403E-5 8.9224E-6 4.3032E-6 1.30291E-5 6.61284E-6 1.39301E-5 2.65017E-4 1.01239E-3 1.72527E-3 1.2481E-3 7.46357E-4 8.65499E-4 9.0496E-5 7.41545E-7 2.22279E-6 1.05631E-5 2.20165E-4 3.2311E-3 7.36262E-3 7.1185E-3 5.82154E-3 9.37239E-3 1.39855E-2 1.64074E-2 1.38017E-2 1.40273E-2 5.99465E-3 1.50022E-3
-9999 -9999 -9999 -9999 -9999 -9999 -9999 -9999 -9999 -9999 -9999 -9999 -9999 -9999 -9999 -9999 -9999 -9999 -9999 -9999 -9999 -9999 -9999 -9999 -9999 -9999 -9999 -9999 -9999 -9999 3.26821E-5 2.51383E-5 4.26003E-5 3.38576E-5 3.02862E-5 3.9065E-5 1.00469E-4 1.57219E-5 2.09052E-6 1.38383E-6 2.21877E-6 9.25163E-6 5.61061E-5 8.69527E-4 1.21994E-3 1.47858E-3 8.32571E-4 2.27782E-4 2.11124E-4 1.08909E-5 3.01857E-7 1.17534E-6 2.40049E-5 9.42041E-4 5.85907E-3 7.98725E-3 8.31692E-3 7.34038E-3 1.07331E-2 1.44819E-2 1.94213E-2 1.85509E-2 7.8006E-3 1.19193E-3 2.09323E-4
-9999 -9999 -9999 -9999 -9999 -9999 -9999 -9999 -9999 -9999 -9999 -9999 -9999 -9999 -9999 -9999 -9999 -9999 -9999 -9999 -9999 -9999 -9999 -9999 -9999 -9999 -9999 -9999 -9999 8.52151E-6 3.61235E-5 3.28646E-5 1.07627E-5 1.33893E-5 7.09331E-5 1.02947E-4 1.81423E-4 4.31759E-6 7.64654E-7 6.33634E-7 5.24241E-7 2.27117E-5 2.58982E-4 1.18979E-3 1.02095E-3 1.16114E-3 2.37573E-4 4.15554E-5 8.34774E-6 6.40865E-7 1.09544E-6 6.23066E-6 1.20311E-4 1.4636E-3 4.58714E-3 1.1457E-2 1.22639E-2 9.11077E-3 1.37049E-2 2.53875E-2 1.65379E-2 1.31515E-2 4.59398E-3 3.76435E-4 1.22123E-4
-9999 -9999 -9999 -9999 -9999 -9999 -9999 -9999 -9999 -9999 -9999 -9999 -9999 -9999 -9999 -9999 -9999 -9999 -9999 -9999 -9999 -9999 -9999 -9999 -9999 -9999 -9999 -9999 9.55576E-6 9.11685E-6 6.07313E-5 2.40521E-5 7.89314E-6 9.5913E-6 1.79171E-5 2.91144E-5 7.07839E-5 3.16872E-6 4.26587E-7 5.50095E-7 3.52668E-6 7.23652E-5 6.48444E-4 1.30965E-3 1.28154E-3 2.79361E-4 3.05174E-5 8.0445E-6 1.76712E-6 5.77419E-7 2.15032E-6 1.2655E-5 1.56807E-4 7.43797E-4 8.77338E-3 1.22688E-2 1.39774E-2 2.07761E-2 2.85605E-2 3.07922E-2 1.73876E-2 1.03426E-2 1.62083E-3 1.44386E-4 1.3261E-5
-9999 -9999 -9999 -9999 -9999 -9999 -9999 -9999 -9999 -9999 -9999 -9999 -9999 -9999 -9999 -9999 -9999 -9999 -9999 -9999 -9999 -9999 -9999 -9999 -9999 -9999 -9999 -9999 -9999 7.51634E-6 5.13128E-5 2.68718E-5 1.17577E-5 2.59542E-5 1.98708E-5 1.69028E-5 2.39108E-5 1.22769E-5 4.1415E-6 2.46641E-6 1.93063E-5 1.61651E-4 8.95343E-4 1.87933E-3 9.03203E-4 5.87452E-5 3.23808E-6 1.53686E-6 3.39433E-7 6.66305E-7 2.15708E-6 4.15001E-5 1.27115E-4 1.3721E-3 1.01348E-2 8.83339E-3 2.15372E-2 2.5929E-2 3.20274E-2 4.19644E-2 1.87948E-2 3.68718E-3 1.86324E-4 1.4444E-5 6.41691E-7
-9999 -9999 -9999 -9999 -9999 -9999 -9999 -9999 -9999 -9999 -9999 -9999 -9999 -9999 -9999 -9999 -9999 -9999 -9999 -9999 -9999 -9999 -9999 -9999 -9999 -9999 -9999 -9999 -9999 -9999 4.32602E-5 3.75702E-5 -9999 7.51275E-5 7.06927E-5 3.75299E-5 1.88143E-5 1.23639E-5 2.26998E-5 3.45682E-5 7.96441E-5 5.04368E-4 1.17943E-3 1.51741E-3 1.45193E-4 2.62989E-5 5.69054E-6 5.18859E-7 2.11176E-7 6.60203E-7 9.63437E-6 1.26407E-4 8.00704E-4 4.25479E-3 1.42363E-2 1.38317E-2 1.87038E-2 3.08775E-2 4.66391E-2 2.8518E-2 1.52081E-2 1.14875E-3 7.87323E-5 1.37141E-5 3.43114E-7
-9999 -9999 -9999 -9999 -9999 -9999 -9999 -9999 -9999 -9999 -9999 -9999 -9999 -9999 -9999 -9999 -9999 -9999 -9999 -9999 -9999 -9999 -9999 -9999 -9999 -9999 -9999 -9999 -9999 -9999 -9999 -9999 8.78397E-5 1.45544E-4 -9999 2.5379E-5 1.02299E-5 1.05271E-5 2.15072E-5 6.9027E-5 1.7262E-4 7.46829E-4 1.50257E-3 7.1797E-4 5.2268E-5 3.28739E-6 7.91057E-7 1.06452E-7 1.31118E-7 2.9736E-6 8.05584E-5 6.47691E-4 1.84245E-3 6.61662E-3 1.36569E-2 1.09794E-2 1.47035E-2 3.94807E-2 3.70065E-2 1.71966E-2 4.49962E-3 1.04718E-3 8.52723E-5 4.49335E-6 1.95829E-6
-9999 -9999 -9999 -9999 -9999 -9999 -9999 -9999 -9999 -9999 -9999 -9999 -9999 -9999 -9999 -9999 -9999 -9999 -9999 -9999 -9999 -9999 -9999 -9999 -9999 -9999 -9999 -9999 -9999 -9999 -9999 -9999 -9999 1.1825E-4 6.63523E-5 3.97015E-5 1.50684E-5 2.95474E-5 4.31458E-5 1.33413E-4 2.30722E-4 1.13193E-3 1.8451E-3 1.54188E-3 2.96632E-4 7.43096E-6 1.14316E-6 1.45124E-7 3.22148E-7 9.82435E-7 1.39855E-5 4.00755E-4 3.42978E-3 7.57894E-3 1.16691E-2 6.63365E-3 1.41619E-2 4.76964E-2 2.32168E-2 8.52843E-3 4.09478E-3 2.04981E-3 3.23986E-5 9.22851E-6 1.64134E-5
-9999 -9999 -9999 -9999 -9999 -9999 -9999 -9999 -9999 -9999 -9999 -9999 -9999 -9999 -9999 -9999 -9999 -9999 -9999 -9999 -9999 -9999 -9999 -9999 -9999 -9999 -9999 -9999 -9999 -9999 -9999 -9999 -9999 8.91111E-5 6.27635E-5 6.97643E-5 6.71349E-5 1.41064E-5 4.62124E-5 5.37575E-5 3.12756E-4 1.46866E-3 1.77797E-3 1.80675E-3 1.11906E-3 7.4493E-5 4.20972E-6 3.38112E-7 1.10415E-6 1.29118E-5 1.87119E-5 3.76763E-4 1.65351E-3 5.1022E-3 8.65808E-3 5.58763E-3 1.80756E-2 4.17428E-2 1.78567E-2 3.97804E-3 6.07937E-3 2.43284E-3 3.15629E-5 5.61238E-5 3.50116E-4
-9999 -9999 -9999 -9999 -9999 -9999 -9999 -9999 -9999 -9999 -9999 -9999 -9999 -9999 -9999 -9999 -9999 -9999 -9999 -9999 -9999 -9999 -9999 -9999 -9999 -9999 -9999 -9999 -9999 -9999 -9999 -9999 -9999 2.5084E-5 3.66466E-5 2.33789E-5 6.81493E-5 2.73437E-5 2.35293E-5 5.44746E-5 3.63598E-4 1.4548E-3 1.75468E-3 1.93682E-3 1.1206E-3 1.37914E-5 1.19111E-6 7.68191E-7 1.20125E-5 1.52548E-5 9.80671E-5 9.51669E-4 2.05961E-3 2.84676E-3 7.6438E-3 1.35679E-2 3.23396E-2 4.24226E-2 2.67784E-2 1.22297E-2 7.22836E-3 1.67908E-3 2.03347E-4 4.7055E-4 2.23788E-3
-9999 -9999 -9999 -9999 -9999 -9999 -9999 -9999 -9999 -9999 -9999 -9999 -9999 -9999 -9999 -9999 -9999 -9999 -9999 -9999 -9999 -9999 -9999 -9999 -9999 -9999 -9999 -9999 -9999 -9999 -9999 -9999 7.94038E-6 1.4327E-5 1.49601E-5 5.46676E-6 1.16014E-5 5.27589E-6 3.15309E-6 9.58074E-5 6.85778E-4 1.38874E-3 1.62487E-3 1.93057E-3 1.48219E-3 1.00013E-5 1.05446E-6 9.43105E-7 3.38704E-6 3.62415E-5 9.49576E-5 9.44667E-4 9.75497E-4 2.83199E-3 7.65162E-3 2.95499E-2 4.28607E-2 5.93621E-2 5.19672E-2 3.14699E-2 4.47359E-3 6.91999E-4 6.96504E-4 3.84298E-3 1.00687E-2
-9999 -9999 -9999 -9999 -9999 -9999 -9999 -9999 -9999 -9999 -9999 -9999 -9999 -9999 -9999 -9999 -9999 -9999 -9999 -9999 -9999 -9999 -9999 -9999 -9999 -9999 -9999 -9999 -9999 -9999 -9999 4.63795E-6 8.18344E-6 1.86723E-5 8.27904E-6 1.42537E-6 1.74058E-7 1.29563E-6 9.64373E-7 3.87127E-5 5.86137E-4 1.15511E-3 1.39162E-3 1.79071E-3 1.26645E-3 1.64994E-5 4.98172E-7 7.2202E-7 6.6752E-5 2.43992E-5 2.91906E-5 1.27969E-3 4.42373E-4 3.22592E-3 9.40056E-3 3.08257E-2 4.63778E-2 4.92669E-2 4.15747E-2 5.26243E-3 2.10933E-3 1.7008E-3 2.59969E-3 8.91465E-3 1.10844E-2
-9999 -9999 -9999 -9999 -9999 -9999 -9999 -9999 -9999 -9999 -9999 -9999 -9999 -9999 -9999 -9999 -9999 -9999 -9999 -9999 -9999 -9999 -9999 -9999 -9999 -9999 -9999 -9999 -9999 -9999 9.4508E-6 4.48953E-6 7.03332E-6 6.0742E-6 4.85868E-6 2.96841E-7 3.49127E-8 2.88922E-8 2.35459E-7 2.16033E-5 4.24506E-4 9.05116E-4 1.10294E-3 2.25735E-3 6.5817E-4 5.47181E-6 4.15915E-7 7.86232E-7 3.49519E-6 3.37138E-6 2.16919E-5 5.31563E-4 2.14973E-4 3.91243E-3 1.38995E-2 3.79804E-2 4.93648E-2 4.78229E-2 3.7652E-2 2.77484E-3 5.87468E-4 2.78409E-4 4.63185E-4 1.19586E-3 1.01508E-2
-9999 -9999 -9999 -9999 -9999 -9999 -9999 -9999 -9999 -9999 -9999 -9999 -9999 -9999 -9999 -9999 -9999 -9999 -9999 -9999 -9999 -9999 -9999 -9999 -9999 -9999 -9999 -9999 -9999 -9999 1.58683E-5 1.26574E-5 6.28951E-6 3.13444E-6 1.90234E-6 4.25215E-6 4.44042E-6 8.02829E-8 1.8523E-7 4.29058E-5 3.74814E-4 7.57031E-4 9.35331E-4 1.07458E-3 8.18336E-5 2.6759E-6 7.67894E-7 6.66758E-7 2.41438E-6 1.18784E-5 1.56034E-4 3.68002E-5 1.02577E-4 3.88828E-3 2.49038E-2 4.30267E-2 5.88919E-2 5.71031E-2 1.13223E-2 1.14248E-3 9.60688E-5 5.29879E-5 1.78585E-5 3.68168E-4 5.34877E-3
-9999 -9999 -9999 -9999 -9999 -9999 -9999 -9999 -9999 -9999 -9999 -9999 -9999 -9999 -9999 -9999 -9999 -9999 -9999 -9999 -9999 -9999 -9999 -9999 -9999 -9999 -9999 -9999 -9999 -9999 5.795E-6 2.99962E-6 2.52183E-6 1.03433E-6 1.10881E-7 1.63243E-7 8.14882E-7 3.91357E-8 1.55591E-7 3.07895E-5 2.38506E-4 4.58674E-4 7.13025E-4 2.88451E-4 3.93272E-5 6.12411E-6 1.36219E-6 1.2579E-6 3.19716E-6 1.88959E-5 1.47966E-5 1.18204E-4 7.96545E-4 1.05129E-2 3.27108E-2 5.91565E-2 5.24461E-2 1.57081E-2 1.5174E-3 2.19971E-4 1.34374E-4 5.27887E-5 9.08566E-5 3.98442E-4 3.88943E-3
-9999 -9999 -9999 -9999 -9999 -9999 -9999 -9999 -9999 -9999 -9999 -9999 -9999 -9999 -9999 -9999 -9999 -9999 -9999 -9999 -9999 -9999 -9999 -9999 -9999 -9999 -9999 -9999 -9999 2.35255E-5 2.1348E-6 7.9841E-7 8.17244E-7 4.03567E-7 5.81658E-9 7.90332E-10 7.98892E-10 3.38731E-9 1.61794E-7 1.35023E-5 5.3237E-5 9.1636E-5 7.21819E-5 4.57101E-5 4.79077E-5 4.49848E-6 3.56732E-6 8.51002E-6 3.43362E-6 3.18129E-6 2.79707E-5 1.37703E-4 2.63195E-3 1.98641E-2 3.18174E-2 3.52087E-2 3.06151E-2 5.66906E-4 1.70085E-4 3.84954E-4 8.76938E-4 3.39415E-4 2.01179E-3 3.61904E-4 2.29538E-3
-9999 -9999 -9999 -9999 -9999 -9999 -9999 -9999 -9999 -9999 -9999 -9999 -9999 -9999 -9999 -9999 -9999 -9999 -9999 -9999 -9999 -9999 -9999 -9999 -9999 -9999 -9999 -9999 -9999 1.26455E-5 4.94608E-6 1.74717E-6 4.60408E-7 1.37283E-7 1.03062E-8 2.13855E-9 1.58311E-11 2.56112E-10 6.41648E-8 8.01926E-6 4.18571E-5 6.01722E-5 3.36821E-5 2.28477E-5 1.05937E-5 2.35504E-6 1.15178E-5 1.14165E-4 2.49885E-5 2.19412E-5 1.25335E-4 5.26964E-4 6.43698E-3 2.6876E-2 3.19216E-2 3.83981E-2 4.96027E-3 6.65734E-5 4.83726E-5 6.44977E-5 9.20312E-4 3.65988E-3 1.07755E-2 1.70522E-3 4.23685E-3
-9999 -9999 -9999 -9999 -9999 -9999 -9999 -9999 -9999 -9999 -9999 -9999 -9999 -9999 -9999 -9999 -9999 -9999 -9999 -9999 -9999 -9999 -9999 -9999 -9999 -9999 -9999 -9999 3.67631E-5 8.6252E-6 5.69883E-6 1.82101E-6 8.20819E-7 7.17462E-8 4.47861E-8 4.41065E-9 1.16379E-11 2.25531E-10 9.93676E-8 1.39165E-5 2.84136E-5 9.63515E-5 4.00368E-5 1.6444E-5 5.64525E-6 2.4778E-6 3.0751E-5 2.24153E-4 1.75615E-4 1.4047E-4 6.11996E-4 2.52283E-3 1.71885E-2 4.28312E-2 5.18793E-2 2.78791E-2 1.70692E-3 7.58341E-5 1.03973E-5 1.83408E-5 1.04214E-3 1.16512E-2 1.45432E-2 1.47934E-2 1.24424E-2
-9999 -9999 -9999 -9999 -9999 -9999 -9999 -9999 -9999 -9999 -9999 -9999 -9999 -9999 -9999 -9999 -9999 -9999 -9999 -9999 -9999 -9999 -9999 -9999 -9999 -9999 -9999 1.08475E-4 4.30044E-5 1.19817E-5 1.01832E-5 4.12655E-6 9.66011E-8 2.69114E-8 1.18698E-7 4.79701E-9 5.44599E-11 1.1681E-9 1.03387E-6 2.27307E-5 4.2961E-5 1.68458E-4 4.79735E-5 3.55589E-5 6.57604E-6 1.14175E-6 8.82426E-6 1.66843E-4 1.09586E-3 6.35522E-4 2.18049E-3 7.54982E-3 2.91126E-2 3.91959E-2 3.8337E-2 9.34812E-3 6.69414E-4 2.12788E-5 2.074E-5 1.47933E-4 9.86898E-3 1.7129E-2 2.09164E-2 3.52236E-2 2.96584E-2
-9999 -9999 -9999 -9999 -9999 -9999 -9999 -9999 -9999 -9999 -9999 -9999 -9999 -9999 -9999 -9999 -9999 -9999 -9999 -9999 -9999 -9999 -9999 -9999 -9999 -9999 -9999 1.36999E-4 5.19172E-5 1.77387E-5 1.67079E-5 2.11443E-6 5.07051E-8 4.51079E-8 1.14015E-7 3.28038E-8 1.6961E-9 6.62802E-9 5.85649E-6 1.94555E-5 5.97129E-5 1.665E-4 7.87167E-5 2.46447E-5 4.95739E-6 1.97052E-6 3.63306E-5 6.56728E-4 1.82903E-3 3.26962E-3 8.63872E-3 2.25434E-2 2.6759E-2 3.06721E-2 7.15723E-3 6.72829E-4 6.45899E-5 2.27888E-5 1.46933E-4 1.10612E-3 9.14639E-3 2.69535E-2 2.93523E-2 3.7283E-2 4.28453E-2
-9999 -9999 -9999 -9999 -9999 -9999 -9999 -9999 -9999 -9999 -9999 -9999 -9999 -9999 -9999 -9999 -9999 -9999 -9999 -9999 -9999 -9999 -9999 -9999 -9999 2.92938E-4 2.62654E-4 1.72674E-4 7.08527E-5 1.40194E-5 5.12966E-6 2.4539E-6 8.51171E-8 8.94624E-8 1.42653E-7 1.95803E-7 2.64825E-8 2.40895E-7 2.34132E-5 8.10389E-5 1.69085E-4 1.96177E-4 6.99776E-5 6.95881E-6 5.35771E-6 1.66159E-6 9.97274E-6 1.63596E-4 1.26132E-3 8.06134E-3 6.44702E-3 1.28116E-2 3.19422E-2 9.14253E-3 3.722E-4 1.52155E-5 1.35077E-5 6.93876E-5 1.07626E-3 3.66567E-3 1.06039E-2 1.88415E-2 2.52611E-2 3.75602E-2 4.29206E-2
-9999 -9999 -9999 -9999 -9999 -9999 -9999 -9999 -9999 -9999 -9999 -9999 -9999 -9999 -9999 -9999 -9999 -9999 -9999 -9999 -9999 -9999 -9999 4.10357E-5 9.40144E-5 2.33984E-4 1.704E-4 1.33634E-4 6.7354E-5 1.41766E-5 3.56564E-6 3.46215E-6 9.02302E-7 2.25804E-7 4.22784E-7 5.52623E-7 2.19019E-7 3.80077E-6 8.03923E-5 1.68659E-4 1.31805E-4 5.0852E-5 2.62786E-5 2.08929E-6 8.60456E-7 1.86338E-6 1.5525E-5 1.01938E-4 1.74961E-3 9.90001E-4 5.72884E-3 1.43834E-2 2.27075E-2 2.16465E-3 3.92918E-5 1.649E-6 2.67007E-5 5.13867E-4 7.46974E-3 4.31052E-3 1.0394E-2 1.95915E-2 3.52539E-2 4.29221E-2 4.16299E-2
-9999 -9999 -9999 -9999 -9999 -9999 -9999 -9999 -9999 -9999 -9999 -9999 -9999 -9999 -9999 -9999 -9999 -9999 -9999 1.36725E-4 1.31132E-4 6.91322E-5 7.05655E-5 3.0472E-4 3.28946E-4 1.65108E-4 1.14421E-4 1.17386E-4 6.65718E-5 9.77042E-6 2.66251E-6 7.62048E-7 3.11003E-7 6.55462E-7 5.23109E-7 4.08581E-7 8.40091E-6 1.82086E-4 3.95674E-4 3.28209E-4 1.01806E-4 1.23417E-5 4.51503E-6 7.16294E-7 1.09942E-6 6.33731E-6 5.35355E-5 4.85276E-4 8.5991E-4 5.70867E-4 1.09727E-2 1.55619E-2 1.34465E-2 4.3302E-4 9.69924E-6 1.01766E-6 1.0259E-4 4.01939E-3 7.07773E-3 2.44693E-3 8.10026E-3 2.35656E-2 3.8183E-2 4.07847E-2 3.67217E-2
-9999 -9999 -9999 -9999 -9999 -9999 -9999 -9999 -9999 -9999 -9999 -9999 -9999 -9999 -9999 -9999 -9999 -9999 -9999 6.66099E-4 3.38626E-4 3.50753E-4 3.96965E-4 3.35029E-4 2.66199E-4 1.70883E-4 8.62281E-5 1.01752E-4 3.6886E-5 8.31544E-6 5.62139E-7 7.72745E-8 1.8872E-7 1.13001E-6 3.67104E-6 1.77258E-5 5.13502E-4 1.6757E-3 2.01148E-3 7.71805E-4 1.38261E-4 4.61285E-6 1.90229E-6 1.476E-6 5.0948E-6 1.43713E-5 8.35773E-5 2.82778E-4 3.05048E-4 2.24269E-3 1.5139E-2 1.17206E-2 1.92413E-3 6.26902E-5 1.50676E-5 8.87386E-6 3.51415E-4 5.45045E-3 9.50892E-3 7.22464E-3 1.80396E-2 2.09955E-2 3.6757E-2 3.64183E-2 3.86385E-2
