layers/maxent/tupi_old.asc
ncols         638
nrows         825
xllcorner     -2985163.8955
yllcorner     -3022031.214
cellsize      10000.0
NODATA_value  -9999
[rows 87 to 115 of 825, columns 195 to 259 of 638]
3.01316E-1 2.78904E-1 2.5385E-1 2.48622E-1 2.6147E-1 2.86079E-1 3.15912E-1 3.40572E-1 3.793E-1 3.84293E-1 3.32166E-1 3.28043E-1 3.28501E-1 3.51653E-1 3.73223E-1 3.27668E-1 3.5355E-1 3.62717E-1 4.53598E-1 5.75705E-1 1.80265E-1 1.4441E-1 1.64926E-1 2.05778E-1 2.4056E-1 2.35063E-1 1.03296E-1 1.36124E-1 5.43619E-2 4.24502E-2 4.11166E-2 6.86605E-2 1.22476E-1 1.29089E-1 4.18202E-2 1.00326E-1 1.31142E-1 8.12102E-2 6.58791E-2 3.24181E-2 5.96566E-2 7.95886E-2 1.07889E-1 7.55564E-2 5.75561E-2 6.2255E-2 7.87692E-2 8.77335E-2 1.07524E-1 7.27775E-2 4.40669E-2 4.34191E-2 4.06453E-2 5.30068E-2 5.61671E-2 5.84869E-2 6.32237E-2 6.93358E-2 8.28025E-2 1.33516E-1 1.21967E-1 1.03768E-1 1.42845E-1 1.63649E-1 1.70023E-1
2.51927E-1 2.2981E-1 2.13673E-1 2.07474E-1 2.15639E-1 2.31366E-1 2.47111E-1 2.53771E-1 2.78126E-1 2.93058E-1 2.78091E-1 2.67645E-1 2.65387E-1 2.89865E-1 2.91542E-1 3.04712E-1 3.09488E-1 2.98277E-1 2.87144E-1 2.51912E-1 1.83878E-1 1.55266E-1 1.72478E-1 1.68854E-1 2.08334E-1 1.84992E-1 1.01249E-1 8.18652E-2 2.54898E-2 1.54642E-2 3.87678E-2 4.35992E-2 7.76468E-2 8.14567E-2 4.3793E-2 8.00813E-2 1.02054E-1 4.0056E-2 6.23984E-2 5.2163E-2 2.32721E-2 7.19082E-2 8.20324E-2 3.56461E-2 5.64321E-2 4.25844E-2 5.99449E-2 7.0124E-2 7.58875E-2 4.95933E-2 2.64299E-2 2.60965E-2 2.7755E-2 3.36851E-2 3.29531E-2 4.0619E-2 4.98712E-2 5.72981E-2 6.39432E-2 8.50561E-2 6.01249E-2 7.69735E-2 1.02724E-1 1.15438E-1 1.20768E-1
1.92535E-1 1.92334E-1 1.91972E-1 1.89266E-1 1.93707E-1 1.90785E-1 1.88121E-1 1.88896E-1 1.88468E-1 2.01917E-1 2.12061E-1 2.15062E-1 2.10152E-1 2.13416E-1 2.10195E-1 2.08651E-1 1.75382E-1 1.67938E-1 1.74677E-1 1.71549E-1 1.82184E-1 1.54797E-1 1.46867E-1 1.57894E-1 2.14409E-1 1.8413E-1 1.12299E-1 9.1119E-2 2.31955E-2 2.2576E-2 2.32896E-2 3.56914E-2 7.61795E-2 5.93589E-2 4.83815E-2 5.19137E-2 8.89751E-2 4.83029E-2 4.57632E-2 4.21845E-2 1.60752E-2 3.99424E-2 3.99807E-2 3.89989E-2 4.58642E-2 4.11253E-2 4.78755E-2 6.23227E-2 5.51388E-2 1.92229E-2 1.82845E-2 1.82707E-2 2.22286E-2 2.18682E-2 2.57016E-2 2.94572E-2 3.4538E-2 3.9765E-2 3.02479E-2 4.68191E-2 5.36538E-2 5.58936E-2 5.65135E-2 6.5992E-2 8.69885E-2
1.9524E-1 2.0809E-1 2.10226E-1 2.18208E-1 2.09805E-1 1.93731E-1 2.11953E-1 2.42829E-1 2.44906E-1 2.33466E-1 2.26926E-1 2.1703E-1 2.0865E-1 2.10028E-1 2.09174E-1 2.05023E-1 2.03979E-1 2.57546E-1 1.63983E-1 1.78444E-1 2.07632E-1 1.59344E-1 1.20704E-1 8.96302E-2 1.46093E-1 1.26135E-1 6.11831E-2 4.47881E-2 1.67061E-2 2.30663E-2 3.09217E-2 3.36591E-2 7.35159E-2 5.35874E-2 4.40794E-2 3.971E-2 8.0531E-2 5.87772E-2 5.70084E-2 3.57664E-2 1.42535E-2 1.30532E-2 2.96313E-2 3.14124E-2 4.19429E-2 4.04942E-2 3.8118E-2 4.50941E-2 2.93758E-2 1.15413E-2 1.3534E-2 1.79884E-2 1.62537E-2 1.5066E-2 2.08162E-2 1.85842E-2 2.21158E-2 1.95204E-2 1.957E-2 2.75526E-2 3.00723E-2 4.07776E-2 3.67236E-2 4.54899E-2 4.94071E-2
1.72785E-1 1.81398E-1 1.99182E-1 2.19664E-1 2.18953E-1 2.04759E-1 2.2494E-1 2.45694E-1 2.46711E-1 2.46847E-1 2.29455E-1 2.27031E-1 2.30011E-1 2.18824E-1 2.04864E-1 1.9037E-1 2.18802E-1 3.57539E-1 1.66666E-1 1.77485E-1 1.85598E-1 1.3435E-1 1.13198E-1 3.34685E-2 5.05533E-2 1.06182E-1 6.90646E-2 3.28788E-2 2.49054E-2 1.83579E-2 4.20072E-2 3.49058E-2 6.3669E-2 5.32208E-2 3.94333E-2 4.16083E-2 7.39592E-2 6.43875E-2 4.39196E-2 2.78451E-2 4.58503E-2 1.57622E-2 1.88376E-2 1.17933E-2 3.28562E-2 2.71596E-2 3.16413E-2 2.86341E-2 2.30371E-2 1.76591E-2 1.49148E-2 1.44012E-2 1.1216E-2 1.07174E-2 1.7704E-2 1.22539E-2 1.27973E-2 1.39232E-2 1.71641E-2 1.79427E-2 1.95508E-2 2.5066E-2 1.64224E-2 2.99954E-2 3.04532E-2
1.18629E-1 1.17852E-1 1.20504E-1 1.27132E-1 1.39466E-1 1.49053E-1 1.60851E-1 1.85237E-1 1.95118E-1 1.93875E-1 1.91508E-1 2.00971E-1 2.125E-1 2.11516E-1 2.14847E-1 1.91529E-1 2.33584E-1 3.77862E-1 1.37715E-1 1.3E-1 1.35204E-1 1.19987E-1 1.01739E-1 4.48712E-2 3.21945E-2 6.06896E-2 5.30507E-2 4.15853E-2 4.44334E-2 2.31649E-2 2.90484E-2 3.30125E-2 5.83092E-2 6.01497E-2 4.16483E-2 4.81925E-2 4.08429E-2 5.39554E-2 4.48933E-2 5.53572E-2 5.79469E-2 1.13798E-2 1.19357E-2 1.02734E-2 2.37067E-2 2.66929E-2 2.13294E-2 3.29548E-2 2.39772E-2 1.43064E-2 1.34948E-2 9.55633E-3 8.45603E-3 1.05068E-2 8.12299E-3 9.17225E-3 1.0003E-2 1.4549E-2 9.94722E-3 1.50417E-2 1.3672E-2 1.13105E-2 1.91845E-2 1.81442E-2 1.13185E-2
1.06234E-1 1.14885E-1 1.1637E-1 1.19861E-1 1.27827E-1 1.39164E-1 1.49352E-1 1.57604E-1 1.73069E-1 2.01101E-1 2.31065E-1 2.5115E-1 2.6855E-1 2.63758E-1 2.37128E-1 2.32065E-1 2.35833E-1 1.05305E-1 1.115E-1 1.2552E-1 1.16756E-1 9.95937E-2 6.32804E-2 5.61153E-2 3.19536E-2 3.25824E-2 4.07643E-2 3.06721E-2 2.84316E-2 1.88654E-2 2.29221E-2 4.2412E-2 5.66793E-2 6.56715E-2 2.63871E-2 4.07984E-2 2.44879E-2 2.70675E-2 4.74373E-2 4.0821E-2 2.80752E-2 1.00637E-2 9.07771E-3 5.90824E-3 1.72724E-2 2.40543E-2 1.65039E-2 2.1173E-2 2.2266E-2 1.02591E-2 9.78933E-3 1.04741E-2 9.07863E-3 1.02169E-2 8.56243E-3 5.93276E-3 9.37746E-3 8.50062E-3 4.82294E-3 1.38735E-2 3.88731E-3 1.17949E-2 1.01695E-2 9.51076E-3 4.69211E-3
8.4824E-2 9.19729E-2 1.09687E-1 1.25647E-1 1.36789E-1 1.55715E-1 1.78004E-1 1.99533E-1 2.30622E-1 2.50337E-1 2.5106E-1 2.72216E-1 3.10716E-1 3.13383E-1 3.27328E-1 3.74506E-1 1.9219E-1 9.12201E-2 7.39546E-2 9.55887E-2 6.64203E-2 5.99734E-2 5.65401E-2 6.27009E-2 2.30065E-2 1.26169E-2 1.40117E-2 1.48E-2 2.86358E-2 2.59188E-2 2.44642E-2 3.43171E-2 4.82121E-2 6.03839E-2 1.57658E-2 2.44042E-2 3.72433E-2 3.11233E-2 4.89187E-2 3.43968E-2 1.10404E-2 3.98082E-3 3.90559E-3 1.06994E-2 2.50925E-2 2.487E-2 1.75616E-2 9.12303E-3 1.02951E-2 8.17634E-3 9.34276E-3 8.26853E-3 8.90083E-3 9.46325E-3 1.03891E-2 5.91788E-3 8.35988E-3 6.11758E-3 5.95896E-3 5.99593E-3 6.05926E-3 7.66455E-3 6.3617E-3 3.18931E-3 4.78212E-3
1.02396E-1 9.46424E-2 9.50411E-2 1.25031E-1 1.414E-1 1.51428E-1 1.83162E-1 2.0565E-1 2.10928E-1 2.37893E-1 2.55519E-1 2.76796E-1 3.02155E-1 2.86271E-1 2.43767E-1 8.61965E-2 8.86227E-2 7.94452E-2 4.65024E-2 5.70578E-2 7.53405E-2 6.56313E-2 4.78971E-2 4.1034E-2 1.8281E-2 7.93736E-3 1.04222E-2 1.36882E-2 2.62472E-2 3.55968E-2 3.02032E-2 1.95452E-2 3.53147E-2 2.68896E-2 1.2904E-2 1.56193E-2 2.59959E-2 2.96481E-2 2.87244E-2 2.08756E-2 1.13102E-2 5.13048E-3 5.44232E-3 1.89124E-2 1.09406E-2 2.13984E-2 1.43278E-2 9.83541E-3 9.19249E-3 8.91504E-3 9.51506E-3 8.78338E-3 5.6483E-3 9.3136E-3 1.01324E-2 5.44171E-3 7.8476E-3 7.09233E-3 7.48808E-3 2.20682E-3 1.13971E-3 1.99107E-3 1.26957E-3 2.00034E-3 3.40109E-3
1.18064E-1 7.98465E-2 7.84634E-2 1.19585E-1 1.51428E-1 1.55232E-1 1.74735E-1 2.10663E-1 2.5476E-1 2.47678E-1 1.98714E-1 1.99671E-1 2.22874E-1 1.98587E-1 1.30883E-1 6.46999E-2 7.34301E-2 7.36018E-2 4.56062E-2 4.35545E-2 5.33959E-2 4.54807E-2 4.73515E-2 5.04185E-2 2.88403E-2 2.10146E-2 3.09926E-2 1.11878E-2 1.65288E-2 5.14549E-2 3.99182E-2 1.06921E-2 1.04574E-2 6.93464E-3 6.91404E-3 1.49248E-2 3.07716E-2 3.5581E-2 3.06506E-2 2.41444E-2 1.20787E-2 9.71322E-3 3.13581E-3 8.19453E-3 4.69866E-3 9.47586E-3 1.38023E-2 1.2133E-2 1.05943E-2 8.74739E-3 1.01452E-2 1.01533E-2 7.11183E-3 8.6962E-3 9.12034E-3 6.69219E-3 6.61889E-3 7.58514E-3 2.28563E-3 2.36739E-4 6.11684E-4 2.11981E-3 6.46601E-4 1.03409E-3 2.05267E-3
6.40237E-2 6.5845E-2 7.83066E-2 1.0501E-1 1.11453E-1 1.08661E-1 1.33606E-1 1.7138E-1 1.6591E-1 1.48296E-1 1.09621E-1 9.43882E-2 9.19631E-2 1.13323E-1 1.21516E-1 6.16271E-2 6.6559E-2 5.07296E-2 3.791E-2 3.19688E-2 2.6726E-2 4.76586E-2 4.41217E-2 2.87341E-2 2.427E-2 1.92881E-2 2.0394E-2 9.77956E-3 1.36751E-2 3.91895E-2 2.19037E-2 3.33473E-3 2.43615E-3 3.66444E-3 6.22772E-3 2.97771E-2 3.78799E-2 2.44802E-2 3.69113E-2 4.26818E-2 4.07072E-3 1.93983E-3 2.01312E-3 4.24361E-3 6.32178E-3 8.69816E-3 1.21594E-2 1.2104E-2 1.27256E-2 1.13237E-2 9.01703E-3 9.85902E-3 8.70599E-3 8.90194E-3 8.23876E-3 9.73498E-3 3.18583E-3 5.37855E-3 1.45647E-3 5.35427E-4 4.02029E-4 1.7567E-3 8.30284E-4 1.7102E-3 1.23183E-3
6.2052E-2 6.80507E-2 7.77363E-2 8.71826E-2 9.28759E-2 9.68092E-2 1.09251E-1 1.20797E-1 1.06885E-1 9.96947E-2 7.75489E-2 6.69917E-2 6.41204E-2 8.00907E-2 7.95285E-2 5.24715E-2 4.0596E-2 3.99676E-2 2.85691E-2 2.82385E-2 2.21187E-2 3.04332E-2 3.07249E-2 2.45281E-2 2.3175E-2 1.23801E-2 7.84177E-3 9.09303E-3 2.67963E-2 2.3212E-2 4.49639E-3 4.1576E-3 1.01482E-2 6.71457E-3 8.95509E-3 3.93052E-2 3.27664E-2 3.16438E-2 4.08786E-2 1.32E-2 6.15347E-3 1.43779E-3 2.57983E-3 6.0322E-3 7.08693E-3 9.85333E-3 1.0642E-2 1.1864E-2 1.42734E-2 1.50986E-2 1.03927E-2 1.06864E-2 1.08097E-2 1.26146E-2 3.314E-3 3.80121E-3 1.94211E-3 2.69449E-3 2.97582E-3 3.03933E-3 1.82495E-3 3.69115E-3 2.87687E-3 1.91055E-3 1.17949E-3
5.5191E-2 8.94604E-2 1.13384E-1 1.22317E-1 1.23723E-1 1.062E-1 1.00249E-1 9.14035E-2 9.57123E-2 1.01657E-1 9.91052E-2 9.67523E-2 9.68589E-2 5.15454E-2 3.86347E-2 1.96759E-2 2.57711E-2 2.92503E-2 2.003E-2 2.44111E-2 1.96963E-2 1.49775E-2 1.69367E-2 1.35662E-2 1.82228E-2 2.09871E-2 1.90559E-2 1.31698E-2 1.75157E-2 2.03934E-2 1.11097E-2 1.52945E-2 3.11277E-2 2.60054E-2 3.54108E-2 4.03379E-2 1.47403E-2 2.04688E-2 4.46097E-2 3.40527E-2 1.27374E-2 1.14443E-3 2.95617E-3 1.39542E-2 1.54279E-2 1.6438E-2 1.72487E-2 1.50847E-2 1.55201E-2 1.60374E-2 1.45744E-2 1.06262E-2 1.17555E-2 1.30979E-2 5.92925E-3 2.73119E-3 3.54948E-3 4.1442E-3 2.22069E-3 2.22581E-3 3.60114E-3 2.97465E-3 1.35145E-3 9.7727E-4 2.01103E-3
4.26348E-2 6.97876E-2 9.98406E-2 9.32235E-2 8.36217E-2 7.97711E-2 8.03119E-2 8.02003E-2 9.25011E-2 8.79743E-2 6.64514E-2 5.9738E-2 5.57984E-2 3.90658E-2 3.29295E-2 2.51947E-2 3.36697E-2 2.55972E-2 3.84789E-2 2.69487E-2 1.68738E-2 1.60922E-2 1.89338E-2 2.16856E-2 3.43941E-2 4.09386E-2 3.36825E-2 1.31967E-2 1.03568E-2 2.0557E-2 1.84002E-2 2.6367E-2 3.5239E-2 4.78285E-2 5.46784E-2 3.22148E-2 1.32142E-2 1.40751E-2 3.4091E-2 3.74595E-2 5.43917E-3 1.6479E-3 2.07507E-3 1.3522E-2 1.97154E-2 1.83712E-2 2.14917E-2 2.20041E-2 1.85362E-2 1.60446E-2 1.65096E-2 1.33055E-2 1.23271E-2 1.05214E-2 4.93744E-3 4.33002E-3 4.36458E-3 3.9191E-3 2.11716E-3 1.43601E-3 2.05761E-3 2.68416E-3 2.47649E-3 2.49569E-3 1.87645E-3
3.92156E-2 5.06598E-2 6.23152E-2 5.63513E-2 5.01638E-2 4.73636E-2 4.98591E-2 5.6873E-2 8.92437E-2 8.74043E-2 3.6432E-2 3.33225E-2 3.2208E-2 3.83298E-2 3.95926E-2 3.75638E-2 3.74605E-2 3.06865E-2 1.98795E-2 1.25854E-2 1.8421E-2 2.50771E-2 2.63831E-2 3.34192E-2 3.23923E-2 2.7364E-2 3.2777E-2 1.78063E-2 9.09692E-3 1.92336E-2 2.69386E-2 2.7598E-2 3.01892E-2 4.15239E-2 5.30321E-2 2.91973E-2 2.6424E-2 4.6879E-2 5.04635E-2 1.31909E-2 4.38018E-3 4.6723E-3 2.51122E-3 8.37541E-3 2.46791E-2 3.24174E-2 2.22439E-2 2.52674E-2 2.39266E-2 1.56374E-2 1.71963E-2 1.80042E-2 1.12122E-2 1.27724E-2 4.64717E-3 2.0937E-3 1.72471E-3 2.10955E-3 1.58451E-3 1.7078E-3 1.53515E-3 7.50876E-4 1.53282E-3 1.76818E-3 1.70732E-3
4.66489E-2 4.79856E-2 4.39952E-2 4.14689E-2 4.37252E-2 5.39995E-2 5.52917E-2 5.57711E-2 5.71574E-2 4.57972E-2 3.13381E-2 3.25586E-2 4.34617E-2 3.4944E-2 2.9549E-2 3.2532E-2 2.31616E-2 1.93779E-2 1.49865E-2 2.04111E-2 3.13447E-2 4.09005E-2 2.64068E-2 1.98983E-2 1.41097E-2 1.32439E-2 2.16113E-2 2.78269E-2 1.82431E-2 1.36258E-2 1.93194E-2 2.34161E-2 3.12402E-2 3.96548E-2 3.92508E-2 3.20631E-2 4.89975E-2 6.18234E-2 4.73254E-2 3.03674E-2 2.57754E-2 1.59455E-2 5.35655E-3 7.24253E-3 1.83257E-2 2.63677E-2 3.78506E-2 3.55236E-2 2.32457E-2 2.18857E-2 2.11318E-2 1.4703E-2 9.73266E-3 8.6242E-3 9.15254E-3 6.68952E-3 5.53152E-3 4.01034E-3 1.93641E-3 1.89776E-3 1.68335E-3 6.48607E-4 1.23464E-3 1.72949E-3 1.92813E-3
4.3112E-2 2.83831E-2 2.37113E-2 2.50931E-2 3.16074E-2 4.10245E-2 5.02573E-2 5.71952E-2 4.514E-2 3.84723E-2 3.91277E-2 5.12499E-2 5.34317E-2 2.36805E-2 1.81438E-2 2.86157E-2 2.04081E-2 2.23151E-2 2.00551E-2 3.0473E-2 4.00052E-2 1.33963E-2 9.40465E-3 1.53646E-2 1.01231E-2 1.4939E-2 1.65169E-2 3.75291E-2 3.16302E-2 1.67661E-2 2.73354E-2 2.90092E-2 3.30737E-2 3.36872E-2 4.169E-2 3.51059E-2 3.32415E-2 5.69106E-2 6.05485E-2 6.55541E-2 8.08316E-2 3.61965E-2 1.48333E-2 1.99803E-2 2.22428E-2 2.89893E-2 5.20457E-2 3.20456E-2 1.77791E-2 2.60542E-2 2.85123E-2 1.61856E-2 1.11558E-2 6.90768E-3 8.54135E-3 7.05248E-3 3.63009E-3 2.04086E-3 2.1317E-3 2.32312E-3 1.81839E-3 2.03589E-3 2.3253E-3 8.88096E-4 8.56539E-4
2.57203E-2 2.41884E-2 2.54298E-2 2.60158E-2 2.95726E-2 3.5092E-2 4.16328E-2 4.89507E-2 4.85585E-2 4.84877E-2 4.50195E-2 3.53842E-2 2.64708E-2 2.32899E-2 2.20315E-2 2.60511E-2 2.78908E-2 2.37018E-2 2.8532E-2 3.87557E-2 1.51226E-2 4.59589E-3 1.23515E-2 1.27529E-2 1.09754E-2 1.54923E-2 2.44255E-2 3.03585E-2 2.90165E-2 3.07202E-2 3.38797E-2 3.21957E-2 3.45254E-2 3.2484E-2 3.82914E-2 4.34043E-2 3.71938E-2 4.81598E-2 5.62741E-2 6.608E-2 8.5959E-2 3.89872E-2 1.12628E-2 1.98423E-2 2.80302E-2 3.65927E-2 6.65619E-2 4.30097E-2 2.77374E-2 3.0409E-2 1.57092E-2 1.21338E-2 1.53295E-2 1.29213E-2 1.09502E-2 5.34324E-3 2.82947E-3 1.85155E-3 2.05397E-3 1.59516E-3 1.1777E-3 1.53584E-3 1.66394E-3 2.10769E-3 8.09086E-4
1.66484E-2 1.73817E-2 1.97692E-2 2.32779E-2 2.81103E-2 3.4099E-2 3.86835E-2 4.60087E-2 5.17636E-2 5.03979E-2 4.41995E-2 3.37494E-2 3.18704E-2 1.82E-2 3.09135E-2 1.37163E-2 1.62836E-2 1.60437E-2 1.02859E-2 9.30285E-3 4.51708E-3 7.83408E-3 2.05459E-2 9.33603E-3 5.85073E-3 8.62476E-3 2.13768E-2 2.82255E-2 2.94378E-2 3.27495E-2 3.27826E-2 3.37353E-2 3.36714E-2 3.16199E-2 3.50571E-2 4.35057E-2 5.27889E-2 5.48644E-2 5.7827E-2 6.43742E-2 8.24471E-2 6.65891E-2 3.47545E-2 2.35463E-2 3.39591E-2 3.19727E-2 4.58382E-2 4.42555E-2 4.13537E-2 3.44598E-2 5.34201E-3 5.16668E-3 1.18132E-2 1.78076E-2 1.09707E-2 4.00821E-3 4.2582E-3 4.63287E-3 4.35972E-3 2.1898E-3 1.50884E-3 1.85143E-3 1.23948E-3 2.09542E-3 2.06904E-3
1.91592E-2 1.95214E-2 1.84297E-2 1.8546E-2 2.30175E-2 3.39258E-2 3.88481E-2 3.74486E-2 3.58587E-2 3.42515E-2 2.94248E-2 3.1125E-2 1.99702E-2 1.575E-2 3.39077E-2 2.11532E-2 7.28401E-4 7.48927E-3 1.00539E-2 4.42438E-3 3.09929E-3 1.6979E-2 5.8955E-3 1.95073E-3 4.13423E-3 8.96978E-3 1.57365E-2 1.7947E-2 3.07957E-2 3.30496E-2 3.12464E-2 2.98215E-2 3.05389E-2 3.01622E-2 3.37235E-2 4.24086E-2 4.10571E-2 4.41023E-2 4.70298E-2 4.39326E-2 7.33014E-2 8.52594E-2 4.52502E-2 2.74836E-2 4.17217E-2 3.22221E-2 3.40122E-2 4.08316E-2 4.67018E-2 1.67061E-2 1.49753E-3 1.11341E-3 3.14693E-3 1.06477E-2 1.63726E-2 8.12377E-3 7.40734E-3 1.16971E-3 3.56652E-4 2.76951E-4 1.00815E-3 1.54214E-3 1.03012E-3 1.74329E-3 1.78967E-3
1.80783E-2 1.8312E-2 1.88561E-2 2.07702E-2 2.24825E-2 2.50634E-2 2.55768E-2 2.58042E-2 2.61398E-2 2.79799E-2 2.77598E-2 1.77133E-2 1.76055E-2 1.67617E-2 2.38263E-2 2.70972E-2 3.70077E-3 7.98638E-3 1.36437E-2 2.27326E-2 2.24532E-3 5.11492E-3 3.3222E-3 7.13344E-4 3.66238E-3 5.93404E-3 1.42553E-2 1.28603E-2 3.35176E-2 3.07465E-2 2.35288E-2 3.46074E-2 3.56924E-2 3.15687E-2 3.60198E-2 3.83773E-2 4.00224E-2 4.9219E-2 3.64007E-2 3.44685E-2 5.29464E-2 7.88702E-2 7.81654E-2 4.37778E-2 3.47992E-2 4.08798E-2 4.96776E-2 5.64133E-2 5.72573E-2 4.26149E-3 4.69319E-4 1.53549E-3 4.7666E-3 8.31608E-3 1.63842E-2 1.76143E-2 1.21759E-2 1.07244E-3 3.59262E-4 1.05674E-3 2.36525E-3 2.92868E-3 1.16062E-3 8.92919E-4 1.19504E-3
2.37904E-2 2.05435E-2 1.77804E-2 1.84847E-2 1.78277E-2 1.81511E-2 2.28968E-2 2.9115E-2 2.75472E-2 3.02126E-2 2.74317E-2 1.56601E-2 1.67507E-2 1.07474E-2 1.56776E-2 1.84166E-2 8.52404E-3 1.63242E-2 1.6897E-2 4.25495E-2 1.23195E-2 2.17767E-3 2.85482E-3 9.70656E-4 8.95305E-4 4.99931E-3 1.79095E-2 6.87471E-3 2.74363E-2 2.8355E-2 2.85008E-2 3.26043E-2 2.74619E-2 3.48593E-2 3.959E-2 4.06361E-2 3.81072E-2 3.56721E-2 3.78187E-2 2.60547E-2 3.99339E-2 5.50537E-2 7.02138E-2 8.01728E-2 3.79865E-2 2.07851E-2 4.35816E-2 6.3597E-2 5.81551E-2 4.76885E-3 7.34281E-4 2.52798E-3 1.45401E-3 1.80355E-3 6.68062E-3 8.74876E-3 1.43843E-2 4.79136E-3 9.04697E-4 1.62794E-3 4.63826E-3 1.92457E-3 3.67659E-4 7.34048E-4 5.99261E-4
1.46388E-2 1.43897E-2 1.59565E-2 1.83926E-2 2.02596E-2 1.9409E-2 1.98997E-2 1.92433E-2 1.73125E-2 1.75768E-2 1.92701E-2 1.39715E-2 1.23632E-2 1.09691E-2 1.30898E-2 1.39773E-2 1.14428E-2 1.46071E-2 2.48612E-2 3.51011E-2 7.26928E-3 5.54401E-3 6.44748E-3 8.71896E-4 1.80679E-3 1.63416E-2 2.03218E-2 1.15925E-2 1.74255E-2 2.78538E-2 3.15062E-2 2.78276E-2 2.66614E-2 3.39572E-2 4.1953E-2 4.62233E-2 2.30862E-2 2.19244E-2 1.59568E-2 1.33867E-2 3.01518E-2 2.39346E-2 3.59486E-2 6.90849E-2 7.9125E-2 4.2301E-2 4.61423E-2 3.99048E-2 5.30314E-2 4.43663E-2 1.3419E-2 4.74025E-3 6.08328E-4 4.27195E-4 1.08548E-3 3.6073E-3 1.05549E-2 1.44714E-2 4.39225E-3 2.0512E-3 5.40786E-3 1.29909E-3 4.96967E-4 1.63827E-3 6.68284E-4
1.18593E-2 1.58467E-2 2.16137E-2 1.68961E-2 1.49873E-2 1.47918E-2 1.3185E-2 1.209E-2 1.1294E-2 1.17702E-2 1.5445E-2 1.14519E-2 1.07254E-2 1.13934E-2 9.89158E-3 8.67867E-3 9.63815E-3 1.04974E-2 1.93706E-2 3.07295E-2 3.06134E-2 8.1735E-3 1.96876E-3 1.68331E-3 3.1139E-3 3.04832E-2 1.46498E-2 1.48813E-2 2.033E-2 2.62314E-2 2.80477E-2 2.33371E-2 2.97981E-2 2.9256E-2 4.82978E-2 5.36966E-2 2.48407E-2 8.1749E-3 1.66538E-2 1.33571E-2 1.43067E-2 2.61322E-2 1.52864E-2 3.28316E-2 5.46064E-2 4.92865E-2 5.81862E-2 4.97965E-2 5.37001E-2 3.67791E-2 2.19352E-2 1.10782E-2 2.82661E-3 2.84784E-3 3.47056E-3 4.21584E-3 7.95648E-3 1.38402E-2 1.26838E-2 5.54881E-3 3.31968E-3 7.72789E-4 5.51845E-4 2.03631E-3 1.4358E-3
1.9244E-2 1.82663E-2 1.47248E-2 1.30204E-2 1.34728E-2 1.29708E-2 1.13223E-2 1.06656E-2 1.12421E-2 1.37101E-2 1.88661E-2 1.00104E-2 8.95232E-3 8.47646E-3 8.23046E-3 8.86282E-3 1.12043E-2 1.16264E-2 2.69646E-2 2.01844E-2 4.14624E-3 1.90151E-3 5.33476E-3 4.71098E-3 7.08935E-3 2.31145E-2 2.29895E-2 1.44653E-2 1.95322E-2 2.66808E-2 2.62963E-2 2.67099E-2 2.62473E-2 2.35337E-2 4.00532E-2 4.6882E-2 1.13412E-2 4.87651E-3 4.67461E-3 1.55439E-2 3.75559E-3 4.71771E-3 1.01255E-2 2.13569E-2 2.47542E-2 2.27479E-2 3.31574E-2 5.08999E-2 5.27145E-2 2.28419E-2 3.13237E-2 2.71178E-2 1.17139E-2 6.02938E-3 8.14735E-3 1.06913E-2 8.02587E-3 1.04297E-2 1.56938E-2 1.67475E-2 1.94578E-3 1.55523E-4 3.09189E-4 1.31803E-3 3.47792E-3
1.65309E-2 1.42099E-2 1.29049E-2 1.17537E-2 1.22886E-2 1.18241E-2 1.21365E-2 1.30344E-2 1.25965E-2 9.53754E-3 9.91245E-3 1.01837E-2 9.09804E-3 7.83156E-3 8.98186E-3 9.34947E-3 8.89465E-3 1.50261E-2 1.65553E-2 8.88989E-3 3.96189E-3 7.65971E-3 8.40716E-3 1.02511E-2 1.06457E-2 2.08797E-2 2.62302E-2 1.68465E-2 1.90562E-2 2.47633E-2 2.83408E-2 2.3838E-2 2.23066E-2 2.96633E-2 2.81994E-2 3.76485E-2 9.92173E-3 3.11139E-3 6.16873E-3 1.95417E-2 4.50832E-3 8.33119E-3 1.32952E-2 1.28239E-2 2.70255E-2 9.60072E-3 1.33398E-2 1.37009E-2 1.68503E-2 2.11678E-2 3.50527E-2 2.92668E-2 3.16618E-2 1.21753E-2 1.10492E-2 2.07005E-2 1.06636E-2 5.91706E-3 1.19023E-2 1.97512E-2 1.077E-2 1.19897E-3 4.95392E-4 1.58984E-3 5.23385E-3
1.34451E-2 1.26424E-2 1.1485E-2 1.06457E-2 1.09041E-2 1.39102E-2 1.42589E-2 1.29288E-2 1.08703E-2 9.01759E-3 9.10242E-3 8.76305E-3 8.6352E-3 7.34536E-3 8.05994E-3 9.1822E-3 1.03976E-2 1.18088E-2 8.7104E-3 9.66242E-3 8.71766E-3 1.18421E-2 1.20359E-2 1.42041E-2 1.63289E-2 1.80283E-2 2.19848E-2 1.74114E-2 2.00735E-2 2.22594E-2 1.83035E-2 2.30455E-2 2.83784E-2 2.74119E-2 3.16053E-2 3.23735E-2 4.16461E-2 1.35085E-2 1.18531E-2 4.32763E-2 1.72877E-2 9.23416E-3 1.28257E-2 8.99292E-3 1.44753E-2 1.10548E-2 6.12434E-3 4.39936E-3 8.6195E-3 1.96168E-2 3.95627E-2 3.13548E-2 2.92385E-2 2.24996E-2 1.64981E-2 1.38084E-2 9.85024E-3 6.80337E-3 9.78993E-3 1.86671E-2 1.56293E-2 7.16821E-3 1.25088E-3 1.52056E-3 3.79484E-3
1.18389E-2 1.08965E-2 1.09954E-2 1.24824E-2 1.31116E-2 1.3102E-2 1.20181E-2 1.1906E-2 1.10044E-2 1.01579E-2 8.36649E-3 7.96553E-3 8.83961E-3 7.20989E-3 7.33056E-3 9.85827E-3 9.57659E-3 9.55309E-3 1.3943E-2 1.52121E-2 7.30328E-3 8.78046E-3 1.1898E-2 1.51236E-2 1.8024E-2 1.53658E-2 1.69982E-2 1.77083E-2 1.94338E-2 1.78127E-2 1.54712E-2 2.40465E-2 3.34989E-2 1.30579E-2 1.04788E-2 3.2563E-2 3.40422E-2 3.71823E-2 2.06662E-2 3.07381E-2 3.84609E-2 2.81087E-2 1.4953E-2 6.42038E-3 6.89195E-3 1.69744E-2 9.35072E-3 3.78053E-3 5.1611E-3 1.69745E-2 2.63138E-2 2.41751E-2 3.39491E-2 2.82409E-2 1.86334E-2 1.29297E-2 1.31974E-2 1.199E-2 1.20283E-2 1.73853E-2 1.96718E-2 1.23511E-2 3.92682E-3 1.56614E-3 1.92318E-3
1.16118E-2 1.3859E-2 1.64013E-2 1.34329E-2 1.16326E-2 1.07463E-2 1.03986E-2 9.95171E-3 9.88499E-3 1.00858E-2 1.24303E-2 7.05906E-3 8.39945E-3 7.23201E-3 6.85256E-3 8.29115E-3 9.2179E-3 1.19293E-2 1.25997E-2 1.12305E-2 7.40514E-3 7.99208E-3 1.26495E-2 1.60622E-2 1.50372E-2 1.51591E-2 1.71654E-2 1.68436E-2 1.22653E-2 1.10153E-2 1.39689E-2 1.87728E-2 3.44015E-2 1.97159E-2 9.5093E-3 1.80444E-2 2.66282E-2 3.6346E-2 3.58552E-2 2.37404E-2 1.88637E-2 2.70188E-2 3.08018E-2 1.40212E-2 9.09875E-3 9.22687E-3 3.06439E-2 8.9716E-3 2.77676E-3 5.7525E-3 1.98127E-2 2.76823E-2 2.49521E-2 3.54386E-2 4.32061E-2 1.97829E-2 9.22805E-3 1.24062E-2 1.5174E-2 1.58616E-2 1.89321E-2 8.58287E-3 5.81164E-3 5.79566E-3 5.17306E-3
