layers/maxent/tupi.asc
ncols         638
nrows         825
xllcorner     -2985163.8955
yllcorner     -3022031.214
cellsize      10000.0
NODATA_value  -9999
[rows 116 to 144 of 825, columns 260 to 324 of 638]
2.5679E-3 3.33599E-3 3.71363E-3 2.78607E-3 1.11933E-3 8.3614E-4 1.90393E-3 1.26643E-2 5.7842E-2 6.57384E-2 5.56839E-2 6.71302E-2 7.18576E-2 9.45826E-2 1.1579E-1 1.21939E-1 1.49574E-1 1.89765E-1 1.92785E-1 2.36202E-1 3.87977E-1 5.39769E-1 6.89835E-1 7.04419E-1 7.13712E-1 7.34075E-1 7.68258E-1 7.82597E-1 7.61201E-1 7.45332E-1 7.73704E-1 7.75908E-1 7.86847E-1 7.92156E-1 7.8417E-1 7.29611E-1 6.94775E-1 6.86175E-1 6.91303E-1 6.76303E-1 6.48822E-1 6.26643E-1 5.77991E-1 5.06595E-1 2.86952E-1 4.06461E-1 3.92733E-1 3.56567E-1 3.13582E-1 2.82786E-1 2.58941E-1 2.34671E-1 2.28466E-1 1.36742E-1 1.89825E-1 1.77576E-1 1.83584E-1 1.99089E-1 1.65735E-1 1.53746E-1 1.31346E-1 1.3282E-1 1.35145E-1 1.37808E-1 1.36618E-1
1.25941E-2 5.87937E-3 6.54217E-3 3.25741E-3 8.27698E-4 2.26485E-4 5.9216E-4 6.37686E-3 4.90883E-2 9.95448E-2 1.03898E-1 8.41858E-2 8.57066E-2 9.37431E-2 1.12687E-1 1.4635E-1 1.39526E-1 2.05684E-1 1.04582E-1 1.87683E-1 3.08704E-1 5.35507E-1 7.07795E-1 7.20939E-1 5.9773E-1 7.78466E-1 8.02052E-1 8.0649E-1 8.01715E-1 8.06858E-1 8.12648E-1 8.06343E-1 8.02037E-1 8.03032E-1 7.85606E-1 7.37003E-1 7.244E-1 7.33297E-1 7.23726E-1 6.99515E-1 6.65335E-1 6.2397E-1 5.66316E-1 5.1341E-1 4.58184E-1 4.11507E-1 3.81128E-1 3.37467E-1 2.95101E-1 2.61787E-1 2.40296E-1 2.27424E-1 2.28197E-1 1.49531E-1 1.11571E-1 1.71059E-1 1.72501E-1 1.88793E-1 1.64067E-1 1.44168E-1 1.09127E-1 1.33208E-1 1.39455E-1 1.32561E-1 1.42639E-1
1.90195E-2 9.01994E-3 6.72385E-3 5.71127E-3 1.81371E-3 1.13298E-3 1.4684E-3 6.08516E-3 2.64129E-2 6.54563E-2 1.33578E-1 1.24594E-1 1.19517E-1 1.17046E-1 1.23669E-1 1.75374E-1 2.40086E-1 2.97941E-1 2.81528E-1 3.29423E-1 4.76014E-1 5.87738E-1 6.9405E-1 7.10779E-1 7.19417E-1 5.91555E-1 7.69801E-1 7.8221E-1 7.92731E-1 8.09017E-1 8.04174E-1 7.93812E-1 7.9124E-1 7.89194E-1 7.75084E-1 7.58145E-1 7.35942E-1 7.34431E-1 7.1973E-1 6.94278E-1 6.44299E-1 5.87392E-1 5.60195E-1 5.13515E-1 4.47521E-1 3.89896E-1 3.57786E-1 3.16861E-1 2.77379E-1 2.45483E-1 2.16296E-1 2.1752E-1 2.15672E-1 1.34789E-1 1.1395E-1 1.62937E-1 1.62755E-1 1.73321E-1 1.74946E-1 1.65511E-1 1.40183E-1 1.23687E-1 1.03663E-1 1.2147E-1 1.47484E-1
1.93957E-2 1.29351E-2 3.86569E-2 4.31278E-2 1.98529E-2 8.97027E-3 5.49758E-3 1.61452E-2 2.56995E-2 4.94785E-2 1.14869E-1 1.66634E-1 1.72205E-1 1.54135E-1 1.65251E-1 1.96377E-1 2.93634E-1 3.45627E-1 4.03126E-1 4.96937E-1 5.97525E-1 5.84907E-1 6.44573E-1 7.05442E-1 7.17784E-1 7.22475E-1 7.51938E-1 7.59419E-1 7.74933E-1 7.80917E-1 7.93255E-1 7.91987E-1 7.75884E-1 7.73471E-1 7.6475E-1 7.52846E-1 7.39763E-1 7.23684E-1 7.08482E-1 6.77812E-1 6.17126E-1 5.48304E-1 5.27331E-1 4.9486E-1 4.28116E-1 3.70016E-1 3.32047E-1 2.85954E-1 2.42633E-1 2.16739E-1 2.0477E-1 2.05936E-1 1.99008E-1 2.02609E-1 1.99015E-1 1.72844E-1 1.52435E-1 1.5476E-1 1.71192E-1 1.70671E-1 1.56565E-1 1.27791E-1 9.80113E-2 1.06286E-1 1.30367E-1
3.32562E-2 3.34639E-2 5.73954E-2 8.30213E-2 6.4361E-2 2.79945E-2 3.05086E-2 3.96193E-2 4.41171E-2 5.52789E-2 8.18282E-2 1.17196E-1 1.83126E-1 1.89733E-1 2.18839E-1 2.01819E-1 2.77422E-1 3.76519E-1 4.46008E-1 4.94333E-1 5.81173E-1 5.70869E-1 6.11974E-1 6.53104E-1 6.93621E-1 7.00545E-1 7.3388E-1 7.43778E-1 7.53655E-1 7.57899E-1 7.71979E-1 7.84283E-1 7.7072E-1 7.53946E-1 7.41528E-1 7.34154E-1 7.16399E-1 6.89283E-1 6.70058E-1 6.55498E-1 5.90566E-1 5.09014E-1 4.69801E-1 4.39504E-1 3.83638E-1 3.4271E-1 3.12743E-1 2.59526E-1 1.98241E-1 1.81622E-1 1.77303E-1 1.88499E-1 1.90739E-1 1.8789E-1 1.85219E-1 1.72974E-1 1.39463E-1 1.41814E-1 1.53218E-1 1.75881E-1 1.60164E-1 1.18629E-1 1.02672E-1 1.09306E-1 1.08947E-1
3.53823E-2 4.12704E-2 5.45021E-2 7.21286E-2 6.77261E-2 6.08517E-2 5.64682E-2 7.82274E-2 9.14145E-2 1.1307E-1 8.92374E-2 8.86678E-2 1.38049E-1 1.79793E-1 2.41394E-1 2.61336E-1 2.93028E-1 3.63055E-1 3.49193E-1 4.10995E-1 4.93852E-1 5.43396E-1 6.13335E-1 6.37543E-1 6.44219E-1 6.78025E-1 6.9023E-1 7.19841E-1 7.24104E-1 7.32326E-1 7.42016E-1 7.71405E-1 7.60048E-1 7.37546E-1 7.31097E-1 7.20372E-1 6.90817E-1 6.40638E-1 5.87511E-1 5.76203E-1 5.35196E-1 4.74468E-1 3.77354E-1 2.58797E-1 2.11339E-1 2.52469E-1 2.67109E-1 1.4755E-1 1.22629E-1 1.02379E-1 1.63153E-1 1.84831E-1 1.9044E-1 1.98221E-1 1.80545E-1 1.6159E-1 1.3856E-1 1.42734E-1 1.40037E-1 1.64506E-1 1.54918E-1 1.25134E-1 9.83488E-2 9.35036E-2 9.8853E-2
3.58572E-2 2.3911E-2 5.49035E-2 6.5305E-2 7.16112E-2 7.54713E-2 7.9551E-2 8.78968E-2 1.08508E-1 1.15933E-1 1.20785E-1 1.29964E-1 1.49564E-1 1.73932E-1 2.14734E-1 2.51201E-1 2.69711E-1 3.13201E-1 2.94976E-1 3.28589E-1 4.14804E-1 4.86208E-1 5.91526E-1 6.27414E-1 6.26857E-1 5.9268E-1 6.28878E-1 6.74542E-1 7.0739E-1 7.23159E-1 7.29768E-1 7.39786E-1 7.61266E-1 7.4646E-1 7.42418E-1 6.85916E-1 6.34203E-1 5.49132E-1 5.1561E-1 5.16646E-1 4.98038E-1 4.18018E-1 2.11162E-1 1.47569E-1 1.56302E-1 2.0257E-1 1.80371E-1 1.68266E-1 1.17346E-1 8.83753E-2 1.48648E-1 1.76787E-1 1.98902E-1 2.01088E-1 1.61025E-1 1.47259E-1 1.23138E-1 1.24872E-1 1.24174E-1 1.25033E-1 1.0964E-1 1.20246E-1 1.35448E-1 1.09462E-1 1.0039E-1
1.81036E-2 1.84766E-2 3.40311E-2 6.32135E-2 6.93577E-2 6.88324E-2 7.04584E-2 7.79168E-2 9.12325E-2 1.09309E-1 1.23095E-1 1.29186E-1 1.46678E-1 1.82949E-1 2.01452E-1 2.45376E-1 2.41734E-1 2.52036E-1 2.80164E-1 3.29603E-1 3.92277E-1 4.16336E-1 5.22355E-1 5.64134E-1 6.12968E-1 6.24191E-1 6.11197E-1 6.17858E-1 6.67404E-1 7.07573E-1 7.09284E-1 7.1993E-1 7.38499E-1 7.16446E-1 7.15811E-1 6.73803E-1 6.17355E-1 5.70039E-1 5.57736E-1 5.54081E-1 5.13786E-1 3.61019E-1 2.39673E-1 1.98046E-1 2.84268E-1 2.00365E-1 1.63588E-1 1.23821E-1 1.1138E-1 8.38426E-2 9.03796E-2 2.21205E-1 1.82031E-1 1.76702E-1 1.42384E-1 1.37706E-1 1.33073E-1 1.2118E-1 1.28078E-1 1.34995E-1 1.17364E-1 9.77226E-2 1.06826E-1 1.19226E-1 1.14849E-1
1.48363E-2 2.28652E-2 2.60838E-2 3.45647E-2 6.03463E-2 6.14301E-2 6.31392E-2 6.41564E-2 7.22151E-2 9.30208E-2 1.13748E-1 1.35284E-1 1.52178E-1 1.54064E-1 1.87791E-1 2.09895E-1 2.26082E-1 2.31154E-1 2.25271E-1 3.03412E-1 3.85612E-1 4.16282E-1 4.71432E-1 5.17348E-1 5.81114E-1 5.89E-1 6.1646E-1 6.28391E-1 6.61391E-1 6.73402E-1 7.07581E-1 7.16369E-1 7.02082E-1 6.94237E-1 6.70706E-1 6.31675E-1 5.89229E-1 5.70121E-1 5.55375E-1 5.4769E-1 4.88505E-1 4.17186E-1 3.59216E-1 2.19399E-1 2.82162E-1 1.89591E-1 1.61405E-1 1.61609E-1 1.56881E-1 1.26921E-1 1.10974E-1 1.50835E-1 1.6649E-1 1.36584E-1 1.47425E-1 1.45666E-1 1.40783E-1 1.25565E-1 1.40033E-1 1.43864E-1 1.3002E-1 1.08298E-1 1.041E-1 1.08087E-1 1.27132E-1
1.65356E-2 1.59311E-2 1.38607E-2 3.15506E-2 4.51402E-2 4.78668E-2 4.54926E-2 5.37342E-2 6.5096E-2 8.52175E-2 9.50268E-2 1.18552E-1 1.26449E-1 1.35754E-1 1.462E-1 1.61416E-1 2.03124E-1 2.18791E-1 2.50775E-1 2.99315E-1 4.00657E-1 4.38589E-1 4.72796E-1 4.79768E-1 5.27586E-1 5.62852E-1 5.9796E-1 6.14954E-1 6.37948E-1 6.57611E-1 6.83797E-1 6.86513E-1 6.81667E-1 6.72872E-1 6.40985E-1 5.77571E-1 5.39546E-1 5.29576E-1 5.14823E-1 4.98275E-1 4.3594E-1 3.77468E-1 3.61075E-1 3.72981E-1 3.03188E-1 2.72718E-1 2.32113E-1 2.20294E-1 1.53001E-1 1.24006E-1 1.18862E-1 1.78905E-1 1.57797E-1 1.36075E-1 1.46372E-1 1.59626E-1 1.39624E-1 1.20754E-1 1.21531E-1 1.33917E-1 1.41812E-1 1.33681E-1 1.08752E-1 9.60924E-2 1.10852E-1
3.76199E-2 3.771E-2 4.65222E-2 3.5814E-2 4.38387E-2 5.72917E-2 5.68472E-2 6.26625E-2 7.09959E-2 9.12879E-2 1.06006E-1 1.17129E-1 1.36681E-1 1.49148E-1 1.48487E-1 1.73683E-1 1.76355E-1 2.03488E-1 2.74901E-1 3.08999E-1 4.12241E-1 4.49004E-1 4.57559E-1 4.61324E-1 4.95611E-1 5.31629E-1 5.61976E-1 5.89802E-1 6.31894E-1 6.49893E-1 6.58225E-1 6.50822E-1 6.45124E-1 6.3143E-1 6.11302E-1 5.48146E-1 5.04992E-1 4.60732E-1 4.45256E-1 4.37635E-1 3.98652E-1 3.48373E-1 3.24186E-1 3.16102E-1 2.98783E-1 2.64224E-1 2.37185E-1 2.04305E-1 1.61494E-1 1.30087E-1 1.40016E-1 1.59649E-1 1.49235E-1 9.95982E-2 1.21694E-1 1.63017E-1 1.54907E-1 1.19478E-1 1.20894E-1 1.24314E-1 1.33507E-1 1.37152E-1 1.32381E-1 1.1086E-1 1.06101E-1
2.84636E-2 3.3611E-2 4.81474E-2 4.26093E-2 4.98393E-2 6.51859E-2 8.50382E-2 9.36039E-2 9.92902E-2 1.09035E-1 1.26246E-1 1.3925E-1 1.70506E-1 1.85775E-1 1.92588E-1 2.21267E-1 2.05298E-1 2.28594E-1 2.7044E-1 2.80301E-1 3.73582E-1 4.07643E-1 4.34362E-1 4.34804E-1 4.66783E-1 5.07408E-1 5.46106E-1 5.81612E-1 6.25437E-1 6.30456E-1 6.25692E-1 6.15615E-1 6.05809E-1 5.9061E-1 5.75274E-1 5.238E-1 4.71422E-1 4.2446E-1 4.19563E-1 3.8484E-1 4.25125E-1 3.16921E-1 2.94242E-1 2.89711E-1 2.79941E-1 2.45007E-1 2.03915E-1 1.84499E-1 1.55721E-1 1.24339E-1 1.36688E-1 1.46673E-1 1.33755E-1 1.2905E-1 1.3945E-1 1.53561E-1 1.56697E-1 1.2084E-1 1.20943E-1 1.26687E-1 1.32773E-1 1.24358E-1 1.18714E-1 1.24332E-1 1.18993E-1
2.54002E-2 5.2724E-2 5.02296E-2 5.08525E-2 6.07417E-2 7.27594E-2 8.65287E-2 9.9481E-2 1.0946E-1 1.06454E-1 1.0333E-1 1.22809E-1 1.52044E-1 1.68271E-1 1.92719E-1 2.34162E-1 2.36758E-1 2.61065E-1 2.80074E-1 3.07387E-1 4.08585E-1 3.93153E-1 4.05538E-1 4.504E-1 4.58199E-1 3.55451E-1 3.94837E-1 4.4525E-1 5.79646E-1 5.84931E-1 5.92916E-1 5.85421E-1 5.58118E-1 5.55459E-1 5.42781E-1 5.09233E-1 4.59576E-1 4.13911E-1 4.19959E-1 3.86709E-1 3.47492E-1 2.94098E-1 2.7338E-1 2.61645E-1 2.62025E-1 2.37635E-1 1.90593E-1 1.65943E-1 1.45206E-1 1.26227E-1 1.24402E-1 1.52468E-1 1.32969E-1 1.19129E-1 1.40812E-1 1.45783E-1 1.59171E-1 1.34443E-1 1.25465E-1 1.30453E-1 1.36846E-1 1.33582E-1 1.16737E-1 1.23715E-1 1.26542E-1
1.90797E-2 2.94159E-2 3.79245E-2 7.09748E-2 7.64051E-2 7.57415E-2 9.02971E-2 1.06397E-1 9.56474E-2 7.29223E-2 8.68313E-2 1.03644E-1 1.20775E-1 1.62736E-1 1.96671E-1 2.12184E-1 2.29331E-1 2.78497E-1 3.11729E-1 3.70046E-1 3.96995E-1 3.70546E-1 3.90053E-1 4.37118E-1 4.33102E-1 4.33278E-1 4.47054E-1 5.40931E-1 3.90554E-1 5.26791E-1 5.45043E-1 5.23606E-1 5.39443E-1 5.28986E-1 5.03716E-1 4.75545E-1 4.41068E-1 3.86095E-1 3.85165E-1 3.71147E-1 3.37537E-1 2.95924E-1 2.59565E-1 2.48672E-1 2.44636E-1 2.24431E-1 1.81935E-1 1.60776E-1 1.27241E-1 1.13386E-1 1.19054E-1 1.58928E-1 1.28805E-1 1.15287E-1 1.35897E-1 1.38064E-1 1.46164E-1 1.17135E-1 1.21867E-1 1.30036E-1 1.28584E-1 1.19625E-1 1.27418E-1 1.27387E-1 1.28244E-1
1.37751E-2 1.85458E-2 3.07447E-2 7.20698E-2 7.49796E-2 6.86672E-2 8.1212E-2 9.01662E-2 8.78383E-2 8.75196E-2 7.57265E-2 8.47477E-2 6.50868E-2 1.4126E-1 1.21073E-1 1.45642E-1 2.5374E-1 2.65727E-1 2.80801E-1 2.33087E-1 3.01775E-1 1.95211E-1 2.33868E-1 3.80319E-1 3.98205E-1 3.68274E-1 4.37621E-1 5.1957E-1 3.90184E-1 5.17729E-1 4.96875E-1 4.76909E-1 4.11748E-1 3.93453E-1 3.69036E-1 3.62429E-1 3.82786E-1 3.54769E-1 3.37405E-1 3.35079E-1 3.14873E-1 2.80313E-1 2.35747E-1 2.2101E-1 2.04327E-1 1.87649E-1 1.68421E-1 1.6632E-1 1.34325E-1 1.19504E-1 1.20638E-1 1.3384E-1 1.15391E-1 1.02106E-1 1.25351E-1 1.4797E-1 1.31226E-1 1.14155E-1 1.15724E-1 1.25509E-1 1.17301E-1 1.19279E-1 1.18734E-1 1.10096E-1 1.17281E-1
1.21034E-2 1.08408E-2 1.74088E-2 5.85407E-2 6.1511E-2 5.49307E-2 6.19722E-2 6.46156E-2 3.37818E-2 3.55598E-2 4.43213E-2 7.82041E-2 9.22006E-2 7.89963E-2 1.06543E-1 2.03741E-1 2.35765E-1 2.57155E-1 2.63659E-1 2.81511E-1 3.30198E-1 1.91122E-1 1.61461E-1 2.89207E-1 3.05854E-1 2.93731E-1 4.0163E-1 4.70698E-1 4.70724E-1 4.79159E-1 4.69444E-1 4.31803E-1 3.63053E-1 3.09276E-1 2.11377E-1 2.00762E-1 2.71429E-1 3.01757E-1 3.05284E-1 3.02529E-1 2.94603E-1 2.82143E-1 2.44331E-1 1.91488E-1 1.70879E-1 1.52839E-1 1.47914E-1 1.52057E-1 1.44165E-1 1.24836E-1 1.28921E-1 1.22574E-1 1.06433E-1 1.01063E-1 1.23306E-1 1.30479E-1 1.27968E-1 1.26481E-1 1.21447E-1 1.20041E-1 1.02136E-1 1.2255E-1 1.32563E-1 1.16779E-1 1.18462E-1
1.05407E-2 1.72495E-2 2.18698E-2 5.55563E-2 6.21691E-2 5.80047E-2 5.27862E-2 5.58248E-2 7.15037E-2 7.34256E-2 7.69358E-2 5.90379E-2 6.62061E-2 1.22251E-1 1.473E-1 1.74793E-1 1.88292E-1 1.69222E-1 2.3262E-1 2.71388E-1 3.34584E-1 3.65126E-1 2.96689E-1 2.48045E-1 3.80976E-1 3.22967E-1 2.96745E-1 3.4356E-1 3.2071E-1 4.47522E-1 4.48236E-1 3.96337E-1 2.90471E-1 2.9817E-1 1.88408E-1 1.11289E-1 1.5365E-1 2.525E-1 2.76836E-1 2.42444E-1 2.48105E-1 2.58046E-1 2.33984E-1 1.85848E-1 1.55607E-1 1.44509E-1 1.3651E-1 1.26842E-1 1.22481E-1 1.06925E-1 1.06985E-1 1.08425E-1 1.05613E-1 1.18343E-1 1.21892E-1 1.1173E-1 1.23714E-1 1.19543E-1 1.18691E-1 1.1205E-1 9.2283E-2 1.05151E-1 1.17797E-1 1.20378E-1 1.12545E-1
5.25732E-3 7.98725E-3 3.23768E-2 5.08674E-2 5.3467E-2 5.47767E-2 5.57125E-2 5.8729E-2 6.52199E-2 1.01403E-1 1.03155E-1 9.77718E-2 1.04384E-1 1.14476E-1 1.4611E-1 1.85914E-1 1.46995E-1 1.59666E-1 2.21892E-1 2.53979E-1 2.10011E-1 2.45855E-1 2.69433E-1 2.17484E-1 2.71756E-1 3.65856E-1 3.50723E-1 2.85387E-1 2.52415E-1 3.41288E-1 3.76444E-1 3.83175E-1 3.31066E-1 2.82389E-1 3.70645E-1 1.57871E-1 1.21156E-1 2.21133E-1 2.60708E-1 2.18474E-1 2.16932E-1 2.42517E-1 2.24361E-1 1.87826E-1 1.50751E-1 1.38759E-1 1.28297E-1 1.29238E-1 1.10899E-1 1.1141E-1 1.02915E-1 1.00552E-1 1.11568E-1 1.36076E-1 1.17451E-1 1.05872E-1 1.22596E-1 1.27161E-1 1.23106E-1 1.04732E-1 9.31135E-2 1.02504E-1 1.12901E-1 1.15012E-1 1.13539E-1
8.3082E-3 1.32262E-2 2.95458E-2 4.84404E-2 6.56511E-2 7.60405E-2 7.70904E-2 7.10556E-2 7.34421E-2 1.02712E-1 9.16828E-2 8.5681E-2 7.89403E-2 1.23096E-1 1.56242E-1 2.01684E-1 1.89435E-1 1.80578E-1 2.20188E-1 2.57439E-1 2.44744E-1 2.60717E-1 2.55263E-1 1.92201E-1 2.34915E-1 2.47748E-1 2.53693E-1 2.52951E-1 1.86015E-1 2.33241E-1 2.1952E-1 3.6975E-1 3.92647E-1 2.33748E-1 3.11996E-1 1.64017E-1 1.17118E-1 2.0789E-1 2.48716E-1 2.16797E-1 2.05769E-1 2.19999E-1 2.11354E-1 1.84041E-1 1.56758E-1 1.41302E-1 1.31266E-1 1.37639E-1 1.27786E-1 1.18831E-1 1.07008E-1 1.04139E-1 1.11106E-1 1.25453E-1 1.09761E-1 1.06366E-1 1.22832E-1 1.2707E-1 1.14721E-1 1.00433E-1 1.02183E-1 1.08473E-1 1.14899E-1 1.13616E-1 1.13728E-1
2.19057E-2 2.99239E-2 4.04314E-2 3.51497E-2 5.01908E-2 6.91797E-2 8.0351E-2 8.44524E-2 8.68759E-2 1.14057E-1 9.65535E-2 1.03365E-1 1.00256E-1 9.691E-2 1.01778E-1 1.81239E-1 2.01091E-1 1.83054E-1 1.72532E-1 2.40498E-1 1.91257E-1 2.62661E-1 2.55667E-1 1.89797E-1 2.33582E-1 2.30013E-1 2.47695E-1 2.48089E-1 4.48008E-1 2.52578E-1 2.25202E-1 3.18275E-1 3.07236E-1 2.76128E-1 2.256E-1 1.23097E-1 1.69328E-1 2.11037E-1 2.15428E-1 1.98628E-1 1.86312E-1 1.97704E-1 1.81922E-1 1.5733E-1 1.29604E-1 1.18956E-1 1.12682E-1 1.12945E-1 1.10612E-1 1.06428E-1 9.71475E-2 9.66743E-2 1.07105E-1 1.16012E-1 1.1011E-1 1.12857E-1 1.16524E-1 1.1183E-1 1.01124E-1 9.18149E-2 1.01463E-1 1.05712E-1 1.13458E-1 1.16169E-1 1.09888E-1
2.95041E-2 3.24775E-2 2.02238E-2 3.26331E-2 5.81862E-2 4.67115E-2 4.89828E-2 5.80767E-2 6.98519E-2 8.17298E-2 9.57675E-2 1.17297E-1 1.19081E-1 1.15037E-1 1.05842E-1 1.48812E-1 1.67339E-1 1.61315E-1 1.43278E-1 2.01388E-1 1.76168E-1 2.76942E-1 2.96946E-1 2.1369E-1 3.31625E-1 3.07288E-1 2.30495E-1 3.52141E-1 3.12083E-1 2.63389E-1 2.53388E-1 2.7069E-1 2.67517E-1 2.55509E-1 2.36856E-1 2.23742E-1 2.22767E-1 2.00539E-1 1.99091E-1 2.08131E-1 1.82892E-1 1.92661E-1 1.63307E-1 1.30544E-1 1.05307E-1 1.02222E-1 1.01188E-1 9.87428E-2 9.2E-2 8.72725E-2 8.48176E-2 8.73094E-2 1.01032E-1 1.04729E-1 1.14606E-1 1.30949E-1 1.169E-1 9.24365E-2 9.22143E-2 8.73506E-2 9.97069E-2 1.09024E-1 1.14574E-1 1.13281E-1 1.05742E-1
3.75417E-2 4.93151E-2 3.67567E-2 2.80608E-2 3.80081E-2 4.50563E-2 4.24434E-2 5.36556E-2 7.42506E-2 8.71301E-2 1.03428E-1 1.1739E-1 9.52714E-2 6.70501E-2 9.47068E-2 9.3774E-2 8.36041E-2 5.12899E-2 6.71894E-2 1.09418E-1 2.36821E-1 2.64123E-1 2.95853E-1 2.97248E-1 3.18957E-1 3.30069E-1 3.04986E-1 3.07023E-1 2.67712E-1 2.63304E-1 2.56936E-1 2.6926E-1 2.84582E-1 2.59387E-1 3.62867E-1 2.25059E-1 2.15418E-1 1.68544E-1 1.599E-1 1.72925E-1 1.74692E-1 1.63606E-1 1.26042E-1 1.16179E-1 1.11161E-1 1.01342E-1 1.07155E-1 1.06853E-1 1.00696E-1 9.67742E-2 9.61678E-2 9.16611E-2 1.00479E-1 1.06893E-1 1.12029E-1 1.3468E-1 9.33506E-2 8.76931E-2 9.34567E-2 1.0243E-1 1.06031E-1 9.87088E-2 1.03788E-1 1.11301E-1 9.97413E-2
4.72062E-2 5.5191E-2 4.87065E-2 4.07925E-2 4.15106E-2 4.07073E-2 3.58418E-2 4.98212E-2 1.13185E-1 1.28411E-1 1.09087E-1 1.13465E-1 6.74782E-2 4.96565E-2 4.94839E-2 3.83478E-2 5.32301E-2 3.32763E-2 5.36401E-2 7.81295E-2 2.2178E-1 2.52758E-1 2.74812E-1 2.9607E-1 2.98835E-1 2.32177E-1 2.91059E-1 2.70107E-1 2.62397E-1 2.5833E-1 2.51035E-1 2.41321E-1 2.56764E-1 2.55236E-1 2.44892E-1 2.31932E-1 2.00344E-1 1.6646E-1 1.46152E-1 1.37523E-1 1.46118E-1 1.50019E-1 1.21326E-1 1.07284E-1 1.01444E-1 9.59771E-2 9.38184E-2 9.14868E-2 8.12233E-2 8.13369E-2 7.91857E-2 8.67913E-2 9.08065E-2 7.90891E-2 1.01194E-1 1.38263E-1 1.01618E-1 6.61727E-2 8.37081E-2 1.00077E-1 1.1143E-1 1.02831E-1 1.08243E-1 1.20047E-1 1.01827E-1
6.10509E-2 6.38805E-2 5.67143E-2 4.81906E-2 4.91132E-2 4.35366E-2 3.3634E-2 6.09542E-2 9.94177E-2 2.384E-1 1.46396E-1 1.13991E-1 9.0099E-2 9.80789E-2 7.27834E-2 5.22148E-2 4.99527E-2 4.23964E-2 5.90098E-2 1.262E-1 2.11068E-1 2.62341E-1 2.8375E-1 2.91287E-1 3.07852E-1 2.22222E-1 2.71986E-1 2.42223E-1 2.74098E-1 2.68073E-1 2.41793E-1 2.31227E-1 2.11486E-1 1.99887E-1 2.24705E-1 2.14042E-1 2.03035E-1 1.88823E-1 1.46771E-1 1.4674E-1 1.6208E-1 1.58266E-1 1.49708E-1 1.28388E-1 7.71794E-2 8.26895E-2 7.78082E-2 8.03102E-2 1.54134E-1 6.4375E-2 4.98558E-2 6.55567E-2 7.57449E-2 7.88819E-2 9.67496E-2 9.86661E-2 8.35176E-2 6.15295E-2 5.66931E-2 7.3835E-2 7.69139E-2 8.75009E-2 9.62353E-2 1.08351E-1 9.90244E-2
6.25948E-2 5.50411E-2 4.50699E-2 3.6108E-2 5.50012E-2 4.12388E-2 5.95359E-2 6.88745E-2 1.02248E-1 1.22842E-1 1.11899E-1 1.16117E-1 1.3314E-1 5.14602E-2 5.57082E-2 6.53035E-2 5.23483E-2 8.06766E-2 1.47132E-1 1.96898E-1 2.54788E-1 2.86191E-1 2.89095E-1 2.90167E-1 2.16549E-1 2.05107E-1 2.67824E-1 2.22683E-1 2.49749E-1 2.48719E-1 2.29671E-1 2.62049E-1 2.15198E-1 1.78303E-1 1.97445E-1 1.91727E-1 1.78294E-1 1.73674E-1 1.55096E-1 1.42622E-1 1.6075E-1 1.73846E-1 1.3242E-1 9.7813E-2 7.49594E-2 6.17574E-2 6.40471E-2 6.62694E-2 7.04852E-2 7.69459E-2 6.86614E-2 6.78992E-2 7.22011E-2 7.6204E-2 9.27596E-2 8.6201E-2 7.28996E-2 7.11508E-2 6.8498E-2 7.99008E-2 6.36848E-2 8.82431E-2 1.04241E-1 1.1676E-1 1.17548E-1
5.60019E-2 3.7194E-2 2.94153E-2 2.83844E-2 5.92099E-2 5.06354E-2 2.52738E-2 3.75256E-2 4.64696E-2 8.51958E-2 1.26321E-1 1.40605E-1 9.18406E-2 5.03321E-2 4.41567E-2 5.27309E-2 7.34038E-2 9.61056E-2 1.51063E-1 1.85425E-1 3.04264E-1 3.13249E-1 3.01288E-1 2.97706E-1 2.00899E-1 2.59544E-1 2.54381E-1 2.22183E-1 2.26422E-1 2.39398E-1 2.12388E-1 2.08005E-1 2.0013E-1 2.0383E-1 1.97808E-1 2.95495E-1 1.15738E-1 1.24839E-1 1.25558E-1 1.24126E-1 1.55601E-1 1.72845E-1 1.64579E-1 2.39498E-1 1.21779E-1 5.65256E-2 9.12754E-3 1.59871E-2 1.79111E-2 6.0533E-2 7.65905E-2 7.44074E-2 7.8117E-2 8.25277E-2 8.69176E-2 7.94547E-2 7.9692E-2 9.89598E-2 1.29242E-1 9.8936E-2 6.12345E-2 9.24355E-2 1.13012E-1 1.21231E-1 1.29872E-1
6.78234E-2 5.34776E-2 4.2416E-2 4.55807E-2 7.20525E-2 6.24295E-2 4.18342E-2 4.37062E-2 5.09343E-2 9.0798E-2 1.23175E-1 1.28973E-1 9.89793E-2 6.42194E-2 1.64468E-1 1.00783E-1 1.41109E-1 1.8707E-1 1.62647E-1 1.83097E-1 2.98133E-1 2.96098E-1 2.8409E-1 1.98016E-1 2.76645E-1 2.48601E-1 2.39553E-1 2.22759E-1 2.25686E-1 2.23324E-1 1.94986E-1 1.83492E-1 1.90195E-1 1.90893E-1 1.96998E-1 1.71127E-1 1.39002E-1 1.42796E-1 1.41736E-1 1.23769E-1 1.41331E-1 1.61728E-1 1.6676E-1 1.6574E-1 1.33629E-1 1.00526E-1 4.10057E-2 3.60417E-2 1.83524E-2 1.58826E-2 2.2168E-2 5.07697E-2 7.11445E-2 8.3834E-2 8.77865E-2 8.73405E-2 8.28631E-2 1.03411E-1 1.49789E-1 1.40396E-1 1.07087E-1 1.1074E-1 1.0033E-1 1.04851E-1 1.18285E-1
7.99609E-2 8.03798E-2 7.26881E-2 7.7672E-2 8.69785E-2 6.84798E-2 4.62644E-2 5.76702E-2 6.55017E-2 9.42571E-2 1.21407E-1 1.2588E-1 1.60893E-1 6.99527E-2 1.11884E-1 1.30275E-1 1.64151E-1 1.88906E-1 1.67678E-1 1.80395E-1 2.94033E-1 2.93398E-1 2.67685E-1 2.64836E-1 2.54699E-1 2.29821E-1 2.17388E-1 2.13554E-1 2.09357E-1 2.23355E-1 1.95022E-1 1.76931E-1 1.76577E-1 1.78063E-1 1.72554E-1 1.56043E-1 1.5119E-1 1.50665E-1 1.40395E-1 1.28331E-1 1.38252E-1 1.66254E-1 1.5494E-1 1.39951E-1 1.07911E-1 9.50238E-2 8.21581E-2 8.9858E-2 6.71311E-2 5.02808E-2 3.64042E-2 1.18656E-2 7.0659E-2 6.83773E-2 5.52526E-2 6.84273E-2 8.24853E-2 1.2057E-1 1.2482E-1 1.00885E-1 9.19926E-2 8.9271E-2 8.72556E-2 7.85693E-2 9.95754E-2
5.50325E-2 7.13622E-2 7.37263E-2 7.8229E-2 7.50764E-2 6.90503E-2 6.22768E-2 6.59206E-2 6.04779E-2 8.26874E-2 1.04147E-1 1.56734E-1 9.24566E-2 1.26907E-1 1.37253E-1 1.42099E-1 1.62903E-1 1.8192E-1 1.74849E-1 1.80401E-1 2.81398E-1 2.76415E-1 2.5046E-1 2.39222E-1 2.33512E-1 2.21349E-1 2.07515E-1 2.06904E-1 1.9117E-1 2.17452E-1 2.02923E-1 1.83493E-1 1.77962E-1 1.71264E-1 1.67914E-1 1.5775E-1 1.58206E-1 1.602E-1 1.49312E-1 1.46502E-1 1.59495E-1 1.56267E-1 1.45388E-1 1.25616E-1 9.65976E-2 8.06293E-2 8.46566E-2 1.02333E-1 1.11919E-1 7.37799E-2 5.644E-2 4.82033E-2 1.41065E-2 6.23712E-2 6.63264E-2 9.10073E-2 9.14069E-2 1.18021E-1 1.28223E-1 9.15354E-2 8.00586E-2 7.39121E-2 7.09289E-2 8.40552E-2 8.99909E-2
