layers/maxent/tupi.asc
ncols         638
nrows         825
xllcorner     -2985163.8955
yllcorner     -3022031.214
cellsize      10000.0
NODATA_value  -9999
[rows 116 to 144 of 825, columns 65 to 129 of 638]
-9999 -9999 -9999 -9999 -9999 -9999 -9999 -9999 -9999 -9999 -9999 -9999 -9999 -9999 -9999 -9999 -9999 -9999 -9999 -9999 -9999 -9999 -9999 -9999 -9999 -9999 -9999 -9999 -9999 3.07575E-5 6.50281E-5 6.1739E-5 4.66779E-5 4.86343E-5 4.20269E-5 4.28938E-5 6.03736E-5 1.49497E-5 8.16148E-7 3.78253E-8 6.21983E-8 1.09256E-6 6.27882E-6 5.75525E-6 5.2757E-5 4.35596E-4 1.38542E-3 4.74725E-4 2.4759E-4 1.4029E-4 2.06092E-5 2.03308E-7 3.14971E-8 9.34741E-8 7.03663E-7 2.30332E-5 1.16053E-3 1.24173E-2 8.93201E-3 1.82685E-2 1.32357E-2 1.57122E-2 6.84075E-3 9.22601E-3 8.1889E-3
-9999 -9999 -9999 -9999 -9999 -9999 -9999 -9999 -9999 -9999 -9999 -9999 -9999 -9999 -9999 -9999 -9999 -9999 -9999 -9999 -9999 -9999 -9999 -9999 -9999 -9999 -9999 -9999 -9999 -9999 5.33987E-5 5.22936E-5 4.31272E-5 4.25273E-5 4.89592E-5 1.95113E-5 1.19301E-4 2.07734E-5 2.37177E-7 5.35877E-8 4.57423E-8 4.35056E-7 4.35692E-6 3.44997E-5 1.69489E-4 6.6759E-4 1.75268E-3 6.48082E-4 2.56033E-4 9.74617E-5 2.2702E-5 4.28515E-7 3.01773E-8 2.46058E-7 1.53653E-6 5.56222E-5 1.76722E-3 1.35218E-2 9.00933E-3 1.56589E-2 1.96056E-2 2.71939E-2 1.33219E-2 1.04427E-2 1.35555E-3
-9999 -9999 -9999 -9999 -9999 -9999 -9999 -9999 -9999 -9999 -9999 -9999 -9999 -9999 -9999 -9999 -9999 -9999 -9999 -9999 -9999 -9999 -9999 -9999 -9999 -9999 -9999 -9999 -9999 -9999 7.68939E-5 7.50643E-5 5.4318E-5 4.64713E-5 3.52827E-5 3.00485E-5 5.51484E-5 3.80344E-5 1.74088E-5 4.02122E-7 7.83403E-7 3.04385E-6 1.07854E-5 1.33313E-4 3.9307E-4 2.35353E-3 1.42367E-3 4.10715E-4 2.37002E-4 2.43661E-4 2.54763E-5 1.58098E-6 1.1028E-6 1.07256E-5 3.59985E-5 4.89723E-4 4.7554E-3 5.57346E-3 7.14009E-3 2.05575E-2 2.12243E-2 2.29291E-2 1.26527E-2 7.16788E-3 2.64233E-3
-9999 -9999 -9999 -9999 -9999 -9999 -9999 -9999 -9999 -9999 -9999 -9999 -9999 -9999 -9999 -9999 -9999 -9999 -9999 -9999 -9999 -9999 -9999 -9999 -9999 -9999 -9999 -9999 -9999 -9999 -9999 1.05795E-4 6.05602E-5 3.30342E-5 2.87171E-5 3.14428E-5 5.40583E-5 1.11001E-4 6.21952E-5 6.90998E-6 3.45374E-6 9.4292E-6 2.11886E-5 6.45636E-5 6.45367E-4 2.58845E-3 1.48598E-3 8.36423E-4 4.22113E-4 2.77076E-4 6.50644E-6 1.27611E-6 9.45325E-6 2.42481E-4 1.31217E-3 1.63623E-3 3.09121E-3 4.80785E-3 9.67909E-3 1.25526E-2 1.79328E-2 2.88386E-2 3.11668E-2 8.92408E-3 4.32927E-3
-9999 -9999 -9999 -9999 -9999 -9999 -9999 -9999 -9999 -9999 -9999 -9999 -9999 -9999 -9999 -9999 -9999 -9999 -9999 -9999 -9999 -9999 -9999 -9999 -9999 -9999 -9999 -9999 -9999 -9999 -9999 9.93503E-5 9.14129E-5 3.65049E-5 8.73041E-5 1.81683E-4 9.36518E-5 1.83336E-4 1.25662E-4 6.16556E-6 4.63327E-6 2.77769E-5 1.36818E-5 9.38541E-5 7.89215E-4 2.69718E-3 1.93141E-3 1.54919E-3 1.54877E-3 1.20911E-4 1.18601E-6 4.10913E-6 6.43634E-5 5.17278E-4 2.98956E-3 6.04965E-3 4.50168E-3 4.74963E-3 7.23112E-3 1.29574E-2 1.49949E-2 3.16678E-2 2.93673E-2 1.4922E-2 4.38531E-3
-9999 -9999 -9999 -9999 -9999 -9999 -9999 -9999 -9999 -9999 -9999 -9999 -9999 -9999 -9999 -9999 -9999 -9999 -9999 -9999 -9999 -9999 -9999 -9999 -9999 -9999 -9999 -9999 -9999 -9999 7.71486E-5 8.59993E-5 9.79942E-5 5.6703E-5 5.9184E-5 6.92857E-5 1.32216E-4 8.07656E-5 1.55842E-5 7.21103E-6 2.02848E-5 7.98395E-6 1.52897E-5 2.82845E-4 1.10567E-3 2.28449E-3 1.6431E-3 9.26825E-4 1.11857E-3 1.27645E-4 1.1137E-6 3.29563E-6 1.52515E-5 2.87072E-4 4.18562E-3 9.18168E-3 8.60934E-3 5.7515E-3 9.29759E-3 1.36329E-2 1.61172E-2 1.3563E-2 1.85052E-2 7.29734E-3 1.78711E-3
-9999 -9999 -9999 -9999 -9999 -9999 -9999 -9999 -9999 -9999 -9999 -9999 -9999 -9999 -9999 -9999 -9999 -9999 -9999 -9999 -9999 -9999 -9999 -9999 -9999 -9999 -9999 -9999 -9999 -9999 9.72636E-5 7.3815E-5 1.15265E-4 7.29673E-5 6.36385E-5 7.32717E-5 1.65288E-4 2.95765E-5 4.04063E-6 2.36558E-6 2.66202E-6 1.00513E-5 5.64068E-5 8.81401E-4 1.2529E-3 1.99303E-3 1.04861E-3 3.39263E-4 2.88873E-4 1.56285E-5 4.76068E-7 1.78039E-6 3.57948E-5 1.19552E-3 7.8303E-3 9.97803E-3 7.98423E-3 7.14147E-3 1.03908E-2 1.40167E-2 1.86041E-2 2.3927E-2 1.02198E-2 1.50493E-3 2.65481E-4
-9999 -9999 -9999 -9999 -9999 -9999 -9999 -9999 -9999 -9999 -9999 -9999 -9999 -9999 -9999 -9999 -9999 -9999 -9999 -9999 -9999 -9999 -9999 -9999 -9999 -9999 -9999 -9999 -9999 2.19759E-5 1.06321E-4 9.45298E-5 2.79152E-5 2.91432E-5 1.53621E-4 2.00484E-4 3.15685E-4 8.12279E-6 1.57401E-6 9.59969E-7 5.65356E-7 2.42978E-5 2.81145E-4 1.22723E-3 1.05052E-3 1.52815E-3 3.25865E-4 5.84999E-5 1.16449E-5 1.01163E-6 1.65249E-6 8.74616E-6 1.62458E-4 1.81241E-3 6.05335E-3 1.43784E-2 1.15658E-2 8.82713E-3 1.28761E-2 2.36106E-2 1.95584E-2 1.69348E-2 5.59051E-3 4.67493E-4 1.48526E-4
-9999 -9999 -9999 -9999 -9999 -9999 -9999 -9999 -9999 -9999 -9999 -9999 -9999 -9999 -9999 -9999 -9999 -9999 -9999 -9999 -9999 -9999 -9999 -9999 -9999 -9999 -9999 -9999 2.40598E-5 2.32935E-5 1.65496E-4 6.24799E-5 1.93532E-5 2.17774E-5 3.72097E-5 5.50105E-5 1.19699E-4 6.16883E-6 8.2978E-7 6.86E-7 3.42806E-6 7.35293E-5 7.49636E-4 1.34685E-3 1.68811E-3 3.71113E-4 4.29735E-5 1.16277E-5 2.94025E-6 9.25816E-7 3.25282E-6 1.87196E-5 2.09432E-4 9.70907E-4 1.11372E-2 1.44082E-2 1.32374E-2 1.915E-2 2.58769E-2 3.48027E-2 2.1997E-2 1.30511E-2 1.92003E-3 1.61118E-4 1.76638E-5
-9999 -9999 -9999 -9999 -9999 -9999 -9999 -9999 -9999 -9999 -9999 -9999 -9999 -9999 -9999 -9999 -9999 -9999 -9999 -9999 -9999 -9999 -9999 -9999 -9999 -9999 -9999 -9999 -9999 1.99222E-5 1.44213E-4 6.92486E-5 2.9839E-5 5.70858E-5 4.06947E-5 3.37219E-5 4.33651E-5 2.14404E-5 5.57027E-6 2.32757E-6 1.66239E-5 1.51599E-4 9.86185E-4 2.58669E-3 1.18107E-3 8.18696E-5 4.80292E-6 2.29687E-6 5.41866E-7 1.07506E-6 3.37481E-6 6.62485E-5 1.73166E-4 1.94519E-3 1.21673E-2 8.57099E-3 2.48284E-2 2.37489E-2 3.80662E-2 5.30985E-2 2.38842E-2 4.52061E-3 2.34822E-4 1.92022E-5 9.23296E-7
-9999 -9999 -9999 -9999 -9999 -9999 -9999 -9999 -9999 -9999 -9999 -9999 -9999 -9999 -9999 -9999 -9999 -9999 -9999 -9999 -9999 -9999 -9999 -9999 -9999 -9999 -9999 -9999 -9999 -9999 1.2365E-4 1.05082E-4 -9999 1.79428E-4 1.50743E-4 7.86234E-5 3.70163E-5 2.04686E-5 2.65508E-5 3.28631E-5 6.69277E-5 4.68586E-4 1.24364E-3 2.02708E-3 2.05051E-4 3.96746E-5 8.06559E-6 7.99021E-7 3.54389E-7 1.07135E-6 1.55203E-5 1.83193E-4 1.23502E-3 5.79533E-3 1.72035E-2 1.32148E-2 1.76015E-2 3.66889E-2 5.6453E-2 3.56483E-2 1.93232E-2 1.39047E-3 9.85077E-5 1.82403E-5 5.2381E-7
-9999 -9999 -9999 -9999 -9999 -9999 -9999 -9999 -9999 -9999 -9999 -9999 -9999 -9999 -9999 -9999 -9999 -9999 -9999 -9999 -9999 -9999 -9999 -9999 -9999 -9999 -9999 -9999 -9999 -9999 -9999 -9999 2.22644E-4 3.30015E-4 -9999 5.55235E-5 2.10607E-5 1.56898E-5 2.28986E-5 6.39948E-5 1.4839E-4 6.7762E-4 1.49321E-3 6.47057E-4 7.21283E-5 4.83622E-6 1.22702E-6 1.7445E-7 2.23653E-7 5.26107E-6 1.19785E-4 9.62041E-4 2.69475E-3 8.84902E-3 1.76653E-2 1.37719E-2 1.86088E-2 4.81565E-2 4.68613E-2 2.17487E-2 5.44658E-3 1.33872E-3 1.0927E-4 6.40446E-6 3.03198E-6
-9999 -9999 -9999 -9999 -9999 -9999 -9999 -9999 -9999 -9999 -9999 -9999 -9999 -9999 -9999 -9999 -9999 -9999 -9999 -9999 -9999 -9999 -9999 -9999 -9999 -9999 -9999 -9999 -9999 -9999 -9999 -9999 -9999 2.72032E-4 1.38552E-4 8.23358E-5 2.58233E-5 3.71091E-5 4.55459E-5 1.3632E-4 2.15881E-4 1.06021E-3 1.77192E-3 1.57002E-3 3.80501E-4 1.08876E-5 1.64719E-6 2.35306E-7 5.24729E-7 1.65233E-6 2.19855E-5 6.06957E-4 5.16369E-3 1.01279E-2 1.44032E-2 8.56508E-3 1.81118E-2 6.05416E-2 3.0195E-2 1.04683E-2 5.16175E-3 2.38866E-3 4.35447E-5 1.14692E-5 1.95053E-5
-9999 -9999 -9999 -9999 -9999 -9999 -9999 -9999 -9999 -9999 -9999 -9999 -9999 -9999 -9999 -9999 -9999 -9999 -9999 -9999 -9999 -9999 -9999 -9999 -9999 -9999 -9999 -9999 -9999 -9999 -9999 -9999 -9999 1.9946E-4 1.29156E-4 1.35568E-4 1.05256E-4 1.60939E-5 4.8011E-5 5.57531E-5 3.22353E-4 1.4017E-3 1.74483E-3 1.85707E-3 1.44953E-3 1.0365E-4 6.73046E-6 5.7046E-7 1.93731E-6 2.19751E-5 2.99679E-5 5.97633E-4 2.36343E-3 6.96655E-3 1.07885E-2 6.84693E-3 2.27504E-2 5.58817E-2 2.36647E-2 4.73233E-3 7.2004E-3 2.51484E-3 4.39217E-5 6.87086E-5 3.8798E-4
-9999 -9999 -9999 -9999 -9999 -9999 -9999 -9999 -9999 -9999 -9999 -9999 -9999 -9999 -9999 -9999 -9999 -9999 -9999 -9999 -9999 -9999 -9999 -9999 -9999 -9999 -9999 -9999 -9999 -9999 -9999 -9999 -9999 5.95803E-5 7.96234E-5 4.25249E-5 9.39859E-5 3.20199E-5 2.39637E-5 5.16985E-5 3.51074E-4 1.42153E-3 1.76808E-3 1.97556E-3 1.46046E-3 1.8269E-5 1.87079E-6 1.19352E-6 1.98848E-5 2.09922E-5 1.49952E-4 1.43319E-3 2.89003E-3 3.95658E-3 9.66125E-3 1.6124E-2 4.02213E-2 5.37992E-2 3.44644E-2 1.52621E-2 8.48471E-3 1.74664E-3 2.57266E-4 5.37715E-4 2.43027E-3
-9999 -9999 -9999 -9999 -9999 -9999 -9999 -9999 -9999 -9999 -9999 -9999 -9999 -9999 -9999 -9999 -9999 -9999 -9999 -9999 -9999 -9999 -9999 -9999 -9999 -9999 -9999 -9999 -9999 -9999 -9999 -9999 2.23828E-5 3.64093E-5 3.68052E-5 1.04763E-5 1.49886E-5 6.06491E-6 3.02963E-6 8.44372E-5 7.25471E-4 1.42487E-3 1.6757E-3 1.97631E-3 1.9981E-3 1.34375E-5 1.59914E-6 1.45701E-6 5.04441E-6 4.9355E-5 1.36329E-4 1.34468E-3 1.31598E-3 3.98071E-3 1.01826E-2 3.61021E-2 5.37639E-2 7.24925E-2 6.44419E-2 3.86345E-2 4.63378E-3 8.24975E-4 8.45256E-4 4.25349E-3 1.16899E-2
-9999 -9999 -9999 -9999 -9999 -9999 -9999 -9999 -9999 -9999 -9999 -9999 -9999 -9999 -9999 -9999 -9999 -9999 -9999 -9999 -9999 -9999 -9999 -9999 -9999 -9999 -9999 -9999 -9999 -9999 -9999 1.49406E-5 2.3897E-5 4.7502E-5 2.03005E-5 3.11094E-6 2.66488E-7 1.58166E-6 8.41546E-7 3.35269E-5 6.0159E-4 1.20157E-3 1.42276E-3 1.81261E-3 1.80164E-3 2.31666E-5 7.6677E-7 1.12266E-6 1.14067E-4 3.11719E-5 3.84978E-5 1.6768E-3 5.84317E-4 4.29253E-3 1.16253E-2 3.73974E-2 5.72054E-2 5.95843E-2 5.11209E-2 5.62745E-3 2.36384E-3 2.22424E-3 3.04165E-3 1.013E-2 1.30181E-2
-9999 -9999 -9999 -9999 -9999 -9999 -9999 -9999 -9999 -9999 -9999 -9999 -9999 -9999 -9999 -9999 -9999 -9999 -9999 -9999 -9999 -9999 -9999 -9999 -9999 -9999 -9999 -9999 -9999 -9999 3.25661E-5 1.55694E-5 2.23924E-5 1.63403E-5 1.30058E-5 6.59056E-7 6.24419E-8 3.96905E-8 2.58594E-7 2.05628E-5 4.33719E-4 9.26703E-4 1.1491E-3 3.16794E-3 9.07992E-4 7.55059E-6 6.26283E-7 1.18113E-6 4.76302E-6 4.73914E-6 2.84107E-5 6.78188E-4 2.85991E-4 5.16536E-3 1.70325E-2 4.6982E-2 6.01571E-2 5.79867E-2 4.37392E-2 3.07735E-3 6.60365E-4 3.22539E-4 4.98423E-4 1.31991E-3 1.24099E-2
-9999 -9999 -9999 -9999 -9999 -9999 -9999 -9999 -9999 -9999 -9999 -9999 -9999 -9999 -9999 -9999 -9999 -9999 -9999 -9999 -9999 -9999 -9999 -9999 -9999 -9999 -9999 -9999 -9999 -9999 5.96003E-5 4.8178E-5 2.1844E-5 9.65348E-6 5.61906E-6 1.12799E-5 7.7658E-6 1.28707E-7 2.78089E-7 4.74935E-5 3.97958E-4 7.97411E-4 1.0256E-3 1.50054E-3 1.14909E-4 3.57099E-6 1.1821E-6 1.01332E-6 3.6137E-6 1.5171E-5 1.90308E-4 4.94227E-5 1.37826E-4 5.10596E-3 2.99203E-2 5.3313E-2 6.78798E-2 6.98623E-2 1.20334E-2 1.28818E-3 1.2024E-4 6.57042E-5 2.24241E-5 4.35711E-4 6.47117E-3
-9999 -9999 -9999 -9999 -9999 -9999 -9999 -9999 -9999 -9999 -9999 -9999 -9999 -9999 -9999 -9999 -9999 -9999 -9999 -9999 -9999 -9999 -9999 -9999 -9999 -9999 -9999 -9999 -9999 -9999 2.38091E-5 1.17941E-5 9.92402E-6 4.35114E-6 4.06886E-7 4.3121E-7 1.7328E-6 7.08375E-8 2.40385E-7 3.76005E-5 2.79703E-4 5.42954E-4 1.04427E-3 4.33222E-4 4.94441E-5 8.49581E-6 1.96937E-6 1.79238E-6 4.30395E-6 2.50097E-5 1.98485E-5 1.58355E-4 9.96416E-4 1.2726E-2 3.94517E-2 6.86621E-2 6.21634E-2 2.00871E-2 1.72017E-3 2.64235E-4 1.49553E-4 6.10368E-5 1.08712E-4 4.67458E-4 4.81939E-3
-9999 -9999 -9999 -9999 -9999 -9999 -9999 -9999 -9999 -9999 -9999 -9999 -9999 -9999 -9999 -9999 -9999 -9999 -9999 -9999 -9999 -9999 -9999 -9999 -9999 -9999 -9999 -9999 -9999 8.8187E-5 9.20826E-6 3.64979E-6 3.73112E-6 1.87877E-6 2.85938E-8 3.05284E-9 2.20028E-9 6.70188E-9 2.47794E-7 1.72986E-5 6.47929E-5 1.09403E-4 9.93215E-5 6.54786E-5 6.44997E-5 6.28127E-6 5.06875E-6 1.13108E-5 4.64992E-6 4.43705E-6 3.72584E-5 1.7641E-4 3.15038E-3 2.30654E-2 3.56204E-2 3.47691E-2 3.67774E-2 5.94396E-4 1.97671E-4 4.06889E-4 9.0559E-4 4.33047E-4 2.33968E-3 4.08814E-4 2.90306E-3
-9999 -9999 -9999 -9999 -9999 -9999 -9999 -9999 -9999 -9999 -9999 -9999 -9999 -9999 -9999 -9999 -9999 -9999 -9999 -9999 -9999 -9999 -9999 -9999 -9999 -9999 -9999 -9999 -9999 4.90578E-5 1.85682E-5 7.27987E-6 2.1665E-6 6.88977E-7 4.99788E-8 8.51222E-9 5.73852E-11 6.30968E-10 1.03426E-7 1.03302E-5 4.99622E-5 6.60352E-5 4.93941E-5 3.24906E-5 1.50713E-5 3.39377E-6 1.51694E-5 1.4725E-4 3.17006E-5 2.81454E-5 1.62619E-4 6.53998E-4 7.51797E-3 3.15129E-2 3.01556E-2 3.73154E-2 5.7575E-3 7.76495E-5 5.81914E-5 7.56127E-5 1.09798E-3 4.26307E-3 1.13488E-2 1.86637E-3 5.2979E-3
-9999 -9999 -9999 -9999 -9999 -9999 -9999 -9999 -9999 -9999 -9999 -9999 -9999 -9999 -9999 -9999 -9999 -9999 -9999 -9999 -9999 -9999 -9999 -9999 -9999 -9999 -9999 -9999 1.14535E-4 3.25776E-5 2.08126E-5 7.88689E-6 3.23637E-6 3.0123E-7 1.74589E-7 1.59456E-8 4.04693E-11 5.07912E-10 1.54788E-7 1.6985E-5 3.2099E-5 1.27285E-4 5.6584E-5 2.26693E-5 7.81448E-6 3.53033E-6 3.92542E-5 2.68669E-4 2.11205E-4 1.66643E-4 7.71989E-4 2.89269E-3 2.01286E-2 5.1363E-2 5.95391E-2 3.24216E-2 2.01786E-3 8.73401E-5 1.32851E-5 2.53095E-5 1.3017E-3 1.40035E-2 1.63569E-2 1.7244E-2 1.49686E-2
-9999 -9999 -9999 -9999 -9999 -9999 -9999 -9999 -9999 -9999 -9999 -9999 -9999 -9999 -9999 -9999 -9999 -9999 -9999 -9999 -9999 -9999 -9999 -9999 -9999 -9999 -9999 2.85597E-4 1.24931E-4 3.73578E-5 3.19893E-5 1.51988E-5 3.99099E-7 1.03102E-7 4.03451E-7 1.73388E-8 1.61666E-10 2.44888E-9 1.38547E-6 2.60627E-5 4.57897E-5 2.33719E-4 6.62468E-5 4.8261E-5 9.06674E-6 1.65463E-6 1.22475E-5 2.14048E-4 1.44994E-3 7.7848E-4 2.59821E-3 9.4381E-3 3.51868E-2 4.58672E-2 4.54298E-2 1.0232E-2 7.37043E-4 2.71991E-5 2.89698E-5 1.93376E-4 1.27272E-2 2.10189E-2 2.42565E-2 4.09119E-2 3.58086E-2
-9999 -9999 -9999 -9999 -9999 -9999 -9999 -9999 -9999 -9999 -9999 -9999 -9999 -9999 -9999 -9999 -9999 -9999 -9999 -9999 -9999 -9999 -9999 -9999 -9999 -9999 -9999 3.45419E-4 1.42148E-4 4.89384E-5 4.6012E-5 6.42929E-6 2.00901E-7 1.37462E-7 3.00053E-7 8.69268E-8 3.8783E-9 1.12435E-8 7.05355E-6 2.16719E-5 6.10449E-5 2.28011E-4 1.08332E-4 3.30406E-5 6.90593E-6 2.84822E-6 5.02859E-5 8.5803E-4 2.29681E-3 3.93198E-3 1.02861E-2 2.76387E-2 2.5328E-2 3.53614E-2 7.78474E-3 7.90007E-4 8.0441E-5 3.04827E-5 1.96634E-4 1.35223E-3 1.08554E-2 3.15022E-2 3.46462E-2 3.62173E-2 4.14643E-2
-9999 -9999 -9999 -9999 -9999 -9999 -9999 -9999 -9999 -9999 -9999 -9999 -9999 -9999 -9999 -9999 -9999 -9999 -9999 -9999 -9999 -9999 -9999 -9999 -9999 6.31015E-4 5.82293E-4 4.10053E-4 1.79888E-4 3.36795E-5 1.32825E-5 6.61627E-6 2.29366E-7 2.09982E-7 3.26158E-7 4.20222E-7 5.25424E-8 3.36424E-7 2.4642E-5 8.24939E-5 2.11815E-4 2.65274E-4 9.4148E-5 9.62683E-6 7.43991E-6 2.41269E-6 1.38775E-5 2.09237E-4 1.51634E-3 9.1903E-3 7.27347E-3 1.39421E-2 2.97544E-2 9.97545E-3 4.40144E-4 2.03193E-5 1.8435E-5 9.49462E-5 1.33022E-3 4.39968E-3 1.2604E-2 2.26025E-2 3.05377E-2 3.72389E-2 4.17092E-2
-9999 -9999 -9999 -9999 -9999 -9999 -9999 -9999 -9999 -9999 -9999 -9999 -9999 -9999 -9999 -9999 -9999 -9999 -9999 -9999 -9999 -9999 -9999 8.03696E-5 1.90131E-4 4.91612E-4 3.64399E-4 2.96183E-4 1.52438E-4 3.29443E-5 8.7322E-6 9.70111E-6 1.97648E-6 3.77512E-7 8.98962E-7 1.05912E-6 3.12261E-7 4.67621E-6 8.70492E-5 2.15251E-4 1.846E-4 7.09704E-5 3.64094E-5 2.98508E-6 1.2642E-6 2.70172E-6 2.115E-5 1.30049E-4 2.19149E-3 1.15398E-3 6.31272E-3 1.32352E-2 2.49506E-2 2.44568E-3 4.79682E-5 2.48368E-6 3.82342E-5 6.56245E-4 9.16313E-3 4.68099E-3 1.30964E-2 2.40763E-2 3.51266E-2 4.21633E-2 4.09269E-2
-9999 -9999 -9999 -9999 -9999 -9999 -9999 -9999 -9999 -9999 -9999 -9999 -9999 -9999 -9999 -9999 -9999 -9999 -9999 2.37424E-4 2.38238E-4 1.26755E-4 1.32565E-4 6.08229E-4 6.70361E-4 3.465E-4 2.33989E-4 2.31973E-4 1.3745E-4 2.1427E-5 5.40403E-6 1.67499E-6 5.77645E-7 9.10633E-7 7.27053E-7 5.19598E-7 9.94318E-6 2.66679E-4 5.86876E-4 4.68614E-4 1.42276E-4 1.78433E-5 6.31714E-6 1.03875E-6 1.63254E-6 8.9336E-6 7.01328E-5 6.31813E-4 1.0429E-3 6.97312E-4 1.33169E-2 1.49101E-2 1.53552E-2 5.16716E-4 1.40186E-5 1.67677E-6 1.41835E-4 4.9017E-3 7.71821E-3 2.95426E-3 1.04434E-2 2.43471E-2 3.83599E-2 4.077E-2 3.72783E-2
-9999 -9999 -9999 -9999 -9999 -9999 -9999 -9999 -9999 -9999 -9999 -9999 -9999 -9999 -9999 -9999 -9999 -9999 -9999 1.16938E-3 6.19766E-4 6.64156E-4 7.74847E-4 6.70412E-4 5.46317E-4 3.38361E-4 1.73703E-4 1.9346E-4 7.03709E-5 1.76068E-5 9.96855E-7 2.06954E-7 3.98012E-7 1.3128E-6 6.7921E-6 2.49001E-5 7.18457E-4 2.51724E-3 2.93593E-3 1.06363E-3 1.95312E-4 6.63365E-6 2.7375E-6 2.15804E-6 8.06019E-6 1.95656E-5 1.14601E-4 3.65823E-4 3.66432E-4 2.54878E-3 1.83123E-2 1.44252E-2 2.09547E-3 7.80632E-5 2.1208E-5 1.46049E-5 4.38705E-4 6.53887E-3 1.24528E-2 9.54144E-3 1.91151E-2 2.23438E-2 3.77864E-2 3.75537E-2 3.94586E-2
