layers/maxent/tupi.asc
ncols         638
nrows         825
xllcorner     -2985163.8955
yllcorner     -3022031.214
cellsize      10000.0
NODATA_value  -9999
[rows 203 to 231 of 825, columns 260 to 324 of 638]
5.37945E-2 5.71108E-2 5.16745E-2 4.67319E-2 5.49877E-2 5.11948E-2 4.63574E-2 4.58012E-2 4.61185E-2 4.46307E-2 4.45176E-2 4.38449E-2 4.27346E-2 4.10681E-2 3.88828E-2 3.87108E-2 4.23456E-2 4.10628E-2 4.12276E-2 3.93465E-2 3.88254E-2 3.51529E-2 3.2718E-2 3.39188E-2 3.75281E-2 4.27264E-2 4.46723E-2 4.56512E-2 5.31308E-2 6.15758E-2 7.2452E-2 7.71067E-2 7.20914E-2 8.76089E-2 1.3148E-1 1.88227E-1 2.1174E-1 1.49875E-1 1.65896E-1 2.83014E-1 2.87581E-1 2.68352E-1 2.47144E-1 2.67272E-1 3.45449E-1 3.97024E-1 3.61968E-1 2.83631E-1 1.98218E-1 2.33718E-1 2.55878E-1 2.16394E-1 1.82806E-1 1.85746E-1 1.79021E-1 1.8036E-1 1.81657E-1 1.9225E-1 1.9347E-1 1.77111E-1 1.87863E-1 2.11001E-1 2.48954E-1 1.96236E-1 1.85568E-1
5.08481E-2 5.35538E-2 4.88495E-2 4.6257E-2 5.5506E-2 5.42142E-2 4.99852E-2 4.68701E-2 4.39267E-2 4.35482E-2 4.07757E-2 4.17679E-2 4.16845E-2 3.92181E-2 3.68087E-2 3.95646E-2 4.12075E-2 4.13334E-2 3.98988E-2 3.25072E-2 3.01516E-2 2.68713E-2 2.60461E-2 2.71243E-2 3.04634E-2 3.48102E-2 3.73509E-2 3.63784E-2 4.15924E-2 4.91607E-2 5.44687E-2 5.73796E-2 5.96891E-2 7.40642E-2 1.05049E-1 1.55368E-1 2.01063E-1 1.56328E-1 1.79236E-1 2.79171E-1 2.98405E-1 2.95757E-1 2.87066E-1 3.3134E-1 3.73103E-1 3.7466E-1 3.35559E-1 2.50415E-1 1.87441E-1 1.98931E-1 2.33616E-1 1.93832E-1 1.74759E-1 1.89964E-1 1.82654E-1 1.72099E-1 1.77679E-1 1.78715E-1 1.93346E-1 1.77371E-1 1.83961E-1 2.18352E-1 2.37528E-1 1.99515E-1 2.00265E-1
5.21906E-2 4.95968E-2 4.42066E-2 5.09989E-2 4.86318E-2 4.50945E-2 4.38844E-2 4.37545E-2 4.27664E-2 4.31097E-2 4.31844E-2 4.11377E-2 4.04897E-2 3.97527E-2 3.99277E-2 3.94657E-2 3.98186E-2 4.14076E-2 3.7524E-2 2.86203E-2 1.80831E-2 1.84882E-2 1.84908E-2 1.91287E-2 2.01363E-2 2.33189E-2 2.53478E-2 2.65813E-2 3.09257E-2 3.62442E-2 4.23048E-2 5.35283E-2 7.86412E-2 8.56325E-2 1.01845E-1 1.40967E-1 1.81582E-1 2.10844E-1 2.53284E-1 3.08987E-1 3.35002E-1 3.38192E-1 3.49167E-1 3.68699E-1 3.57775E-1 3.56041E-1 3.22319E-1 2.44651E-1 1.90926E-1 1.80359E-1 1.80407E-1 1.84074E-1 1.72823E-1 1.97009E-1 1.83785E-1 1.74795E-1 1.77494E-1 1.78021E-1 1.94819E-1 1.99261E-1 1.92321E-1 2.07091E-1 2.2393E-1 1.96912E-1 2.00056E-1
5.15992E-2 4.52967E-2 4.85282E-2 4.88845E-2 4.58096E-2 4.21907E-2 4.30319E-2 4.48133E-2 4.16405E-2 4.12316E-2 4.19413E-2 4.19742E-2 4.09165E-2 3.848E-2 4.03397E-2 4.04324E-2 4.51585E-2 4.13472E-2 3.81532E-2 3.09159E-2 2.05454E-2 2.02054E-2 2.0886E-2 2.08108E-2 2.041E-2 2.53914E-2 2.91506E-2 3.16699E-2 3.59908E-2 4.30007E-2 4.97703E-2 5.59194E-2 6.9719E-2 7.96451E-2 8.88562E-2 1.32557E-1 1.63678E-1 1.79364E-1 2.20448E-1 3.02127E-1 3.36211E-1 3.30665E-1 3.42767E-1 3.74007E-1 3.52139E-1 3.27493E-1 2.60043E-1 2.19601E-1 1.94941E-1 1.83405E-1 1.82373E-1 1.82096E-1 1.75993E-1 1.9319E-1 1.88858E-1 1.83285E-1 1.9107E-1 1.84792E-1 2.03726E-1 2.13231E-1 1.9893E-1 1.93019E-1 1.80349E-1 2.02385E-1 1.99969E-1
4.51646E-2 4.52401E-2 4.67087E-2 4.80646E-2 4.57421E-2 4.23202E-2 4.28216E-2 4.33855E-2 4.10018E-2 4.18092E-2 4.17262E-2 4.15662E-2 3.93665E-2 3.72018E-2 4.04645E-2 4.11289E-2 4.27532E-2 4.08343E-2 4.26117E-2 3.70109E-2 3.14986E-2 3.04747E-2 3.1207E-2 2.69231E-2 2.66134E-2 3.8304E-2 4.74193E-2 5.32641E-2 5.53218E-2 5.85884E-2 6.44706E-2 6.05199E-2 4.83093E-2 6.0491E-2 7.65922E-2 1.09435E-1 1.42422E-1 1.29568E-1 1.6353E-1 2.8065E-1 3.08656E-1 2.93915E-1 3.246E-1 3.62864E-1 3.46629E-1 2.96607E-1 1.97375E-1 2.01828E-1 1.93699E-1 1.8514E-1 1.89731E-1 1.9019E-1 1.7962E-1 1.83285E-1 1.84189E-1 1.91401E-1 2.04032E-1 1.96947E-1 2.50777E-1 2.21134E-1 2.16013E-1 1.79387E-1 1.73222E-1 1.94718E-1 1.76323E-1
4.42655E-2 4.45348E-2 4.31217E-2 4.42219E-2 4.31272E-2 4.17992E-2 4.06361E-2 4.23298E-2 4.10139E-2 3.97799E-2 4.20365E-2 4.18878E-2 3.97812E-2 3.71034E-2 4.18038E-2 4.40704E-2 4.00217E-2 3.65029E-2 2.88288E-2 2.51982E-2 2.43185E-2 2.73541E-2 3.24357E-2 3.32393E-2 3.23697E-2 3.58166E-2 3.45221E-2 3.50039E-2 3.64534E-2 3.78767E-2 4.24923E-2 5.02159E-2 6.29484E-2 6.81691E-2 6.33918E-2 8.90236E-2 1.11978E-1 1.18468E-1 1.5018E-1 2.41591E-1 2.78817E-1 2.77716E-1 3.03014E-1 3.23863E-1 3.37824E-1 3.07407E-1 2.38115E-1 2.26331E-1 1.92522E-1 1.88089E-1 1.91767E-1 1.89671E-1 1.85107E-1 1.8183E-1 1.80051E-1 1.78783E-1 1.8893E-1 2.12582E-1 2.46109E-1 2.13633E-1 2.12069E-1 1.78698E-1 1.77063E-1 1.91118E-1 1.83971E-1
4.28511E-2 4.37479E-2 4.08168E-2 4.12965E-2 4.07524E-2 3.97317E-2 3.79791E-2 4.17232E-2 3.97848E-2 4.03407E-2 4.22089E-2 4.30852E-2 4.31827E-2 4.26664E-2 4.54959E-2 4.40114E-2 4.06267E-2 3.32521E-2 2.06172E-2 2.06187E-2 2.0283E-2 2.63396E-2 3.43085E-2 3.5581E-2 3.36108E-2 3.00287E-2 2.60497E-2 2.71898E-2 2.9104E-2 3.19555E-2 3.61396E-2 4.47072E-2 7.91473E-2 7.4699E-2 5.95233E-2 7.38202E-2 9.67212E-2 1.07111E-1 1.4335E-1 2.1433E-1 2.36349E-1 2.57592E-1 2.76054E-1 2.84227E-1 3.19713E-1 3.12008E-1 2.98754E-1 2.67534E-1 2.06137E-1 1.91694E-1 1.83667E-1 1.8712E-1 1.90015E-1 1.8472E-1 1.77236E-1 1.74056E-1 1.69483E-1 2.3703E-1 2.08449E-1 2.02232E-1 1.94465E-1 1.87806E-1 1.89142E-1 1.76383E-1 1.77832E-1
4.0868E-2 4.19452E-2 3.96003E-2 3.93122E-2 3.85869E-2 3.77048E-2 3.82016E-2 4.06565E-2 3.81598E-2 4.17207E-2 4.2388E-2 4.45221E-2 4.37577E-2 4.25709E-2 4.29127E-2 4.29098E-2 4.42832E-2 4.23735E-2 3.24326E-2 3.07326E-2 3.44346E-2 3.02964E-2 3.08631E-2 2.58361E-2 2.325E-2 2.48031E-2 2.80038E-2 3.54361E-2 3.83555E-2 4.49696E-2 5.16687E-2 5.27388E-2 5.11538E-2 5.79532E-2 6.5324E-2 9.09357E-2 1.25548E-1 1.45808E-1 1.75095E-1 2.19261E-1 2.18264E-1 2.22875E-1 2.29825E-1 2.42878E-1 3.04855E-1 2.80042E-1 2.97588E-1 2.31941E-1 1.85682E-1 1.77465E-1 1.78863E-1 1.93534E-1 1.88395E-1 1.7805E-1 1.82434E-1 1.87856E-1 1.85785E-1 2.11826E-1 1.81794E-1 1.89613E-1 1.8754E-1 2.06173E-1 1.92626E-1 1.76352E-1 1.75262E-1
3.78861E-2 3.89597E-2 3.78901E-2 3.85245E-2 3.76984E-2 3.58566E-2 3.70115E-2 3.90794E-2 3.84424E-2 4.20733E-2 3.73931E-2 4.02775E-2 4.19536E-2 3.50498E-2 3.62148E-2 3.67869E-2 4.02495E-2 4.07815E-2 3.72179E-2 3.52105E-2 3.66505E-2 2.91455E-2 2.46768E-2 2.228E-2 2.37264E-2 2.383E-2 3.06992E-2 4.86079E-2 5.59702E-2 6.38411E-2 5.86659E-2 5.24042E-2 4.23025E-2 5.05438E-2 7.03027E-2 1.01922E-1 1.44823E-1 1.38215E-1 1.59196E-1 1.87973E-1 1.8514E-1 1.83555E-1 1.80217E-1 2.16379E-1 2.61372E-1 2.49042E-1 2.57898E-1 2.06436E-1 1.8849E-1 1.84875E-1 1.86089E-1 1.98675E-1 1.8754E-1 1.78574E-1 1.8065E-1 1.84777E-1 2.21063E-1 2.09007E-1 1.91465E-1 1.72439E-1 2.06025E-1 2.0394E-1 1.8312E-1 1.72759E-1 1.70224E-1
3.59964E-2 3.72135E-2 3.4846E-2 3.54831E-2 3.52541E-2 3.66079E-2 3.62551E-2 3.7817E-2 4.00556E-2 3.83846E-2 3.66854E-2 4.39966E-2 3.72209E-2 2.69861E-2 2.62526E-2 2.74668E-2 2.97296E-2 2.77927E-2 2.44824E-2 2.22739E-2 2.1941E-2 2.1647E-2 2.22711E-2 2.42909E-2 2.80516E-2 2.82952E-2 3.67846E-2 5.47957E-2 5.9769E-2 5.82151E-2 4.01657E-2 3.97695E-2 4.43583E-2 5.58858E-2 8.31135E-2 1.07576E-1 1.13128E-1 1.05243E-1 1.18649E-1 1.5481E-1 1.52455E-1 1.40088E-1 1.48219E-1 1.68181E-1 2.21804E-1 2.49157E-1 2.03749E-1 1.8245E-1 1.74175E-1 1.78638E-1 1.82398E-1 1.9917E-1 1.93859E-1 1.97126E-1 1.87582E-1 2.23374E-1 2.22147E-1 2.00716E-1 1.99683E-1 1.9393E-1 2.04179E-1 1.92776E-1 1.82564E-1 1.76272E-1 1.5257E-1
3.59155E-2 3.45811E-2 3.47122E-2 3.40345E-2 3.61213E-2 3.94946E-2 3.81089E-2 3.6695E-2 3.97499E-2 3.46859E-2 3.91736E-2 3.54602E-2 3.11407E-2 2.83221E-2 2.75442E-2 2.69633E-2 2.74024E-2 2.73113E-2 2.6636E-2 2.73103E-2 2.50815E-2 2.54737E-2 2.77201E-2 3.12145E-2 3.24716E-2 3.4473E-2 4.08512E-2 5.30246E-2 6.00119E-2 5.56374E-2 4.21158E-2 4.2956E-2 5.75265E-2 7.31224E-2 1.00673E-1 1.0496E-1 1.08343E-1 9.52625E-2 1.05962E-1 1.36036E-1 1.52097E-1 1.40127E-1 1.48997E-1 1.7311E-1 2.09777E-1 2.22065E-1 1.95075E-1 1.93137E-1 1.81964E-1 1.97734E-1 1.92747E-1 1.87359E-1 1.85788E-1 1.95688E-1 2.22055E-1 2.30573E-1 2.30587E-1 1.93687E-1 2.09678E-1 1.95592E-1 2.09675E-1 2.09455E-1 1.91969E-1 1.75608E-1 1.602E-1
3.73768E-2 3.60716E-2 3.46504E-2 3.34114E-2 3.81143E-2 4.0629E-2 3.98716E-2 3.83127E-2 3.75928E-2 3.93732E-2 3.63866E-2 2.40987E-2 2.5914E-2 3.48227E-2 3.03937E-2 2.55857E-2 2.48713E-2 2.7825E-2 4.09384E-2 4.73073E-2 4.60175E-2 4.32189E-2 4.93551E-2 4.06335E-2 3.59951E-2 3.79183E-2 4.09427E-2 4.66776E-2 4.80746E-2 5.03416E-2 5.32161E-2 6.38491E-2 7.91055E-2 8.144E-2 1.04882E-1 1.05731E-1 1.12341E-1 1.02134E-1 1.1092E-1 1.31411E-1 1.50031E-1 1.6661E-1 1.82655E-1 1.74652E-1 1.60685E-1 1.83501E-1 1.6589E-1 1.77174E-1 1.88786E-1 1.95628E-1 1.91865E-1 1.94838E-1 2.00209E-1 2.17355E-1 2.20251E-1 2.31621E-1 2.26469E-1 1.81785E-1 2.0373E-1 1.83157E-1 2.07884E-1 2.06818E-1 1.94383E-1 1.73485E-1 1.48079E-1
3.78821E-2 3.70206E-2 3.3754E-2 3.42985E-2 3.69249E-2 4.17868E-2 4.32608E-2 4.13332E-2 3.44458E-2 4.05546E-2 3.80928E-2 3.39954E-2 3.55689E-2 4.21657E-2 3.82473E-2 3.40319E-2 3.3748E-2 3.48536E-2 3.19656E-2 3.57685E-2 4.72033E-2 4.07734E-2 3.08521E-2 2.95086E-2 2.80723E-2 2.99529E-2 3.63819E-2 4.61001E-2 4.63363E-2 4.67619E-2 6.32495E-2 6.81223E-2 7.69407E-2 7.48367E-2 9.81645E-2 9.28551E-2 9.74845E-2 8.6812E-2 8.89179E-2 9.53678E-2 1.21249E-1 1.58166E-1 1.60734E-1 1.59679E-1 1.53903E-1 1.53448E-1 1.62905E-1 1.59209E-1 1.81145E-1 1.93156E-1 1.817E-1 1.79738E-1 2.11078E-1 2.11567E-1 2.04348E-1 2.11609E-1 2.20461E-1 2.0075E-1 2.00455E-1 1.80765E-1 1.9859E-1 2.10951E-1 1.9513E-1 1.81857E-1 1.48861E-1
3.52122E-2 3.5016E-2 3.73889E-2 3.78927E-2 3.65585E-2 3.9645E-2 3.96682E-2 3.99289E-2 3.60142E-2 4.31131E-2 4.19337E-2 4.25142E-2 4.48877E-2 4.73776E-2 4.49742E-2 4.29885E-2 4.22461E-2 3.71187E-2 2.62976E-2 3.13135E-2 4.84061E-2 3.32596E-2 2.71574E-2 2.67375E-2 2.80227E-2 2.94696E-2 3.23557E-2 4.49868E-2 4.56948E-2 4.91728E-2 6.06526E-2 6.12184E-2 6.53673E-2 7.03992E-2 9.49739E-2 8.24438E-2 7.82204E-2 7.35295E-2 7.72444E-2 8.48049E-2 9.23692E-2 1.36384E-1 1.46746E-1 1.3602E-1 1.42483E-1 1.5331E-1 1.58326E-1 1.59423E-1 1.68823E-1 1.78758E-1 1.72851E-1 1.83718E-1 2.26216E-1 2.12414E-1 2.06943E-1 2.04891E-1 2.00358E-1 1.98214E-1 1.89995E-1 1.75255E-1 1.9964E-1 2.05524E-1 1.93753E-1 1.76478E-1 1.52211E-1
3.78702E-2 3.63305E-2 3.76606E-2 3.97846E-2 3.94899E-2 4.17318E-2 4.14313E-2 4.26393E-2 3.84044E-2 4.80113E-2 4.30748E-2 3.28648E-2 3.1386E-2 3.60601E-2 3.32587E-2 3.16318E-2 3.30338E-2 3.30141E-2 3.07997E-2 3.3565E-2 3.90806E-2 3.86178E-2 3.86279E-2 3.98817E-2 3.96621E-2 4.09411E-2 4.32793E-2 4.91943E-2 5.31519E-2 5.4197E-2 4.39078E-2 4.13926E-2 4.5049E-2 5.62994E-2 9.40786E-2 6.63851E-2 5.86891E-2 6.4547E-2 7.17601E-2 8.72882E-2 8.67674E-2 9.97534E-2 1.21287E-1 1.45923E-1 1.30253E-1 1.31688E-1 1.43489E-1 1.5234E-1 1.57062E-1 1.62048E-1 1.74453E-1 1.85227E-1 2.19543E-1 2.03479E-1 2.04715E-1 2.02592E-1 1.94768E-1 1.83801E-1 1.88067E-1 1.67103E-1 1.92727E-1 1.94696E-1 1.82654E-1 1.7325E-1 1.52773E-1
4.17306E-2 4.2197E-2 4.0657E-2 4.18462E-2 3.99454E-2 3.83415E-2 3.93694E-2 4.08137E-2 4.25971E-2 4.73462E-2 4.16891E-2 2.95691E-2 2.96864E-2 2.98689E-2 2.95449E-2 3.00027E-2 3.0836E-2 3.2618E-2 3.4033E-2 3.33072E-2 3.03273E-2 4.06622E-2 5.03905E-2 4.95261E-2 4.91729E-2 4.95746E-2 4.64509E-2 4.8616E-2 5.16805E-2 5.16217E-2 3.53873E-2 3.91651E-2 4.07261E-2 5.74549E-2 9.09587E-2 6.5481E-2 5.65952E-2 6.18269E-2 6.72177E-2 8.17491E-2 7.79583E-2 8.82598E-2 9.92057E-2 1.44889E-1 1.3779E-1 1.08266E-1 1.22769E-1 1.37975E-1 1.40074E-1 1.45302E-1 1.51989E-1 1.73454E-1 1.98318E-1 1.92975E-1 1.91135E-1 2.00669E-1 1.98244E-1 1.74604E-1 1.77478E-1 1.62649E-1 1.78364E-1 1.93802E-1 1.89157E-1 1.57566E-1 1.43118E-1
3.74532E-2 3.94114E-2 4.43196E-2 4.21535E-2 3.93147E-2 4.14008E-2 4.20902E-2 4.12446E-2 4.49936E-2 4.29084E-2 4.34554E-2 3.64316E-2 3.14949E-2 3.029E-2 2.99249E-2 3.20088E-2 3.73468E-2 3.74421E-2 3.3047E-2 3.34891E-2 3.15962E-2 3.70623E-2 4.69942E-2 4.61117E-2 4.60602E-2 3.48569E-2 3.44098E-2 3.78513E-2 3.88475E-2 4.0739E-2 3.58381E-2 3.98493E-2 4.92468E-2 6.93959E-2 8.43327E-2 8.01902E-2 6.84278E-2 5.90171E-2 6.64195E-2 7.39355E-2 7.20088E-2 8.64257E-2 9.9808E-2 1.33723E-1 1.23795E-1 1.04246E-1 1.1815E-1 1.23481E-1 1.39557E-1 1.39601E-1 1.36884E-1 1.57311E-1 1.73635E-1 1.85604E-1 1.73304E-1 1.80052E-1 1.89117E-1 1.6543E-1 1.63745E-1 1.57017E-1 1.67504E-1 1.83313E-1 1.69068E-1 1.66676E-1 1.53901E-1
3.58172E-2 3.90336E-2 4.52593E-2 4.20858E-2 4.10096E-2 4.25798E-2 4.38902E-2 4.49692E-2 4.81661E-2 4.28612E-2 4.44895E-2 3.88908E-2 3.46504E-2 3.1265E-2 3.16519E-2 3.29855E-2 3.79551E-2 4.05242E-2 4.01896E-2 3.93491E-2 3.51286E-2 4.17604E-2 4.86035E-2 4.84864E-2 4.54236E-2 3.37381E-2 3.25307E-2 3.28608E-2 3.42359E-2 3.62765E-2 3.57493E-2 3.99071E-2 4.74937E-2 5.69363E-2 6.29475E-2 7.22601E-2 7.79146E-2 5.58556E-2 6.26631E-2 6.59852E-2 6.84366E-2 7.05079E-2 7.00091E-2 9.33709E-2 9.68888E-2 1.05376E-1 1.14183E-1 1.14173E-1 1.22919E-1 1.30558E-1 1.24715E-1 1.51725E-1 1.52698E-1 1.70114E-1 1.65294E-1 1.64797E-1 1.65485E-1 1.54607E-1 1.47493E-1 1.45728E-1 1.57919E-1 1.62926E-1 1.33315E-1 1.28112E-1 1.36714E-1
3.90398E-2 3.98866E-2 4.5863E-2 4.33307E-2 4.35514E-2 4.31274E-2 4.57442E-2 4.71035E-2 5.08272E-2 4.66587E-2 4.56878E-2 3.92957E-2 3.91791E-2 4.11881E-2 3.65709E-2 3.70525E-2 3.8274E-2 4.22778E-2 5.25686E-2 5.7696E-2 6.14941E-2 5.745E-2 5.45213E-2 4.90162E-2 4.54399E-2 3.90431E-2 3.34354E-2 3.22572E-2 3.2966E-2 3.57534E-2 3.48286E-2 3.74872E-2 3.94571E-2 4.21965E-2 4.54879E-2 6.16192E-2 8.06992E-2 5.265E-2 5.72247E-2 5.92819E-2 6.0734E-2 6.43181E-2 6.9653E-2 7.7206E-2 8.59434E-2 8.3281E-2 9.04766E-2 1.11248E-1 1.1726E-1 1.20004E-1 1.15515E-1 1.35034E-1 1.31611E-1 1.54098E-1 1.51017E-1 1.4904E-1 1.58684E-1 1.52329E-1 1.26978E-1 1.38542E-1 1.50723E-1 1.55618E-1 1.25886E-1 1.11774E-1 1.24128E-1
4.34277E-2 3.92391E-2 4.63931E-2 4.24866E-2 4.58443E-2 4.26774E-2 3.97066E-2 4.23902E-2 5.07362E-2 4.99098E-2 4.3226E-2 3.45371E-2 3.56151E-2 4.43515E-2 4.05314E-2 3.99747E-2 4.10282E-2 4.40296E-2 5.76914E-2 6.43007E-2 6.47871E-2 5.88421E-2 5.89338E-2 4.79985E-2 4.31414E-2 3.75289E-2 3.36304E-2 3.23827E-2 3.25275E-2 3.52467E-2 3.45827E-2 3.78885E-2 3.90367E-2 4.02916E-2 4.24073E-2 5.5628E-2 7.27689E-2 5.28128E-2 5.48223E-2 5.25046E-2 5.55967E-2 5.96109E-2 5.7701E-2 6.32739E-2 8.66143E-2 7.79054E-2 7.68413E-2 9.09089E-2 1.05738E-1 1.07638E-1 1.08332E-1 1.291E-1 1.24159E-1 1.32778E-1 1.51136E-1 1.29463E-1 1.41377E-1 1.37998E-1 1.10956E-1 1.22588E-1 1.37809E-1 1.24997E-1 1.10379E-1 1.07681E-1 1.17614E-1
4.2373E-2 4.34997E-2 4.46045E-2 4.42247E-2 4.75244E-2 4.30978E-2 3.65319E-2 4.05799E-2 5.08624E-2 4.96136E-2 4.1278E-2 3.66651E-2 3.78273E-2 4.4236E-2 4.14635E-2 4.44525E-2 4.67644E-2 5.44882E-2 6.49444E-2 7.00659E-2 6.67306E-2 5.67699E-2 4.93E-2 4.46096E-2 4.39406E-2 3.6447E-2 3.29089E-2 3.29248E-2 3.21704E-2 3.29771E-2 3.54787E-2 3.53978E-2 3.68543E-2 3.85907E-2 3.83855E-2 5.27761E-2 6.79018E-2 5.14012E-2 5.04679E-2 5.27622E-2 5.77684E-2 5.49258E-2 5.58106E-2 5.945E-2 7.05591E-2 8.17686E-2 7.30488E-2 8.13888E-2 1.10354E-1 1.09123E-1 1.00508E-1 1.10168E-1 1.19354E-1 1.11767E-1 1.34293E-1 1.35369E-1 1.26047E-1 1.17397E-1 1.10296E-1 1.20872E-1 1.13978E-1 1.0781E-1 1.05144E-1 1.02676E-1 1.1966E-1
3.95659E-2 4.8653E-2 4.68487E-2 4.70027E-2 4.50719E-2 4.17686E-2 3.8982E-2 4.18092E-2 4.98136E-2 4.49823E-2 4.12625E-2 4.19383E-2 3.83014E-2 4.01151E-2 4.33933E-2 5.39745E-2 6.00066E-2 6.44205E-2 7.20377E-2 6.79787E-2 5.80547E-2 5.33909E-2 4.2703E-2 3.52584E-2 3.39074E-2 3.35449E-2 3.25565E-2 3.41602E-2 3.31623E-2 3.34115E-2 3.58212E-2 3.58001E-2 3.49952E-2 3.78231E-2 3.85542E-2 4.86941E-2 6.69269E-2 5.08228E-2 4.77938E-2 4.814E-2 4.82832E-2 5.04133E-2 5.48366E-2 5.95688E-2 5.76713E-2 7.82468E-2 7.36885E-2 7.17155E-2 9.90185E-2 1.00963E-1 8.82354E-2 1.02262E-1 1.17012E-1 1.08216E-1 1.09353E-1 1.13257E-1 1.30081E-1 1.05881E-1 1.11853E-1 1.14435E-1 1.09161E-1 9.46499E-2 9.61139E-2 9.05929E-2 1.12191E-1
3.98175E-2 5.30899E-2 4.78753E-2 4.6172E-2 4.23633E-2 4.23109E-2 4.22801E-2 4.38816E-2 4.82003E-2 4.62855E-2 4.65522E-2 4.45519E-2 4.26406E-2 4.11719E-2 5.49136E-2 7.11219E-2 7.01226E-2 7.28957E-2 7.2278E-2 6.25558E-2 5.1782E-2 4.76816E-2 4.02113E-2 3.2811E-2 3.38829E-2 3.19533E-2 3.21907E-2 3.25623E-2 3.4097E-2 3.20361E-2 3.61541E-2 3.58614E-2 3.54661E-2 3.61005E-2 3.65396E-2 4.61015E-2 5.38664E-2 4.80122E-2 4.59616E-2 5.00894E-2 4.6825E-2 4.85794E-2 5.03881E-2 5.78655E-2 5.49547E-2 5.95298E-2 7.78421E-2 6.95824E-2 8.95802E-2 9.21789E-2 9.01385E-2 1.01378E-1 1.0071E-1 1.07968E-1 8.94638E-2 1.12428E-1 1.32429E-1 1.32012E-1 1.20566E-1 1.14351E-1 1.08155E-1 9.79883E-2 9.43599E-2 1.07782E-1 9.40296E-2
3.98738E-2 5.40479E-2 4.58421E-2 4.80538E-2 4.43241E-2 4.42879E-2 4.5534E-2 4.54578E-2 4.73911E-2 4.97614E-2 4.85122E-2 4.25242E-2 4.91638E-2 5.97838E-2 6.61309E-2 6.60656E-2 6.74157E-2 6.58533E-2 6.37783E-2 5.18856E-2 4.05055E-2 3.92E-2 4.41818E-2 3.34192E-2 3.24853E-2 3.36067E-2 3.38796E-2 3.35474E-2 3.29193E-2 3.39661E-2 3.63018E-2 3.56283E-2 3.66389E-2 3.59043E-2 4.36917E-2 3.78097E-2 3.79426E-2 4.24186E-2 4.35037E-2 4.7799E-2 4.864E-2 4.4444E-2 5.16391E-2 5.47352E-2 4.87491E-2 6.0834E-2 7.17049E-2 6.90323E-2 8.67765E-2 9.68342E-2 8.8419E-2 8.93389E-2 9.95823E-2 1.04702E-1 7.56284E-2 9.40473E-2 1.10976E-1 1.11994E-1 1.15605E-1 1.12698E-1 1.13425E-1 1.04561E-1 9.87929E-2 9.6217E-2 8.79154E-2
4.59581E-2 5.63102E-2 5.15052E-2 5.39544E-2 5.08624E-2 5.03041E-2 5.19693E-2 5.34336E-2 5.19834E-2 5.26255E-2 6.08053E-2 5.31891E-2 6.29956E-2 7.15671E-2 6.85153E-2 6.10679E-2 5.3195E-2 4.62018E-2 4.99837E-2 4.36848E-2 3.27528E-2 4.02848E-2 4.06311E-2 3.53442E-2 3.49021E-2 3.56376E-2 3.33044E-2 3.25454E-2 3.3624E-2 3.42441E-2 3.29183E-2 3.40539E-2 3.57567E-2 3.53851E-2 5.09429E-2 3.79504E-2 3.71205E-2 4.14753E-2 4.06286E-2 3.99696E-2 4.9661E-2 4.7143E-2 4.69346E-2 4.75961E-2 4.72611E-2 5.68733E-2 6.55834E-2 6.47604E-2 7.91099E-2 9.26433E-2 8.52913E-2 8.76353E-2 8.57828E-2 9.76385E-2 8.78584E-2 7.74975E-2 9.77528E-2 1.04159E-1 1.008E-1 1.09899E-1 1.06239E-1 9.20053E-2 8.75589E-2 7.87729E-2 7.13616E-2
5.59232E-2 6.26077E-2 5.55704E-2 6.03079E-2 5.57031E-2 5.38699E-2 5.72852E-2 7.04122E-2 7.50369E-2 8.09239E-2 7.82565E-2 7.43652E-2 7.91023E-2 6.94457E-2 6.11908E-2 5.601E-2 4.62929E-2 4.06592E-2 4.66849E-2 4.20651E-2 3.33742E-2 3.6534E-2 4.18498E-2 3.63139E-2 3.44482E-2 3.44599E-2 3.35913E-2 3.48913E-2 3.47653E-2 3.2448E-2 3.22122E-2 3.23081E-2 3.44335E-2 3.61559E-2 5.40902E-2 3.93207E-2 3.3504E-2 3.99805E-2 4.19309E-2 3.8084E-2 4.12922E-2 4.56799E-2 4.51254E-2 4.8528E-2 5.34367E-2 5.1851E-2 6.07668E-2 6.26347E-2 7.28411E-2 9.1467E-2 8.1077E-2 7.86773E-2 7.63112E-2 9.15759E-2 9.80547E-2 8.40897E-2 9.55979E-2 1.00484E-1 9.05515E-2 8.6443E-2 8.35002E-2 8.43572E-2 7.44058E-2 6.9718E-2 6.13452E-2
6.34884E-2 6.73283E-2 6.31413E-2 6.75502E-2 5.78255E-2 5.67782E-2 6.27106E-2 6.4681E-2 6.18299E-2 6.79439E-2 7.68662E-2 8.20602E-2 7.99387E-2 7.05841E-2 6.25139E-2 6.42291E-2 5.18244E-2 4.35851E-2 4.12569E-2 3.85531E-2 3.7937E-2 3.66743E-2 3.55276E-2 3.65896E-2 3.47873E-2 3.45013E-2 3.47379E-2 3.39767E-2 3.44107E-2 3.17181E-2 3.13231E-2 3.14511E-2 3.34233E-2 3.62059E-2 4.35384E-2 3.89971E-2 3.21397E-2 3.69447E-2 4.0703E-2 3.49037E-2 3.64709E-2 4.51447E-2 4.53523E-2 5.11841E-2 5.08463E-2 4.83625E-2 5.94485E-2 6.06913E-2 7.20913E-2 8.64788E-2 7.86192E-2 6.99335E-2 7.45947E-2 8.8735E-2 8.91661E-2 9.28524E-2 9.74022E-2 9.44569E-2 7.5208E-2 6.38314E-2 7.54646E-2 8.37908E-2 6.34686E-2 5.88458E-2 5.79692E-2
7.1326E-2 7.59166E-2 7.39708E-2 7.84023E-2 6.4342E-2 6.37395E-2 6.87763E-2 7.1681E-2 7.05066E-2 7.26846E-2 8.09023E-2 8.68716E-2 8.04967E-2 6.46197E-2 6.48765E-2 7.03881E-2 5.71243E-2 4.67841E-2 4.01254E-2 3.60301E-2 4.09974E-2 3.8266E-2 3.61811E-2 3.65376E-2 3.6771E-2 3.52314E-2 3.48384E-2 3.53725E-2 3.32793E-2 3.0783E-2 3.1996E-2 3.30109E-2 3.15752E-2 3.62311E-2 3.87946E-2 3.74768E-2 3.23855E-2 3.79978E-2 4.17543E-2 3.77292E-2 3.57139E-2 4.10168E-2 4.65364E-2 5.11944E-2 4.69858E-2 4.68054E-2 5.08652E-2 5.6183E-2 6.8078E-2 8.13425E-2 7.60527E-2 6.47028E-2 7.03946E-2 7.8872E-2 8.13522E-2 9.31589E-2 8.79908E-2 8.15487E-2 6.31183E-2 5.1415E-2 6.30245E-2 6.60878E-2 5.27956E-2 4.43329E-2 6.22303E-2
7.33322E-2 7.78377E-2 7.99557E-2 8.44538E-2 7.55503E-2 7.54367E-2 7.92005E-2 7.94095E-2 8.02786E-2 9.05736E-2 9.59523E-2 9.88322E-2 8.32571E-2 6.09733E-2 6.06532E-2 7.29326E-2 6.50961E-2 5.38676E-2 4.3656E-2 4.06338E-2 4.22869E-2 4.07805E-2 3.90046E-2 3.9314E-2 3.67845E-2 3.63185E-2 3.4247E-2 3.58005E-2 3.24199E-2 3.11612E-2 3.09624E-2 3.33858E-2 3.56027E-2 4.24754E-2 4.52073E-2 3.70556E-2 3.14272E-2 3.86322E-2 4.38951E-2 3.94109E-2 3.42959E-2 3.67704E-2 4.44182E-2 4.91925E-2 4.46127E-2 4.59983E-2 4.33074E-2 5.15327E-2 6.85787E-2 7.73979E-2 7.61859E-2 6.24917E-2 6.73377E-2 7.15692E-2 6.95854E-2 8.88508E-2 7.9392E-2 6.76096E-2 5.17349E-2 4.29929E-2 5.61995E-2 5.2966E-2 4.80884E-2 4.13288E-2 5.76731E-2
