arrival.asc
NCOLS 638
NROWS 825
XLLCORNER -2985163.8955
YLLCORNER -3022031.214
CELLSIZE 10000
NODATA_value -1
[rows 165 to 219 of 825, columns 288 to 383 of 638]
3595 3592 3549 3529 3587 3556 3560 3560 -1 -1 -1 -1 -1 -1 -1 -1 -1 3446 3460 3441 3441 3449 3446 3418 3412 3385 3409 3409 3379 3396 3410 3444 3444 3463 3477 3449 3450 3457 3482 3513 3513 3473 3466 3500 3514 3553 3537 3491 3505 3488 3488 3459 3481 3481 3440 3459 3459 3426 3374 3432 3446 3459 3425 3419 3385 -1 -1 -1 -1 -1 -1 -1 -1 -1 -1 -1 -1 -1 -1 -1 -1 -1 -1 3244 3229 -1 -1 -1 -1 -1 -1 -1 -1 -1 -1 -1
3581 3561 3547 3503 3553 3529 3546 3526 -1 -1 -1 -1 -1 -1 -1 3466 -1 3480 3463 3439 3453 3453 3449 3446 3412 3412 3395 3412 3395 3410 3413 3376 3409 3443 3443 3443 3471 3471 3448 3445 3499 3444 3442 3483 3509 3537 3506 3503 3489 3489 3488 3488 3494 3460 3474 3474 3440 3406 3410 3412 3446 3454 3425 3411 3385 -1 -1 -1 -1 -1 -1 -1 -1 -1 -1 -1 -1 -1 -1 -1 -1 -1 -1 3195 3229 3215 -1 -1 -1 -1 -1 -1 -1 -1 -1 -1
3557 3543 3527 3539 3572 3553 3526 3512 -1 -1 -1 -1 -1 -1 3465 -1 3494 3494 3460 3432 3419 3422 3431 3431 3415 3398 3381 3395 3426 3426 3392 3392 3412 3381 3409 3429 3437 3437 3411 3431 3445 3411 3438 3441 3506 3503 3503 3489 3455 3475 3474 3483 3483 3508 3508 3479 3465 3440 3424 3424 3440 3454 3425 3420 3385 3371 3300 -1 3307 3198 -1 -1 -1 3231 3231 -1 -1 -1 -1 -1 -1 -1 -1 -1 -1 -1 -1 -1 -1 -1 -1 -1 -1 -1 3184 3198
3585 3557 -1 3558 3572 3522 3519 3495 -1 -1 -1 -1 3317 3455 3469 -1 3492 -1 3458 3379 -1 3362 3417 3397 3400 3384 3381 3376 3386 3386 3392 3386 3381 3409 3361 3437 3423 3403 3403 3367 3393 3407 3404 3438 3469 3455 3406 3426 3440 3474 3460 3449 3469 3474 3479 3477 3413 3412 3409 3390 3420 3386 3420 3389 3358 3354 3334 3332 3313 3321 -1 -1 3247 3262 3248 -1 -1 -1 -1 -1 -1 -1 -1 -1 -1 -1 -1 -1 -1 -1 -1 -1 -1 -1 3218 3232
3585 3551 -1 3468 3538 3538 3511 3491 -1 -1 -1 -1 -1 -1 3469 -1 3478 3492 3461 3430 -1 3365 3363 3397 3383 3379 3410 -1 3352 3355 3372 3378 3386 3355 3378 3378 3403 3389 3369 3387 3401 3407 3404 3438 3424 3395 3409 3440 3443 3440 3443 3443 3429 3448 3445 3431 3412 3410 3396 3384 3403 3386 3372 3406 3359 3359 3332 3334 3321 3327 3330 3261 3299 3265 3262 -1 -1 -1 -1 -1 -1 -1 -1 -1 -1 -1 -1 -1 -1 -1 -1 3117 3117 -1 -1 3232
3551 3554 -1 3560 3538 3524 3525 3525 -1 -1 -1 -1 -1 -1 -1 -1 -1 -1 3461 3423 3379 3379 3371 3375 3375 3444 3430 3410 3329 3343 3329 3345 3363 3363 3344 3369 3372 3372 3370 3401 3412 3426 3437 3407 3419 3419 3433 3463 3460 3494 3480 3475 3443 3445 3445 3443 3443 3429 3423 3403 3389 3375 3393 3393 3359 3345 3359 3359 3345 3316 3230 3330 3299 3296 -1 -1 -1 -1 -1 -1 -1 -1 -1 -1 -1 -1 -1 -1 -1 -1 -1 -1 -1 -1 -1 3201
3563 3551 3563 3546 3560 3543 -1 -1 -1 3485 -1 -1 -1 -1 3492 3492 -1 -1 3423 -1 3392 3406 3441 3475 3444 3410 3444 3421 3396 3370 3343 3345 3357 3344 3349 3357 3386 3386 3367 3391 3426 3437 3423 3412 3426 3426 3444 3464 3494 3460 3446 3475 3461 3445 3459 3459 3471 3437 3437 3431 3410 3379 3389 3358 3355 3371 3325 3337 3296 -1 -1 3261 3296 3282 -1 -1 -1 -1 -1 -1 -1 -1 -1 -1 -1 -1 -1 3127 3127 -1 -1 -1 -1 -1 -1 3163
3566 -1 3574 3577 3577 3561 -1 -1 -1 3494 3485 3475 3509 3526 3526 3492 -1 -1 3399 3400 3406 3413 3475 3441 3376 3373 3352 3421 3407 3356 3370 3368 3334 3371 3371 3357 3386 3386 3372 3377 3391 3388 3388 3402 3410 3432 3446 3444 3464 3464 3519 3499 3492 3445 3493 3493 3471 3457 3431 3406 3417 3410 3391 3389 3371 3337 3337 -1 3258 -1 -1 -1 3199 -1 -1 -1 -1 -1 -1 -1 -1 -1 -1 -1 -1 -1 -1 3161 3161 3164 -1 -1 -1 -1 -1 3149
3548 3528 3560 3574 3561 3547 3529 3529 3477 3480 3494 3478 3509 3521 3512 3495 3461 3433 3433 3409 3400 3407 3461 3427 3407 3405 3390 3374 3387 3350 3357 3357 3368 3354 3385 3385 3372 3352 3368 3337 3371 3374 3388 3402 3410 3412 3446 3450 3468 3533 3533 3506 3440 3424 3427 3479 3462 3437 3400 3400 3379 3391 3377 3409 3395 3376 3340 3339 3319 -1 -1 -1 -1 -1 -1 -1 -1 -1 -1 -1 -1 -1 -1 -1 -1 -1 -1 3147 3181 3195 -1 -1 -1 -1 -1 -1
3588 3528 3569 3583 -1 3554 -1 -1 3497 3449 3461 3495 3521 3543 3543 3429 3430 3419 3440 3412 3397 3397 3393 3407 3419 3419 3388 3387 3373 3350 3336 3343 3323 3334 3348 3371 3385 3368 3354 3357 3371 3391 3374 3368 3368 3396 3396 3430 3465 3499 3499 3485 3506 3472 3421 3427 3442 3411 3390 3390 3390 3375 3375 3409 3350 3390 3353 3353 3327 3313 -1 -1 -1 -1 -1 -1 -1 3212 3212 3178 3172 -1 -1 -1 -1 -1 -1 -1 3195 3133 3164 3126 -1 -1 3014 3065
3623 3589 3554 3583 3554 -1 -1 -1 -1 -1 3475 3490 3443 3509 3529 3474 3460 3440 3426 3426 3411 -1 3397 3405 3405 3385 3419 3388 3362 3348 3348 3348 3333 3344 3344 3351 3351 3425 3439 3405 3405 3405 3377 3377 3377 3351 3361 3406 3392 3465 3413 3426 3472 3475 3455 3455 3442 3418 3398 3377 3376 3390 3361 3378 3390 3350 3347 3357 3343 3327 3300 3277 3277 3263 -1 -1 -1 -1 3198 3181 -1 -1 -1 -1 -1 -1 -1 -1 -1 -1 -1 3126 3112 -1 -1 -1
3603 3560 3574 3588 3567 3547 3515 -1 -1 -1 -1 -1 3444 3457 3491 3477 3474 3443 3414 3411 3426 3411 3422 3422 3391 3402 3419 3405 3385 3372 3372 3358 3333 3330 3337 3348 3351 3357 3357 3439 3408 3411 3411 3404 3390 3351 3375 3374 3451 3375 3465 3434 3472 3438 3421 3441 3449 3418 3412 3374 3388 3356 3359 3356 3356 3359 3351 3357 3323 3303 3317 3300 3264 3264 3262 -1 -1 -1 -1 -1 -1 -1 3160 -1 -1 -1 -1 -1 -1 -1 3092 3078 3126 3098 3064 3085
3637 3577 3588 3601 3581 3581 3547 3485 -1 -1 -1 3413 3426 3433 3457 3491 3477 3463 3435 3445 3414 3414 3411 3408 3391 3388 3402 3399 3406 3392 3376 3362 3348 3334 3340 3334 3348 3343 3335 3335 3370 3370 3397 3404 3390 3375 3374 3375 3383 3431 3431 3434 3424 3421 3438 3435 3449 3412 3386 3352 3357 3388 3342 3325 3356 3351 3351 3348 3327 3325 3317 3286 3250 3264 3262 -1 -1 -1 -1 -1 -1 -1 3146 3160 3126 3091 -1 -1 3107 3119 3093 3095 3099 3095 3089 3103
3613 3597 3611 3615 3615 3548 3550 3505 3481 3481 3439 3439 3426 3455 3467 3467 3500 3449 3445 3445 3431 3427 3425 3381 3361 3368 3375 3389 3399 3406 3376 3373 3365 3348 3329 3340 3333 3335 3320 3321 3356 3370 3373 3373 3390 3376 3375 3375 3431 3397 3417 3407 3403 3407 3412 3415 3415 3401 3386 3372 3354 3354 3348 3338 3348 3366 3351 3362 3352 3341 3325 3283 3265 3250 3202 -1 -1 3167 3153 3136 3125 3155 3155 3155 3129 3121 3122 3110 3141 3133 3079 3102 3095 3094 3102 3103
3672 3631 3611 3611 3597 3551 3520 3488 3484 3470 3490 3504 3456 3454 3454 3453 3514 3480 3483 3473 3458 3444 3438 3411 3387 3347 3355 3409 3389 3375 3379 3379 3373 3347 3330 3333 3368 3354 3334 3334 3340 3339 3359 3373 3380 3394 3395 3397 3400 3400 3390 3410 3407 3411 3412 3413 3415 3405 3365 3365 3354 3362 3352 3348 3387 3380 3380 3362 3352 3341 3311 3265 3265 3203 3182 3170 -1 3167 3168 3180 3194 3193 3224 3190 3190 3122 3127 3127 3141 3141 3133 3102 3099 3102 3091 3098
3665 3645 3645 3631 3631 3582 3533 3547 3484 3490 3518 3518 3459 3483 3520 3548 3517 3514 3487 3486 3458 3452 3452 3435 3443 3423 3423 3423 3411 3391 3394 3378 3378 3359 3318 3329 3334 3368 3355 3343 3326 3340 3347 3339 3360 3394 3381 3395 3396 3396 3424 3393 3441 3407 3411 3413 3405 3391 3368 3362 3353 3362 3367 3352 3373 3387 3355 3346 3356 3338 3310 3278 3258 3244 3224 3168 3182 3182 3168 3194 3160 3158 3210 3224 3176 3125 3124 3127 3113 3100 3140 3099 -1 3090 3084 3091
3679 3643 3648 3648 3617 3597 3582 3553 3547 3522 3552 3552 3521 3521 3548 3479 3517 3486 3486 3487 3486 3486 3469 3452 3457 3457 3445 3431 3425 3425 3412 3388 3388 3374 3332 3316 3335 3355 3343 3343 3346 3347 3333 3339 3340 3347 3337 3430 3430 3396 3424 3410 3408 3441 3397 3397 3381 3376 3368 3366 3362 3367 3355 3355 3363 3363 3353 3355 3342 3356 3287 3284 3264 3258 3231 3217 3168 3159 3160 3187 3187 3172 3172 3156 3156 3124 3090 3076 3090 -1 -1 -1 3093 3093 3089 3067
3645 3648 3643 3634 3614 3581 3597 3553 3558 3519 3524 3538 3518 3490 3534 3465 3461 3479 3479 3472 3458 3472 3469 3455 3466 3466 3466 3480 3480 3449 3415 3396 3395 3381 3373 3335 3335 3338 3341 3377 3346 3327 3341 3341 3337 3340 3361 3361 3416 3396 3405 3436 3427 3394 3372 3383 3366 3376 3362 3366 3358 3358 3348 3348 3349 3329 3296 3285 3341 3295 3294 3285 3264 3273 3234 3231 3200 3159 3195 3160 3173 3138 3138 3142 3101 3101 3069 3051 -1 -1 -1 -1 -1 -1 -1 -1
3687 3623 3617 3612 3581 3576 3585 3571 3572 3538 3538 3507 3507 3483 3490 3507 3473 3461 3465 3458 3444 3427 3439 3433 3452 3432 3432 3401 3446 3449 3418 3401 3395 3387 3382 3369 3369 3357 3377 3391 3322 3345 3346 3346 3351 3361 3361 3374 3396 3386 3402 3436 3402 3345 3306 3337 3314 3328 3352 3320 3324 3344 3334 3314 3314 3305 3319 3296 3296 3294 3289 3289 3265 3287 3231 3211 3197 3195 3181 3161 3128 3138 -1 -1 -1 -1 -1 -1 -1 -1 -1 -1 -1 -1 3053 3067
3663 3637 3612 3626 3604 3590 3603 3585 3583 3572 3541 3538 3504 3469 3459 3493 3507 3473 3442 3443 3448 3439 3428 3428 3433 3401 3371 3432 3432 3446 3411 3395 3435 3387 3382 3395 3381 3387 3391 3363 3377 3342 3345 3351 3338 3352 3366 3382 3374 3368 3422 3402 3388 3318 3304 3323 3297 3294 3294 3306 3286 3237 3228 3300 3314 3319 3319 3315 3282 3280 3264 3275 3287 3265 3225 3195 3183 3183 3161 3127 3094 -1 -1 -1 -1 -1 -1 -1 -1 -1 -1 -1 -1 -1 -1 -1
3677 3646 3637 3626 3604 3584 3589 3603 3583 3569 3555 3521 3507 3476 3450 3450 3476 3483 3457 3426 3448 3425 3424 3422 3414 3415 3395 3381 3377 3397 3416 3387 3421 3435 3404 3395 3361 3387 3373 3360 3342 3356 3392 3375 3372 3354 3366 3370 3372 3400 3368 3371 3318 3308 3309 3293 3290 3294 3286 3280 3262 3258 3262 3284 3315 3319 3316 3288 3275 3250 3264 3253 3253 3256 3222 3195 3192 3158 3147 3096 -1 -1 -1 -1 -1 -1 -1 -1 -1 -1 -1 -1 -1 -1 -1 -1
3643 3646 3655 3632 3618 3598 3598 3597 3577 3563 3555 3541 3490 3480 3480 3473 3466 3487 3483 3457 3461 3424 3422 3427 3429 3395 3395 3361 3375 3416 3402 3385 3399 3404 3401 3398 3398 3382 3385 3354 3351 3406 3406 3372 3358 3368 3368 3372 3370 3366 3369 3354 3325 3319 3312 3308 3308 3295 3286 3292 3292 3279 3293 3293 3315 3323 3309 3283 3249 3215 3219 3239 3253 3208 3188 3192 3181 3158 3144 -1 -1 -1 -1 -1 -1 -1 -1 -1 -1 -1 -1 -1 -1 -1 -1 -1
3612 3643 3641 3655 3632 3598 3589 3597 3583 3577 3543 3524 3493 3521 3535 3535 3504 3485 3535 3521 3475 3441 3441 3441 3439 3429 3398 3406 3406 3392 3378 3399 3385 3418 3432 3398 3400 3416 3416 3402 3369 3338 3359 3373 3342 3359 3356 3356 3357 3357 3360 3360 3353 3353 3311 3294 3274 3329 3300 3300 3261 3278 3267 3301 3323 3320 3306 3269 3249 3235 3215 3219 3201 3167 3136 3178 3158 -1 -1 -1 -1 -1 -1 -1 -1 -1 -1 -1 -1 -1 -1 -1 -1 -1 -1 -1
3625 3639 3639 3624 3624 3612 3607 3589 3583 3579 3565 3545 3501 3501 3535 3535 3521 3516 3482 3535 3504 3475 3441 3439 3428 3428 3421 3421 3406 3440 3436 3406 3433 3432 3467 3436 3400 3368 3382 3369 3373 3338 3373 3366 3353 3349 3390 3356 3356 3361 3351 3351 3346 3339 3289 3289 3298 3329 3295 3286 3231 3258 3281 3292 3322 3320 3305 3236 3219 3187 3184 3201 3187 3139 3133 -1 -1 3123 -1 -1 -1 -1 -1 -1 -1 -1 -1 -1 -1 -1 -1 -1 -1 -1 -1 -1
3600 3608 3605 3621 3646 3621 3612 3598 3610 3597 3579 3563 3549 3501 3516 3550 3516 3482 3479 3501 3504 3476 3462 3445 3441 3440 3437 3426 3440 3450 3443 3475 3419 3467 3453 3433 3386 3350 3368 3382 3407 3407 3387 3387 3380 3380 3390 3372 3361 3345 3337 3342 3320 3311 3281 3281 3270 3292 3315 3281 3230 3262 3271 3284 3353 3319 3286 3272 3255 3177 3170 3167 3153 3098 -1 -1 -1 3146 3121 -1 -1 -1 -1 -1 -1 -1 -1 -1 -1 -1 -1 -1 -1 -1 -1 -1
3593 3602 3621 3607 3632 3646 3621 3610 3614 3600 3597 3563 3535 3536 3550 3553 3500 3479 3496 3510 3510 3476 3476 3460 3468 3468 3437 3419 3450 3474 3475 3441 3461 3435 3449 3415 3384 3381 3339 3377 3382 3393 3380 3373 3372 3376 3358 3372 3347 3345 3331 3342 3314 3314 3284 3273 3291 3291 3291 3264 3248 3262 3285 3319 3353 3319 3285 3286 3255 3177 3163 3129 3136 -1 -1 -1 -1 3132 3146 -1 -1 -1 -1 -1 -1 -1 -1 -1 -1 -1 -1 -1 -1 -1 -1 -1
3588 3602 3611 3611 3610 3612 3596 3590 3548 3614 3580 3591 3563 3584 3584 3562 3528 3476 3474 3481 3509 3479 3491 3491 3477 3470 3420 3416 3474 3440 3444 3441 3427 3415 3449 3415 3381 3408 3408 3374 3379 3380 3366 3370 3370 3372 3338 3343 3338 3324 3311 3283 3286 3286 3284 3273 3295 3257 3251 3255 3255 3254 3289 3289 3339 3288 3285 3285 3230 3216 3165 3136 3105 3047 -1 -1 -1 3101 3102 -1 -1 -1 -1 -1 -1 -1 -1 -1 -1 -1 -1 -1 -1 -1 -1 -1
3611 3645 3631 3610 3611 3579 3574 3560 3519 3566 3580 3605 3549 3550 3570 3548 3562 3529 3543 3543 3512 3509 3477 3490 3504 3456 3476 3430 3412 3460 3441 3414 3412 3398 3417 3383 3383 3394 3388 3387 3365 3379 3352 3348 3356 3338 3324 3342 3332 3311 3296 3280 3274 3274 3273 3278 3309 3257 3257 3241 3231 3259 3275 3324 3290 3254 3254 3252 3230 3196 3151 3119 3105 -1 -1 -1 -1 -1 -1 -1 -1 -1 -1 -1 -1 -1 -1 -1 -1 -1 -1 -1 -1 -1 -1 -1
3597 3645 3596 3559 3562 3631 3576 3581 3567 3574 3605 3580 3546 3511 3536 3550 3528 3531 3499 3499 3509 3495 3475 3504 3470 3507 3473 3416 3399 3381 3427 3414 3414 3414 3403 3417 3413 3388 3387 3357 3361 3361 3352 3338 3348 3336 3322 3332 3325 3318 3282 3272 3274 3274 3266 3275 3309 3265 3268 3265 3248 3262 3290 3324 3262 3228 3228 3222 3220 3196 3153 3133 3119 -1 -1 -1 -1 -1 -1 -1 -1 -1 -1 -1 -1 -1 -1 -1 -1 -1 -1 -1 -1 -1 -1 -1
3638 3576 3604 3590 3631 3600 3617 3589 3581 3571 3571 3583 3583 3549 3535 3527 3527 3531 3511 3531 3512 3512 3498 3470 3507 3473 3459 3359 3400 3434 3469 3452 3421 3418 3414 3413 3399 3374 3351 3373 3352 3352 3338 3334 3307 3336 3319 3339 3325 3291 3272 3272 3273 3274 3266 3275 3275 3299 3285 3260 3262 3274 3290 3293 3248 3194 3214 3197 3196 3174 3182 3133 3119 3098 3098 3067 -1 2850 -1 -1 -1 -1 -1 -1 -1 -1 -1 -1 -1 -1 -1 -1 -1 -1 -1 -1
3576 3638 3604 3604 3597 3597 3589 3607 3607 3577 3577 3571 3569 3549 3549 3518 3545 3545 3545 3514 3511 3481 3472 3480 3473 3493 3462 3442 3428 3483 3483 3449 3449 3418 3415 3406 3406 3372 3344 3369 3369 3338 3338 3328 3314 3307 3319 3325 3339 3294 3261 3268 3268 3256 3245 3246 3238 3251 3299 3232 3274 3240 3243 3276 3228 3180 3194 3166 3162 3162 3148 3139 -1 -1 3084 -1 -1 -1 -1 -1 -1 -1 -1 -1 -1 -1 -1 -1 -1 -1 -1 -1 -1 -1 -1 -1
3607 3607 3607 3599 3597 3588 3590 3589 3559 3559 3546 3548 3540 3515 3584 3570 3553 3515 3511 3545 3527 3497 3486 3514 3487 3476 3476 3469 3442 3432 3435 3449 3415 3415 3392 3398 3398 3375 3373 3358 3358 3327 3324 3328 3305 3305 3314 3319 3319 3288 3285 3247 3256 3254 3246 3245 3232 3238 3234 3232 3201 3208 3254 3223 3220 3164 3164 3163 3156 3133 3139 3130 3130 -1 -1 -1 -1 -1 -1 -1 -1 -1 -1 -1 -1 -1 -1 -1 -1 -1 -1 -1 -1 -1 -1 -1
3603 3603 3599 3597 3588 3574 3583 3583 3552 3545 3559 3534 3548 3527 3527 3584 3550 3535 3515 3527 3511 3513 3514 3500 3480 3487 3483 3491 3501 3487 3449 3418 3393 3401 3384 3387 3387 3387 3387 3362 3348 3324 3311 3311 3306 3314 3311 3312 3305 3285 3251 3227 3242 3226 3233 3228 3228 3238 3218 3202 3185 3199 3240 3198 -1 3130 3150 3156 3142 -1 -1 -1 -1 -1 -1 -1 -1 -1 -1 -1 -1 -1 -1 -1 -1 -1 -1 -1 -1 -1 -1 -1 -1 -1 -1 -1
3578 3589 3597 3583 3578 3544 3549 3569 3552 3525 3528 3528 3528 3536 3550 3569 3569 3538 3535 3501 3496 3469 3500 3484 3472 3483 3477 3491 3501 3479 3439 3424 3390 3376 3356 3363 3356 3353 3353 3362 3338 3324 3305 3305 3306 3302 3301 3279 3271 3214 3213 3217 3227 3220 3226 3214 3238 3224 3204 3170 3165 3239 3228 -1 -1 3130 -1 -1 -1 -1 -1 -1 -1 -1 -1 -1 -1 -1 -1 -1 -1 -1 -1 -1 -1 -1 -1 -1 -1 -1 -1 -1 -1 -1 -1 -1
3562 3564 3500 3564 3578 3544 3544 3549 3518 3520 3520 3510 3520 3534 3516 3550 3555 3535 3504 3546 3482 3496 3496 3500 3484 3472 3480 3480 3480 3467 3424 3417 3390 3390 3363 3352 3353 3319 3339 3330 3330 3338 3303 3302 3302 3301 3288 3279 3265 3211 3211 3201 3196 3206 3212 3180 3183 3184 3162 3170 3238 3228 3197 3194 -1 -1 -1 -1 -1 -1 -1 -1 -1 -1 -1 -1 -1 -1 -1 -1 -1 -1 -1 -1 -1 -1 -1 -1 -1 -1 -1 -1 -1 -1 -1 -1
3531 3528 3504 3559 3530 3547 3553 3519 3518 3507 3510 3524 3534 3536 3516 3551 3551 3485 3521 3546 3532 3485 3486 3475 3473 3473 3466 3451 3437 3409 3424 3410 3403 3359 3349 3352 3338 3348 3317 3316 3298 3298 3292 3292 3278 3287 3268 3254 3245 3214 3197 3207 3202 3180 3166 3179 3174 3166 3195 3231 3243 3197 3214 3165 3120 3126 3139 3139 3106 3100 3131 3131 3117 3107 -1 -1 -1 -1 -1 -1 -1 -1 -1 -1 -1 -1 -1 -1 -1 -1 -1 -1 -1 -1 -1 -1
3523 3504 3511 3528 3559 3553 3539 3519 3519 3530 3538 3528 3536 3535 3522 3517 3517 3520 3489 3512 3512 3485 3475 3473 3473 3459 3451 3440 3406 3398 3423 3403 3369 3340 3340 3334 3348 3317 3317 3300 3298 3284 3267 3261 3274 3274 3268 3245 3175 3231 3207 3194 3194 3180 3191 3208 3188 3226 3231 3257 3206 3197 3197 3192 3160 3133 3125 3105 -1 3106 -1 -1 -1 -1 -1 -1 -1 -1 -1 -1 -1 -1 -1 -1 -1 2964 -1 2850 -1 2879 -1 -1 -1 -1 -1 -1
3490 3492 3490 3525 3517 3525 3493 3505 3544 3544 3528 3538 3535 3521 3511 3511 3503 3517 3498 3481 3512 3478 3461 3461 3459 3449 3440 3426 3422 3388 3398 3383 3352 3340 3326 3306 3310 3310 3300 3298 3284 3273 3264 3264 3260 3260 3243 3234 3229 3215 3204 3163 3185 3212 3211 3222 3222 3256 3257 3228 3206 3194 3188 3178 3133 3126 3112 -1 -1 -1 -1 -1 -1 -1 -1 -1 -1 -1 -1 -1 -1 -1 -1 -1 2978 2978 -1 -1 2879 -1 -1 -1 -1 -1 -1 -1
3463 3476 3492 3491 3525 3516 3493 3496 3510 3510 3514 3507 3509 3495 3491 3480 3497 3491 3486 3476 3478 3464 3460 3425 3449 3415 3415 3422 3408 3388 3397 3383 3369 3326 3312 3289 3296 3286 3263 3238 3273 3259 3250 3261 3220 3230 3220 3229 3234 3235 3205 3185 3185 3198 3225 3225 3256 3242 3228 3223 3194 3188 3174 3154 3146 -1 -1 -1 -1 -1 -1 -1 -1 -1 -1 -1 -1 -1 -1 -1 -1 -1 2988 2998 3012 2978 -1 -1 -1 -1 -1 -1 -1 -1 -1 -1
3503 3489 3491 3494 3494 3543 3543 3512 3510 3476 3481 3481 3509 3477 3491 3510 3491 3477 3460 3475 3447 3444 3430 3420 3415 3414 3405 3405 3391 3397 3388 3383 3349 3326 3292 3289 3275 3249 3263 3229 3238 3232 3228 3230 3220 3219 3219 3221 3235 3238 3219 3219 3198 3237 3251 3222 3217 3214 3187 3173 3168 3180 3160 -1 -1 -1 -1 -1 -1 -1 -1 -1 -1 -1 -1 -1 -1 -1 -1 -1 2968 3002 3002 3023 3012 2943 -1 -1 -1 -1 -1 -1 -1 -1 -1 -1
3498 3503 3492 3508 3509 3495 3529 3509 3479 3485 3479 3479 3481 3467 3510 3476 3476 3474 3466 3466 3432 3419 3419 3393 3414 3400 3399 3382 3383 3362 3348 3339 3339 3318 3305 3288 3258 3226 3193 3198 3232 3229 3218 3220 3234 3248 3248 3241 3240 3238 3224 3222 3244 3251 3217 3217 3182 3187 3155 -1 -1 -1 -1 -1 -1 -1 -1 -1 -1 -1 -1 -1 -1 -1 -1 -1 -1 -1 -1 -1 3002 3003 3036 3037 3010 2996 2943 -1 -1 -1 -1 -1 -1 -1 -1 -1
3484 3479 3492 3494 3508 3506 3475 3474 3485 3455 3469 3467 3467 3453 3496 3462 3474 3460 3432 3452 3432 3418 3404 3391 3391 3399 3385 3382 3368 3342 3342 3325 3305 3305 3288 3254 3257 3219 3193 3198 3197 3191 3177 3180 3206 3214 3214 3217 3200 3202 3236 3236 3230 3244 3210 3203 3190 3155 -1 -1 -1 -1 -1 -1 -1 -1 -1 -1 -1 -1 -1 -1 -1 -1 -1 -1 -1 -1 -1 2998 2998 3006 3037 3036 3010 2976 2941 -1 -1 -1 -1 -1 -1 -1 -1 -1
3499 3513 3513 3501 3506 3474 3495 3495 3471 3469 3469 3472 3479 3479 3474 3460 3432 3457 3426 3401 3403 3417 3404 3390 3384 3384 3374 3360 3348 3328 3308 3294 3291 3240 3253 3253 3219 3219 3188 3196 3189 3191 3191 3157 3165 3165 3200 3154 3167 3202 3202 3202 3210 -1 3150 3204 3141 -1 -1 -1 -1 -1 -1 3096 -1 -1 -1 -1 -1 -1 3052 3066 3063 -1 -1 3069 3069 3072 3070 3036 3033 2984 2934 3022 2989 -1 -1 -1 -1 -1 -1 -1 -1 -1 -1 -1
3513 3515 3499 3501 3487 3492 3481 3461 3461 3461 3503 3472 3465 3474 3446 3446 3457 3423 3426 3395 3394 3417 3383 3370 3370 3374 3370 3312 3281 3308 3297 3283 3199 3239 3203 3205 3243 3229 3244 3258 3258 3227 3225 3225 3186 3155 3165 3168 3185 3236 3236 3210 3196 3150 3170 3204 3170 3153 -1 -1 -1 -1 -1 -1 -1 -1 -1 -1 -1 -1 3032 3066 3105 3074 3055 3087 3103 3101 3067 3067 3036 2934 2955 3003 2969 -1 -1 -1 -1 -1 -1 -1 -1 -1 -1 -1
3529 3513 3493 3493 3467 3467 3453 3461 3475 3503 3473 3453 3487 3456 3443 3433 3419 3423 3416 3402 3394 3381 3381 3360 3360 3347 3340 3298 3278 3297 3277 3212 3213 3165 3162 3195 3209 3243 3212 3174 3224 3224 3224 3194 3211 3160 3160 3185 3199 3222 3223 3223 3176 -1 -1 3170 3173 3153 -1 -1 -1 3131 3130 3120 3136 3136 3135 3101 -1 -1 -1 3035 3105 3091 3057 3103 3101 3038 3067 3053 3002 2985 2931 2969 2948 2938 -1 -1 -1 -1 -1 -1 -1 -1 -1 -1
3529 3495 3485 3485 3518 3501 3490 3470 3470 3475 3489 3487 3456 3442 3422 3428 3433 3402 3416 3382 3382 3368 3368 3354 3346 3347 3316 3264 3278 3266 3263 3154 3168 -1 -1 3188 3202 3171 3160 3143 3174 3210 3190 3190 3172 3126 -1 3165 3171 3199 3209 3189 3175 -1 -1 -1 -1 -1 -1 -1 -1 -1 -1 3122 3123 3154 3135 3121 3071 3057 -1 -1 -1 3071 3071 3089 3054 -1 -1 2999 2999 2999 2969 2948 -1 -1 -1 -1 -1 2915 2930 -1 -1 -1 -1 -1
3502 3498 3500 3549 3515 3515 3504 3504 3473 3456 3451 3453 3444 3422 3428 3414 3399 3408 3408 3368 3357 3359 3359 3345 3333 3322 3322 3240 3235 3228 -1 3134 3168 -1 -1 3202 3154 -1 -1 -1 -1 3164 3176 3156 3156 3141 -1 -1 3159 3185 3198 3189 3155 -1 -1 -1 -1 -1 -1 -1 -1 -1 -1 -1 -1 3123 3154 3104 3073 3071 -1 -1 -1 -1 3037 3040 3040 -1 -1 2976 2962 2965 2951 -1 -1 -1 -1 -1 2913 2944 2915 -1 -1 -1 -1 -1
3554 3520 3549 3535 3518 3487 3484 3459 3459 3437 3451 3444 3430 3418 3408 3382 3396 3394 3374 3358 3328 3352 3352 3339 3324 3308 3288 3256 3225 3228 -1 3134 -1 -1 3170 3134 -1 3158 3158 -1 -1 3164 3156 -1 -1 3141 3088 -1 3159 3164 3198 3164 -1 3129 3134 3123 -1 3105 3119 3119 3103 3097 -1 3089 3123 3109 3140 3088 3066 3037 3037 -1 -1 -1 3030 3030 3005 2957 2976 2988 -1 2965 2899 2865 -1 -1 -1 -1 2910 2944 -1 -1 -1 -1 -1 -1
3540 3523 3507 3488 3480 3480 3490 3459 3453 3430 3430 3430 3416 3422 3418 3396 3394 3367 3367 3353 3320 3338 3339 3324 3320 3306 3289 3253 3222 -1 3151 3134 -1 -1 -1 3184 3150 3153 3144 -1 -1 3132 3119 -1 -1 3142 3088 -1 -1 3145 3150 3184 3197 3183 3163 3161 3134 3151 3165 3131 3131 3117 3117 -1 -1 -1 3058 3054 3019 3037 3064 3065 -1 -1 3016 -1 -1 3019 3002 3002 2968 2942 2913 2879 -1 2912 -1 2930 2944 2933 -1 -1 -1 -1 -1 -1
3537 3521 3492 3490 3521 3521 3490 3453 3445 3422 3420 3420 3430 3422 3397 3394 3382 3368 3367 3342 3320 3327 3327 3310 3291 3320 3286 3253 -1 -1 -1 3146 -1 -1 -1 3165 3184 3151 -1 -1 -1 -1 3130 3130 3142 3128 -1 -1 -1 3123 -1 3130 3163 3197 3175 3144 3168 3165 3131 3117 3116 3130 3148 3086 3083 -1 -1 3027 3038 3036 3072 3052 -1 -1 -1 -1 -1 -1 3019 2998 -1 2936 2943 2913 -1 -1 2944 2944 2962 2933 -1 -1 -1 -1 -1 -1
3514 3506 3521 3490 3465 3507 3487 3473 3451 3413 3415 3415 3399 3397 3391 3381 3381 3347 3341 3341 3322 3313 3305 3305 3291 3286 3286 3287 3239 -1 -1 3146 -1 -1 -1 -1 3165 -1 -1 -1 3105 -1 3136 3150 -1 -1 -1 -1 -1 3123 3180 3163 3168 3182 3175 3168 3154 3125 -1 3099 3130 3148 3134 3114 3062 -1 2986 -1 3006 3039 3086 3086 3052 -1 -1 -1 -1 3001 2998 -1 -1 2908 -1 -1 2882 -1 2942 2945 2976 2942 2919 -1 -1 -1 -1 -1
3500 3490 3504 3487 3473 3487 3469 3469 3451 3417 3413 3401 3396 3396 3383 3384 3367 3356 3341 3327 3322 3293 3305 3305 3289 3272 3252 3287 3253 -1 -1 3115 -1 -1 -1 -1 -1 -1 -1 -1 -1 3105 3143 3150 3116 -1 -1 -1 -1 3101 3166 3180 3182 3188 3202 3176 3145 -1 -1 -1 -1 3114 3114 -1 -1 -1 -1 3046 3001 3017 3023 3057 3052 -1 -1 -1 2963 -1 3032 3018 -1 -1 -1 -1 -1 2912 -1 2942 2976 2954 2931 2917 -1 -1 -1 -1
3486 3504 3490 3476 3473 3477 3463 3417 3417 3393 3386 3399 3395 3370 3384 3373 3356 3325 3322 3310 3296 3293 3279 3289 3275 3226 3151 3218 3273 3218 -1 3100 -1 -1 -1 -1 -1 -1 -1 -1 3112 -1 3126 3157 -1 -1 -1 -1 -1 -1 -1 3151 3148 3171 3202 3176 3142 -1 -1 3070 -1 -1 -1 -1 -1 -1 3047 -1 -1 -1 -1 3057 3043 2997 2983 -1 2949 2963 3032 -1 -1 -1 -1 -1 -1 2912 -1 -1 2968 2968 2934 2931 2897 2821 -1 -1
3519 3486 3485 3460 3460 3422 3477 3429 3389 3403 3393 3395 3381 3361 3359 3373 3342 3322 3321 3310 3289 3275 3266 3270 3270 3165 3149 -1 3153 3184 -1 -1 -1 -1 -1 -1 -1 3114 3118 3118 -1 3126 3157 3123 -1 3093 -1 -1 -1 -1 -1 3143 3153 3153 3162 3141 -1 -1 -1 -1 -1 -1 -1 -1 -1 -1 -1 -1 -1 -1 2950 2998 3052 2997 -1 2829 -1 -1 -1 2963 -1 -1 -1 -1 -1 -1 2898 -1 -1 2934 2937 2903 2872 2851 2822 -1
3485 3485 3472 3458 3457 3427 3443 3446 3395 3409 3391 3377 3327 3347 3357 3366 3339 3321 3321 3307 3276 3267 3240 3256 3236 3147 3147 -1 -1 3184 3170 3157 -1 -1 -1 -1 -1 -1 -1 3104 3126 3123 -1 -1 -1 -1 -1 -1 -1 -1 -1 -1 3143 -1 -1 -1 -1 -1 -1 -1 -1 -1 -1 -1 -1 -1 -1 -1 -1 -1 2950 2978 3012 3066 -1 -1 -1 -1 -1 -1 2917 -1 -1 -1 2853 2880 2877 -1 -1 -1 -1 2903 2877 2851 2882 2868
