arrival.asc
NCOLS 638
NROWS 825
XLLCORNER -2985163.8955
YLLCORNER -3022031.214
CELLSIZE 10000
NODATA_value -1
[rows 110 to 164 of 825, columns 192 to 287 of 638]
-1 -1 -1 -1 -1 -1 -1 4532 4533 4533 4546 4546 4537 4534 4582 4563 4549 -1 -1 -1 -1 -1 -1 -1 -1 -1 -1 -1 -1 -1 -1 -1 4333 4327 4313 -1 -1 -1 -1 -1 -1 -1 -1 -1 -1 -1 -1 -1 -1 -1 -1 -1 -1 -1 -1 -1 -1 -1 -1 -1 -1 -1 -1 -1 -1 -1 -1 -1 -1 -1 -1 -1 -1 -1 -1 -1 -1 -1 -1 -1 -1 -1 -1 -1 -1 -1 -1 -1 -1 -1 -1 -1 -1 -1 -1 -1
-1 -1 -1 -1 -1 -1 -1 4518 4532 4532 4533 4532 4523 4537 4534 4532 4529 -1 -1 -1 -1 -1 -1 -1 -1 -1 -1 -1 -1 -1 -1 4298 4367 4327 -1 -1 -1 -1 -1 -1 -1 -1 -1 -1 -1 -1 -1 -1 -1 -1 -1 -1 -1 -1 -1 -1 -1 -1 -1 -1 -1 -1 -1 -1 -1 -1 -1 -1 -1 -1 -1 -1 -1 -1 -1 -1 -1 -1 -1 -1 -1 -1 -1 -1 -1 -1 -1 -1 -1 -1 -1 -1 -1 -1 -1 -1
-1 -1 -1 -1 -1 -1 -1 -1 -1 4470 4496 4482 4496 4506 4537 4526 4498 4495 -1 -1 -1 -1 -1 -1 -1 -1 -1 -1 -1 4327 4327 4353 4367 4333 -1 -1 -1 -1 -1 -1 -1 -1 -1 -1 -1 -1 -1 -1 -1 -1 -1 -1 -1 -1 -1 -1 -1 -1 -1 -1 -1 -1 -1 -1 -1 -1 -1 -1 -1 -1 -1 -1 -1 -1 -1 -1 -1 -1 -1 -1 -1 -1 -1 -1 -1 -1 -1 -1 -1 -1 -1 -1 -1 -1 -1 -1
-1 -1 -1 -1 -1 -1 -1 -1 4469 4462 4394 4462 4478 4503 4526 4512 4467 4460 -1 -1 -1 -1 -1 -1 -1 -1 -1 -1 4402 4361 4378 4378 4313 -1 -1 -1 -1 -1 -1 -1 -1 -1 -1 -1 -1 -1 -1 -1 -1 -1 -1 -1 -1 -1 -1 -1 -1 -1 -1 -1 -1 -1 -1 -1 -1 -1 -1 -1 -1 -1 -1 -1 -1 -1 -1 -1 -1 -1 -1 -1 -1 -1 -1 -1 -1 -1 -1 -1 -1 -1 -1 -1 -1 -1 -1 -1
-1 -1 -1 -1 -1 -1 4397 4431 4462 4448 4393 4379 4417 4492 4492 4539 4525 4477 4409 -1 -1 -1 -1 -1 -1 4422 4436 4436 4405 4416 4399 4344 4313 -1 -1 -1 -1 -1 -1 -1 -1 -1 -1 -1 -1 -1 -1 -1 -1 -1 -1 -1 -1 -1 -1 -1 -1 -1 -1 -1 -1 -1 -1 -1 -1 -1 -1 -1 -1 -1 -1 -1 -1 -1 -1 -1 -1 -1 -1 -1 -1 -1 -1 -1 -1 -1 -1 -1 -1 -1 3523 3548 -1 -1 3593 -1
-1 -1 -1 -1 -1 4398 4414 4428 4428 4431 4430 4423 4458 4492 4505 4539 4505 4491 4491 4485 4441 -1 -1 -1 4415 4470 4470 4439 4430 4430 4344 -1 -1 -1 -1 -1 -1 -1 -1 -1 -1 -1 -1 -1 -1 -1 -1 -1 -1 -1 -1 -1 -1 -1 -1 -1 -1 -1 -1 -1 -1 -1 -1 -1 -1 -1 -1 -1 -1 -1 -1 -1 -1 -1 -1 -1 -1 -1 -1 -1 -1 -1 -1 -1 -1 -1 -1 -1 -1 3538 -1 -1 3548 3610 -1 3607
-1 -1 -1 -1 4384 4398 4397 4428 4429 4450 4430 4430 4461 4491 4505 4471 4474 4505 4491 4492 4499 4500 4486 4451 4456 4495 4461 4436 4396 4382 4344 -1 -1 -1 -1 -1 -1 -1 -1 -1 -1 -1 -1 -1 -1 -1 -1 -1 -1 -1 -1 -1 -1 -1 -1 -1 -1 -1 -1 -1 -1 -1 -1 -1 -1 -1 -1 -1 -1 -1 -1 -1 -1 -1 -1 -1 -1 -1 -1 -1 -1 -1 -1 -1 -1 -1 -1 -1 3571 3573 3608 -1 -1 -1 3662 3627
-1 -1 -1 4364 4432 4432 4420 4429 4433 4464 4464 4468 4469 -1 -1 -1 4471 4505 4492 4499 4500 4534 4534 4465 4495 4481 4461 4425 4370 4367 4370 -1 -1 -1 -1 -1 -1 -1 -1 -1 -1 -1 -1 -1 -1 -1 -1 -1 -1 -1 -1 -1 -1 -1 -1 -1 -1 -1 -1 -1 -1 -1 -1 -1 -1 -1 -1 -1 -1 -1 -1 -1 -1 -1 -1 -1 -1 -1 -1 -1 -1 -1 -1 -1 -1 -1 -1 -1 3571 3580 3611 3642 3676 3676 3696 3641
-1 -1 4332 4363 4418 4421 4398 4409 -1 -1 -1 -1 -1 -1 4472 4506 4526 4526 4492 4499 4489 4503 4520 4500 4437 4461 4447 4395 4384 4419 4404 4387 -1 -1 -1 -1 -1 -1 -1 -1 -1 -1 -1 -1 -1 -1 -1 -1 -1 -1 -1 -1 -1 -1 -1 -1 -1 -1 -1 -1 -1 -1 -1 -1 -1 -1 -1 -1 -1 -1 -1 -1 -1 -1 -1 -1 -1 -1 -1 -1 -1 -1 -1 -1 -1 -1 -1 -1 3589 3589 3611 3582 3642 3645 3710 3710
-1 -1 -1 -1 4384 4378 4409 4395 -1 -1 -1 -1 -1 4458 4472 4475 4506 4512 4499 4469 4469 4503 4472 4437 4471 4471 4428 -1 4433 4435 4401 -1 -1 -1 -1 -1 -1 -1 -1 -1 -1 -1 -1 -1 -1 -1 -1 -1 -1 -1 -1 -1 -1 -1 -1 -1 -1 -1 -1 -1 -1 -1 -1 -1 -1 -1 -1 -1 -1 -1 -1 -1 -1 -1 -1 -1 -1 -1 -1 -1 -1 -1 -1 -1 -1 -1 3609 3609 3578 3575 3561 3628 3556 3642 3676 3665
-1 -1 4367 4384 4370 4375 -1 -1 -1 -1 -1 -1 4433 4467 4441 4472 4452 4492 4485 4455 4435 4429 4429 4436 4437 4457 4442 4433 4440 4435 4401 -1 -1 -1 -1 -1 -1 -1 -1 -1 -1 -1 -1 -1 -1 -1 -1 -1 -1 -1 -1 -1 -1 -1 -1 -1 -1 -1 -1 -1 -1 -1 -1 -1 -1 -1 -1 -1 -1 -1 -1 -1 -1 -1 -1 -1 -1 -1 -1 -1 -1 -1 -1 -1 -1 -1 3575 3595 3561 3547 3561 3547 3615 3629 3671 3702
-1 -1 -1 -1 -1 -1 -1 -1 -1 -1 -1 -1 4433 4467 4453 4438 4438 4438 4432 4435 4409 4423 4432 4432 4436 4442 4471 4471 4440 4421 -1 -1 -1 -1 -1 -1 -1 -1 -1 -1 -1 -1 -1 -1 -1 -1 -1 -1 -1 -1 -1 -1 -1 -1 -1 -1 -1 -1 -1 -1 -1 -1 -1 -1 -1 -1 -1 -1 -1 -1 -1 -1 -1 -1 -1 -1 -1 -1 -1 -1 -1 -1 -1 -1 -1 3561 3575 3630 3616 3561 3565 3565 3569 3629 3671 3699
-1 -1 -1 -1 -1 -1 -1 -1 -1 -1 -1 4419 4374 4370 4436 4424 4404 4404 4407 4400 4397 4402 4423 4418 4411 4436 4434 4437 4437 4423 4397 4362 -1 -1 -1 -1 -1 -1 -1 -1 -1 -1 -1 -1 -1 -1 -1 -1 -1 -1 -1 -1 -1 -1 -1 -1 -1 -1 -1 -1 -1 -1 -1 -1 -1 -1 -1 -1 -1 -1 -1 -1 -1 -1 -1 -1 -1 -1 -1 -1 -1 -1 -1 -1 3571 3571 -1 3561 3630 3596 3596 3527 -1 -1 3600 3594
-1 -1 -1 -1 -1 -1 -1 -1 4325 -1 4340 4360 4394 -1 4379 4375 4390 4376 4404 4381 4371 4397 4402 4392 4375 4422 4420 4434 4439 4431 4400 4362 -1 -1 -1 -1 -1 -1 -1 -1 -1 -1 -1 -1 -1 -1 -1 -1 -1 -1 -1 -1 -1 -1 -1 -1 -1 -1 -1 -1 -1 -1 -1 -1 -1 -1 -1 -1 -1 -1 -1 -1 -1 -1 -1 -1 -1 -1 -1 -1 -1 -1 -1 -1 -1 -1 -1 -1 3548 3596 3551 -1 -1 -1 -1 3586
-1 -1 -1 -1 -1 -1 -1 4325 4325 4328 4345 4330 4380 4394 4374 4365 4314 -1 -1 4381 4367 4383 4340 4388 4349 4344 4400 4405 4425 4439 4431 -1 -1 -1 -1 -1 4374 4388 4333 4328 -1 -1 4294 4294 -1 -1 -1 -1 -1 -1 -1 -1 -1 -1 -1 -1 -1 -1 -1 -1 -1 -1 -1 -1 -1 -1 -1 -1 -1 -1 -1 -1 -1 -1 -1 -1 -1 -1 -1 -1 -1 -1 -1 -1 -1 -1 -1 -1 3551 3582 3551 3566 3583 3626 3586 -1
-1 -1 -1 -1 -1 -1 -1 4329 4359 4359 4361 4336 4360 4374 4360 4340 -1 4267 4276 4347 4347 4340 4368 4348 4340 4363 4398 4398 4405 4370 4417 4368 -1 -1 -1 -1 4374 4402 4402 4397 4383 4363 4349 4294 -1 -1 -1 4221 -1 -1 -1 -1 -1 -1 -1 -1 -1 -1 -1 -1 -1 -1 -1 -1 -1 -1 -1 -1 -1 -1 -1 -1 -1 -1 -1 -1 -1 -1 -1 -1 -1 -1 -1 -1 -1 -1 -1 -1 3548 3582 3553 3566 3597 3640 3640 3641
-1 -1 -1 -1 -1 -1 4329 4347 4361 4395 4370 4346 4360 4334 4360 -1 4267 -1 -1 4260 4333 4382 4382 4351 4363 4367 4432 4432 4410 4376 4376 4402 4402 4394 4408 4408 4400 4400 4368 4368 4397 4341 4363 4329 4281 4298 4276 4276 4242 -1 -1 -1 4241 -1 -1 -1 -1 -1 -1 -1 -1 -1 -1 -1 -1 -1 -1 -1 -1 -1 -1 -1 -1 -1 -1 -1 -1 -1 -1 -1 -1 -1 -1 -1 -1 -1 -1 3568 3582 3574 3551 3573 3595 3643 3677 3663
-1 -1 -1 -1 -1 4349 4363 4361 4381 4395 4370 4356 4326 4326 -1 -1 -1 -1 4260 4294 4313 -1 4334 4348 4348 4368 4376 4418 4410 4396 4370 4356 4368 4371 4377 4374 4386 4368 4368 4368 4363 4307 4341 4329 4329 4323 4303 4299 4259 4273 4273 4259 4248 -1 -1 -1 -1 -1 -1 -1 -1 -1 -1 -1 -1 -1 -1 -1 -1 -1 -1 -1 -1 -1 -1 -1 -1 -1 -1 -1 -1 -1 -1 -1 -1 -1 -1 3552 3574 3560 3573 3595 3615 3646 3677 3697
-1 -1 -1 4301 -1 4363 4329 -1 4327 4326 4326 -1 -1 -1 -1 -1 4268 4288 4260 4263 4294 4307 4341 4355 4334 4354 4368 4376 4410 4376 4375 4375 4341 4340 4343 4344 4334 4357 4357 4354 4307 4310 4307 4315 4337 4337 4333 4319 4320 4328 4314 4280 4279 -1 -1 -1 -1 -1 -1 -1 -1 -1 -1 -1 -1 -1 -1 -1 -1 -1 -1 -1 -1 -1 -1 -1 -1 -1 -1 -1 -1 -1 -1 -1 -1 -1 -1 -1 -1 3547 3547 3573 3608 3649 3680 3711
-1 4321 4335 4301 -1 -1 -1 -1 -1 -1 -1 -1 -1 -1 -1 -1 4268 4302 4302 4302 4280 4290 4321 4355 4321 4300 4362 4341 4410 4396 4361 4368 4354 4329 4343 4344 4343 4328 4341 4341 4307 4314 4314 4312 4332 4346 4333 4334 4334 4328 4294 4294 4279 -1 -1 -1 -1 -1 -1 -1 -1 -1 -1 -1 -1 -1 -1 -1 -1 -1 -1 -1 -1 -1 -1 -1 -1 -1 -1 -1 -1 -1 -1 -1 -1 -1 -1 -1 -1 -1 3539 3542 -1 -1 3642 3659
4336 4335 -1 -1 -1 -1 -1 -1 -1 -1 -1 -1 -1 -1 -1 -1 -1 -1 4336 4305 4277 4311 4321 4340 4314 4314 4353 4367 4327 4376 4342 4342 4368 4337 4341 4341 4328 4307 4314 4307 4276 -1 4300 4283 4312 4346 4312 4300 4306 4306 4294 -1 -1 -1 -1 -1 -1 -1 -1 -1 -1 -1 -1 -1 -1 -1 -1 -1 -1 -1 -1 -1 -1 -1 -1 -1 -1 -1 -1 -1 -1 -1 -1 -1 -1 -1 -1 -1 -1 -1 -1 -1 -1 -1 3586 3621
-1 -1 -1 -1 -1 -1 -1 -1 -1 -1 -1 -1 -1 -1 -1 -1 -1 4282 4282 4336 4297 4311 4300 4326 4340 4370 4370 4311 4367 4341 4343 4343 4337 4327 4334 4334 4310 4297 4285 4255 -1 -1 -1 -1 -1 4298 4277 4277 4293 4292 4272 -1 -1 -1 -1 -1 -1 -1 -1 -1 -1 -1 -1 -1 -1 -1 -1 -1 -1 -1 -1 -1 -1 -1 -1 -1 -1 -1 -1 -1 -1 -1 3537 3537 3525 -1 -1 -1 -1 -1 -1 -1 -1 -1 -1 3621
-1 -1 -1 -1 -1 -1 -1 -1 -1 -1 -1 -1 -1 -1 -1 -1 -1 -1 -1 -1 4322 -1 4286 4322 4336 4336 4356 4333 4333 4336 4310 4329 4312 4299 4320 4300 4300 4299 4265 4245 4245 4245 -1 -1 -1 -1 4246 4307 4307 4242 -1 -1 -1 -1 -1 -1 -1 -1 -1 -1 -1 -1 -1 -1 -1 -1 -1 -1 -1 -1 -1 -1 -1 -1 -1 -1 -1 -1 -1 -1 -1 -1 -1 -1 -1 -1 -1 -1 -1 -1 -1 -1 -1 -1 -1 3573
-1 4327 -1 -1 -1 -1 -1 -1 -1 -1 -1 -1 -1 -1 -1 -1 -1 -1 -1 -1 -1 4286 -1 4274 4332 4336 4319 4301 4333 4310 4305 4306 4299 4285 4300 4302 4299 4265 4251 4265 4259 4259 -1 -1 -1 -1 4259 4273 4273 4241 -1 -1 -1 -1 -1 -1 -1 -1 -1 -1 -1 -1 -1 -1 -1 -1 -1 -1 -1 -1 -1 -1 -1 -1 -1 -1 -1 -1 -1 -1 -1 -1 -1 -1 -1 -1 -1 -1 3536 3535 -1 3577 3563 -1 3554 3585
4327 -1 4296 -1 -1 -1 -1 -1 -1 -1 -1 -1 -1 -1 -1 -1 -1 -1 -1 4276 4279 4258 4258 4318 4332 4305 4302 4299 4301 4302 4310 4292 4306 4269 4252 4288 4302 4268 4265 4272 4272 -1 -1 -1 -1 4235 4273 4239 4241 -1 -1 -1 4252 -1 -1 -1 -1 -1 -1 -1 -1 -1 -1 -1 -1 -1 -1 -1 -1 -1 -1 -1 -1 -1 -1 -1 -1 -1 -1 -1 -1 -1 -1 -1 -1 -1 -1 -1 -1 -1 -1 3577 3587 3607 3601 3615
-1 -1 -1 -1 -1 -1 -1 -1 -1 -1 -1 -1 -1 -1 -1 -1 -1 -1 -1 4276 4279 4265 4284 4298 4301 4301 4251 4270 4259 4281 4277 4296 4337 4292 4263 4271 4268 4254 4268 4261 4258 -1 -1 -1 -1 4269 4255 4227 -1 -1 -1 -1 -1 -1 -1 -1 -1 -1 -1 -1 -1 -1 -1 -1 -1 -1 -1 -1 -1 -1 -1 -1 -1 -1 -1 -1 -1 -1 3561 3561 -1 -1 -1 -1 -1 -1 -1 -1 3545 -1 -1 3592 3621 3621 3629 3615
-1 -1 -1 -1 -1 -1 -1 -1 -1 -1 -1 -1 -1 -1 -1 -1 -1 -1 -1 4245 4248 4264 -1 4264 4270 4277 4263 4273 4273 4267 4281 4296 4336 4306 4276 4306 4276 4275 4250 4261 4247 -1 -1 -1 -1 4269 4269 -1 -1 -1 -1 -1 -1 -1 -1 -1 -1 -1 -1 -1 -1 -1 -1 -1 -1 -1 -1 -1 -1 -1 -1 -1 -1 -1 -1 -1 -1 -1 3582 3596 3585 3563 -1 -1 -1 -1 -1 -1 3559 3599 3600 3606 3587 3598 3629 3595
4169 -1 -1 4280 4294 -1 -1 -1 -1 -1 -1 -1 -1 3835 -1 -1 -1 -1 -1 -1 -1 -1 4233 -1 4244 4277 4272 4286 4275 4278 4292 4292 4306 4276 4272 4306 4292 4264 4264 4261 4260 -1 -1 -1 -1 4289 4303 4272 -1 -1 -1 -1 -1 -1 -1 -1 -1 -1 -1 -1 -1 -1 -1 -1 -1 -1 -1 -1 -1 -1 -1 -1 -1 -1 -1 -1 3578 3578 3599 3599 3596 -1 -1 -1 -1 -1 -1 -1 3613 3622 3608 3600 3606 3642 3587 3587
-1 -1 -1 4294 -1 -1 -1 -1 -1 -1 -1 -1 -1 -1 -1 -1 -1 -1 -1 -1 -1 -1 -1 4230 4244 4252 4286 4275 4286 4327 4341 4307 4272 4275 4272 4264 4298 4267 4275 4275 4260 -1 -1 -1 -1 4303 -1 -1 -1 -1 -1 -1 -1 -1 -1 -1 -1 -1 -1 -1 -1 -1 -1 -1 -1 -1 -1 -1 -1 -1 -1 -1 -1 -1 -1 -1 -1 -1 3571 3585 -1 -1 -1 -1 -1 -1 -1 -1 3613 3622 3639 3628 3642 3656 3622 3594
-1 -1 -1 -1 -1 -1 -1 -1 -1 -1 -1 -1 -1 -1 -1 -1 -1 -1 -1 -1 -1 -1 -1 -1 4252 4255 4261 4272 4286 4307 4341 4279 4265 4272 4258 4250 4298 4238 4252 4246 4241 -1 -1 -1 -1 -1 -1 -1 -1 -1 -1 -1 -1 -1 -1 -1 -1 -1 -1 -1 -1 -1 -1 -1 3576 3595 3610 -1 -1 -1 -1 -1 -1 -1 -1 -1 -1 -1 -1 3585 -1 -1 -1 -1 -1 -1 -1 -1 3651 3625 3618 3639 3642 3656 3625 3589
-1 -1 -1 -1 -1 -1 -1 -1 -1 -1 -1 -1 -1 -1 -1 -1 -1 -1 -1 -1 -1 -1 -1 -1 4223 4224 -1 4252 4273 4293 4307 4272 4258 4248 4238 4250 4284 -1 -1 4252 -1 -1 -1 -1 -1 -1 -1 -1 -1 -1 -1 -1 -1 -1 -1 -1 -1 -1 -1 -1 -1 -1 3618 3605 3617 3616 3626 3610 3612 3579 -1 -1 -1 -1 -1 -1 -1 -1 3579 -1 -1 -1 -1 -1 -1 -1 -1 3616 3650 3638 3618 3658 3661 3658 3623 3603
-1 -1 -1 -1 -1 -1 -1 -1 -1 -1 -1 -1 -1 -1 -1 -1 -1 -1 -1 -1 -1 -1 -1 4247 4248 4257 -1 -1 4233 4251 4272 4265 4248 -1 4236 4252 4238 -1 -1 -1 -1 -1 -1 -1 -1 -1 -1 -1 -1 -1 -1 -1 -1 -1 -1 -1 -1 -1 -1 -1 -1 3604 3618 3619 3619 3619 3626 3626 3629 3619 3574 -1 -1 -1 -1 -1 -1 -1 -1 -1 -1 -1 -1 -1 -1 -1 -1 3616 3652 3652 3644 3678 3692 3637 3637 3594
-1 3914 3914 3895 3895 -1 -1 -1 -1 -1 -1 -1 -1 -1 -1 -1 -1 -1 -1 -1 -1 -1 4266 4248 4246 4271 4243 -1 4229 4241 4265 4285 4254 4240 4221 -1 -1 -1 -1 -1 -1 -1 -1 -1 -1 -1 -1 -1 -1 -1 -1 -1 -1 -1 -1 -1 -1 -1 -1 -1 -1 -1 -1 -1 -1 3633 3633 3660 3653 3633 3633 3604 3603 -1 -1 -1 -1 3598 3597 -1 -1 -1 -1 -1 -1 -1 -1 3595 3623 3623 3630 3692 3645 3644 3647 3606
-1 -1 -1 -1 -1 -1 -1 -1 -1 -1 -1 -1 -1 -1 -1 -1 -1 -1 -1 -1 -1 4218 4266 4252 4238 4271 4243 4229 4229 4216 4299 4299 4254 4238 4218 -1 -1 -1 -1 -1 -1 -1 -1 -1 -1 -1 -1 -1 -1 -1 -1 -1 -1 -1 -1 -1 -1 -1 -1 -1 -1 -1 -1 -1 -1 3646 3660 3667 3667 3636 3640 3654 3630 3596 -1 -1 -1 3624 3598 -1 -1 -1 -1 3632 3632 3623 3609 3595 3609 3619 3627 3636 3646 3644 3678 3616
-1 -1 -1 -1 -1 -1 4029 4043 4043 4042 -1 -1 -1 -1 -1 -1 -1 -1 -1 -1 -1 4232 4232 4245 4240 4258 4272 4238 4238 4216 4230 4265 4238 4224 4213 4218 -1 -1 -1 -1 -1 -1 -1 -1 -1 -1 -1 -1 -1 -1 -1 -1 -1 -1 -1 -1 -1 -1 -1 -1 -1 -1 -1 -1 -1 3635 3635 -1 -1 3636 3635 3654 3630 3616 3623 3623 3624 3644 3624 -1 -1 -1 3641 3642 3641 3627 3623 3606 3639 3619 3648 3689 3650 3650 3678 3609
-1 -1 -1 -1 -1 4040 4138 4137 4107 4076 4042 4028 3996 -1 -1 -1 -1 -1 -1 -1 -1 4232 4245 4231 4225 4239 4272 4238 4224 4216 -1 4230 4233 4213 4213 -1 -1 -1 -1 -1 -1 -1 -1 -1 -1 -1 -1 -1 -1 -1 -1 -1 -1 -1 -1 -1 -1 -1 -1 -1 -1 -1 -1 -1 -1 -1 -1 -1 -1 3605 3623 3620 -1 3657 3677 3657 3634 3658 3658 3630 3634 3655 3656 3656 3648 3641 3661 3644 3639 3657 3660 3688 3674 3643 3643 3664
-1 -1 3958 3927 3984 4081 4077 4043 4077 4062 4045 4043 4043 4078 4078 4092 4153 -1 -1 -1 -1 4185 4174 -1 4205 4239 4240 4209 -1 4199 4201 4225 4247 4247 4235 -1 -1 -1 -1 -1 -1 -1 -1 -1 -1 -1 -1 -1 -1 -1 -1 -1 -1 -1 -1 3668 -1 -1 -1 -1 3667 -1 -1 -1 -1 -1 -1 -1 -1 -1 -1 -1 3643 3657 3691 3691 3634 3658 3692 3661 3648 3655 3654 3662 3662 3675 3675 3668 3649 3669 3691 3687 3681 3688 3629 3620
-1 3958 4019 3950 4080 4077 4018 4008 4008 4015 4009 4029 4044 4064 4078 4122 4152 4057 4113 -1 4062 4124 4184 -1 4177 4240 4224 4210 -1 4213 4213 4239 4239 4204 4235 -1 -1 -1 -1 -1 -1 -1 -1 -1 -1 -1 -1 -1 -1 -1 -1 -1 -1 -1 3650 3668 3654 3648 -1 -1 -1 3700 -1 -1 -1 -1 -1 -1 -1 -1 -1 -1 3656 3675 3689 3662 3678 3692 3678 3648 3652 3654 3686 3676 3690 3676 3682 3682 3683 3683 3701 3691 3688 3681 3643 3643
3944 4018 3978 3950 3970 4018 4008 3974 3994 4009 3995 3989 4023 4058 4024 4092 4112 4096 4127 4126 4140 4174 4174 4156 4157 4226 4224 4156 4179 4187 4273 4239 -1 4221 4188 -1 -1 -1 -1 -1 -1 -1 -1 -1 -1 -1 -1 -1 -1 -1 -1 -1 -1 -1 3650 -1 -1 -1 -1 -1 -1 3666 3700 3701 3700 3699 -1 -1 -1 -1 -1 3676 3690 3689 3690 3694 3692 3692 3650 3644 3654 3686 3672 3676 3700 3690 3686 3696 3710 3701 3691 3677 3657 3657 3623 3657
3943 3988 3989 3953 3984 3949 3928 3939 3925 3975 3978 4009 4023 4061 4092 4058 4083 4113 4127 4140 4140 4160 4175 4176 4190 4190 4155 4156 4187 4173 4273 4259 4208 4185 -1 -1 -1 -1 -1 -1 -1 -1 -1 -1 -1 -1 -1 -1 -1 -1 -1 -1 -1 -1 -1 3619 3620 3601 -1 3640 3666 3669 3716 3730 3730 3760 3712 -1 -1 -1 -1 3690 3687 3701 3694 3724 3693 3693 3679 3649 3654 3675 3689 3700 3699 3682 3686 3710 3710 3691 3677 3669 3641 3627 3641 3626
3904 3989 3975 3950 3953 3928 3923 3923 3926 3906 3905 3959 4030 3999 4003 4082 4114 4120 4134 4124 4134 4174 4160 4159 4190 4214 4192 4170 -1 4204 4204 4233 4233 4199 -1 -1 -1 -1 -1 -1 -1 -1 -1 -1 -1 -1 -1 -1 -1 -1 -1 -1 -1 -1 -1 3619 3634 3634 3632 3643 3671 3702 -1 -1 3698 3746 3760 3726 3681 -1 3668 3702 3701 3700 3713 3724 3710 3679 3679 3658 3663 3689 3675 3686 3713 3713 3725 3710 3696 3680 3673 3673 3670 3646 3641 3624
3941 3955 3955 3937 3937 3937 3937 3940 3940 3911 3942 3973 4000 4000 4037 4062 4052 4134 4147 4137 4155 4165 4159 4166 4180 4214 4200 4191 4204 4198 4219 4179 4199 4202 4199 -1 -1 -1 -1 -1 -1 -1 -1 -1 -1 -1 -1 -1 -1 -1 -1 -1 -1 3732 -1 3636 3650 3646 3725 3663 3674 3705 3702 3709 3757 3726 3726 3729 3696 3747 3688 3702 3703 3734 3713 3720 3717 3717 3695 3686 3663 3675 3668 3675 3707 3739 3739 3727 3696 3713 3668 3699 3699 3685 3645 3624
3921 3955 3943 3943 3968 3954 3985 3949 3963 3953 3942 3969 4023 4054 4037 4062 4079 4147 4151 4148 4179 4155 4141 4149 4180 4185 4185 4173 4198 4184 4191 -1 -1 -1 -1 -1 -1 -1 -1 -1 -1 -1 -1 -1 -1 -1 -1 -1 -1 -1 -1 -1 -1 3739 -1 3670 3650 3725 3698 3694 3686 3702 3736 3757 3743 3726 3713 3727 3761 3730 3706 3707 3704 3755 3734 3803 3769 3765 3751 3710 3675 3679 3665 3693 3707 3740 3754 3720 3727 3692 3672 3675 3672 3672 3642 3639
3921 3924 3952 3968 3969 3989 3985 3963 3967 3967 3993 3979 4040 4054 4066 4066 4072 4133 4151 4179 4169 4195 4155 4180 4154 4171 4123 4129 4129 4142 4143 4205 4205 4198 -1 -1 -1 -1 -1 -1 -1 -1 -1 -1 -1 -1 -1 -1 -1 -1 -1 -1 -1 3770 3756 3760 3780 3774 3773 3700 3700 3700 3722 3736 3723 3698 3727 3727 3761 3738 3758 3741 3738 3735 3769 3803 3789 3765 3744 3744 3679 3679 3679 3691 3711 3754 3774 3720 3726 3706 3706 3690 3676 3662 3673 3649
3906 3920 3951 3951 3972 4003 4003 3993 4022 3992 3996 4013 4027 4055 4075 4089 4086 4120 4174 4174 4192 4161 4209 4149 4151 4137 4098 4115 4123 4123 4142 4174 4198 -1 -1 -1 -1 -1 -1 -1 -1 -1 -1 -1 -1 -1 -1 -1 -1 -1 -1 -1 -1 3770 3758 3794 3794 3789 3713 3713 3755 3738 3721 3735 3727 3726 3698 3738 3752 3772 3772 3741 3738 3769 3748 3748 3757 3757 3761 3730 3675 3665 3666 3704 3743 3760 3774 3740 3740 3709 3704 3673 3676 3656 3673 3649
3918 3921 3951 3974 3999 4013 4007 4008 4022 4029 4024 4027 4047 4061 4089 4086 4120 4128 4142 4178 4192 4175 4209 4140 4140 4117 3985 -1 -1 -1 4109 4146 4146 4166 4150 4114 -1 -1 -1 -1 -1 -1 -1 3958 3959 3920 -1 3764 3798 -1 3828 3828 -1 -1 -1 3820 3823 3803 3803 3789 3769 3769 3735 3726 3712 3752 3772 3786 3755 3738 3772 3741 3759 3762 3759 3748 3782 3768 3761 3747 3698 3655 3666 3721 3735 3743 3746 3743 3706 3709 3704 3672 3656 3649 3659 3641
3926 3927 3940 3960 3974 4007 4013 4005 4015 4029 4024 4033 4064 4061 4062 4062 4089 4112 4143 4161 4175 4175 4178 4140 4109 4106 -1 -1 -1 -1 4076 4110 4115 4146 4149 4149 4135 4084 -1 4018 3971 -1 -1 3981 3980 3940 -1 -1 3817 3871 3829 3828 3814 3822 3808 3820 3837 3837 3806 3803 3772 3774 3754 3746 3726 3757 3786 3785 3765 3772 3758 3741 3745 3759 3793 3734 3782 3730 3739 3738 3689 3689 3691 3725 3735 3746 3749 3749 3704 3704 3692 3678 3672 3649 3647 3627
3926 3912 3927 3923 3973 3982 4005 3999 3995 4027 4037 4050 4064 4072 4092 4083 4097 4112 4128 4144 4144 4155 4157 4082 4126 -1 -1 -1 -1 4076 4076 4110 4096 4109 4101 4119 4149 4118 4111 4097 3973 4030 4016 3999 3980 3950 3929 3929 3882 3885 3851 3851 3837 3842 3822 3840 3854 3823 3826 3812 3788 3788 3781 3780 3726 3777 3791 3799 3799 3779 3745 3759 3759 3728 3779 3793 3726 3726 3730 3708 3708 3711 3725 3790 3804 3748 3780 3716 3705 3712 3707 3692 3692 3657 3647 3613
3995 3961 3913 3923 3956 3991 3968 3985 3999 4027 4047 4051 4072 4119 4106 4106 4097 4107 4141 4141 4155 4157 4164 4143 4068 -1 -1 -1 3944 -1 -1 4077 4079 4084 4088 4118 4115 4111 -1 4030 4042 4043 4030 4002 3980 3960 3930 3930 3916 3896 3885 3854 3851 3874 3856 3854 3854 3826 3826 3826 3828 3795 3794 3794 3812 3823 3823 3792 3807 3793 3793 3759 3754 3728 3760 3729 3726 3726 3726 3708 3742 3682 3728 3756 3770 3804 3780 3766 3726 3707 3695 3726 3726 3662 3645 3613
3961 3961 3947 3922 3922 3966 3966 4006 4007 4020 4051 4047 4119 4072 4105 4093 4107 4093 4107 4127 4133 4164 4170 4150 4099 4029 -1 -1 3964 -1 -1 -1 4048 4043 4057 4064 4080 4080 4077 4047 4030 4042 4042 4012 3991 3974 3964 3950 3930 3899 3861 3859 3859 3886 3906 3888 3857 3864 3832 3862 3831 3824 3824 3826 3826 3823 3827 3793 3807 3807 3813 3786 3772 3755 3746 3816 3760 3746 3724 3738 3739 3742 3776 3762 3770 3773 3736 3795 3726 3726 3709 3712 3697 3676 3661 3599
3914 3892 3892 3874 3908 3952 3966 3978 4012 4020 4050 4088 4085 4085 4079 4093 4073 4084 4098 4102 4133 4156 4170 4136 4086 4120 4086 4055 4037 4016 4033 4040 4091 4150 4164 4063 4082 4096 4078 4078 4083 4069 4011 3991 3981 4008 3994 3974 3939 3899 3868 3870 3884 3920 3886 3889 3864 3872 3862 3865 3865 3848 3831 3834 3850 3824 3841 3841 3841 3810 3837 3813 3786 3761 3765 3830 3830 3808 3773 3808 3794 3777 3773 3776 3770 3770 3736 3795 3781 3709 3708 3711 3680 3682 3661 3592
-1 3901 3878 3892 3891 3918 3954 3978 3981 4012 4012 4019 4081 4081 4071 4049 -1 4064 4098 4102 4102 4105 4139 4136 4106 4120 4091 4086 4054 4068 4047 4047 4105 4116 4164 4165 4133 4096 4078 4112 4098 4083 4049 4049 4015 4008 4012 4008 3973 3907 3916 3936 3936 3922 3920 3930 3934 3886 3883 3962 3902 3896 3916 3886 3855 3861 3875 3875 3862 3863 3837 3806 3831 3817 3807 3804 3830 3864 3842 3842 3808 3798 3790 3804 3770 3770 3736 3764 3761 3739 3715 3711 3682 3668 3627 3631
3887 3901 3895 3929 3915 3949 3964 3968 3978 3998 3998 4005 4042 4067 4035 4036 4064 4064 4071 4088 4087 4101 4130 4108 4111 4105 4097 4082 -1 4043 4068 4059 4071 4095 4130 4165 4151 4131 4100 4097 4112 4052 4052 4035 4018 4043 4077 4077 3975 3995 3977 3976 3950 3936 3944 3950 3948 3976 3976 3930 3930 3916 3917 3885 3872 3910 3896 3876 3868 3865 3863 3862 3836 3831 3818 3838 3838 3850 3864 3828 3812 3812 3797 3804 3754 3756 3736 3761 3747 3747 3739 3725 3682 3651 3634 3563
3861 3881 3897 3929 3931 3931 3949 3968 3969 3984 3998 3991 4005 4024 4021 4022 4036 4033 4065 4079 4097 4101 4130 4116 4105 4111 4117 4095 -1 4043 4045 4059 4063 4130 4131 4134 4131 4097 4097 4066 4063 4014 4015 4007 4009 4009 4043 4063 4043 4009 4009 4029 4012 3944 3950 3948 3942 3942 3945 3907 3916 3917 3925 3908 3877 3850 3910 3882 3876 3882 3896 3874 3871 3891 3818 3841 3841 3824 3818 3818 3814 3828 3800 3806 3789 3775 3741 3755 3747 3773 3739 3716 3716 3648 3555 3623
3864 3861 3895 3897 3898 3917 3934 3940 3969 3969 3973 3973 3986 4041 4055 4021 4006 4002 4017 4097 4079 4083 4086 4097 4111 4117 4106 4092 4095 4060 4046 4028 4096 4096 4099 4096 4117 4083 4028 4028 4028 4014 4007 4009 4009 4009 4007 4029 4010 3996 4043 4043 3939 3946 3936 3944 3944 3942 3911 3925 3939 3939 3939 3908 3881 3862 3876 3882 3904 3905 3896 3905 3905 3906 3838 3841 3827 3814 3814 3804 3828 3828 3831 3837 3789 3789 3755 3756 3759 3773 3704 3701 3653 3650 3648 3589
