R/urupa_v/arrival.asc
NCOLS 638
NROWS 825
XLLCORNER -2985163.8955
YLLCORNER -3022031.214
CELLSIZE 10000
NODATA_value -1
[rows 188 to 234 of 825, columns 384 to 479 of 638]
1509 1500 1513 1516 1525 1549 1526 1550 1550 1541 1551 1557 1557 1564 1570 1562 1550 1559 1560 1559 1573 1559 1559 1573 1560 1574 1582 1577 1573 1565 -1 -1 1575 1576 1563 1559 1559 1558 -1 -1 -1 -1 -1 -1 -1 1519 1520 -1 1529 -1 -1 1526 1529 1533 1526 1515 -1 -1 1513 1513 -1 -1 -1 1503 -1 -1 -1 -1 1427 1435 -1 -1 1413 1409 1404 1405 1418 1428 1428 1437 1437 1438 1426 1424 1416 1422 1424 1394 -1 -1 -1 -1 -1 -1 -1 -1
1493 1502 1515 1522 1525 1536 1558 1558 1555 1559 1559 1559 1571 1579 1573 1573 1571 1571 1571 1558 1561 1582 1575 1582 1572 1572 1583 1595 1575 1582 1574 1583 1598 1584 1573 1559 1557 1552 -1 -1 -1 1537 -1 -1 -1 1529 1529 1520 1538 1533 1533 1534 1535 1542 1541 1534 1528 -1 1527 -1 -1 -1 -1 1513 1527 1513 -1 -1 -1 -1 -1 -1 -1 1403 1403 1417 1426 1437 1436 1446 1447 1446 1438 1424 1436 1438 1422 1402 -1 -1 -1 -1 -1 -1 -1 -1
-1 -1 -1 1524 1526 1538 1550 1558 1564 1559 1572 1573 1582 1580 1582 1586 1587 1585 1580 1580 1573 1574 1584 1595 1574 1581 1579 1604 1583 1583 1583 1607 1597 1595 1582 1570 1561 1571 -1 -1 -1 -1 1551 -1 -1 1538 1539 1538 1542 1547 1547 1548 1551 1549 1555 1548 1537 1536 1533 1535 -1 -1 1526 1535 1527 1515 -1 -1 -1 -1 -1 -1 -1 -1 1400 1423 1440 1450 1448 1460 1461 1446 -1 1438 1445 1446 1436 1416 1415 -1 -1 -1 -1 -1 -1 -1
1507 1521 1533 1534 1539 1546 1548 1557 1571 1579 1581 1581 1594 1583 1595 1595 1593 1593 1594 1594 1579 1581 1583 1597 1604 1594 1593 1596 1597 1597 1604 1621 1603 1596 1594 1575 1580 1573 -1 1560 1572 1559 -1 1558 1552 1552 1561 1552 1551 1551 1556 1571 1557 1558 1564 1551 1557 1537 1546 1549 -1 -1 1528 1535 1536 1527 -1 -1 -1 -1 -1 -1 -1 -1 -1 1449 1451 1462 1468 1470 1460 1446 1445 1447 1459 1445 -1 1425 1424 -1 -1 -1 -1 -1 -1 -1
1521 1523 1543 1534 1545 1547 1560 1561 1572 1573 1573 1581 1595 1602 1597 1604 1604 1616 1608 1603 1602 1593 1596 1606 1618 1615 1601 1602 1605 1606 1629 1618 1617 1604 1602 1584 1582 1582 1573 1581 1574 1573 1573 1571 1560 1561 1575 1574 1565 1570 1579 1573 1565 1578 1571 1560 1558 1549 1555 1549 1558 1558 1537 1536 1549 1536 -1 -1 -1 -1 -1 -1 -1 -1 -1 -1 1445 1459 1470 1483 1461 1447 1447 1467 1461 1447 1446 1438 1438 -1 -1 -1 -1 -1 -1 -1
1525 1529 1557 1536 1554 -1 1569 1570 1572 1580 1580 1581 1594 1604 1605 1595 1618 1617 1625 1617 1616 1595 1604 1620 1626 1624 1614 1605 1619 1619 1627 1626 1618 1616 1606 1597 1595 1596 1596 1583 1582 1581 1580 1581 1574 1584 1583 1587 1574 1587 1593 1587 1579 1586 1580 1573 1559 1556 1557 1558 1579 1580 1571 1558 1551 1526 -1 -1 -1 -1 -1 -1 -1 -1 -1 -1 -1 1468 1492 1484 1448 1460 1460 1470 1468 1459 1448 1446 -1 -1 -1 -1 -1 -1 -1 -1
1547 1547 1558 1565 1559 1559 1568 1578 1583 1581 1580 1594 1603 1616 1617 1626 1626 1626 1625 1619 1625 1607 1617 1610 1628 1638 1610 1606 1618 1627 1628 1648 1627 1625 1620 1619 1605 1605 1603 1594 1595 1594 1603 1595 1586 1597 1596 1595 1597 1602 1596 1610 1601 1582 1592 1582 1581 1570 1579 1571 1572 1580 1572 1559 1559 1550 -1 -1 -1 -1 -1 -1 -1 -1 -1 -1 -1 1482 1493 1470 1469 1469 1469 1461 1460 1469 1460 1457 -1 -1 -1 1424 1417 -1 -1 -1
1557 1558 1566 1579 1568 1576 1573 1591 1586 1593 1585 1584 1603 1614 1625 1626 1626 1640 1625 1628 1631 1628 1629 1626 1647 1632 1620 1611 1627 1641 1640 1642 1640 1628 1628 1627 1616 1605 1617 1603 1604 1604 1617 1596 1606 1610 1604 1605 1618 1616 1610 1623 1623 1601 1595 1595 1594 1581 1592 1593 1580 1579 1580 1572 1560 1538 -1 1537 -1 -1 -1 -1 -1 -1 -1 -1 -1 1490 1483 1482 1469 1482 1483 1468 1469 1471 1471 1458 -1 -1 1437 1426 1424 1426 1435 1427
1567 1581 1578 1590 1588 1582 1582 1596 1600 1593 1602 1592 1606 1606 1623 1618 1625 1649 1639 1640 1639 1639 1639 1631 1640 1640 1632 1629 1650 1641 1643 1648 1651 1641 1641 1639 1627 1625 1619 1626 1618 1605 1618 1626 1620 1619 1619 1626 1624 1618 1617 1605 1615 1604 1604 1603 1604 1601 1594 1594 1602 1592 1571 1582 1581 1550 -1 1550 1540 -1 -1 -1 -1 -1 -1 1493 1506 1504 1491 1491 1490 1492 1481 1471 1479 1482 1480 1479 -1 -1 -1 1446 1440 1449 1435 1435
1589 1591 1589 1602 1599 1605 1614 1604 1607 1609 1606 1594 1601 1615 1605 1616 1627 1640 1647 1648 1648 1647 1654 1662 1649 1633 -1 1628 1641 1650 1652 1650 1662 1650 1650 1648 1641 1638 1628 1632 1626 1627 1627 1629 1630 1632 1628 1632 1647 1638 1625 1616 1623 1618 1618 1604 1616 1603 1602 1603 1616 1603 1580 1595 1582 1574 1559 1553 1539 1541 1535 -1 -1 1513 1515 1515 1513 1505 1505 1505 1504 1490 1484 1485 1491 1494 1503 1493 -1 -1 -1 1448 1460 1458 1449 1436
1577 1581 1599 1612 1610 1598 1603 1611 1616 1616 1615 1603 1607 1615 1604 1617 1639 1647 1649 1661 1640 1661 1671 1663 1662 1649 1642 -1 -1 1649 1664 1671 1662 1664 1662 1650 1646 1640 1641 1640 1640 1649 1641 1630 1641 1633 1634 1640 1641 1639 1637 1624 1627 1627 1627 1626 1626 1625 1638 1640 1617 1625 1626 1604 1604 1581 1572 1562 1554 1557 1548 1535 1514 1527 1529 1515 1514 1514 1514 1513 1506 1492 1491 1494 1504 1502 1517 -1 -1 -1 -1 1468 1462 1471 1457 1449
1582 1592 1604 1603 1621 1601 1615 1625 1629 1625 1616 1610 1607 1616 1624 1638 1641 1649 1662 1663 1670 1685 1669 1671 1663 1651 1665 1651 -1 1663 1672 1671 1671 1672 1670 1647 1640 1648 1654 1648 1649 1642 1651 1642 1642 1640 1649 1642 1646 1648 1661 1646 1641 1641 1627 1627 1639 1649 1648 1662 1648 1640 1627 1617 1605 1595 1577 1576 1563 1571 1558 1549 1536 1538 1537 1529 1527 1535 1527 1515 1514 1516 1508 1513 1524 1525 1501 -1 1491 1491 1482 1471 1471 1472 1458 1438
1580 1583 1601 1613 1604 1603 1613 1624 1633 1637 1625 1624 1620 1620 1625 1648 1647 1670 1671 1672 1686 1693 1684 1683 1671 1664 1664 1673 1664 1671 1672 1684 1672 1671 1665 1661 1649 1655 1662 1662 1672 1663 1650 1663 1649 1640 1654 1656 1659 1654 1662 1663 1649 1641 1649 1649 1663 1671 1670 1663 1662 1649 1627 1619 1618 1604 1599 1586 1580 1571 1558 1551 1551 1551 1538 1537 1536 1528 1536 1528 1530 1536 1527 1547 1538 1515 1503 1502 1493 1505 1493 1484 1480 1472 1459 1447
1578 1589 1590 1599 1612 1627 1622 1618 1628 1651 1632 1623 1629 1629 1639 1651 1660 1683 1685 1693 1694 1707 1691 1693 1684 1675 1673 1672 1687 -1 1685 1685 1685 1673 1664 1670 1676 1671 1671 1661 1651 1653 1664 1652 1655 1663 1665 1659 1668 1660 1655 1672 1663 1649 1649 1663 1663 1671 1672 1671 1652 1650 1641 1626 1622 1608 1602 1593 1581 1580 1572 1558 1560 1559 1559 1549 1558 1551 1537 1537 1539 1549 1548 1540 1517 1512 1526 1513 1513 1506 1503 1494 1473 1458 1450 1436
1589 1598 1611 1611 1635 1621 1624 1625 1627 1640 1660 1646 1655 1661 1670 1660 1674 1684 1692 1706 1708 1716 1705 1707 1698 1694 1687 1686 1696 -1 1693 1685 1694 1683 1687 1677 1686 1672 1684 1674 1665 1673 1674 1666 1663 1662 1664 1668 1669 1677 1685 1671 1662 1663 1663 1672 1670 1671 1671 1662 1649 1649 1644 1630 1624 1617 1603 1603 1594 1581 1574 1574 1560 1573 1559 1572 1560 1558 1550 1550 1558 1552 1537 1539 1526 1534 1536 1527 1515 1492 1494 1494 1483 1472 1448 1447
1600 1600 1614 1620 1635 1635 1633 1639 1626 1639 1648 1646 1652 1661 1673 1683 1692 1697 1706 1717 1715 1729 1708 1707 1716 1707 1695 1695 1709 1693 1693 1684 1684 1696 1707 1695 1693 1693 1686 1674 1673 1672 1673 1684 1670 1670 1670 1682 1683 1686 1694 1694 1686 1672 1672 1672 1684 1672 1684 1674 1665 1663 1653 1647 1625 1625 1616 1593 1597 1583 1582 1582 1582 1573 1581 1580 1571 1572 1559 1562 1553 1561 1548 1557 1548 1540 1517 1506 1507 1504 1493 1492 1480 1470 1462 1461
1622 1614 1623 1622 1636 1644 1644 1638 1647 1647 1648 1662 1661 1661 1669 1682 1706 1706 1706 1715 1718 1727 1737 1720 1716 1709 1708 1707 1716 1709 1716 1716 1693 1686 1709 1716 1707 1694 1696 1687 1686 1677 1673 1677 1692 1684 1684 1692 1691 1691 1693 1685 1672 1682 1685 1685 1693 1684 1693 1685 1672 1667 1661 1639 1638 1628 1616 1605 1603 1596 1604 1596 1595 1596 1595 1582 1581 1572 1571 1562 1569 1562 1561 1552 1549 1525 1514 1516 1526 1512 1507 1494 1484 1469 1462 1448
1614 1622 1637 1634 1643 1645 1646 1641 1650 1657 1656 1671 1670 1670 1683 1691 1706 1715 1715 1728 1716 1729 1741 1729 1719 1718 1708 1714 1715 1730 1738 1730 1730 1709 1709 1716 1708 1695 1695 1710 1688 1686 1685 1686 1693 1693 1691 1692 1693 1693 1693 1694 1691 1686 1694 1694 1707 1693 1694 1686 1685 1675 1670 1662 1648 1625 1619 1616 1625 1605 1605 1618 1605 1604 1603 1594 1595 1581 1573 1571 1570 1570 1571 1563 1558 1536 1529 1535 1528 1530 1516 1503 1493 1470 1461 1447
1621 1623 1624 1645 1649 1648 1641 1646 1647 1651 1666 1668 1671 1684 1693 1697 1719 1729 1729 1730 1737 1738 1750 1743 1719 1722 1717 1728 1729 1732 1738 1738 1729 1715 1716 1718 1717 1707 1718 1697 1717 1693 1687 1687 1692 1700 1701 1691 1704 1694 1706 1707 1694 1695 1708 1715 1707 1708 1694 1694 1684 1675 1670 1664 1650 1639 1625 1627 1639 1640 1627 1626 1617 1607 1616 1604 1584 1583 1578 1579 1574 1583 1565 1572 1561 1552 1538 1537 1538 1529 1516 1507 1483 1470 1461 1457
1635 1628 1623 1637 1659 1658 1649 1659 1657 1649 1662 1668 1677 1691 1707 1696 1707 1728 1730 1731 1738 1739 1739 1752 1730 1730 1730 1732 1736 1738 1741 1737 1732 1730 1716 1732 1731 1718 1711 1695 1696 1708 1694 1705 1708 1709 1704 1713 1704 1715 1708 1716 1708 1708 1716 1716 1717 1694 1706 1692 1688 1692 1684 1673 1662 1670 1650 1648 1649 1641 1627 1618 1608 1625 1607 1593 1592 1587 1584 1585 1587 1575 1574 1581 1574 1571 1557 1551 1537 1529 1516 1515 1507 1480 1456 1466
1636 1644 1635 1645 1668 1659 1671 1672 1668 1666 1669 1671 1682 1683 1700 1716 1719 1729 1742 1752 1753 1753 1738 1751 1744 1739 1738 1736 1740 1750 1751 1741 1739 1732 1718 1739 1740 1723 1719 1710 1696 1700 1706 1715 1714 1706 1705 1723 1713 1717 1716 1708 1715 1716 1716 1716 1707 1715 1705 1697 1691 1693 1686 1684 1686 1663 1671 1641 1649 1639 1626 1606 1607 1615 1608 1593 1592 1593 1594 1588 1582 1582 1583 1583 1580 1573 1559 1551 1551 1538 1529 1515 1487 1488 1465 1462
1634 1645 1644 1658 1658 1668 1681 1680 1682 1691 1685 1684 1691 1690 1704 1713 1729 1743 1751 1761 1762 1762 1760 1739 1753 1753 1733 1732 1737 1759 1760 1752 1741 1738 1723 1722 1730 1731 1724 1733 -1 1697 1713 1715 1745 1729 1732 1714 1727 1717 1715 1715 1715 1729 1717 1728 1716 1714 1706 1710 1696 1693 1694 1692 1693 1694 1672 1648 1647 1643 1629 1619 1620 1616 1606 1593 1595 1605 1606 1596 1596 1583 1593 1584 1581 1574 1572 1560 1552 1538 1525 1511 1510 1493 1484 1471
1635 1643 1636 1645 1667 1667 1680 1690 1703 1704 1692 1693 1707 1703 1713 1722 1738 1751 1752 1763 1752 1775 1752 1739 1762 1739 1747 1740 1751 1763 1754 1761 1752 1752 1762 1753 1730 1739 1732 1742 1722 1714 1706 1715 1746 1737 1738 1735 1728 1731 1716 1729 1738 1729 1731 1729 1737 1727 1719 1708 1710 1708 1694 1698 1689 1694 1685 1671 1661 1651 1627 1629 1630 1615 1605 1601 1614 1615 1605 1605 1597 1597 1602 1597 1583 1580 1571 1560 1552 1547 1533 1524 1510 1502 1488 1479
1623 1643 1644 1657 1657 1666 1689 1703 1706 1712 1713 1704 1713 1716 1727 1736 1745 1758 1761 1774 1772 1784 1762 1775 1761 1750 1756 1754 1760 1755 1760 1761 1761 1751 1742 1753 1741 1729 1740 1722 1718 1720 1714 1728 1729 1737 1728 1751 1739 1730 1738 1730 1730 1738 1740 1738 1736 1717 1716 1716 1718 1717 1708 1706 1697 1693 1685 1684 1670 1665 1641 1626 1639 1629 1610 1605 1607 1619 1618 1605 1606 1594 1606 1604 1595 1580 1573 1561 1551 1555 1533 1524 1518 1490 1488 1482
1622 1637 1657 1666 1666 1658 1680 1703 1711 1715 1725 1734 1726 1727 1735 1738 1752 1761 1767 1775 1765 1798 1776 1784 1775 1769 1773 1762 1763 1762 1763 1774 1783 1774 1754 1755 1762 1754 -1 -1 1721 1709 1707 -1 1736 1774 1750 1760 1738 1752 1739 1738 1739 1739 1739 1752 1729 1730 1716 1721 1730 1717 1715 1696 1711 1707 1692 1687 1674 1650 1652 1640 1629 1638 1623 1616 1618 1627 1627 1596 1595 1603 1593 1617 1595 1582 1573 1560 1547 1548 1536 1528 1518 1511 1503 1489
1636 1646 1646 1666 1667 1681 1688 1702 1712 1729 1734 1739 1731 1736 1758 1749 1752 1764 1763 1775 1774 1806 1784 1798 1784 1770 1772 1782 1776 1764 1763 1777 1783 1773 1762 1763 1763 1763 -1 -1 -1 -1 -1 -1 1750 1782 1760 1762 1761 1739 1751 1753 1739 1739 1761 1753 1739 1743 1730 1738 1717 1716 1729 1719 1716 1706 1696 1686 1674 1665 1664 1653 1661 1632 1628 1627 1630 1641 1628 1619 1605 1617 1626 1597 1595 1582 1574 1570 1556 1550 1534 1525 1514 1525 1505 1496
1637 1645 1659 1659 1668 1682 1690 1694 1711 1717 1737 1726 1734 1736 1748 1753 1765 1776 1773 1787 1798 1797 1783 1786 1806 1797 1789 1796 1799 1785 -1 1786 1797 1775 1764 1776 1777 1775 1762 1775 -1 -1 -1 -1 -1 1759 1774 1775 1775 1760 1752 1761 1753 1753 1761 1751 1744 1733 1732 1731 1718 1737 1733 1710 1730 1707 1708 1695 1688 1672 1664 1664 1660 1651 1629 1639 1640 1650 1642 1628 1626 1616 1606 1604 1597 1583 1579 1569 1556 1559 1535 1527 1525 1534 1505 1496
1645 1646 -1 1667 1681 1681 1691 1704 1708 1714 1728 1727 1735 1748 1751 1757 1762 1766 1784 1775 1795 1807 1806 1800 1788 1798 1785 1787 1805 1808 1786 1786 1806 1799 1785 1786 1784 1775 1785 1776 1783 1782 1777 -1 -1 1773 1782 1783 1775 1784 1775 1761 1761 1759 1760 1750 1741 1740 1739 1730 1730 1732 1742 1738 1731 1717 1699 1696 1695 1686 1672 1673 1674 1654 1646 1652 1650 1663 1650 1642 1639 1620 1620 1605 1585 1583 1592 1570 1557 1573 1548 1534 1527 1528 1506 1496
-1 -1 -1 -1 -1 1690 1689 1703 1713 1712 1726 1736 1736 1749 1771 1760 1780 1772 1789 1781 1781 1789 1809 1808 1811 1820 1821 1807 1801 1778 1785 -1 1799 1808 1797 1786 1777 1784 1784 1784 1797 1795 1791 1785 1796 1775 1773 1774 1783 1784 1784 1775 1762 1763 1773 1753 1755 1752 1753 1739 1755 1733 1739 1740 1706 1700 1710 1701 1700 1695 1687 1682 1673 1668 1661 1663 1672 1664 1651 1648 1628 1628 1629 1602 1594 1601 1595 1593 1581 1571 1549 1551 1542 1549 1520 1504
-1 -1 -1 -1 -1 1667 1669 1680 1712 1726 1727 1749 1750 1759 1773 1780 1788 1795 1797 1782 1784 1818 1820 1821 1820 1808 1807 1830 1809 1809 1800 1785 1807 1820 1808 1807 1800 1797 1798 1806 1804 1799 1796 1797 1799 1805 1806 1797 1796 1798 1784 1775 1761 1782 1777 1764 1761 1762 1751 1764 1752 1741 1732 1741 1715 1710 1719 1723 1709 1709 1697 1696 1677 1675 1675 1672 1672 1650 1642 1650 1617 1626 1619 1602 1601 1604 1602 1604 1580 1563 1564 1549 1550 1541 1517 1513
-1 -1 -1 -1 -1 -1 -1 -1 -1 1725 1734 1735 1758 1772 1772 1781 1795 1795 1804 1796 1798 1812 1826 1829 1830 1829 1820 1823 1822 1821 1811 1810 1807 1829 1821 1820 1808 1806 1806 1807 1808 1813 1806 1805 1808 1806 1819 1820 1806 1799 1798 1785 1783 1785 1786 1778 1774 1783 1774 1761 1756 1751 1737 1729 1717 1719 1732 1718 1718 1705 1705 1706 1684 1683 1695 1686 1664 1673 1641 1648 1638 1625 1618 1615 1625 1616 1608 1595 1587 1573 1572 1558 1536 1536 1527 1518
-1 -1 -1 -1 -1 -1 -1 -1 -1 1713 1733 1749 1750 1759 1780 1780 1794 1804 1809 1805 1802 1807 1834 1819 1820 1829 1821 1835 1832 1831 1829 1818 1819 1830 1830 1821 1829 1829 1820 1819 1822 1820 1809 1808 1806 1828 1828 1806 1808 1800 1807 1805 1804 1796 1797 1783 1784 1777 1763 1764 1760 1753 1745 1734 1711 1720 1719 1720 1709 1708 1700 1699 1691 1686 1686 1673 1686 1665 1651 1662 1639 1627 1647 1638 1627 1618 1609 1595 1594 1581 1573 1571 1548 1549 1535 1526
-1 -1 -1 -1 -1 -1 -1 -1 -1 -1 -1 1735 1758 1758 1757 1770 1803 1817 1818 1819 1811 1810 1822 1829 1843 1829 1834 1845 1843 1843 1842 1828 -1 1822 1822 1809 1808 1828 1820 1828 1823 1828 1821 1806 1820 1820 1807 1808 1808 1809 1842 1828 1818 1806 1807 1798 1786 1806 1797 1773 1762 1745 1742 1740 1731 1742 1728 1708 1721 1717 1714 1708 1695 1694 1688 1674 1695 1673 1670 1662 1663 1649 1640 1628 1626 1640 1617 1603 1582 1586 1580 1573 1557 1551 1540 1532
-1 -1 -1 -1 -1 -1 -1 -1 -1 -1 -1 -1 -1 1748 1757 -1 1771 1818 1825 1817 1827 1833 1832 1831 1843 1852 1844 1857 1854 1852 1850 1831 1831 1830 1830 1821 1830 1819 1842 1836 1835 1832 1830 1828 1829 1820 1820 1822 1822 1850 1820 1819 1819 1808 1811 1799 1807 1798 1785 1776 1765 1756 1755 1753 1751 1727 1720 1722 1731 1722 1717 1709 1709 1697 1688 1676 1685 1684 1685 1671 1665 1662 1648 1640 1629 1649 1618 1607 1594 1592 1583 1576 1559 1560 1554 1537
-1 -1 -1 -1 -1 -1 -1 -1 -1 -1 -1 -1 -1 -1 -1 -1 -1 -1 -1 1811 1820 1841 1841 1855 1852 1843 1843 1852 1866 1845 1853 1845 1845 1844 1831 1828 1844 1851 1841 1830 1842 1830 1842 1842 1852 1844 1828 1831 1830 1829 1819 1823 1809 1820 1819 1808 1786 1786 1786 1799 1776 1764 1762 1765 1741 1721 1732 1732 1739 1718 1718 1718 1710 1697 1687 1684 1708 1694 1675 1673 1671 1651 1651 1651 1632 1639 1631 1609 1604 1596 1596 1584 1576 1563 1560 1546
-1 -1 -1 -1 -1 -1 -1 -1 -1 -1 -1 -1 -1 -1 -1 -1 1849 1862 -1 -1 1818 1850 1864 1848 1865 1866 1853 1844 1867 1842 1843 1851 1853 1854 1844 1853 1853 1865 1844 1851 1852 1843 1850 1851 1851 1844 1843 1829 1844 1843 1831 1822 1821 1828 1822 1809 1800 1800 1808 1800 1776 1777 1776 1773 1753 1740 1740 1731 1720 1713 1719 1718 1697 1696 1687 1716 1699 1695 1687 1685 1671 1663 1660 1642 1640 1631 1627 1617 1608 1605 1607 1595 1581 1568 1559 1537
-1 -1 -1 -1 -1 -1 -1 -1 -1 -1 -1 -1 -1 -1 -1 -1 -1 -1 1862 1832 1825 1824 1877 1852 1857 1874 1875 1879 1879 1876 -1 1865 1867 1867 1866 1867 1850 1864 1874 1852 1851 1866 1852 1865 1864 1852 1853 1853 1852 1842 1845 1823 1829 1830 1821 1822 1809 1787 1787 1808 1786 1778 1784 1777 1763 1754 1754 1732 1734 1722 1733 1710 1708 1709 1696 1708 1698 1684 1694 1673 1664 1661 1653 1649 1637 1630 1628 1618 1618 1616 1604 1585 1573 1560 1547 1550
-1 -1 -1 -1 -1 -1 -1 -1 -1 -1 -1 -1 -1 -1 -1 -1 -1 -1 -1 -1 1840 1833 1864 1878 -1 1866 1888 1875 1866 1874 1874 1875 1866 1876 1873 1875 1875 1873 1873 1865 1865 1875 1873 1873 1876 1867 1866 1864 1865 1854 1852 1843 1832 1845 1831 1808 1809 1786 1796 1786 1787 1787 1785 1777 1776 1763 1741 1735 1723 1736 1741 1732 1718 1718 1710 1721 1696 1684 1682 1676 1662 1662 1663 1652 1639 1637 1616 1615 1626 1606 1594 1594 1583 1570 1561 1549
-1 -1 -1 -1 -1 -1 -1 -1 -1 -1 -1 -1 -1 -1 -1 -1 -1 -1 -1 -1 -1 -1 -1 1864 1875 1889 1896 1889 -1 1876 1888 1889 1888 1890 1874 1887 1887 1889 1887 1875 1874 1866 1874 1874 1886 1874 1867 1873 1874 1853 1844 1831 1853 1831 1831 1822 1818 1800 1798 1800 1800 1801 1786 1785 1764 1766 1758 1743 1745 1736 1735 1740 1731 1730 1730 1708 1704 1698 1684 1673 1660 1671 1661 1651 1638 1629 1616 1615 1606 1615 1585 1592 1571 1571 1562 1548
-1 -1 -1 -1 -1 -1 -1 -1 -1 -1 -1 -1 -1 -1 -1 -1 1864 1878 -1 -1 -1 -1 -1 -1 -1 1897 1910 1912 1890 1896 1898 1896 1889 1898 1888 1895 1895 1898 1896 1888 1897 1889 1875 1876 1888 1887 1874 1876 1876 1868 1844 1842 1834 1840 1823 1822 1809 1812 1807 1809 1809 1809 1799 1775 1789 1780 1767 1754 1755 1741 1740 1740 1739 1730 1731 1721 1707 1685 1675 1661 1652 1651 1660 1651 1637 1628 1616 1607 1606 1593 1601 1592 1582 1571 1563 1568
-1 -1 -1 -1 -1 -1 -1 -1 -1 -1 -1 -1 -1 -1 -1 -1 -1 1886 -1 -1 -1 -1 -1 1895 1909 1919 1921 1911 1899 1897 1899 1912 1910 1897 1889 1896 1909 1902 1911 1910 1896 1888 1888 1896 1889 1888 1874 1876 1867 1865 1856 1841 1832 1831 1831 1817 1821 1813 1820 1807 1807 1811 1808 1798 1789 1775 1778 1764 1755 1754 1740 1741 1732 1740 1729 1719 1709 1683 1673 1664 1649 1650 1660 1638 1637 1628 1615 1607 1593 1598 1604 1591 1578 1577 1563 1562
-1 -1 -1 -1 -1 -1 -1 -1 -1 -1 -1 -1 -1 -1 -1 -1 -1 1886 1887 -1 -1 -1 -1 -1 1901 1918 1920 1909 1910 1898 1911 1912 1921 1919 1896 1897 1918 1910 1911 1920 1910 1897 1889 1897 1890 1897 1888 1890 1877 1863 1854 1854 1845 1845 1831 1822 1822 1829 1829 1821 1821 1820 1802 1802 1800 1786 1763 1764 1762 1753 1741 1732 1744 1741 1728 1717 1705 1697 1686 1672 1653 1644 1643 1629 1626 1621 1620 1615 1607 1605 1590 1576 1586 1583 1574 1561
-1 -1 -1 -1 -1 -1 -1 -1 -1 -1 -1 -1 -1 -1 -1 -1 -1 -1 1894 1902 -1 -1 -1 1909 1914 -1 1933 1919 1942 1934 1920 1921 1920 1941 1910 1911 1924 1915 1919 1934 1910 1910 1898 1898 1899 1897 1898 1900 1889 1853 1867 1853 1853 1843 1836 1835 1829 1822 1823 1830 1822 1830 1808 1809 1800 1786 1755 1754 1754 1742 1754 1752 1749 1731 1728 1718 1706 1695 1689 1673 1666 1644 1659 1650 1630 1629 1623 1621 1613 1604 1585 1581 1571 1563 1569 1560
-1 -1 -1 -1 -1 -1 -1 -1 -1 -1 -1 -1 -1 -1 -1 -1 -1 -1 -1 1910 1911 1922 1923 1932 1940 1923 1941 1922 1934 1935 1935 1943 1934 1932 1933 1919 1920 1933 1933 1942 1942 1934 1920 1912 1912 1912 1909 1890 1890 1876 1876 1867 1851 1857 1843 1843 1843 1831 1832 1844 1831 1831 1821 1809 1786 1777 1776 1753 1742 1762 1753 1744 1743 1737 1727 1715 1711 1698 1682 1675 1681 1673 1664 1651 1636 1628 1637 1630 1607 1592 1597 1593 1579 1576 1557 1556
-1 -1 -1 -1 -1 -1 -1 -1 -1 -1 -1 -1 -1 -1 -1 -1 -1 -1 -1 1900 1911 1921 1930 1933 1933 1932 1937 1936 1935 1942 1943 1957 1940 1938 1933 1921 1934 1941 1941 1941 1942 1919 1920 1920 1918 1921 1912 1898 1898 1890 1876 1867 1866 1874 1852 1851 1845 1844 1852 1845 1832 1830 1822 1810 1800 1788 1798 1785 1763 1763 1766 1752 1742 1731 1722 1720 1704 1696 1688 1689 1695 1672 1663 1641 1642 1646 1642 1621 1608 1606 1602 1599 1585 1566 1557 1548
-1 -1 -1 -1 -1 -1 -1 -1 -1 -1 -1 -1 -1 -1 -1 -1 -1 -1 -1 1901 1907 1924 1932 1941 1941 1945 1945 1959 1943 1941 1956 1966 1946 1954 1956 1956 1942 1942 1943 1956 1943 1919 1917 1919 1914 1932 1921 1912 1877 1888 1889 1866 1873 1876 1865 1853 1852 1852 1853 1844 1833 1829 1834 1823 1821 1807 1799 1785 1776 1774 1754 1750 1740 1741 1727 1718 1710 1697 1690 1703 1677 1672 1654 1653 1645 1644 1650 1630 1622 1619 1607 1591 1588 1575 1555 1552
-1 -1 -1 -1 -1 -1 -1 -1 -1 -1 -1 -1 -1 -1 -1 -1 -1 -1 -1 -1 -1 1932 1946 1955 1946 1946 1956 1955 1968 1957 1965 1960 1955 1963 1965 1965 1964 1955 1957 1957 1965 1955 1920 1923 1921 1940 1921 1910 1896 1897 1889 1875 1875 1866 1867 1855 1853 1846 1852 1856 1831 1843 1832 1830 1821 1807 1787 1785 1764 1756 1766 1755 1764 1745 1743 1734 1711 1707 1699 1686 1682 1663 1660 1665 1652 1653 1644 1631 1628 1623 1615 1589 1577 1569 1565 1552
