layers/old_layers/suit_hand.asc
ncols         638
nrows         825
xllcorner     -2985163.8955
yllcorner     -3022031.214
cellsize      10000.0
NODATA_value  -9999
[rows 493 to 521 of 825, columns 260 to 324 of 638]
5.7052E-2 8.78042E-2 1.10587E-1 1.29656E-1 1.40676E-1 1.22874E-1 1.23902E-1 1.34131E-1 2.97148E-1 4.26018E-1 3.88226E-1 3.62992E-1 3.83334E-1 3.49049E-1 3.6745E-1 3.46339E-1 4.74546E-1 4.94491E-1 4.94679E-1 4.44742E-1 6.19538E-1 5.55422E-1 4.51507E-1 5.10298E-1 5.67767E-1 6.50394E-1 6.83025E-1 7.13843E-1 6.98831E-1 7.12645E-1 7.52971E-1 7.84584E-1 8.53579E-1 7.51479E-1 7.49855E-1 7.52283E-1 4.78299E-1 5.51718E-1 5.18168E-1 5.7216E-1 6.32779E-1 7.11326E-1 8.8034E-1 7.40456E-1 7.81411E-1 7.47347E-1 7.60796E-1 8.68014E-1 8.9942E-1 7.53719E-1 6.38563E-1 5.79969E-1 5.3437E-1 5.31951E-1 4.36183E-1 4.73124E-1 6.27512E-1 6.57153E-1 6.07181E-1 6.42672E-1 7.86504E-1 9.69931E-1 9.00673E-1 8.79346E-1 8.72208E-1
7.47332E-2 9.13091E-2 1.21626E-1 1.34101E-1 1.47168E-1 1.44006E-1 1.2095E-1 1.35503E-1 2.91094E-1 3.82589E-1 4.60838E-1 3.87347E-1 3.92335E-1 3.89825E-1 4.39207E-1 3.91935E-1 3.70321E-1 4.05864E-1 5.39163E-1 6.18473E-1 6.07824E-1 3.35148E-1 3.56753E-1 4.34762E-1 5.43341E-1 5.94607E-1 7.0672E-1 7.69907E-1 7.36018E-1 7.3333E-1 7.42849E-1 7.88639E-1 8.31656E-1 7.64413E-1 7.42669E-1 7.60578E-1 4.80581E-1 5.29694E-1 5.48785E-1 6.24835E-1 7.57454E-1 7.33207E-1 9.58657E-1 8.36517E-1 7.9202E-1 7.67817E-1 7.99306E-1 8.87547E-1 7.05049E-1 6.71236E-1 4.8749E-1 4.90253E-1 4.32013E-1 4.32378E-1 3.87231E-1 5.32522E-1 6.24742E-1 6.97255E-1 6.45064E-1 6.83163E-1 7.70902E-1 9.0084E-1 8.00329E-1 8.53957E-1 7.61401E-1
8.01936E-2 9.67509E-2 1.10161E-1 1.33874E-1 1.51734E-1 1.49262E-1 1.21032E-1 1.38241E-1 3.05674E-1 3.07564E-1 3.88181E-1 4.01926E-1 3.77842E-1 4.34711E-1 4.72551E-1 4.39911E-1 4.14867E-1 3.85783E-1 4.65945E-1 4.43582E-1 4.93737E-1 4.89604E-1 3.84252E-1 4.37908E-1 4.66882E-1 5.70406E-1 5.98668E-1 7.0744E-1 7.77635E-1 8.16715E-1 7.7068E-1 7.88893E-1 7.86758E-1 7.55183E-1 7.54773E-1 6.29265E-1 5.0707E-1 5.19916E-1 6.01014E-1 6.50571E-1 6.69888E-1 7.57519E-1 8.42968E-1 7.84279E-1 7.87726E-1 7.819E-1 7.93171E-1 7.18294E-1 7.15782E-1 6.71533E-1 6.29888E-1 4.6727E-1 4.28737E-1 4.17265E-1 4.18624E-1 4.01793E-1 5.93059E-1 6.8746E-1 7.57243E-1 7.32258E-1 8.23767E-1 8.42819E-1 8.5476E-1 7.91318E-1 8.08847E-1
8.87861E-2 1.02408E-1 1.26059E-1 1.33607E-1 1.46732E-1 1.49748E-1 1.20654E-1 1.9697E-1 3.0504E-1 3.43827E-1 3.82088E-1 4.59974E-1 4.1504E-1 4.15867E-1 4.69989E-1 4.67688E-1 4.65734E-1 4.61794E-1 3.06537E-1 3.92807E-1 4.67227E-1 3.23841E-1 3.59772E-1 3.88291E-1 4.63213E-1 4.86383E-1 6.02912E-1 6.26085E-1 6.25742E-1 6.71438E-1 7.9152E-1 8.12904E-1 6.847E-1 6.82847E-1 7.00387E-1 7.47009E-1 5.34705E-1 5.13542E-1 6.52544E-1 7.07751E-1 7.03969E-1 7.34993E-1 8.17152E-1 8.28221E-1 7.95358E-1 7.63851E-1 7.84885E-1 7.58386E-1 6.89086E-1 6.62313E-1 5.02628E-1 5.1426E-1 4.64177E-1 4.36979E-1 3.88424E-1 4.58588E-1 6.05016E-1 6.63964E-1 7.15508E-1 8.07166E-1 8.92388E-1 6.94447E-1 7.75314E-1 7.6406E-1 7.5708E-1
1.23985E-1 1.02165E-1 1.27617E-1 1.34738E-1 1.6263E-1 1.47638E-1 1.2155E-1 1.94289E-1 3.50307E-1 3.32662E-1 3.32965E-1 3.35877E-1 3.91872E-1 4.33308E-1 4.37239E-1 4.66629E-1 4.68037E-1 5.02972E-1 2.87106E-1 3.63378E-1 3.88289E-1 3.31849E-1 4.40567E-1 4.54842E-1 5.17006E-1 5.276E-1 4.89432E-1 5.06408E-1 5.31603E-1 6.77963E-1 7.17332E-1 7.10142E-1 7.01991E-1 7.07875E-1 6.93254E-1 7.37353E-1 5.62632E-1 5.4447E-1 6.70207E-1 7.1068E-1 7.62353E-1 8.17946E-1 8.11489E-1 8.59984E-1 8.62973E-1 7.54072E-1 7.36797E-1 7.36888E-1 7.89923E-1 5.74743E-1 5.08202E-1 4.87317E-1 4.86892E-1 4.03862E-1 3.86469E-1 3.93233E-1 6.28621E-1 7.01696E-1 7.23022E-1 7.36102E-1 8.09409E-1 8.18364E-1 7.55941E-1 8.8362E-1 8.7835E-1
1.03856E-1 1.18771E-1 1.26765E-1 1.46289E-1 1.4854E-1 1.19012E-1 1.23332E-1 1.80633E-1 3.56342E-1 3.36227E-1 3.34873E-1 3.53403E-1 4.24954E-1 4.12645E-1 4.18753E-1 4.56769E-1 5.46155E-1 5.9043E-1 2.61775E-1 2.77674E-1 2.97431E-1 3.10811E-1 3.3882E-1 3.66041E-1 3.2809E-1 3.59736E-1 4.02446E-1 4.49475E-1 4.66417E-1 6.0155E-1 6.23568E-1 6.20781E-1 7.13329E-1 5.58341E-1 6.75429E-1 7.49613E-1 4.97647E-1 6.1572E-1 7.00062E-1 6.37518E-1 7.44851E-1 8.21322E-1 7.8987E-1 8.34469E-1 7.31032E-1 7.65233E-1 8.31134E-1 6.78871E-1 6.57179E-1 5.48584E-1 5.45054E-1 4.6343E-1 4.70764E-1 4.17759E-1 3.89114E-1 4.11057E-1 5.93406E-1 6.66786E-1 6.92808E-1 8.79247E-1 7.53838E-1 7.64673E-1 7.04239E-1 7.40604E-1 6.75828E-1
1.03602E-1 1.14836E-1 1.23825E-1 1.50904E-1 1.50113E-1 1.19339E-1 1.23225E-1 1.9176E-1 3.50895E-1 3.50251E-1 3.44517E-1 3.53314E-1 3.68229E-1 4.95906E-1 4.30753E-1 4.99121E-1 4.37844E-1 4.478E-1 2.73269E-1 2.99726E-1 2.90474E-1 3.01747E-1 3.2318E-1 2.71838E-1 3.04677E-1 4.65408E-1 4.14779E-1 4.87986E-1 4.88428E-1 6.40683E-1 5.92108E-1 6.76E-1 6.67899E-1 5.68906E-1 6.10161E-1 7.18272E-1 5.20209E-1 6.34073E-1 6.34536E-1 7.15844E-1 6.25575E-1 7.77723E-1 8.77991E-1 7.34965E-1 7.58182E-1 7.74626E-1 7.75702E-1 7.42866E-1 6.64087E-1 5.49081E-1 4.82821E-1 5.06819E-1 4.70919E-1 4.42286E-1 3.93077E-1 4.7828E-1 4.09697E-1 4.46988E-1 6.26454E-1 8.71327E-1 8.08588E-1 6.52342E-1 7.1465E-1 7.09759E-1 7.98458E-1
1.04383E-1 1.14393E-1 1.30812E-1 1.45676E-1 1.17465E-1 1.13307E-1 1.2689E-1 1.83845E-1 4.51064E-1 3.49012E-1 3.22107E-1 3.66108E-1 3.74647E-1 4.24558E-1 4.37107E-1 3.75878E-1 3.72645E-1 5.08372E-1 3.2227E-1 3.01838E-1 3.07146E-1 2.94354E-1 3.08158E-1 2.54181E-1 2.93743E-1 3.25355E-1 4.78802E-1 4.96381E-1 5.52432E-1 6.2531E-1 5.87579E-1 7.49355E-1 5.97467E-1 5.69441E-1 5.67287E-1 4.40977E-1 5.84169E-1 7.24904E-1 7.17115E-1 6.67286E-1 6.1991E-1 7.3719E-1 8.11724E-1 7.17693E-1 8.33931E-1 7.87599E-1 7.76735E-1 7.61501E-1 5.23219E-1 5.19004E-1 4.83206E-1 4.49156E-1 4.80222E-1 4.92855E-1 4.18206E-1 4.51279E-1 4.66706E-1 4.33913E-1 4.99113E-1 7.1923E-1 8.93525E-1 6.8415E-1 8.10085E-1 6.79991E-1 9.07454E-1
1.04687E-1 1.15187E-1 1.3537E-1 1.18891E-1 1.14725E-1 1.11965E-1 1.28015E-1 2.51391E-1 3.6239E-1 3.60207E-1 3.27649E-1 3.69321E-1 3.76463E-1 3.96382E-1 4.61017E-1 4.16202E-1 4.8259E-1 4.75446E-1 3.66409E-1 3.02377E-1 3.04458E-1 2.25025E-1 2.46826E-1 2.58927E-1 2.74214E-1 3.11567E-1 3.49163E-1 3.90072E-1 5.47812E-1 7.39594E-1 5.96422E-1 6.63564E-1 6.22684E-1 6.24344E-1 5.93815E-1 5.99217E-1 5.29732E-1 5.87778E-1 6.7047E-1 6.26683E-1 6.31365E-1 7.0974E-1 7.55694E-1 6.72421E-1 7.75988E-1 7.91475E-1 7.78845E-1 6.36596E-1 4.94757E-1 5.00309E-1 5.60333E-1 5.53863E-1 5.09648E-1 4.55788E-1 3.96213E-1 4.35188E-1 5.26475E-1 4.97755E-1 5.04301E-1 7.60979E-1 9.43998E-1 8.62219E-1 6.08806E-1 8.38825E-1 9.28881E-1
1.13543E-1 1.23563E-1 1.34522E-1 1.13126E-1 1.10854E-1 1.1074E-1 1.25701E-1 2.93198E-1 3.66146E-1 3.65761E-1 3.36687E-1 3.40225E-1 3.56452E-1 3.67792E-1 4.41424E-1 6.53242E-1 5.13576E-1 4.62678E-1 3.56707E-1 2.79741E-1 2.933E-1 2.26976E-1 2.35135E-1 2.46972E-1 2.46706E-1 2.87306E-1 3.38499E-1 4.35421E-1 5.02251E-1 5.382E-1 6.15331E-1 6.76426E-1 6.96288E-1 5.74648E-1 5.81867E-1 6.04765E-1 6.12175E-1 5.71233E-1 6.003E-1 7.05332E-1 6.40753E-1 7.88691E-1 7.01152E-1 7.98844E-1 7.07426E-1 7.44028E-1 5.55045E-1 5.84291E-1 6.09211E-1 5.47876E-1 4.82783E-1 4.8783E-1 4.87825E-1 4.9333E-1 4.49391E-1 5.06431E-1 5.70571E-1 5.0354E-1 6.31195E-1 6.76421E-1 8.40812E-1 8.10307E-1 9.0022E-1 8.41261E-1 9.1947E-1
1.06222E-1 1.28462E-1 1.32649E-1 1.11769E-1 1.08264E-1 1.08162E-1 1.26606E-1 3.15242E-1 3.73667E-1 3.80827E-1 3.4031E-1 3.51661E-1 3.655E-1 4.41147E-1 4.27221E-1 4.8778E-1 5.11171E-1 5.06374E-1 4.61863E-1 2.76652E-1 2.75666E-1 1.97684E-1 2.2009E-1 2.21154E-1 2.31234E-1 2.7687E-1 3.03137E-1 3.3024E-1 3.74023E-1 5.21257E-1 6.06925E-1 6.34698E-1 7.919E-1 5.73731E-1 5.84149E-1 3.66322E-1 6.32601E-1 6.13924E-1 5.22186E-1 6.51837E-1 7.05575E-1 8.79746E-1 8.52857E-1 8.71959E-1 7.96223E-1 6.81116E-1 6.8862E-1 6.24878E-1 5.85236E-1 5.6501E-1 5.69469E-1 4.52866E-1 4.42824E-1 4.27566E-1 4.52665E-1 5.15189E-1 5.97717E-1 5.50531E-1 6.40259E-1 6.36107E-1 7.18693E-1 6.94602E-1 8.32026E-1 8.45745E-1 8.50431E-1
1.05458E-1 1.22956E-1 1.29485E-1 1.08829E-1 1.05706E-1 1.07772E-1 1.2856E-1 3.21744E-1 4.37494E-1 3.98058E-1 3.91903E-1 4.41329E-1 4.68695E-1 4.3785E-1 4.21102E-1 4.53789E-1 4.31389E-1 4.3462E-1 3.41995E-1 2.30672E-1 2.71417E-1 1.9099E-1 2.03918E-1 2.10739E-1 2.39166E-1 2.74547E-1 3.12244E-1 3.93511E-1 3.64325E-1 4.15486E-1 5.11853E-1 6.14635E-1 8.25487E-1 6.04881E-1 5.91734E-1 5.32297E-1 5.64831E-1 6.30938E-1 5.6329E-1 6.71559E-1 6.48138E-1 8.25611E-1 8.35609E-1 6.80894E-1 6.67745E-1 5.5957E-1 5.55949E-1 6.06202E-1 5.75251E-1 5.50352E-1 5.47983E-1 4.76927E-1 4.43341E-1 4.22065E-1 4.83581E-1 5.41663E-1 5.40683E-1 5.37226E-1 6.48057E-1 8.69921E-1 6.71627E-1 5.87379E-1 8.07793E-1 7.10044E-1 8.6066E-1
1.05639E-1 1.2036E-1 1.26175E-1 1.04462E-1 1.04366E-1 1.06297E-1 1.26476E-1 3.22842E-1 4.49679E-1 4.2577E-1 4.4772E-1 4.70268E-1 4.38167E-1 4.9416E-1 4.56778E-1 5.05793E-1 4.31106E-1 4.31711E-1 2.93501E-1 2.30597E-1 2.29355E-1 1.89107E-1 1.95612E-1 2.06962E-1 2.26381E-1 2.73555E-1 3.07515E-1 4.17138E-1 4.4402E-1 4.74035E-1 4.54032E-1 6.03527E-1 7.94342E-1 5.48521E-1 5.09383E-1 6.15171E-1 5.79005E-1 5.86263E-1 5.88896E-1 7.15844E-1 6.44479E-1 7.92451E-1 7.68517E-1 6.46964E-1 5.2086E-1 6.26099E-1 5.71983E-1 5.70052E-1 5.77559E-1 5.70865E-1 5.14829E-1 4.36375E-1 4.26412E-1 4.2052E-1 4.7533E-1 5.69507E-1 6.61558E-1 7.09729E-1 7.76892E-1 5.19807E-1 5.81163E-1 5.56049E-1 7.3917E-1 8.20031E-1 7.97228E-1
1.06598E-1 1.19719E-1 1.0485E-1 1.02998E-1 1.00197E-1 1.09098E-1 1.30483E-1 3.86341E-1 3.64887E-1 3.39202E-1 4.94544E-1 5.4047E-1 5.96822E-1 4.54853E-1 5.46249E-1 5.1761E-1 5.2018E-1 5.21986E-1 2.25915E-1 2.18407E-1 2.21556E-1 1.86985E-1 1.9148E-1 2.06212E-1 2.52634E-1 2.84853E-1 2.97318E-1 3.28299E-1 3.93594E-1 5.34071E-1 5.71095E-1 5.44625E-1 7.16257E-1 5.51772E-1 4.49136E-1 5.6908E-1 5.82035E-1 6.02706E-1 6.0391E-1 6.65489E-1 6.40372E-1 8.17113E-1 7.66945E-1 4.36452E-1 4.58148E-1 5.52517E-1 5.39936E-1 6.25936E-1 5.75904E-1 5.3562E-1 5.02274E-1 4.47716E-1 6.11963E-1 4.79183E-1 4.99769E-1 5.40928E-1 7.61889E-1 7.59956E-1 7.59184E-1 5.54722E-1 4.62365E-1 5.14393E-1 4.91777E-1 6.36098E-1 6.54187E-1
1.05716E-1 1.20233E-1 1.017E-1 1.01186E-1 1.01997E-1 1.09846E-1 1.87336E-1 3.62187E-1 2.7421E-1 3.13878E-1 3.95939E-1 5.26864E-1 5.96602E-1 4.83948E-1 4.98141E-1 4.62155E-1 4.65948E-1 4.72807E-1 3.61487E-1 2.1687E-1 2.22746E-1 2.0067E-1 2.10418E-1 2.23869E-1 2.45993E-1 3.02011E-1 3.47332E-1 3.56174E-1 4.3684E-1 5.43347E-1 5.48425E-1 5.64734E-1 5.93782E-1 5.66552E-1 4.47744E-1 6.29634E-1 6.39273E-1 6.07747E-1 5.83255E-1 6.77145E-1 6.51475E-1 8.16636E-1 4.21835E-1 4.98875E-1 6.30706E-1 5.60164E-1 6.18937E-1 6.70429E-1 5.99581E-1 5.98538E-1 5.09867E-1 5.58093E-1 6.23152E-1 6.45426E-1 6.50831E-1 6.37241E-1 6.21941E-1 8.97185E-1 9.04313E-1 5.35784E-1 4.95309E-1 5.35016E-1 5.2542E-1 5.64712E-1 5.93441E-1
1.03742E-1 9.99481E-2 1.04404E-1 1.00324E-1 9.91348E-2 1.08986E-1 2.03556E-1 3.03158E-1 2.3659E-1 2.39144E-1 2.92364E-1 2.86119E-1 4.67257E-1 4.82088E-1 4.71486E-1 4.92483E-1 5.05155E-1 4.89305E-1 3.37837E-1 2.12686E-1 2.2402E-1 1.96255E-1 2.11517E-1 2.15536E-1 2.494E-1 2.93621E-1 3.23397E-1 3.858E-1 5.11524E-1 4.59702E-1 5.94837E-1 6.67263E-1 7.34325E-1 5.53952E-1 5.27849E-1 5.75277E-1 5.97344E-1 6.05482E-1 5.66026E-1 6.57853E-1 6.6569E-1 8.61452E-1 4.91812E-1 5.16085E-1 5.28182E-1 7.28757E-1 6.94582E-1 5.74466E-1 5.25934E-1 5.26881E-1 4.63892E-1 6.54797E-1 6.76109E-1 6.90383E-1 6.54989E-1 4.96765E-1 5.17556E-1 6.86053E-1 9.45624E-1 7.65207E-1 6.35627E-1 5.31611E-1 5.22605E-1 5.28227E-1 5.53112E-1
1.02822E-1 1.00678E-1 1.03674E-1 1.00783E-1 1.00158E-1 1.09806E-1 1.61799E-1 2.58726E-1 1.9376E-1 2.13452E-1 2.04184E-1 2.483E-1 4.29435E-1 4.63983E-1 5.25265E-1 5.41038E-1 5.40479E-1 5.47824E-1 2.85272E-1 2.16592E-1 2.14206E-1 1.90709E-1 1.99055E-1 2.07892E-1 2.21274E-1 2.8965E-1 3.22467E-1 4.21308E-1 4.81776E-1 4.98513E-1 5.50722E-1 6.69735E-1 4.8819E-1 4.10889E-1 5.26684E-1 5.84216E-1 6.0153E-1 6.03236E-1 7.26663E-1 6.62617E-1 6.46618E-1 3.56479E-1 4.51826E-1 6.45118E-1 6.12683E-1 6.02581E-1 5.71797E-1 5.87177E-1 5.71951E-1 5.01528E-1 4.52604E-1 6.41964E-1 8.39282E-1 7.04695E-1 5.25426E-1 5.90717E-1 6.5646E-1 7.15193E-1 9.37631E-1 6.45126E-1 6.84736E-1 5.37912E-1 5.43394E-1 7.9975E-1 6.63872E-1
1.0456E-1 1.0069E-1 1.02803E-1 9.97508E-2 9.85737E-2 1.07699E-1 1.22903E-1 2.0302E-1 1.52963E-1 1.46132E-1 1.73657E-1 2.16661E-1 4.20967E-1 5.0458E-1 3.00139E-1 3.05501E-1 4.94438E-1 2.64853E-1 2.25337E-1 2.07918E-1 2.05533E-1 2.03645E-1 1.9561E-1 2.10769E-1 2.23921E-1 2.92151E-1 3.53897E-1 4.16314E-1 4.79965E-1 5.51973E-1 5.59855E-1 5.92637E-1 3.35007E-1 5.0021E-1 5.65271E-1 6.60493E-1 6.109E-1 5.41234E-1 6.8948E-1 7.22563E-1 4.48363E-1 5.63834E-1 7.49718E-1 4.9932E-1 5.95629E-1 6.28833E-1 6.05437E-1 5.5732E-1 5.47426E-1 7.43334E-1 6.61735E-1 8.07491E-1 8.68282E-1 6.99487E-1 7.09839E-1 6.48346E-1 8.30867E-1 9.86682E-1 9.88827E-1 6.73375E-1 9.03166E-1 9.29902E-1 8.71284E-1 8.1733E-1 8.67521E-1
1.06912E-1 1.02199E-1 1.03703E-1 1.01029E-1 9.94043E-2 1.05295E-1 1.17196E-1 1.52986E-1 1.24468E-1 1.28777E-1 1.38127E-1 2.04444E-1 2.14841E-1 2.33507E-1 2.60019E-1 2.88212E-1 5.04433E-1 2.52565E-1 1.8729E-1 1.92209E-1 2.05451E-1 2.10686E-1 1.95329E-1 2.11378E-1 2.29421E-1 2.76781E-1 3.50066E-1 4.10308E-1 4.92816E-1 5.52938E-1 5.77758E-1 6.18445E-1 3.93215E-1 5.20123E-1 6.39381E-1 6.74512E-1 6.65474E-1 6.23851E-1 6.50551E-1 6.97918E-1 5.53629E-1 6.57885E-1 6.37921E-1 5.15303E-1 5.72397E-1 5.26349E-1 5.16055E-1 5.38838E-1 5.16213E-1 7.77053E-1 7.88715E-1 8.35735E-1 7.33721E-1 6.93324E-1 6.15747E-1 5.53136E-1 7.53786E-1 8.42061E-1 6.62676E-1 8.47117E-1 6.53684E-1 9.32287E-1 8.09309E-1 6.83077E-1 7.82618E-1
1.08319E-1 1.00846E-1 1.02891E-1 1.00332E-1 9.91528E-2 1.03139E-1 1.14826E-1 1.19655E-1 1.18533E-1 1.25964E-1 1.34395E-1 1.48911E-1 1.8509E-1 2.02966E-1 2.3309E-1 2.52493E-1 4.07299E-1 2.45898E-1 2.51071E-1 1.84942E-1 1.99969E-1 1.88199E-1 1.98083E-1 2.02249E-1 2.24075E-1 2.86703E-1 3.70784E-1 4.31475E-1 4.77245E-1 5.26411E-1 5.19475E-1 6.78857E-1 5.00899E-1 5.32953E-1 6.22585E-1 6.58779E-1 6.64909E-1 6.28837E-1 6.78527E-1 7.10163E-1 5.99827E-1 5.40445E-1 5.46027E-1 5.97295E-1 6.06506E-1 5.37397E-1 7.37247E-1 7.40875E-1 8.25566E-1 8.19078E-1 8.64794E-1 7.56913E-1 7.58487E-1 6.68364E-1 5.34686E-1 6.1278E-1 8.46565E-1 9.07565E-1 7.34942E-1 5.51132E-1 6.62599E-1 7.90066E-1 8.5871E-1 8.64715E-1 7.29426E-1
1.0827E-1 1.01681E-1 1.00194E-1 1.00208E-1 1.01562E-1 1.02166E-1 1.09876E-1 1.10673E-1 1.15391E-1 1.23694E-1 1.30302E-1 1.36192E-1 1.59334E-1 1.81849E-1 4.21819E-1 4.87319E-1 4.2301E-1 2.32257E-1 2.37795E-1 1.85933E-1 1.98751E-1 1.89368E-1 1.96952E-1 2.00929E-1 2.25057E-1 2.78279E-1 3.80059E-1 4.54341E-1 5.36911E-1 5.60084E-1 5.48656E-1 4.12418E-1 5.21151E-1 5.60671E-1 7.25221E-1 6.70509E-1 6.69272E-1 6.93438E-1 6.798E-1 3.66831E-1 5.57706E-1 5.99583E-1 4.9825E-1 5.18875E-1 5.641E-1 5.2968E-1 7.46763E-1 7.97991E-1 8.95432E-1 8.66108E-1 7.99481E-1 7.13513E-1 7.28606E-1 4.28831E-1 5.20117E-1 5.41584E-1 8.45298E-1 9.21823E-1 8.04589E-1 7.51636E-1 5.57417E-1 7.45283E-1 8.76275E-1 9.61178E-1 8.90555E-1
1.11741E-1 1.00842E-1 9.7675E-2 9.96068E-2 1.02435E-1 1.02356E-1 1.0589E-1 1.10009E-1 1.12351E-1 1.19277E-1 1.26512E-1 1.33266E-1 1.40493E-1 1.57416E-1 3.92268E-1 4.5584E-1 4.09166E-1 3.55843E-1 1.75227E-1 1.78645E-1 1.84354E-1 1.88978E-1 1.97885E-1 1.90102E-1 2.12016E-1 3.3E-1 3.91447E-1 4.74051E-1 5.70238E-1 6.42057E-1 6.47226E-1 4.96164E-1 4.36609E-1 5.5194E-1 5.96326E-1 6.08172E-1 5.42677E-1 6.38522E-1 3.25835E-1 4.10422E-1 4.0566E-1 5.49051E-1 4.73724E-1 4.69176E-1 4.81224E-1 7.00625E-1 8.11022E-1 9.07899E-1 8.10155E-1 7.06744E-1 7.11057E-1 7.21589E-1 6.1218E-1 4.47311E-1 4.99209E-1 5.16995E-1 6.91842E-1 8.78966E-1 7.56185E-1 6.6751E-1 5.14838E-1 6.45912E-1 7.70331E-1 8.57468E-1 8.27627E-1
9.61619E-2 9.82854E-2 9.79198E-2 9.99453E-2 1.01852E-1 1.07651E-1 1.0749E-1 1.10198E-1 1.11983E-1 1.15068E-1 1.23913E-1 1.30199E-1 2.46699E-1 3.12726E-1 3.87085E-1 4.27703E-1 4.55129E-1 2.75942E-1 1.64621E-1 1.78616E-1 1.84668E-1 1.89714E-1 1.85531E-1 1.94974E-1 2.4653E-1 3.54806E-1 4.29084E-1 4.51617E-1 5.02419E-1 6.46499E-1 8.15694E-1 6.32477E-1 5.45874E-1 8.4787E-1 6.58236E-1 6.76701E-1 7.15003E-1 6.58965E-1 3.08092E-1 3.78865E-1 4.02548E-1 4.82604E-1 5.22767E-1 6.73748E-1 6.91124E-1 7.2752E-1 7.48491E-1 8.97915E-1 7.12432E-1 7.45576E-1 7.18906E-1 7.45616E-1 7.55377E-1 4.74382E-1 5.33486E-1 6.17149E-1 6.69201E-1 5.75214E-1 6.65524E-1 6.80135E-1 5.59891E-1 4.9432E-1 5.64252E-1 7.12836E-1 8.39499E-1
9.19345E-2 9.48366E-2 1.0305E-1 1.03941E-1 1.06985E-1 1.08711E-1 1.09836E-1 1.10841E-1 1.11765E-1 1.14879E-1 1.36426E-1 1.73393E-1 2.28509E-1 2.9624E-1 3.52851E-1 4.06391E-1 4.41797E-1 1.61079E-1 1.66503E-1 1.69392E-1 1.8548E-1 1.77942E-1 1.86204E-1 2.00371E-1 2.09893E-1 2.17866E-1 2.48392E-1 3.08662E-1 3.18215E-1 5.2566E-1 4.90637E-1 6.90754E-1 5.60998E-1 6.44588E-1 6.04992E-1 6.72637E-1 5.72862E-1 3.20692E-1 3.08936E-1 3.09348E-1 5.80533E-1 6.24566E-1 5.19351E-1 7.06441E-1 7.28978E-1 7.67646E-1 8.81749E-1 8.02421E-1 7.34833E-1 7.42818E-1 7.42817E-1 7.64002E-1 4.56942E-1 4.78173E-1 5.62861E-1 6.69818E-1 7.56942E-1 8.6534E-1 7.51546E-1 6.78097E-1 5.15846E-1 4.81449E-1 5.28219E-1 7.21987E-1 7.40296E-1
9.7382E-2 9.75532E-2 1.22184E-1 1.26216E-1 1.06338E-1 1.09528E-1 1.07527E-1 1.09806E-1 1.15589E-1 1.22085E-1 1.34698E-1 1.77459E-1 2.32873E-1 2.71221E-1 3.29712E-1 3.8213E-1 4.15195E-1 4.28501E-1 1.68092E-1 1.73922E-1 1.7508E-1 1.82074E-1 1.86769E-1 2.0287E-1 2.11324E-1 2.26258E-1 2.51216E-1 3.06953E-1 3.36786E-1 3.8328E-1 5.07076E-1 6.72651E-1 5.77373E-1 6.61213E-1 5.22866E-1 7.1474E-1 3.46294E-1 2.91219E-1 2.98185E-1 3.64351E-1 6.0038E-1 6.56558E-1 5.85472E-1 7.16171E-1 7.64709E-1 8.81348E-1 9.3301E-1 8.08988E-1 7.41099E-1 6.38077E-1 6.84636E-1 7.09418E-1 4.63924E-1 4.80995E-1 5.56373E-1 6.60927E-1 8.06069E-1 6.02043E-1 7.37429E-1 6.83539E-1 5.32065E-1 5.01423E-1 6.19862E-1 5.3473E-1 5.66252E-1
9.68995E-2 1.15583E-1 1.00235E-1 1.02215E-1 1.03257E-1 1.3265E-1 1.34457E-1 1.09962E-1 1.17439E-1 1.22651E-1 1.31803E-1 1.61456E-1 1.97226E-1 2.49021E-1 3.07162E-1 3.57171E-1 4.17241E-1 4.69951E-1 4.56793E-1 1.74923E-1 1.79672E-1 1.8001E-1 1.8724E-1 2.03764E-1 2.12923E-1 2.51572E-1 2.88165E-1 3.59667E-1 3.43079E-1 3.99834E-1 4.61234E-1 6.23333E-1 7.03858E-1 5.3624E-1 6.13006E-1 2.91876E-1 2.82413E-1 2.91916E-1 3.02884E-1 5.17797E-1 5.5825E-1 6.50589E-1 7.61861E-1 8.0519E-1 7.91086E-1 8.20035E-1 8.28066E-1 7.15982E-1 6.49735E-1 6.9252E-1 7.23325E-1 7.19155E-1 4.74785E-1 5.42475E-1 6.09247E-1 6.72112E-1 7.27994E-1 6.71463E-1 5.47637E-1 7.06667E-1 5.7162E-1 5.85411E-1 6.45126E-1 5.90307E-1 5.57866E-1
1.07786E-1 9.61643E-2 1.18202E-1 1.00131E-1 1.05183E-1 1.07081E-1 1.09033E-1 1.10611E-1 1.16374E-1 1.22567E-1 1.29375E-1 1.48531E-1 1.95538E-1 2.37033E-1 2.98068E-1 3.37439E-1 4.05722E-1 4.55976E-1 4.85179E-1 1.75414E-1 1.81041E-1 1.85023E-1 1.91604E-1 2.09419E-1 2.18485E-1 2.62438E-1 3.0731E-1 3.54413E-1 3.56813E-1 4.12585E-1 5.4615E-1 6.838E-1 6.65911E-1 4.1613E-1 2.94109E-1 4.86189E-1 3.86953E-1 3.68421E-1 2.90532E-1 5.19992E-1 6.04117E-1 6.96252E-1 7.73241E-1 7.45766E-1 8.42002E-1 9.16892E-1 8.11511E-1 6.57451E-1 7.63416E-1 7.41148E-1 6.85961E-1 4.50143E-1 4.81662E-1 5.47858E-1 6.12827E-1 7.05896E-1 8.69732E-1 6.92824E-1 5.42499E-1 5.5013E-1 6.9009E-1 6.78801E-1 6.84622E-1 6.41299E-1 6.42447E-1
8.99166E-2 1.14926E-1 1.18519E-1 9.95367E-2 1.0313E-1 1.0547E-1 1.08214E-1 1.1051E-1 1.45964E-1 1.55309E-1 1.62792E-1 1.81098E-1 1.81702E-1 2.26739E-1 2.94328E-1 3.49164E-1 4.00178E-1 4.45774E-1 4.91937E-1 1.7693E-1 1.82487E-1 1.88359E-1 1.98202E-1 2.08822E-1 2.53912E-1 2.55171E-1 3.64231E-1 4.14852E-1 3.78803E-1 3.536E-1 5.55894E-1 6.87968E-1 6.31912E-1 2.98171E-1 2.78579E-1 3.29602E-1 2.86585E-1 3.00398E-1 2.84984E-1 4.64668E-1 5.34935E-1 6.28546E-1 6.6995E-1 7.46783E-1 7.56589E-1 8.7754E-1 8.38535E-1 7.13379E-1 6.69439E-1 6.53511E-1 7.05544E-1 4.54685E-1 5.4617E-1 5.15658E-1 5.23594E-1 6.83446E-1 8.156E-1 5.38507E-1 5.47312E-1 5.51709E-1 5.3834E-1 6.66229E-1 6.79564E-1 6.6486E-1 6.58508E-1
9.00145E-2 9.53956E-2 1.18332E-1 1.24037E-1 1.26023E-1 1.30098E-1 1.3563E-1 1.37015E-1 1.44641E-1 1.23225E-1 1.29479E-1 1.42298E-1 1.74141E-1 2.36073E-1 2.78383E-1 3.39585E-1 3.94244E-1 4.56168E-1 5.12577E-1 4.55736E-1 1.82918E-1 1.8717E-1 1.99284E-1 2.09655E-1 2.35466E-1 2.80377E-1 2.92259E-1 3.86568E-1 3.80065E-1 4.32526E-1 6.10465E-1 7.79501E-1 6.87774E-1 3.47692E-1 2.68313E-1 2.82708E-1 2.77642E-1 2.89443E-1 2.90395E-1 4.8319E-1 5.44739E-1 6.82513E-1 6.32172E-1 6.33994E-1 7.21248E-1 8.07878E-1 8.38386E-1 8.07784E-1 7.73025E-1 7.40067E-1 4.82286E-1 5.22129E-1 5.73738E-1 6.33682E-1 6.80427E-1 6.91929E-1 5.70299E-1 6.03875E-1 5.43904E-1 5.48179E-1 5.42972E-1 6.76068E-1 7.08469E-1 6.77497E-1 6.90895E-1
