layers/old_layers/suit_ele.asc
ncols         638
nrows         825
xllcorner     -2985163.8955
yllcorner     -3022031.214
cellsize      10000.0
NODATA_value  -9999
[rows 174 to 202 of 825, columns 130 to 194 of 638]
2.62214E-1 2.706E-1 2.70512E-1 2.71681E-1 2.68422E-1 3.13817E-1 2.80018E-1 2.88621E-1 2.9945E-1 2.97967E-1 3.03955E-1 3.079E-1 3.12261E-1 2.96729E-1 3.01563E-1 3.09358E-1 3.15655E-1 3.25662E-1 3.25721E-1 3.31793E-1 3.41919E-1 3.3664E-1 3.43535E-1 3.61505E-1 3.90535E-1 4.16788E-1 4.32965E-1 4.53721E-1 4.72393E-1 4.88722E-1 4.96903E-1 5.11846E-1 5.01842E-1 4.90678E-1 5.12142E-1 5.17054E-1 5.58179E-1 5.54917E-1 5.80064E-1 5.88958E-1 6.15199E-1 6.16597E-1 5.73961E-1 5.61973E-1 5.84987E-1 6.07656E-1 6.37349E-1 6.1278E-1 5.99149E-1 6.02498E-1 6.14192E-1 6.5874E-1 6.84313E-1 6.8051E-1 6.56938E-1 6.79125E-1 6.64078E-1 6.65484E-1 6.64086E-1 6.63702E-1 6.60562E-1 6.43893E-1 5.39718E-1 4.20193E-1 4.04755E-1
2.33128E-1 2.49842E-1 2.60689E-1 2.67642E-1 2.66611E-1 2.76126E-1 3.2838E-1 3.39584E-1 3.01613E-1 3.02474E-1 3.10162E-1 3.12909E-1 3.14467E-1 3.16157E-1 2.987E-1 3.05976E-1 3.05422E-1 3.16547E-1 3.24269E-1 3.30121E-1 3.49824E-1 3.41088E-1 3.50067E-1 3.67545E-1 3.94483E-1 4.19528E-1 4.35928E-1 4.60323E-1 4.8009E-1 4.947E-1 4.97349E-1 4.97357E-1 4.98151E-1 5.05966E-1 5.07078E-1 5.12473E-1 5.44162E-1 5.57442E-1 5.49396E-1 5.58764E-1 5.62638E-1 5.82605E-1 6.00478E-1 6.15252E-1 6.26432E-1 6.34221E-1 6.54405E-1 6.58067E-1 6.37799E-1 6.46584E-1 6.57079E-1 6.69513E-1 6.76818E-1 7.0111E-1 7.06632E-1 6.89446E-1 6.83024E-1 6.33353E-1 5.8531E-1 6.28115E-1 6.62632E-1 6.50667E-1 5.59156E-1 4.23749E-1 4.11334E-1
2.28171E-1 2.40895E-1 2.54232E-1 2.66032E-1 2.78104E-1 2.7767E-1 2.84435E-1 2.953E-1 3.02311E-1 3.49731E-1 3.54847E-1 3.1261E-1 3.19703E-1 3.34503E-1 3.25705E-1 3.17436E-1 3.16225E-1 3.17314E-1 3.20669E-1 3.31334E-1 3.57387E-1 3.61413E-1 3.51868E-1 3.79352E-1 4.00057E-1 4.31122E-1 4.59884E-1 4.76784E-1 4.8944E-1 5.03158E-1 5.04264E-1 4.93365E-1 5.10643E-1 5.25437E-1 5.31546E-1 5.14645E-1 5.25807E-1 5.32172E-1 5.44571E-1 5.40486E-1 5.527E-1 5.55348E-1 5.78767E-1 6.216E-1 6.71302E-1 6.68122E-1 6.61684E-1 6.63992E-1 6.73993E-1 6.74686E-1 6.79492E-1 6.923E-1 6.96297E-1 7.21847E-1 7.16036E-1 6.69621E-1 6.44217E-1 5.98319E-1 5.22071E-1 5.83298E-1 6.68988E-1 6.55948E-1 5.9894E-1 4.89372E-1 4.24452E-1
2.34208E-1 2.38026E-1 2.48455E-1 2.62435E-1 2.73967E-1 2.80272E-1 2.91322E-1 2.97389E-1 3.10451E-1 3.23185E-1 3.23092E-1 3.2145E-1 3.22291E-1 3.28058E-1 3.30423E-1 3.11637E-1 3.12371E-1 3.20366E-1 3.24675E-1 3.30059E-1 3.46187E-1 3.65917E-1 3.65774E-1 3.81687E-1 4.12328E-1 4.34759E-1 4.58567E-1 4.84095E-1 4.97226E-1 5.0645E-1 5.11809E-1 5.01458E-1 4.91329E-1 5.00122E-1 5.28216E-1 5.29163E-1 5.28084E-1 5.2766E-1 5.36203E-1 5.49358E-1 5.61313E-1 5.86892E-1 6.08818E-1 6.18129E-1 6.62976E-1 6.81308E-1 6.82664E-1 6.66296E-1 6.51375E-1 6.44801E-1 6.50331E-1 6.53265E-1 6.50864E-1 6.63463E-1 6.65963E-1 6.19439E-1 5.58089E-1 5.46017E-1 5.07524E-1 5.59968E-1 6.32714E-1 6.63778E-1 6.34855E-1 5.471E-1 4.82169E-1
2.45867E-1 2.28426E-1 2.41823E-1 2.56574E-1 2.68621E-1 2.87997E-1 2.96988E-1 2.98192E-1 3.09642E-1 3.23218E-1 3.23013E-1 3.25539E-1 3.71738E-1 3.66025E-1 3.25456E-1 3.26695E-1 3.2287E-1 3.17724E-1 3.24784E-1 3.32466E-1 3.47868E-1 3.61335E-1 3.75621E-1 3.8609E-1 4.1306E-1 4.24893E-1 4.48508E-1 4.81834E-1 4.94473E-1 4.98037E-1 5.01762E-1 5.03843E-1 5.06205E-1 5.01197E-1 5.09481E-1 5.2478E-1 5.28453E-1 5.25357E-1 5.31619E-1 5.50618E-1 5.64561E-1 5.77545E-1 5.99541E-1 6.03872E-1 6.18521E-1 6.36259E-1 6.51185E-1 6.39796E-1 6.15387E-1 6.10445E-1 6.21203E-1 6.33643E-1 6.21959E-1 6.10869E-1 6.12635E-1 5.86825E-1 5.21136E-1 5.16847E-1 5.3851E-1 5.63573E-1 5.83746E-1 6.52236E-1 6.74379E-1 6.12741E-1 5.53669E-1
2.4705E-1 2.28294E-1 2.41094E-1 2.48684E-1 2.7328E-1 2.9124E-1 3.03793E-1 3.05567E-1 3.23517E-1 3.28209E-1 3.14138E-1 3.15447E-1 3.31504E-1 3.76242E-1 3.68052E-1 3.26574E-1 3.29621E-1 3.30512E-1 3.23116E-1 3.25203E-1 3.37365E-1 3.54165E-1 3.74109E-1 4.03802E-1 4.20851E-1 4.35303E-1 4.5074E-1 4.70977E-1 4.87008E-1 5.0264E-1 5.03363E-1 5.01601E-1 5.05232E-1 5.0699E-1 5.03257E-1 5.05703E-1 5.16964E-1 5.2921E-1 5.41284E-1 5.37053E-1 5.34678E-1 5.39028E-1 5.58646E-1 5.59369E-1 5.9244E-1 5.93248E-1 6.07579E-1 6.03728E-1 5.77918E-1 5.855E-1 5.8262E-1 5.736E-1 5.77666E-1 5.67241E-1 5.53385E-1 5.36721E-1 5.36065E-1 5.13939E-1 5.03972E-1 5.4989E-1 5.44897E-1 6.05307E-1 6.14559E-1 6.25859E-1 6.33904E-1
2.43979E-1 2.56982E-1 2.326E-1 2.52156E-1 2.7308E-1 2.76255E-1 3.0738E-1 3.14505E-1 3.22279E-1 3.25951E-1 3.31805E-1 3.22111E-1 3.27055E-1 3.74998E-1 3.69945E-1 3.67348E-1 3.3126E-1 3.39791E-1 3.35474E-1 3.33144E-1 3.48202E-1 3.6678E-1 3.73783E-1 3.94653E-1 4.27812E-1 4.49847E-1 4.65702E-1 4.71467E-1 4.74397E-1 4.87201E-1 4.98147E-1 5.02258E-1 5.13475E-1 5.17362E-1 5.14387E-1 5.01022E-1 5.0907E-1 5.24166E-1 5.32749E-1 5.14111E-1 5.05908E-1 5.25206E-1 5.28879E-1 5.3099E-1 5.48213E-1 5.66443E-1 5.74888E-1 5.76031E-1 5.57293E-1 5.45182E-1 5.57912E-1 5.43871E-1 5.40964E-1 5.50579E-1 5.46358E-1 5.50071E-1 5.39153E-1 5.27512E-1 4.95044E-1 5.08034E-1 5.20955E-1 5.09216E-1 5.46265E-1 5.66745E-1 6.22372E-1
2.7711E-1 2.51108E-1 2.48677E-1 2.52869E-1 2.6945E-1 2.79532E-1 2.94355E-1 3.1432E-1 3.21674E-1 3.20379E-1 3.30306E-1 3.28005E-1 3.27804E-1 3.26417E-1 3.70059E-1 3.73426E-1 3.37364E-1 3.44809E-1 3.59991E-1 3.58255E-1 3.57745E-1 3.76799E-1 3.91068E-1 4.03E-1 4.18529E-1 4.51026E-1 4.64306E-1 4.76613E-1 4.96102E-1 4.85361E-1 4.9938E-1 5.09332E-1 5.06459E-1 5.06917E-1 5.12088E-1 5.10076E-1 5.04995E-1 5.18128E-1 5.22207E-1 5.1119E-1 4.95542E-1 4.99441E-1 4.9849E-1 4.97964E-1 5.25901E-1 5.48982E-1 5.45573E-1 5.47911E-1 5.51402E-1 5.24984E-1 5.23698E-1 5.15789E-1 5.18797E-1 5.3592E-1 5.58381E-1 5.65046E-1 5.74575E-1 5.68307E-1 5.28739E-1 5.00498E-1 5.21448E-1 4.72489E-1 4.93585E-1 4.97359E-1 5.38546E-1
2.39566E-1 2.91264E-1 2.51113E-1 2.51495E-1 2.52774E-1 2.71159E-1 3.05712E-1 3.14321E-1 3.17658E-1 3.24853E-1 3.1995E-1 3.24152E-1 3.24804E-1 3.16321E-1 3.64471E-1 3.79958E-1 3.90564E-1 3.59558E-1 3.72549E-1 3.73397E-1 3.67045E-1 3.7898E-1 3.94128E-1 4.0023E-1 4.15853E-1 4.47552E-1 4.51202E-1 4.82456E-1 4.8951E-1 4.96868E-1 4.87451E-1 5.06329E-1 5.09518E-1 5.0152E-1 5.05639E-1 5.13331E-1 5.11186E-1 5.08929E-1 5.0102E-1 5.16713E-1 4.93044E-1 4.93377E-1 4.96908E-1 4.92123E-1 5.02224E-1 5.16445E-1 5.19088E-1 5.08325E-1 5.30005E-1 5.1713E-1 5.16435E-1 5.15353E-1 5.21317E-1 5.34401E-1 5.30595E-1 5.4745E-1 5.74704E-1 6.00501E-1 5.94054E-1 5.43472E-1 5.511E-1 5.40084E-1 5.41693E-1 5.60039E-1 5.48526E-1
2.46383E-1 2.56772E-1 2.61862E-1 2.57545E-1 2.55971E-1 2.66276E-1 2.81564E-1 3.03681E-1 3.07994E-1 3.14014E-1 3.17053E-1 3.07261E-1 3.1554E-1 3.12139E-1 3.17585E-1 3.27154E-1 3.42538E-1 3.9933E-1 4.20399E-1 4.22391E-1 3.7949E-1 3.74143E-1 3.87659E-1 3.97935E-1 4.11982E-1 4.1715E-1 4.44071E-1 4.75165E-1 5.01212E-1 5.03111E-1 4.9327E-1 4.8666E-1 4.97165E-1 4.99031E-1 5.1018E-1 5.09772E-1 5.07538E-1 4.94591E-1 4.87766E-1 5.21439E-1 4.89764E-1 4.87222E-1 5.06216E-1 4.96016E-1 5.01799E-1 4.99408E-1 5.01928E-1 4.91491E-1 5.22005E-1 5.13505E-1 5.07805E-1 5.16769E-1 5.3009E-1 5.60233E-1 5.57347E-1 5.58089E-1 5.74109E-1 5.93192E-1 6.19128E-1 6.16548E-1 6.11215E-1 6.03618E-1 6.13101E-1 6.57959E-1 6.12091E-1
2.36029E-1 2.95272E-1 3.07174E-1 2.63823E-1 2.65102E-1 2.65531E-1 2.8356E-1 3.02141E-1 3.137E-1 3.17298E-1 3.22681E-1 3.12203E-1 3.18539E-1 3.03861E-1 3.1627E-1 3.39817E-1 3.25655E-1 3.45625E-1 3.43882E-1 4.09122E-1 4.23159E-1 3.70384E-1 3.7645E-1 3.88153E-1 4.09361E-1 4.21121E-1 4.34689E-1 4.59813E-1 5.00482E-1 5.03249E-1 5.06011E-1 4.84224E-1 4.90209E-1 4.84723E-1 4.93976E-1 4.89772E-1 4.86378E-1 4.83254E-1 4.8043E-1 4.96563E-1 4.74981E-1 4.8469E-1 4.94661E-1 5.00216E-1 5.05656E-1 5.17733E-1 4.95334E-1 4.86825E-1 5.0072E-1 5.11354E-1 5.20107E-1 5.18727E-1 5.18322E-1 5.38567E-1 5.49017E-1 5.50981E-1 5.58873E-1 5.65688E-1 5.86713E-1 6.15952E-1 6.25036E-1 6.23059E-1 6.41095E-1 6.70486E-1 6.57732E-1
2.21103E-1 2.82786E-1 3.00372E-1 2.61746E-1 2.56221E-1 2.66083E-1 2.74508E-1 2.90273E-1 2.94006E-1 3.14157E-1 3.15538E-1 3.14018E-1 3.1078E-1 3.04455E-1 2.98554E-1 3.253E-1 3.43514E-1 3.4541E-1 3.96084E-1 4.02776E-1 4.27581E-1 3.71544E-1 3.74741E-1 3.86117E-1 3.98648E-1 4.1723E-1 4.30607E-1 4.54142E-1 4.74492E-1 4.98782E-1 5.24505E-1 5.06777E-1 5.0126E-1 5.28732E-1 5.40228E-1 5.20459E-1 4.9133E-1 4.84746E-1 4.84156E-1 4.81759E-1 4.69792E-1 4.72954E-1 4.87978E-1 5.00905E-1 5.08149E-1 5.21686E-1 5.03965E-1 4.91348E-1 4.95186E-1 4.96381E-1 5.21817E-1 5.31868E-1 5.23312E-1 5.39733E-1 5.51474E-1 5.45985E-1 5.48872E-1 5.50005E-1 5.59276E-1 5.80463E-1 5.60702E-1 5.52799E-1 6.12709E-1 6.43946E-1 6.41658E-1
2.17852E-1 2.23554E-1 2.92953E-1 3.18022E-1 3.13527E-1 3.34437E-1 2.81152E-1 2.85611E-1 2.87302E-1 3.01945E-1 3.1347E-1 2.9731E-1 3.04117E-1 3.00752E-1 3.11263E-1 3.05583E-1 3.21132E-1 3.3005E-1 3.93294E-1 3.98749E-1 4.18205E-1 3.73925E-1 3.82103E-1 3.95864E-1 3.9646E-1 3.86685E-1 4.18923E-1 4.30742E-1 4.588E-1 4.86482E-1 4.91067E-1 4.98174E-1 5.10077E-1 5.02137E-1 5.0249E-1 5.01149E-1 4.97099E-1 4.96585E-1 4.9943E-1 4.94326E-1 4.89511E-1 4.84757E-1 4.97398E-1 5.1456E-1 5.32E-1 5.40268E-1 5.32007E-1 5.15112E-1 5.02877E-1 4.94274E-1 5.09712E-1 5.06073E-1 5.15838E-1 5.43935E-1 5.35205E-1 5.42193E-1 5.22603E-1 5.3396E-1 5.24059E-1 5.37221E-1 4.98972E-1 5.00284E-1 5.16335E-1 5.53723E-1 5.79072E-1
2.37714E-1 2.30412E-1 2.33814E-1 3.07381E-1 3.30431E-1 3.29855E-1 3.41279E-1 2.81402E-1 2.81596E-1 2.90625E-1 3.02538E-1 2.94792E-1 2.94154E-1 2.94298E-1 2.90918E-1 2.99167E-1 3.11059E-1 3.25845E-1 3.74394E-1 3.86924E-1 4.08659E-1 3.67209E-1 3.67202E-1 3.83531E-1 4.0184E-1 3.98939E-1 4.23557E-1 4.36494E-1 4.41003E-1 4.6873E-1 4.80546E-1 4.89978E-1 5.03385E-1 5.19024E-1 5.13415E-1 4.91529E-1 5.00976E-1 4.89438E-1 5.03939E-1 4.87542E-1 4.9883E-1 4.95968E-1 4.94669E-1 5.0067E-1 5.18149E-1 5.23049E-1 5.41387E-1 5.35657E-1 5.19928E-1 5.25534E-1 5.27285E-1 4.97854E-1 4.95759E-1 5.33006E-1 5.24794E-1 5.54262E-1 5.26659E-1 5.2037E-1 5.19625E-1 5.24994E-1 5.43048E-1 5.06804E-1 5.01838E-1 5.15086E-1 5.67884E-1
2.93197E-1 3.02653E-1 2.5879E-1 2.5148E-1 2.61027E-1 3.24294E-1 3.39427E-1 3.42729E-1 3.3389E-1 2.86956E-1 2.97865E-1 3.10249E-1 2.93931E-1 2.85161E-1 2.85226E-1 2.94189E-1 3.0204E-1 3.18958E-1 3.29944E-1 3.45069E-1 4.03084E-1 4.19714E-1 3.82657E-1 3.72177E-1 4.02308E-1 4.22884E-1 4.34755E-1 4.46035E-1 4.39679E-1 4.66379E-1 5.04756E-1 5.1115E-1 5.24973E-1 5.30284E-1 5.16857E-1 4.72082E-1 4.74204E-1 4.75169E-1 4.89654E-1 4.84061E-1 4.86746E-1 4.98408E-1 4.81706E-1 4.74582E-1 4.85567E-1 4.92614E-1 5.21329E-1 5.60565E-1 5.66081E-1 5.60897E-1 5.52066E-1 5.25515E-1 5.22436E-1 5.31278E-1 5.47655E-1 5.69931E-1 5.45276E-1 5.41564E-1 5.30115E-1 5.41488E-1 5.9455E-1 5.48673E-1 5.30616E-1 5.15049E-1 5.27089E-1
2.75072E-1 2.71847E-1 2.93826E-1 3.04988E-1 2.52637E-1 2.54296E-1 2.67036E-1 2.78669E-1 2.85692E-1 2.9235E-1 2.89839E-1 3.04683E-1 2.99171E-1 2.97993E-1 2.87856E-1 2.90975E-1 2.98748E-1 3.21072E-1 3.35147E-1 3.41131E-1 3.74681E-1 4.04478E-1 4.25119E-1 3.85813E-1 4.37965E-1 4.44487E-1 4.39287E-1 4.56667E-1 4.85613E-1 4.90367E-1 4.89579E-1 5.26976E-1 5.30398E-1 5.06952E-1 4.73594E-1 4.64667E-1 4.64163E-1 4.62885E-1 4.63926E-1 4.71592E-1 4.65723E-1 4.74917E-1 4.70799E-1 4.60235E-1 4.61084E-1 4.7093E-1 4.91823E-1 5.34497E-1 5.6414E-1 5.91207E-1 5.92969E-1 5.85589E-1 5.82059E-1 5.65127E-1 5.80944E-1 5.96582E-1 6.07292E-1 6.1329E-1 6.05393E-1 6.07421E-1 6.45541E-1 6.66398E-1 5.97176E-1 5.78104E-1 6.16054E-1
2.06647E-1 2.17266E-1 2.79042E-1 2.9401E-1 3.13269E-1 3.09498E-1 3.23725E-1 3.32502E-1 3.37758E-1 2.92678E-1 2.8362E-1 3.27563E-1 2.91404E-1 2.88769E-1 2.83096E-1 2.95911E-1 2.96819E-1 3.09447E-1 3.25941E-1 3.32566E-1 3.61302E-1 3.7793E-1 3.9607E-1 4.04536E-1 4.17742E-1 4.26077E-1 4.38744E-1 4.70399E-1 4.82593E-1 4.88782E-1 5.0697E-1 5.11721E-1 4.95993E-1 4.93949E-1 4.79431E-1 4.72852E-1 4.62877E-1 4.49279E-1 4.56964E-1 4.70561E-1 4.54402E-1 4.54078E-1 4.62706E-1 4.57205E-1 4.68751E-1 4.61276E-1 4.75798E-1 5.03072E-1 5.37173E-1 5.78688E-1 6.00913E-1 6.15538E-1 6.21105E-1 6.1069E-1 5.95316E-1 6.24553E-1 6.51368E-1 6.70984E-1 6.74335E-1 6.44966E-1 6.38495E-1 7.0806E-1 7.02766E-1 6.43865E-1 6.24016E-1
2.06616E-1 2.1276E-1 2.32718E-1 2.44276E-1 3.02194E-1 2.53418E-1 2.75997E-1 2.6709E-1 3.2711E-1 3.43995E-1 3.40045E-1 3.50121E-1 3.38564E-1 3.40281E-1 3.3452E-1 3.41067E-1 2.9273E-1 2.90036E-1 3.07112E-1 3.34964E-1 3.43545E-1 3.91615E-1 3.86023E-1 4.0289E-1 4.19813E-1 3.83991E-1 3.9871E-1 4.14823E-1 4.35359E-1 4.48084E-1 4.61412E-1 4.76862E-1 4.90953E-1 4.85557E-1 4.75674E-1 4.72132E-1 4.64533E-1 4.48882E-1 4.54984E-1 4.65472E-1 4.83793E-1 4.72267E-1 4.71009E-1 4.6329E-1 4.80726E-1 4.77043E-1 4.98811E-1 5.24521E-1 5.4882E-1 5.82342E-1 5.99875E-1 6.12438E-1 6.10421E-1 6.11972E-1 6.24048E-1 6.23437E-1 6.35783E-1 6.42349E-1 6.65739E-1 6.65001E-1 6.81926E-1 7.03749E-1 7.0814E-1 7.18661E-1 7.15271E-1
1.9197E-1 2.08171E-1 2.32493E-1 2.45967E-1 2.47857E-1 2.5366E-1 2.66569E-1 2.80366E-1 2.79283E-1 2.88146E-1 2.93834E-1 2.88515E-1 2.89842E-1 3.37105E-1 2.8814E-1 3.37795E-1 2.94131E-1 2.89915E-1 2.96796E-1 3.2192E-1 3.23071E-1 3.3288E-1 3.43833E-1 3.58874E-1 3.72336E-1 3.83145E-1 4.11697E-1 4.27417E-1 4.2817E-1 4.45964E-1 4.52323E-1 4.74804E-1 4.83256E-1 4.71425E-1 4.67905E-1 4.74133E-1 4.77562E-1 4.73316E-1 4.74763E-1 4.71199E-1 4.82794E-1 4.96559E-1 4.9532E-1 4.86276E-1 4.9674E-1 5.0355E-1 5.31826E-1 5.56773E-1 5.7132E-1 5.80888E-1 5.90782E-1 5.81488E-1 5.6919E-1 5.8121E-1 5.9869E-1 6.14261E-1 6.07994E-1 6.11648E-1 6.3333E-1 6.30472E-1 6.61355E-1 6.77191E-1 6.9532E-1 7.0988E-1 7.11507E-1
1.98283E-1 1.96854E-1 2.1117E-1 2.33363E-1 2.41995E-1 2.50648E-1 2.60354E-1 2.75947E-1 2.86236E-1 2.80814E-1 2.83848E-1 2.74358E-1 2.80161E-1 2.80556E-1 2.82222E-1 3.39948E-1 3.43668E-1 3.01197E-1 2.98253E-1 2.99866E-1 3.15452E-1 3.31548E-1 3.36452E-1 3.47522E-1 3.61212E-1 3.7883E-1 3.90894E-1 4.04942E-1 4.20184E-1 4.39247E-1 4.45796E-1 4.51164E-1 4.57453E-1 4.64517E-1 4.75042E-1 4.78296E-1 4.81053E-1 4.90039E-1 4.98726E-1 4.9683E-1 4.99344E-1 4.92983E-1 5.10073E-1 5.06226E-1 5.25192E-1 5.28177E-1 5.6274E-1 5.64384E-1 5.7919E-1 5.67264E-1 5.52543E-1 5.37661E-1 5.37424E-1 5.38757E-1 5.69706E-1 5.9154E-1 6.01911E-1 5.84408E-1 5.39234E-1 5.3747E-1 5.16878E-1 5.72556E-1 6.04072E-1 6.36804E-1 6.70467E-1
1.97147E-1 1.94633E-1 1.96676E-1 2.2089E-1 2.3458E-1 2.48551E-1 2.54627E-1 2.58218E-1 2.70513E-1 2.73527E-1 2.61931E-1 2.75399E-1 2.74468E-1 2.66151E-1 2.7472E-1 3.30436E-1 3.44338E-1 2.95027E-1 2.92097E-1 3.03605E-1 3.07206E-1 3.2564E-1 3.3613E-1 3.51637E-1 3.66517E-1 3.75598E-1 3.91975E-1 4.0877E-1 4.21209E-1 4.12001E-1 4.31664E-1 4.46302E-1 4.57386E-1 4.56531E-1 4.73538E-1 4.78839E-1 4.87444E-1 4.96743E-1 4.92461E-1 5.00827E-1 4.924E-1 4.90476E-1 4.99294E-1 4.87961E-1 5.02918E-1 5.0912E-1 5.35607E-1 5.30644E-1 5.30412E-1 5.28298E-1 5.15328E-1 5.06012E-1 5.207E-1 5.29558E-1 5.55299E-1 5.63657E-1 5.73248E-1 5.51415E-1 5.23414E-1 5.13003E-1 5.25303E-1 5.48137E-1 5.81669E-1 5.51731E-1 6.31934E-1
2.02074E-1 1.93319E-1 1.97373E-1 2.07777E-1 2.20803E-1 2.38262E-1 2.45925E-1 2.5169E-1 2.6475E-1 2.67744E-1 2.63201E-1 2.65835E-1 2.71707E-1 2.66766E-1 2.80509E-1 2.88828E-1 3.00799E-1 2.89416E-1 2.91474E-1 3.05724E-1 3.26771E-1 3.47029E-1 3.43766E-1 3.55129E-1 3.6773E-1 3.70991E-1 3.83265E-1 3.9831E-1 4.04218E-1 4.17708E-1 4.3076E-1 4.47316E-1 4.57557E-1 4.62612E-1 4.83811E-1 4.88565E-1 4.7658E-1 4.81335E-1 4.87618E-1 5.01027E-1 4.91681E-1 4.88317E-1 4.93435E-1 4.88883E-1 4.9559E-1 4.89925E-1 5.00808E-1 4.98946E-1 5.05409E-1 5.03102E-1 5.13294E-1 5.27877E-1 5.23841E-1 5.23193E-1 5.30584E-1 5.34788E-1 5.25175E-1 5.19811E-1 5.17471E-1 5.15635E-1 5.49859E-1 5.72285E-1 5.9893E-1 5.84784E-1 6.43187E-1
2.07832E-1 1.92757E-1 2.06882E-1 1.93189E-1 2.07762E-1 2.20875E-1 2.34043E-1 2.47443E-1 2.50924E-1 2.57407E-1 2.63399E-1 2.74522E-1 2.75809E-1 2.70607E-1 2.69738E-1 2.72362E-1 3.2121E-1 3.52118E-1 3.16198E-1 3.20907E-1 3.30609E-1 3.38371E-1 3.47039E-1 3.56503E-1 3.66493E-1 3.75586E-1 3.93135E-1 4.04269E-1 4.10927E-1 4.22999E-1 4.26004E-1 4.4861E-1 4.51959E-1 4.72022E-1 4.87237E-1 4.86859E-1 4.84565E-1 4.88309E-1 4.76957E-1 4.79116E-1 4.85696E-1 4.89844E-1 4.91233E-1 4.90026E-1 4.94348E-1 5.00301E-1 5.04032E-1 5.05393E-1 5.2417E-1 5.26567E-1 5.3585E-1 5.31587E-1 5.28672E-1 5.21781E-1 5.23244E-1 5.24602E-1 5.09649E-1 4.95778E-1 5.13627E-1 5.18177E-1 5.52195E-1 5.87827E-1 5.95446E-1 6.30728E-1 6.58298E-1
2.10651E-1 1.88868E-1 1.9875E-1 2.04106E-1 1.96063E-1 2.16425E-1 2.20448E-1 2.34466E-1 2.41467E-1 2.52418E-1 2.65001E-1 2.76112E-1 2.80436E-1 2.83599E-1 2.90834E-1 2.96889E-1 2.86554E-1 3.45471E-1 3.58407E-1 3.7831E-1 3.40629E-1 3.36986E-1 3.43087E-1 3.62857E-1 3.64227E-1 3.71657E-1 3.78713E-1 3.90973E-1 4.07634E-1 4.22938E-1 4.30363E-1 4.41269E-1 4.57016E-1 4.87918E-1 4.8389E-1 4.90515E-1 5.10373E-1 5.01028E-1 4.90016E-1 4.74938E-1 4.84219E-1 4.92492E-1 4.89735E-1 4.88865E-1 4.91556E-1 5.05798E-1 5.08146E-1 5.10494E-1 5.20665E-1 5.33687E-1 5.19096E-1 5.35193E-1 5.33349E-1 5.33492E-1 5.21757E-1 5.08974E-1 5.02653E-1 5.02695E-1 5.11655E-1 5.07141E-1 5.36616E-1 5.61815E-1 5.99535E-1 6.66922E-1 7.16617E-1
2.05265E-1 1.96003E-1 2.18214E-1 1.89656E-1 2.09791E-1 2.09338E-1 2.19008E-1 2.2828E-1 2.40371E-1 2.5238E-1 2.60788E-1 2.74142E-1 2.84077E-1 2.80784E-1 2.88152E-1 2.93669E-1 3.0116E-1 3.14296E-1 3.03631E-1 3.67376E-1 3.59503E-1 3.36829E-1 3.59793E-1 3.65967E-1 3.6709E-1 3.71616E-1 3.81728E-1 3.98727E-1 4.08466E-1 4.23231E-1 4.34625E-1 4.48768E-1 4.55886E-1 4.78323E-1 4.79145E-1 4.87208E-1 5.175E-1 5.07343E-1 4.87973E-1 4.77483E-1 4.97721E-1 4.99083E-1 4.96431E-1 4.97847E-1 5.00532E-1 5.02708E-1 4.9505E-1 5.06265E-1 5.07702E-1 5.27493E-1 5.17224E-1 5.35472E-1 5.32719E-1 5.38868E-1 5.11205E-1 4.9164E-1 4.94755E-1 5.11214E-1 5.26515E-1 5.09037E-1 5.50825E-1 5.88978E-1 6.49728E-1 7.08585E-1 7.59208E-1
2.08333E-1 2.06191E-1 2.08117E-1 2.12502E-1 2.10802E-1 2.16817E-1 2.27116E-1 2.26904E-1 2.44014E-1 2.50018E-1 2.65891E-1 2.69607E-1 2.68982E-1 2.82907E-1 2.96952E-1 3.06644E-1 3.10216E-1 3.16737E-1 3.18469E-1 3.76824E-1 3.32997E-1 3.22844E-1 3.60427E-1 3.83957E-1 3.75317E-1 3.67734E-1 3.69839E-1 3.84472E-1 4.04124E-1 4.23268E-1 4.37548E-1 4.5245E-1 4.61587E-1 4.76351E-1 4.92453E-1 5.09196E-1 5.06383E-1 5.04097E-1 4.97375E-1 4.89331E-1 5.01914E-1 5.0018E-1 5.10168E-1 5.11356E-1 5.06788E-1 5.04313E-1 4.96569E-1 5.14776E-1 5.20894E-1 5.23943E-1 5.01946E-1 5.26659E-1 5.22249E-1 5.42902E-1 5.1449E-1 5.03876E-1 5.08514E-1 5.26702E-1 5.34844E-1 5.18574E-1 5.28374E-1 6.09033E-1 6.65953E-1 7.47821E-1 7.64611E-1
2.04911E-1 1.94495E-1 1.93938E-1 2.08076E-1 2.13174E-1 2.08829E-1 2.31614E-1 2.37959E-1 2.51079E-1 2.45889E-1 2.68655E-1 2.79414E-1 2.73176E-1 2.74651E-1 2.93356E-1 3.12957E-1 3.08303E-1 3.15621E-1 3.81165E-1 3.61697E-1 3.80868E-1 3.65304E-1 3.84431E-1 4.2036E-1 3.99122E-1 3.95241E-1 3.87886E-1 3.9531E-1 3.98207E-1 4.18895E-1 4.42615E-1 4.57269E-1 4.88232E-1 4.86641E-1 5.00462E-1 5.2085E-1 5.35726E-1 5.02609E-1 5.16675E-1 5.20693E-1 4.94862E-1 4.91015E-1 4.96951E-1 5.06448E-1 5.20473E-1 5.20904E-1 5.17101E-1 5.24346E-1 5.45833E-1 5.64995E-1 5.21195E-1 5.2523E-1 5.19809E-1 5.40869E-1 5.25487E-1 5.15019E-1 5.04649E-1 5.07528E-1 5.02094E-1 4.99653E-1 5.2706E-1 5.97833E-1 6.73501E-1 7.47066E-1 7.94578E-1
2.23732E-1 2.11898E-1 1.91025E-1 1.96958E-1 2.10865E-1 2.13506E-1 2.29902E-1 2.35562E-1 2.56121E-1 2.52765E-1 2.55174E-1 2.77788E-1 2.89626E-1 2.92889E-1 2.97587E-1 3.00227E-1 3.03527E-1 3.19466E-1 3.83408E-1 3.77042E-1 3.72845E-1 3.99387E-1 3.57906E-1 4.19663E-1 4.24959E-1 4.35628E-1 3.9929E-1 4.3129E-1 4.30458E-1 4.4626E-1 4.59711E-1 4.65889E-1 4.65497E-1 4.77962E-1 4.96142E-1 5.11072E-1 5.2897E-1 5.13969E-1 5.32082E-1 5.24872E-1 5.2107E-1 5.09905E-1 4.98421E-1 4.91143E-1 5.09525E-1 5.31621E-1 5.45827E-1 5.49193E-1 5.72655E-1 5.90529E-1 5.70627E-1 5.56706E-1 5.63012E-1 5.52513E-1 5.29701E-1 5.27144E-1 5.19797E-1 5.072E-1 5.00325E-1 5.03488E-1 5.44076E-1 5.96561E-1 6.88674E-1 7.57244E-1 7.78391E-1
2.1575E-1 2.19367E-1 2.13126E-1 2.05772E-1 2.15186E-1 2.26727E-1 2.42144E-1 2.42319E-1 2.48247E-1 2.53194E-1 2.66219E-1 2.64721E-1 2.85879E-1 3.05911E-1 3.07766E-1 3.08423E-1 3.18134E-1 3.29419E-1 3.39183E-1 3.87523E-1 3.86964E-1 3.66078E-1 4.1602E-1 3.70119E-1 3.8843E-1 4.21578E-1 4.21511E-1 4.24617E-1 4.33159E-1 4.51577E-1 4.50115E-1 4.55238E-1 4.36693E-1 4.57231E-1 4.77433E-1 4.97756E-1 5.19383E-1 5.19901E-1 5.30893E-1 5.38529E-1 5.36066E-1 5.35438E-1 5.29673E-1 5.07487E-1 5.00328E-1 5.36995E-1 5.61664E-1 5.83208E-1 6.05605E-1 6.22263E-1 6.21982E-1 6.24028E-1 6.2045E-1 6.03872E-1 5.50476E-1 5.33323E-1 5.17714E-1 5.09883E-1 4.99526E-1 5.2509E-1 5.69102E-1 6.26661E-1 6.77451E-1 7.44085E-1 7.47095E-1
