layers/old_layers/suit_ele.asc
ncols         638
nrows         825
xllcorner     -2985163.8955
yllcorner     -3022031.214
cellsize      10000.0
NODATA_value  -9999
[rows 290 to 318 of 825, columns 390 to 454 of 638]
5.43313E-1 5.48422E-1 5.48928E-1 5.5364E-1 5.52617E-1 5.52524E-1 5.47453E-1 5.50463E-1 5.48791E-1 5.49108E-1 5.15983E-1 5.13861E-1 5.22059E-1 5.24396E-1 5.24732E-1 5.11043E-1 4.93492E-1 4.99065E-1 5.04846E-1 4.59551E-1 5.03721E-1 4.94155E-1 4.88345E-1 4.82826E-1 4.91064E-1 4.92518E-1 5.79858E-1 4.94012E-1 2.77822E-1 3.8659E-1 3.88767E-1 3.8089E-1 3.55068E-1 4.26206E-1 5.0054E-1 4.96747E-1 4.89245E-1 4.8511E-1 4.82381E-1 3.94408E-1 3.0237E-1 2.93163E-1 2.44756E-1 3.82005E-1 4.7267E-1 4.63575E-1 4.22626E-1 2.17707E-1 2.82178E-1 3.64767E-1 3.13054E-1 2.8746E-1 2.88291E-1 3.15434E-1 2.95801E-1 2.9585E-1 2.86646E-1 2.81942E-1 2.79415E-1 2.85244E-1 2.89318E-1 3.16105E-1 2.24386E-1 1.14667E-1 9.88794E-2
5.41119E-1 5.53465E-1 5.54523E-1 5.58637E-1 5.53423E-1 5.47697E-1 5.4933E-1 5.5391E-1 5.51849E-1 5.11446E-1 5.22461E-1 5.20071E-1 5.21894E-1 5.04383E-1 4.9617E-1 4.87256E-1 4.92795E-1 4.91939E-1 4.88462E-1 4.52936E-1 4.99133E-1 5.04965E-1 4.95851E-1 4.90271E-1 5.01938E-1 4.94777E-1 4.96681E-1 4.21833E-1 2.66706E-1 3.81213E-1 3.89942E-1 3.76309E-1 3.78875E-1 3.61798E-1 4.65046E-1 4.89898E-1 4.84466E-1 4.81492E-1 5.69225E-1 4.8617E-1 2.68604E-1 2.80381E-1 4.65815E-1 4.68564E-1 5.69102E-1 4.60862E-1 5.17234E-1 2.57809E-1 2.63636E-1 3.31283E-1 3.41937E-1 3.01743E-1 2.93232E-1 2.96704E-1 2.9868E-1 2.93938E-1 2.88422E-1 2.83519E-1 2.77521E-1 2.73248E-1 2.7852E-1 2.9026E-1 2.89383E-1 1.66067E-1 9.84559E-2
5.41389E-1 5.47113E-1 5.51388E-1 5.56675E-1 5.56543E-1 5.51637E-1 5.57375E-1 5.60213E-1 5.18845E-1 5.15706E-1 5.24112E-1 5.2057E-1 5.19088E-1 4.94204E-1 4.80455E-1 4.81388E-1 4.89343E-1 4.8143E-1 4.92572E-1 5.6462E-1 4.71868E-1 4.94794E-1 4.94968E-1 4.93663E-1 4.96412E-1 4.94856E-1 3.95157E-1 3.8049E-1 3.58825E-1 3.71595E-1 4.04228E-1 3.70509E-1 4.01665E-1 4.84934E-1 4.56036E-1 4.7753E-1 4.92122E-1 4.86359E-1 5.57619E-1 5.62082E-1 5.62919E-1 4.72876E-1 4.58251E-1 4.59623E-1 4.64804E-1 4.53834E-1 4.37181E-1 2.64831E-1 1.69871E-1 2.72805E-1 3.60858E-1 3.23099E-1 2.92852E-1 2.92264E-1 2.96235E-1 2.95128E-1 2.91941E-1 2.87016E-1 2.80039E-1 2.75623E-1 2.72756E-1 2.85397E-1 2.85522E-1 2.90747E-1 1.50678E-1
5.51746E-1 5.54292E-1 5.58575E-1 5.58651E-1 5.58043E-1 5.53226E-1 5.49214E-1 5.5246E-1 5.20281E-1 5.14777E-1 5.16998E-1 5.23033E-1 5.20606E-1 4.91184E-1 4.7694E-1 4.77381E-1 4.77308E-1 3.83238E-1 5.17189E-1 4.78874E-1 4.83131E-1 5.78259E-1 4.95324E-1 4.99283E-1 4.93377E-1 4.78746E-1 4.7799E-1 4.74457E-1 3.55114E-1 3.53608E-1 4.68187E-1 3.87278E-1 3.98282E-1 4.68978E-1 4.74642E-1 4.77601E-1 4.75129E-1 4.53916E-1 4.8325E-1 5.57481E-1 5.87226E-1 4.72429E-1 4.59148E-1 4.6085E-1 4.55671E-1 4.52076E-1 4.43227E-1 2.82155E-1 1.6578E-1 1.79313E-1 3.68819E-1 3.53975E-1 3.2665E-1 2.85665E-1 2.96246E-1 2.97701E-1 2.94983E-1 2.89107E-1 2.82082E-1 2.77659E-1 2.74279E-1 2.83613E-1 2.94542E-1 3.23805E-1 3.20579E-1
5.52495E-1 5.6097E-1 5.65073E-1 5.61154E-1 5.55021E-1 5.57035E-1 5.22467E-1 5.22472E-1 5.20422E-1 5.16635E-1 5.04708E-1 5.04799E-1 4.97171E-1 4.78623E-1 4.74677E-1 4.76324E-1 4.6364E-1 3.03943E-1 4.36989E-1 4.70144E-1 5.60422E-1 5.60878E-1 4.87832E-1 4.97636E-1 4.01831E-1 3.87007E-1 3.93099E-1 4.52958E-1 3.49403E-1 3.44295E-1 3.72845E-1 4.00793E-1 4.79718E-1 5.56065E-1 4.60359E-1 4.685E-1 4.67506E-1 4.6834E-1 4.72285E-1 4.71878E-1 4.73096E-1 4.67671E-1 4.57879E-1 4.57032E-1 4.54618E-1 4.54144E-1 4.53351E-1 4.34933E-1 1.95598E-1 3.31131E-1 3.9863E-1 4.03884E-1 2.99251E-1 2.84047E-1 2.91556E-1 3.01942E-1 2.98345E-1 2.94078E-1 2.85506E-1 2.79099E-1 2.7794E-1 2.84896E-1 3.03228E-1 3.63006E-1 4.17934E-1
5.55598E-1 5.70656E-1 5.68143E-1 5.63806E-1 5.60893E-1 5.65038E-1 5.27531E-1 5.23593E-1 5.19622E-1 5.19433E-1 5.03585E-1 4.8449E-1 4.80937E-1 4.77641E-1 4.78717E-1 4.71794E-1 4.64855E-1 3.24761E-1 4.39472E-1 4.70028E-1 4.67299E-1 4.75946E-1 4.91282E-1 4.88503E-1 4.03249E-1 4.76445E-1 4.7291E-1 4.78174E-1 3.47824E-1 3.43296E-1 3.51062E-1 4.78808E-1 4.76878E-1 3.91117E-1 3.90914E-1 3.77858E-1 4.64924E-1 4.53695E-1 3.88279E-1 4.74978E-1 4.63326E-1 4.58071E-1 4.55353E-1 4.57272E-1 4.54326E-1 4.53927E-1 4.64962E-1 4.65686E-1 4.33084E-1 4.03483E-1 4.17896E-1 4.83393E-1 3.30488E-1 2.80053E-1 2.89041E-1 2.98134E-1 2.97341E-1 2.90443E-1 2.85197E-1 2.79759E-1 2.879E-1 2.96742E-1 3.25597E-1 4.11346E-1 4.26045E-1
5.6628E-1 5.71231E-1 5.68757E-1 5.66406E-1 5.66002E-1 5.50089E-1 5.26391E-1 5.2487E-1 5.25564E-1 5.26148E-1 5.01761E-1 4.84435E-1 4.83628E-1 4.79633E-1 4.76714E-1 4.93146E-1 4.79227E-1 3.98427E-1 4.18187E-1 4.58442E-1 5.5093E-1 4.8305E-1 4.82569E-1 4.0178E-1 4.00096E-1 4.7259E-1 4.70774E-1 4.60078E-1 3.39307E-1 3.40479E-1 3.44977E-1 4.7398E-1 4.75656E-1 3.9133E-1 3.88801E-1 3.72372E-1 3.78607E-1 4.52334E-1 3.81755E-1 4.89895E-1 4.75298E-1 4.54896E-1 4.52534E-1 4.52193E-1 4.50999E-1 4.55939E-1 4.66099E-1 4.61907E-1 5.00798E-1 5.12117E-1 4.78176E-1 5.54954E-1 4.36152E-1 2.78345E-1 2.85007E-1 2.91843E-1 2.9811E-1 2.89389E-1 2.83725E-1 2.82323E-1 2.91159E-1 3.03881E-1 3.27363E-1 3.66596E-1 4.1466E-1
5.76941E-1 5.74303E-1 5.7335E-1 5.68087E-1 5.69425E-1 5.31482E-1 5.27343E-1 5.26847E-1 5.31445E-1 5.12409E-1 4.86047E-1 4.8524E-1 4.81688E-1 4.7775E-1 4.74597E-1 5.13373E-1 5.30408E-1 3.29771E-1 3.8634E-1 5.27004E-1 4.70409E-1 4.7897E-1 4.7769E-1 3.93403E-1 4.03417E-1 4.83991E-1 4.87326E-1 4.49251E-1 3.32772E-1 3.59015E-1 3.40828E-1 4.7252E-1 3.97216E-1 3.88641E-1 4.59474E-1 4.38268E-1 3.33169E-1 4.14468E-1 4.53585E-1 5.61978E-1 4.63439E-1 4.55449E-1 4.50233E-1 4.46896E-1 4.73642E-1 4.57578E-1 4.52279E-1 4.55833E-1 5.38513E-1 5.37674E-1 4.569E-1 4.83604E-1 3.21983E-1 2.71237E-1 2.7913E-1 2.87232E-1 2.95513E-1 2.91031E-1 2.85154E-1 2.83622E-1 2.88156E-1 2.90981E-1 3.06508E-1 3.14562E-1 3.37075E-1
5.69228E-1 5.77258E-1 5.76417E-1 5.65086E-1 5.42608E-1 5.30504E-1 5.28326E-1 5.28609E-1 5.26536E-1 5.03415E-1 4.86195E-1 4.85182E-1 4.80554E-1 4.8012E-1 5.47152E-1 5.48002E-1 4.65284E-1 4.02028E-1 3.88997E-1 4.37055E-1 4.7598E-1 4.468E-1 4.50841E-1 4.72727E-1 4.02626E-1 4.53577E-1 4.47318E-1 3.30102E-1 3.64995E-1 3.83992E-1 4.31762E-1 4.22522E-1 4.42125E-1 3.79921E-1 4.84396E-1 4.34116E-1 3.54492E-1 4.52589E-1 4.4549E-1 5.53229E-1 4.56349E-1 4.57742E-1 4.57928E-1 4.61812E-1 4.55482E-1 5.65776E-1 4.48093E-1 4.50384E-1 4.46335E-1 4.58012E-1 5.43613E-1 4.43401E-1 2.99157E-1 2.74455E-1 2.82904E-1 2.86707E-1 2.97281E-1 2.89722E-1 2.84176E-1 2.86561E-1 2.88172E-1 2.90004E-1 2.98109E-1 2.98828E-1 3.02783E-1
5.74424E-1 5.74162E-1 5.69687E-1 5.63799E-1 5.24641E-1 5.31591E-1 5.30475E-1 5.2872E-1 5.09039E-1 4.89342E-1 4.87442E-1 4.86473E-1 4.87558E-1 4.93006E-1 5.5332E-1 5.48583E-1 4.59544E-1 4.08255E-1 3.69726E-1 4.09706E-1 4.42512E-1 4.12803E-1 4.43966E-1 4.00598E-1 3.78038E-1 3.87053E-1 4.684E-1 3.59225E-1 4.73175E-1 5.23097E-1 5.62176E-1 4.54013E-1 4.22151E-1 4.55825E-1 3.8254E-1 4.48871E-1 4.53113E-1 5.46697E-1 5.38911E-1 4.44764E-1 5.43849E-1 5.5732E-1 4.71536E-1 4.74601E-1 4.62394E-1 4.56861E-1 4.50878E-1 4.46751E-1 4.44563E-1 4.46086E-1 4.54773E-1 4.19401E-1 3.15193E-1 2.65965E-1 2.78853E-1 2.86422E-1 2.97551E-1 2.88914E-1 2.91061E-1 2.97541E-1 2.97512E-1 2.94934E-1 2.94884E-1 3.03972E-1 3.38079E-1
5.72501E-1 5.73448E-1 5.65391E-1 5.36498E-1 5.29003E-1 5.31968E-1 5.31858E-1 5.29993E-1 5.05079E-1 4.87824E-1 4.90017E-1 4.85544E-1 5.14395E-1 5.03427E-1 4.70724E-1 5.42115E-1 4.50732E-1 4.39025E-1 3.88692E-1 3.88427E-1 3.12003E-1 3.09402E-1 4.21612E-1 3.87812E-1 3.83095E-1 4.751E-1 3.55531E-1 4.38109E-1 4.59914E-1 4.64419E-1 4.68119E-1 4.6416E-1 4.15488E-1 5.44698E-1 3.9529E-1 4.55473E-1 5.4645E-1 4.5882E-1 4.52575E-1 4.44673E-1 4.41743E-1 4.49636E-1 4.61121E-1 4.60817E-1 4.61713E-1 3.78793E-1 4.51354E-1 4.44989E-1 4.38356E-1 4.37691E-1 5.3938E-1 4.09432E-1 2.70134E-1 2.73926E-1 2.80173E-1 2.88528E-1 2.96592E-1 2.89714E-1 2.87321E-1 2.90449E-1 2.96928E-1 3.03225E-1 3.21634E-1 3.41539E-1 3.63567E-1
5.71771E-1 5.71615E-1 5.6658E-1 5.28737E-1 5.33444E-1 5.32036E-1 5.32141E-1 5.18424E-1 4.94741E-1 4.87549E-1 4.92854E-1 4.79846E-1 5.31686E-1 5.43649E-1 4.75217E-1 5.40161E-1 4.63093E-1 4.3504E-1 3.90178E-1 3.62471E-1 2.94175E-1 3.15439E-1 4.15845E-1 3.75654E-1 4.59543E-1 4.75774E-1 4.33469E-1 4.49118E-1 4.5275E-1 3.81068E-1 4.67716E-1 4.5586E-1 4.11456E-1 3.74671E-1 3.73647E-1 4.5588E-1 5.52663E-1 4.58313E-1 4.58324E-1 4.62147E-1 4.51749E-1 4.55563E-1 4.6196E-1 4.62484E-1 4.58258E-1 3.71277E-1 3.71806E-1 4.43358E-1 4.37566E-1 4.36931E-1 4.17792E-1 3.88946E-1 2.81851E-1 2.69913E-1 2.75358E-1 2.88924E-1 2.99373E-1 2.93011E-1 2.95636E-1 2.96841E-1 3.02646E-1 3.0214E-1 3.2002E-1 3.27415E-1 3.08741E-1
5.70763E-1 5.72594E-1 5.73795E-1 5.34135E-1 5.3515E-1 5.34281E-1 5.21163E-1 4.97548E-1 4.89415E-1 4.90804E-1 4.90587E-1 5.02997E-1 5.52481E-1 5.55129E-1 5.57746E-1 5.43348E-1 4.63446E-1 4.21266E-1 4.39097E-1 3.79633E-1 3.65676E-1 3.2857E-1 4.22999E-1 4.54431E-1 4.70745E-1 4.70921E-1 4.39916E-1 4.44337E-1 4.44051E-1 3.61896E-1 5.40343E-1 4.58874E-1 4.47627E-1 4.75277E-1 3.68139E-1 4.23083E-1 4.36329E-1 4.31279E-1 4.51497E-1 4.54693E-1 4.52058E-1 4.64063E-1 4.57995E-1 4.6491E-1 4.51046E-1 4.42981E-1 4.59197E-1 4.43506E-1 4.43477E-1 4.35931E-1 5.276E-1 4.62167E-1 3.96332E-1 2.70551E-1 2.81388E-1 2.91682E-1 2.9611E-1 2.90702E-1 2.87139E-1 2.91343E-1 2.98688E-1 2.9531E-1 2.97427E-1 2.98161E-1 3.11156E-1
5.71592E-1 5.65663E-1 5.73669E-1 5.31704E-1 5.35406E-1 5.23555E-1 4.99176E-1 4.92912E-1 4.88767E-1 4.88153E-1 4.85008E-1 5.14088E-1 5.57905E-1 5.49125E-1 5.59846E-1 5.47257E-1 4.64656E-1 4.55895E-1 4.68081E-1 3.90732E-1 3.86287E-1 4.11209E-1 4.43547E-1 4.6196E-1 4.72137E-1 4.6963E-1 4.50738E-1 4.38819E-1 4.35284E-1 4.88299E-1 5.17334E-1 5.32605E-1 4.38274E-1 5.21675E-1 3.79039E-1 4.63244E-1 4.23845E-1 4.56686E-1 4.52838E-1 4.48388E-1 4.4631E-1 4.51143E-1 4.54068E-1 4.47944E-1 5.38134E-1 4.31076E-1 4.58613E-1 4.89354E-1 3.61839E-1 3.62161E-1 4.86263E-1 4.75495E-1 4.02476E-1 2.7535E-1 2.77358E-1 2.90092E-1 2.962E-1 2.92819E-1 2.87995E-1 2.93025E-1 2.99766E-1 3.01247E-1 3.02197E-1 3.15058E-1 3.33387E-1
5.68177E-1 5.62462E-1 5.29072E-1 5.29007E-1 5.30398E-1 5.16122E-1 4.92306E-1 4.90449E-1 4.86699E-1 4.8096E-1 5.05026E-1 5.13325E-1 4.63016E-1 4.63741E-1 5.48295E-1 4.61872E-1 4.59586E-1 4.57078E-1 4.49497E-1 3.89132E-1 3.86444E-1 3.95898E-1 4.51756E-1 4.62066E-1 4.75479E-1 4.6493E-1 4.43283E-1 4.50182E-1 3.46398E-1 3.58272E-1 5.05101E-1 4.49289E-1 4.27401E-1 4.76887E-1 3.69503E-1 4.58805E-1 4.2903E-1 4.56383E-1 4.52635E-1 4.42192E-1 4.40938E-1 4.44682E-1 4.66426E-1 4.50635E-1 4.41049E-1 3.04324E-1 3.2976E-1 5.0879E-1 5.00365E-1 4.44464E-1 5.10186E-1 5.28798E-1 4.78381E-1 2.71539E-1 2.82714E-1 2.90126E-1 2.97858E-1 2.93023E-1 2.83645E-1 2.82231E-1 2.81069E-1 2.91313E-1 3.00425E-1 3.03901E-1 3.08837E-1
5.67273E-1 5.61223E-1 5.30399E-1 5.31669E-1 5.31081E-1 5.0987E-1 4.90267E-1 4.90039E-1 4.85565E-1 4.79267E-1 5.23214E-1 4.56291E-1 4.50896E-1 4.68444E-1 4.62649E-1 4.58735E-1 5.46973E-1 4.61187E-1 4.14429E-1 3.83338E-1 4.04304E-1 4.14444E-1 4.53664E-1 5.46439E-1 5.42607E-1 4.62088E-1 4.49555E-1 5.13675E-1 3.63206E-1 4.2146E-1 5.14491E-1 5.42138E-1 4.28203E-1 4.36021E-1 3.25917E-1 3.81636E-1 4.39328E-1 4.50321E-1 4.51226E-1 4.42736E-1 4.42229E-1 4.44208E-1 5.78838E-1 5.07749E-1 4.71571E-1 3.12876E-1 3.05454E-1 4.60869E-1 4.02296E-1 4.88652E-1 4.24513E-1 5.53962E-1 3.41943E-1 2.76945E-1 2.89954E-1 2.98516E-1 2.97913E-1 2.88741E-1 2.79594E-1 2.76311E-1 2.7576E-1 2.81281E-1 2.86038E-1 2.91609E-1 3.08181E-1
5.62962E-1 5.64145E-1 5.32697E-1 5.31333E-1 5.14534E-1 4.917E-1 4.86076E-1 4.83859E-1 4.80546E-1 4.73489E-1 4.50162E-1 4.47804E-1 4.47905E-1 4.64317E-1 4.65443E-1 4.50745E-1 4.60385E-1 4.19694E-1 4.11324E-1 4.51053E-1 4.25715E-1 4.43395E-1 4.56869E-1 5.40613E-1 4.57912E-1 4.58473E-1 4.58903E-1 4.32868E-1 3.23529E-1 3.22957E-1 5.25806E-1 5.31018E-1 4.38585E-1 5.53536E-1 3.61549E-1 4.49693E-1 5.43123E-1 4.52212E-1 4.55168E-1 4.4668E-1 4.43409E-1 4.45324E-1 5.36567E-1 4.21096E-1 3.43534E-1 2.7762E-1 3.17234E-1 3.19548E-1 4.49743E-1 5.11323E-1 4.34478E-1 5.44148E-1 3.41586E-1 2.80491E-1 2.89135E-1 2.9713E-1 2.95943E-1 2.86605E-1 2.81097E-1 2.74932E-1 2.74227E-1 2.77123E-1 2.75643E-1 2.85402E-1 3.0957E-1
5.61286E-1 5.58063E-1 5.30598E-1 5.28164E-1 5.05891E-1 4.86347E-1 4.85524E-1 4.7991E-1 4.73666E-1 5.0473E-1 4.58809E-1 5.44681E-1 4.57115E-1 4.68067E-1 4.70759E-1 4.68366E-1 3.82692E-1 4.28875E-1 4.09228E-1 4.48565E-1 4.55345E-1 4.51616E-1 4.59195E-1 4.63244E-1 4.65626E-1 4.63927E-1 3.703E-1 5.14532E-1 3.65837E-1 4.05634E-1 5.23636E-1 5.42606E-1 4.4227E-1 5.0639E-1 2.87722E-1 4.23851E-1 5.499E-1 4.55534E-1 5.43847E-1 4.45239E-1 4.35717E-1 4.76263E-1 4.43058E-1 5.91382E-1 3.2405E-1 2.68855E-1 3.08577E-1 3.27162E-1 4.1853E-1 3.93033E-1 3.3405E-1 4.35707E-1 2.97297E-1 2.8963E-1 2.98283E-1 2.954E-1 2.91948E-1 2.86329E-1 2.78107E-1 2.72339E-1 2.69769E-1 2.73167E-1 2.79951E-1 2.84258E-1 2.9428E-1
5.62686E-1 5.29869E-1 5.28E-1 5.08788E-1 4.85847E-1 4.82095E-1 4.80142E-1 4.7139E-1 4.73127E-1 4.56445E-1 5.34163E-1 4.62095E-1 4.77162E-1 4.52122E-1 4.43936E-1 3.5163E-1 4.4042E-1 3.42311E-1 4.32136E-1 4.59656E-1 4.48694E-1 4.59288E-1 4.57717E-1 4.63001E-1 4.65624E-1 4.68993E-1 4.57256E-1 4.31887E-1 3.13355E-1 3.70816E-1 4.42499E-1 5.39127E-1 4.48379E-1 5.03088E-1 3.22688E-1 2.74978E-1 5.3592E-1 4.64591E-1 4.58958E-1 4.45086E-1 6.19305E-1 4.45289E-1 4.53898E-1 5.37638E-1 4.94636E-1 4.57933E-1 3.97965E-1 3.89434E-1 3.93207E-1 3.53687E-1 3.22965E-1 3.52926E-1 3.0209E-1 3.02247E-1 3.02521E-1 2.93888E-1 2.85168E-1 2.85831E-1 2.77458E-1 2.70429E-1 2.69187E-1 2.71479E-1 2.73598E-1 2.72002E-1 2.66165E-1
5.51151E-1 5.28532E-1 5.15593E-1 4.88101E-1 4.86561E-1 4.84602E-1 4.76152E-1 5.06596E-1 5.33305E-1 4.57061E-1 5.4527E-1 4.76387E-1 4.64893E-1 4.10872E-1 4.07146E-1 4.09369E-1 4.12353E-1 4.33478E-1 3.74707E-1 4.71254E-1 5.60239E-1 4.66837E-1 4.55715E-1 4.62303E-1 4.56906E-1 4.67372E-1 3.78741E-1 4.02194E-1 3.48192E-1 4.44555E-1 4.52287E-1 4.67997E-1 4.43652E-1 4.44224E-1 2.87267E-1 2.94526E-1 4.45808E-1 5.47765E-1 4.62077E-1 4.47259E-1 5.15514E-1 3.82035E-1 5.2774E-1 4.43071E-1 4.31036E-1 3.37374E-1 3.35722E-1 4.36053E-1 4.20482E-1 3.49681E-1 3.21893E-1 3.60665E-1 2.92966E-1 2.94281E-1 2.99176E-1 2.88596E-1 2.83537E-1 2.81605E-1 2.74923E-1 2.70424E-1 2.68085E-1 2.65499E-1 2.65502E-1 2.65395E-1 2.65512E-1
5.2836E-1 5.26538E-1 5.10801E-1 4.86035E-1 4.82261E-1 4.81084E-1 4.42652E-1 4.85239E-1 5.36352E-1 4.73833E-1 4.77722E-1 4.40222E-1 4.12266E-1 3.08887E-1 3.91439E-1 3.82007E-1 4.0672E-1 4.77234E-1 6.11476E-1 4.66395E-1 5.77276E-1 5.61664E-1 4.56011E-1 4.56616E-1 4.57453E-1 4.59205E-1 4.65671E-1 4.0273E-1 3.21185E-1 5.07478E-1 4.52032E-1 5.48285E-1 4.47422E-1 4.7248E-1 2.96234E-1 2.97524E-1 2.86247E-1 4.71978E-1 5.31645E-1 5.42283E-1 5.20393E-1 4.50339E-1 3.80571E-1 5.12834E-1 4.966E-1 4.64379E-1 3.60355E-1 5.027E-1 3.81732E-1 4.1822E-1 3.34269E-1 3.61308E-1 2.97315E-1 2.97733E-1 2.96718E-1 2.86502E-1 2.79185E-1 2.76103E-1 2.72506E-1 2.70547E-1 2.68168E-1 2.65518E-1 2.67313E-1 2.75895E-1 2.81562E-1
5.22703E-1 5.26605E-1 5.06318E-1 4.83949E-1 4.79182E-1 4.7999E-1 4.75205E-1 4.76561E-1 4.83657E-1 4.72503E-1 3.10128E-1 3.68665E-1 2.97557E-1 3.10945E-1 3.84285E-1 3.13597E-1 4.44841E-1 5.72311E-1 5.59165E-1 5.52036E-1 5.70833E-1 4.8065E-1 4.74253E-1 4.64237E-1 4.56456E-1 4.61831E-1 5.53259E-1 3.76847E-1 3.01739E-1 4.71178E-1 4.50301E-1 5.79345E-1 4.48303E-1 4.0174E-1 3.15094E-1 3.1613E-1 3.38424E-1 2.86153E-1 3.8886E-1 3.9689E-1 4.92089E-1 4.79355E-1 3.13661E-1 4.67352E-1 4.8545E-1 4.6019E-1 4.52437E-1 4.39086E-1 4.04168E-1 4.37511E-1 3.30819E-1 4.50468E-1 2.99626E-1 3.00324E-1 2.93759E-1 2.81569E-1 2.78413E-1 2.76189E-1 2.71119E-1 2.6805E-1 2.67665E-1 2.62769E-1 2.64197E-1 2.78727E-1 2.80586E-1
5.19887E-1 5.22148E-1 5.1061E-1 4.88964E-1 4.79307E-1 5.15697E-1 5.19737E-1 5.22641E-1 4.83863E-1 4.56455E-1 4.25443E-1 3.82847E-1 3.80342E-1 4.11485E-1 3.86126E-1 3.21276E-1 5.47847E-1 5.72339E-1 5.71821E-1 5.58884E-1 5.79252E-1 5.82962E-1 4.72281E-1 4.57682E-1 4.51495E-1 5.45303E-1 5.46473E-1 3.7663E-1 3.75882E-1 4.72694E-1 4.32144E-1 5.48137E-1 4.56221E-1 4.41953E-1 3.94874E-1 3.12679E-1 3.3374E-1 3.08224E-1 2.96093E-1 3.24124E-1 5.17894E-1 4.36951E-1 4.92598E-1 4.27092E-1 4.40641E-1 4.02898E-1 4.15737E-1 5.24431E-1 4.72775E-1 4.07375E-1 3.62858E-1 3.24216E-1 3.19134E-1 2.96485E-1 2.89157E-1 2.83551E-1 2.78443E-1 2.7287E-1 2.68908E-1 2.65227E-1 2.61496E-1 2.60235E-1 2.60586E-1 2.67376E-1 2.78611E-1
5.18638E-1 5.22052E-1 5.12674E-1 4.92767E-1 4.80479E-1 5.47279E-1 5.52695E-1 5.27199E-1 4.73549E-1 3.93044E-1 3.61212E-1 4.24182E-1 3.64809E-1 3.75913E-1 3.74606E-1 3.93092E-1 5.36949E-1 5.66723E-1 5.7224E-1 5.71739E-1 5.70226E-1 4.73736E-1 4.59018E-1 5.33343E-1 4.46633E-1 5.34778E-1 3.68775E-1 4.08657E-1 5.02851E-1 4.67594E-1 3.8549E-1 4.27574E-1 4.80893E-1 4.45544E-1 4.03789E-1 3.13399E-1 3.33809E-1 2.96145E-1 3.81551E-1 3.39032E-1 4.87883E-1 5.95458E-1 4.23003E-1 4.90152E-1 3.62702E-1 4.22996E-1 3.66471E-1 4.90795E-1 4.84785E-1 4.40695E-1 3.60316E-1 3.54672E-1 2.89811E-1 2.94772E-1 2.89587E-1 2.82024E-1 2.75684E-1 2.68922E-1 2.64981E-1 2.61077E-1 2.59205E-1 2.5767E-1 2.56296E-1 2.54998E-1 2.5861E-1
5.15456E-1 5.08267E-1 4.92997E-1 4.86824E-1 4.80779E-1 5.40934E-1 5.71205E-1 5.22614E-1 4.13242E-1 3.14643E-1 2.9225E-1 4.21916E-1 4.12616E-1 3.86839E-1 3.93791E-1 4.98193E-1 5.0267E-1 4.46113E-1 5.69092E-1 5.69916E-1 5.64297E-1 4.68346E-1 5.5429E-1 4.5226E-1 5.23418E-1 4.44858E-1 3.29061E-1 3.81462E-1 4.04159E-1 3.95626E-1 2.4911E-1 3.6608E-1 7.06202E-1 4.89371E-1 4.18567E-1 3.06403E-1 3.26895E-1 3.62071E-1 2.78307E-1 3.33483E-1 3.76295E-1 4.65833E-1 4.17413E-1 3.83215E-1 4.24415E-1 4.90947E-1 3.5439E-1 4.5932E-1 4.63156E-1 4.29718E-1 3.42404E-1 3.1527E-1 2.94631E-1 2.95631E-1 2.85763E-1 2.79257E-1 2.73029E-1 2.67266E-1 2.63731E-1 2.58756E-1 2.54345E-1 2.54333E-1 2.55586E-1 2.6338E-1 2.68668E-1
5.14029E-1 4.95788E-1 4.85134E-1 4.84864E-1 4.82682E-1 5.58877E-1 5.69964E-1 5.03011E-1 4.0361E-1 4.02053E-1 3.99328E-1 4.33261E-1 4.22595E-1 3.78305E-1 3.96813E-1 4.36895E-1 3.68917E-1 3.64502E-1 3.82233E-1 3.80846E-1 4.63071E-1 4.65172E-1 5.4631E-1 5.34041E-1 4.39459E-1 3.09519E-1 2.98723E-1 2.75793E-1 5.33769E-1 3.98702E-1 3.39025E-1 4.29202E-1 5.26514E-1 5.24407E-1 4.23653E-1 3.57447E-1 3.38192E-1 4.31527E-1 3.53805E-1 2.81204E-1 3.42334E-1 3.68433E-1 4.31896E-1 3.99455E-1 3.99546E-1 4.36641E-1 3.45251E-1 3.39117E-1 3.84555E-1 3.5789E-1 3.23787E-1 3.12592E-1 2.92651E-1 2.94469E-1 2.84812E-1 2.79348E-1 2.71184E-1 2.63514E-1 2.59352E-1 2.53506E-1 2.56902E-1 2.5288E-1 2.60263E-1 2.70021E-1 2.80197E-1
5.12808E-1 4.87386E-1 4.77054E-1 4.83906E-1 5.0648E-1 5.66847E-1 5.27934E-1 4.1853E-1 4.35776E-1 4.67326E-1 4.00444E-1 4.14574E-1 4.1682E-1 3.89133E-1 3.94987E-1 5.33862E-1 4.57051E-1 3.70921E-1 3.73918E-1 3.73586E-1 3.7171E-1 3.73992E-1 4.44137E-1 5.0359E-1 3.05637E-1 3.6028E-1 2.8904E-1 3.85572E-1 3.68832E-1 4.03886E-1 4.42216E-1 4.90979E-1 4.57102E-1 4.94269E-1 3.93543E-1 3.43286E-1 3.90665E-1 3.50101E-1 3.4538E-1 2.86425E-1 3.49942E-1 3.32123E-1 3.25933E-1 3.1361E-1 4.02827E-1 4.27358E-1 3.43994E-1 3.25476E-1 3.79278E-1 3.69476E-1 3.25638E-1 3.12142E-1 3.00386E-1 2.9764E-1 2.83563E-1 2.74369E-1 2.69848E-1 2.61795E-1 2.57602E-1 2.5217E-1 2.51452E-1 2.51859E-1 2.51746E-1 2.67805E-1 2.81222E-1
5.1116E-1 4.81015E-1 4.77811E-1 4.85803E-1 5.15088E-1 5.54447E-1 5.02192E-1 4.06983E-1 4.45647E-1 4.92101E-1 4.10122E-1 4.06848E-1 4.39759E-1 4.34426E-1 3.93251E-1 4.05955E-1 4.71889E-1 4.7106E-1 4.77826E-1 4.91706E-1 3.80179E-1 4.52866E-1 5.13498E-1 4.53896E-1 4.38362E-1 4.24575E-1 4.6259E-1 4.62316E-1 4.1315E-1 4.63165E-1 4.55296E-1 4.58882E-1 4.26244E-1 4.73048E-1 3.8976E-1 3.71357E-1 3.4526E-1 2.92168E-1 4.00537E-1 3.35654E-1 3.56413E-1 3.83031E-1 3.37225E-1 3.27831E-1 3.35878E-1 4.9368E-1 3.46876E-1 4.39167E-1 4.74235E-1 3.57315E-1 2.79898E-1 3.19294E-1 3.04272E-1 2.96034E-1 2.85448E-1 2.77874E-1 2.67744E-1 2.68123E-1 2.57944E-1 2.53596E-1 2.51888E-1 2.54538E-1 2.65393E-1 2.74274E-1 2.81069E-1
5.06939E-1 5.00691E-1 4.77126E-1 4.80433E-1 4.67626E-1 4.77725E-1 4.76907E-1 3.43733E-1 4.07156E-1 4.75092E-1 4.37329E-1 4.22873E-1 4.65883E-1 5.51641E-1 5.03694E-1 4.13828E-1 4.08974E-1 5.71603E-1 5.83676E-1 4.0274E-1 4.80128E-1 5.36458E-1 5.07713E-1 4.91577E-1 5.33605E-1 5.28822E-1 4.80286E-1 4.21652E-1 4.63795E-1 4.33401E-1 3.86258E-1 3.92711E-1 3.86145E-1 4.72295E-1 3.89029E-1 3.30629E-1 2.51261E-1 3.1998E-1 3.12063E-1 3.21767E-1 3.68546E-1 3.69671E-1 3.54537E-1 3.62928E-1 3.5521E-1 4.35942E-1 4.23057E-1 4.10696E-1 4.59453E-1 3.6503E-1 2.97967E-1 2.9196E-1 3.06917E-1 2.99767E-1 2.87689E-1 2.74892E-1 2.67596E-1 2.64297E-1 2.59176E-1 2.50081E-1 2.45501E-1 2.45304E-1 2.43827E-1 2.45393E-1 2.50249E-1
