layers/old_layers/suit_hand.asc
ncols         638
nrows         825
xllcorner     -2985163.8955
yllcorner     -3022031.214
cellsize      10000.0
NODATA_value  -9999
[rows 232 to 260 of 825, columns 325 to 389 of 638]
3.24068E-1 4.14297E-1 3.57264E-1 3.14139E-1 2.59027E-1 2.45818E-1 2.93991E-1 2.44355E-1 2.9449E-1 2.52078E-1 2.49645E-1 2.46002E-1 3.11398E-1 3.77553E-1 2.64361E-1 4.4737E-1 2.24163E-1 3.35344E-1 1.82089E-1 2.28321E-1 5.11954E-1 4.18245E-1 5.59257E-1 3.91692E-1 3.43693E-1 1.6361E-1 1.86163E-1 1.54926E-1 4.10869E-1 3.6491E-1 2.72263E-1 4.01429E-1 1.94248E-1 2.30829E-1 2.85278E-1 2.11088E-1 3.48062E-1 5.44571E-1 2.82282E-1 3.33483E-1 5.12973E-1 2.9172E-1 2.09461E-1 2.17576E-1 1.21369E-1 1.25593E-1 1.29401E-1 1.90873E-1 2.21811E-1 1.67419E-1 2.6767E-1 1.59776E-1 1.2163E-1 1.55959E-1 1.82726E-1 1.70095E-1 2.38012E-1 1.91025E-1 3.13392E-1 2.14043E-1 2.34572E-1 5.88787E-1 4.91688E-1 3.35863E-1 2.3737E-1
3.40841E-1 3.75209E-1 4.12282E-1 3.32187E-1 2.6351E-1 2.43913E-1 2.70158E-1 5.49675E-1 5.73708E-1 2.95374E-1 2.47456E-1 2.66068E-1 3.8848E-1 2.02207E-1 2.28806E-1 5.31511E-1 2.33405E-1 2.96315E-1 1.67242E-1 2.71777E-1 2.21725E-1 3.15925E-1 7.01518E-1 6.59683E-1 4.73059E-1 2.36279E-1 2.43906E-1 2.04045E-1 6.4952E-1 4.04114E-1 2.45576E-1 3.44401E-1 2.52315E-1 2.20141E-1 2.34305E-1 3.09242E-1 4.80958E-1 4.61084E-1 3.03557E-1 3.18261E-1 4.62866E-1 2.57517E-1 2.0382E-1 1.87105E-1 1.68762E-1 2.03586E-1 1.99089E-1 2.28547E-1 1.89074E-1 1.46646E-1 1.36555E-1 1.61436E-1 1.65049E-1 1.54308E-1 1.55834E-1 1.55791E-1 1.77137E-1 2.49511E-1 2.46529E-1 2.25897E-1 2.3864E-1 2.56012E-1 3.69882E-1 5.32554E-1 2.90991E-1
3.13809E-1 3.07689E-1 3.65163E-1 3.33363E-1 2.76017E-1 2.75541E-1 2.7563E-1 7.37388E-1 2.48324E-1 2.94438E-1 2.35437E-1 2.81397E-1 3.02E-1 1.99366E-1 3.10229E-1 1.92587E-1 3.73094E-1 2.15147E-1 1.7316E-1 1.55552E-1 2.20408E-1 3.18737E-1 7.42405E-1 5.3972E-1 3.04313E-1 2.83605E-1 3.78772E-1 3.43575E-1 5.71134E-1 3.35867E-1 2.39589E-1 3.64364E-1 2.27754E-1 1.75991E-1 2.04282E-1 2.15487E-1 3.33364E-1 4.02512E-1 3.55395E-1 2.26957E-1 2.54923E-1 3.47388E-1 2.55418E-1 2.55954E-1 2.42655E-1 1.88929E-1 1.79886E-1 1.30694E-1 1.74139E-1 1.73032E-1 1.50887E-1 1.5895E-1 1.54615E-1 1.85082E-1 1.68823E-1 1.2547E-1 1.85156E-1 2.21877E-1 2.32629E-1 2.32128E-1 2.46286E-1 2.69082E-1 2.1771E-1 5.53633E-1 6.37987E-1
2.49355E-1 2.90675E-1 3.38218E-1 2.02799E-1 1.19694E-1 2.70991E-1 3.85572E-1 3.36061E-1 2.79715E-1 2.83437E-1 2.63527E-1 2.84268E-1 2.02313E-1 2.38205E-1 3.5438E-1 3.6279E-1 3.35146E-1 2.12046E-1 2.45231E-1 2.11502E-1 4.86245E-1 3.36315E-1 4.23057E-1 4.77506E-1 1.68578E-1 2.96508E-1 2.01932E-1 3.60582E-1 2.8482E-1 3.20443E-1 1.99606E-1 2.34646E-1 3.09268E-1 2.39606E-1 1.87869E-1 2.44711E-1 2.83233E-1 2.64997E-1 3.2785E-1 1.94083E-1 2.92592E-1 3.19404E-1 2.79724E-1 1.64836E-1 1.95045E-1 2.30922E-1 1.57791E-1 1.85291E-1 1.71037E-1 2.0624E-1 2.18475E-1 1.5548E-1 1.5487E-1 1.60904E-1 1.59058E-1 2.78228E-1 3.24978E-1 2.21128E-1 2.22693E-1 2.25895E-1 6.37313E-1 3.01663E-1 2.38224E-1 2.49799E-1 5.41963E-1
2.51028E-1 2.89093E-1 1.62165E-1 1.46917E-1 1.76871E-1 2.64766E-1 2.53508E-1 2.71433E-1 2.75836E-1 2.64965E-1 2.56745E-1 2.66389E-1 2.08549E-1 2.42776E-1 2.81281E-1 3.86349E-1 1.61822E-1 2.09027E-1 2.17811E-1 3.49371E-1 2.54731E-1 2.21732E-1 5.26354E-1 4.5077E-1 3.99002E-1 1.52385E-1 2.92534E-1 4.89272E-1 5.94197E-1 2.18768E-1 2.27895E-1 2.24969E-1 2.02826E-1 3.49004E-1 1.843E-1 1.86475E-1 3.05471E-1 1.99246E-1 3.513E-1 2.51312E-1 1.63608E-1 2.68661E-1 1.93607E-1 1.47122E-1 1.6111E-1 1.47692E-1 1.83488E-1 2.36401E-1 2.2145E-1 1.54914E-1 3.2395E-1 1.63531E-1 1.27451E-1 1.8657E-1 2.04382E-1 2.65218E-1 5.52165E-1 2.4844E-1 2.51395E-1 3.97725E-1 3.5924E-1 3.30864E-1 2.373E-1 3.5084E-1 4.79804E-1
2.54508E-1 2.49043E-1 1.25439E-1 1.24889E-1 3.75127E-1 3.03903E-1 2.22609E-1 1.98202E-1 2.71238E-1 2.17361E-1 2.62458E-1 3.84393E-1 2.46912E-1 3.82677E-1 6.29733E-1 5.27809E-1 2.45699E-1 2.14222E-1 3.32379E-1 3.20585E-1 1.55306E-1 2.08503E-1 3.65724E-1 3.71362E-1 3.71846E-1 1.33574E-1 1.61088E-1 2.2438E-1 4.89112E-1 5.46349E-1 3.5658E-1 1.96867E-1 1.89924E-1 2.40527E-1 2.33146E-1 1.94671E-1 1.84814E-1 1.87073E-1 2.34608E-1 2.98663E-1 2.01263E-1 1.91424E-1 5.19751E-1 2.2306E-1 1.67357E-1 1.22498E-1 1.41902E-1 1.4417E-1 2.01629E-1 2.17945E-1 3.06479E-1 2.10296E-1 1.82048E-1 2.0531E-1 3.92921E-1 3.01341E-1 2.25349E-1 3.48776E-1 2.44717E-1 2.69347E-1 2.39692E-1 2.60527E-1 4.53466E-1 3.34862E-1 5.22575E-1
2.64613E-1 2.58276E-1 1.8012E-1 1.43378E-1 1.6719E-1 2.35383E-1 2.3743E-1 2.04893E-1 2.77163E-1 2.59268E-1 2.87066E-1 4.7176E-1 2.51026E-1 2.5142E-1 7.44562E-1 4.94295E-1 2.58681E-1 2.19133E-1 2.14005E-1 2.64073E-1 1.85916E-1 1.16069E-1 2.82667E-1 5.60585E-1 3.47336E-1 1.3362E-1 1.6159E-1 2.72634E-1 2.76251E-1 5.69155E-1 4.52326E-1 3.14306E-1 2.97495E-1 1.99416E-1 2.33079E-1 1.83333E-1 1.95417E-1 2.38943E-1 2.28864E-1 3.39047E-1 1.89516E-1 3.05544E-1 4.1389E-1 3.15962E-1 2.26323E-1 1.24577E-1 1.19671E-1 1.56356E-1 1.93821E-1 1.45002E-1 1.20504E-1 3.28246E-1 3.13942E-1 1.83505E-1 5.41041E-1 1.99816E-1 2.18342E-1 3.16635E-1 2.25706E-1 2.93583E-1 2.41857E-1 2.32537E-1 4.0079E-1 2.92609E-1 4.23991E-1
2.89955E-1 2.74E-1 2.57938E-1 1.86426E-1 1.56797E-1 1.81746E-1 1.83042E-1 2.04493E-1 2.51554E-1 2.53342E-1 2.91626E-1 2.56845E-1 2.19223E-1 3.62634E-1 7.35073E-1 5.20974E-1 2.6356E-1 1.94994E-1 2.48925E-1 2.96538E-1 2.04496E-1 1.74454E-1 2.64179E-1 5.90047E-1 1.83252E-1 1.39646E-1 1.13476E-1 1.87558E-1 1.93557E-1 3.3687E-1 3.14673E-1 6.60462E-1 4.77558E-1 2.26849E-1 1.84229E-1 1.79519E-1 2.25954E-1 1.53664E-1 2.36166E-1 2.16424E-1 2.73127E-1 1.8859E-1 3.62843E-1 5.93406E-1 1.781E-1 1.28408E-1 1.27109E-1 1.1379E-1 1.10874E-1 1.9205E-1 1.6443E-1 1.93388E-1 1.17854E-1 2.45231E-1 4.07395E-1 2.61706E-1 2.04429E-1 1.95576E-1 2.01678E-1 2.3135E-1 2.25219E-1 2.32621E-1 3.56373E-1 5.8907E-1 4.62687E-1
4.76521E-1 3.19276E-1 2.65718E-1 2.58987E-1 1.60409E-1 1.24482E-1 1.92816E-1 2.57955E-1 2.45365E-1 2.00072E-1 2.08613E-1 2.21466E-1 4.42144E-1 6.4193E-1 3.2504E-1 4.52338E-1 2.78624E-1 2.14339E-1 2.19282E-1 2.94433E-1 2.10259E-1 3.07399E-1 2.64806E-1 4.33132E-1 1.37123E-1 3.01692E-1 1.63234E-1 1.22069E-1 2.36332E-1 3.04024E-1 5.21794E-1 3.56561E-1 4.17365E-1 2.56018E-1 1.8507E-1 1.70776E-1 2.26617E-1 1.88864E-1 1.75834E-1 1.85639E-1 1.82408E-1 2.06389E-1 2.20963E-1 3.13331E-1 4.70118E-1 1.80457E-1 2.21192E-1 1.2538E-1 1.13979E-1 1.76735E-1 1.12357E-1 1.75666E-1 2.3784E-1 2.96351E-1 3.31601E-1 1.70553E-1 1.49954E-1 1.36357E-1 1.37528E-1 1.37509E-1 1.32031E-1 2.24716E-1 4.74367E-1 5.33508E-1 4.25363E-1
6.20797E-1 6.002E-1 2.7594E-1 2.85865E-1 2.56345E-1 2.62267E-1 2.45986E-1 2.45515E-1 2.58019E-1 2.03369E-1 2.11381E-1 2.26151E-1 3.27301E-1 4.95794E-1 2.59153E-1 4.20275E-1 2.15417E-1 2.16617E-1 2.00991E-1 1.70166E-1 2.9755E-1 4.03018E-1 1.75708E-1 3.72935E-1 3.17077E-1 4.1432E-1 1.39543E-1 1.27499E-1 1.86086E-1 5.95847E-1 2.62005E-1 3.6083E-1 2.90729E-1 4.03214E-1 1.75323E-1 2.05989E-1 1.79007E-1 1.72603E-1 1.6629E-1 2.16572E-1 2.09978E-1 2.63971E-1 2.40539E-1 4.84326E-1 3.50422E-1 3.82219E-1 4.1764E-1 3.15723E-1 1.73546E-1 1.45753E-1 1.61196E-1 1.28426E-1 1.28421E-1 2.8302E-1 1.3948E-1 1.13737E-1 1.21748E-1 1.29787E-1 1.31219E-1 1.3927E-1 1.37425E-1 1.92106E-1 4.80545E-1 3.56737E-1 2.55143E-1
8.05668E-1 5.20068E-1 7.22666E-1 2.63978E-1 2.58874E-1 2.61935E-1 2.52211E-1 2.48936E-1 2.7143E-1 2.69346E-1 3.17163E-1 5.48283E-1 3.61333E-1 4.10963E-1 4.29361E-1 4.34113E-1 3.35897E-1 2.13602E-1 2.10299E-1 2.59038E-1 1.77851E-1 2.71194E-1 3.00424E-1 4.04892E-1 3.52473E-1 4.88591E-1 2.15922E-1 1.95928E-1 3.49313E-1 4.89203E-1 3.24267E-1 3.57141E-1 1.59594E-1 3.17401E-1 2.48349E-1 2.04984E-1 1.69224E-1 1.71603E-1 2.09116E-1 2.05513E-1 2.18354E-1 2.18152E-1 1.84376E-1 3.486E-1 1.90823E-1 5.16221E-1 1.20574E-1 2.02307E-1 1.1622E-1 1.91355E-1 2.02131E-1 1.87381E-1 1.82851E-1 3.99193E-1 1.28571E-1 1.38647E-1 1.38923E-1 1.29628E-1 1.32248E-1 1.40696E-1 1.63525E-1 1.53137E-1 2.88999E-1 4.22933E-1 4.8296E-1
5.16417E-1 7.24469E-1 4.60288E-1 2.78753E-1 2.96788E-1 2.59131E-1 2.59008E-1 2.59146E-1 2.70507E-1 3.77929E-1 2.16156E-1 2.80321E-1 5.87092E-1 2.92121E-1 3.68069E-1 4.61721E-1 1.64024E-1 2.14209E-1 1.7456E-1 3.8801E-1 2.29022E-1 1.79307E-1 2.14966E-1 5.07031E-1 3.71736E-1 3.60726E-1 2.02062E-1 1.69342E-1 3.20287E-1 3.31744E-1 4.68911E-1 5.39887E-1 1.92698E-1 3.01368E-1 3.05103E-1 2.46446E-1 1.96575E-1 1.79464E-1 2.0885E-1 1.68352E-1 1.71679E-1 1.75621E-1 1.77996E-1 2.87695E-1 1.87564E-1 2.38332E-1 1.22281E-1 1.24388E-1 1.43378E-1 1.18903E-1 1.55251E-1 2.84433E-1 4.27102E-1 3.63414E-1 2.62322E-1 2.20021E-1 1.34956E-1 1.63963E-1 1.39909E-1 1.33676E-1 1.38416E-1 1.95958E-1 2.1558E-1 2.64171E-1 2.66607E-1
5.4982E-1 3.85793E-1 4.4828E-1 3.27662E-1 2.66323E-1 2.65025E-1 2.52239E-1 2.54059E-1 2.9445E-1 4.82026E-1 6.14013E-1 4.72296E-1 3.64236E-1 2.91674E-1 2.20019E-1 2.96569E-1 1.8982E-1 2.16894E-1 2.06592E-1 3.51484E-1 1.82036E-1 2.11384E-1 2.69006E-1 3.32365E-1 3.23407E-1 2.55743E-1 2.04971E-1 2.29216E-1 3.4634E-1 4.03016E-1 2.88051E-1 3.47367E-1 3.49609E-1 3.50113E-1 3.10957E-1 1.98806E-1 1.73225E-1 1.64773E-1 1.63801E-1 1.77454E-1 1.7455E-1 2.08472E-1 1.7288E-1 1.80128E-1 2.59088E-1 2.51346E-1 3.51072E-1 2.68523E-1 1.73202E-1 1.42477E-1 1.90036E-1 1.9924E-1 4.28416E-1 2.38304E-1 3.45449E-1 2.28737E-1 1.83708E-1 1.51114E-1 1.31315E-1 2.01287E-1 2.94376E-1 2.8043E-1 1.92435E-1 1.72919E-1 2.18597E-1
4.39823E-1 5.2625E-1 3.45878E-1 6.24321E-1 2.87066E-1 2.6146E-1 2.58797E-1 2.53904E-1 2.56212E-1 2.55877E-1 2.83643E-1 2.53697E-1 2.48128E-1 3.39072E-1 2.39232E-1 4.70782E-1 4.60047E-1 2.198E-1 2.74628E-1 2.10535E-1 1.64016E-1 2.19443E-1 3.23541E-1 2.79901E-1 2.69028E-1 2.33157E-1 1.95444E-1 2.55994E-1 3.99098E-1 4.40982E-1 3.08515E-1 3.54532E-1 2.82559E-1 2.11078E-1 2.09186E-1 1.93666E-1 2.01192E-1 1.65861E-1 1.59703E-1 1.9086E-1 1.92306E-1 2.12008E-1 2.21204E-1 1.94602E-1 3.08351E-1 4.20971E-1 3.55599E-1 4.53499E-1 2.39303E-1 2.05511E-1 1.46317E-1 2.43285E-1 3.43606E-1 1.76482E-1 1.98961E-1 3.17361E-1 1.54485E-1 2.22693E-1 1.6447E-1 2.27828E-1 1.82381E-1 1.65755E-1 2.47716E-1 1.69437E-1 1.52202E-1
3.57418E-1 6.06171E-1 3.64169E-1 3.93625E-1 2.55038E-1 2.69008E-1 2.79467E-1 2.6099E-1 2.57615E-1 2.70874E-1 2.59574E-1 2.7042E-1 2.08069E-1 2.39206E-1 2.42497E-1 2.88242E-1 3.11106E-1 2.05493E-1 2.79069E-1 2.69414E-1 2.08699E-1 2.86937E-1 2.41462E-1 2.60784E-1 2.89262E-1 2.06426E-1 1.88393E-1 3.13433E-1 4.78216E-1 3.39651E-1 2.30859E-1 1.67758E-1 2.00103E-1 1.44697E-1 1.89428E-1 2.6744E-1 1.92849E-1 1.61905E-1 1.63298E-1 1.45474E-1 2.13667E-1 2.09554E-1 2.13071E-1 2.26E-1 1.83189E-1 1.84051E-1 3.59789E-1 1.79852E-1 4.01541E-1 1.91204E-1 2.77212E-1 1.82417E-1 2.7396E-1 1.76385E-1 1.73059E-1 1.80858E-1 1.64614E-1 2.10322E-1 2.82492E-1 1.74496E-1 1.29878E-1 1.27222E-1 1.7027E-1 2.01141E-1 1.7898E-1
3.30329E-1 5.68091E-1 3.25823E-1 2.76095E-1 2.61389E-1 2.66594E-1 2.6661E-1 2.62182E-1 2.55782E-1 2.58808E-1 2.52471E-1 2.56676E-1 1.75613E-1 1.31246E-1 1.66506E-1 2.40762E-1 2.25857E-1 2.15181E-1 2.5313E-1 2.60549E-1 2.49541E-1 2.47724E-1 2.96312E-1 4.41067E-1 3.85634E-1 2.53922E-1 3.18661E-1 3.54903E-1 3.40408E-1 2.18876E-1 3.67581E-1 2.12E-1 1.55591E-1 1.54803E-1 2.13429E-1 3.17289E-1 1.73672E-1 1.36397E-1 1.43604E-1 1.56722E-1 3.6349E-1 4.78961E-1 2.70351E-1 3.39487E-1 1.97796E-1 3.95938E-1 3.1368E-1 1.93458E-1 2.44773E-1 2.5449E-1 1.09951E-1 1.55154E-1 5.42601E-1 1.82143E-1 2.14383E-1 2.07911E-1 2.24325E-1 1.63757E-1 2.55356E-1 1.20025E-1 1.28065E-1 1.26513E-1 1.59026E-1 1.70511E-1 1.85514E-1
5.81414E-1 6.11235E-1 3.31663E-1 2.9025E-1 2.62948E-1 2.58882E-1 2.59657E-1 2.68502E-1 2.60077E-1 2.64047E-1 2.5893E-1 2.57695E-1 2.55013E-1 2.59426E-1 2.06548E-1 1.40132E-1 1.76538E-1 2.16262E-1 2.0023E-1 2.45151E-1 1.96925E-1 2.5945E-1 2.58749E-1 3.65177E-1 2.14772E-1 2.07708E-1 3.54918E-1 2.56588E-1 1.08516E-1 1.64841E-1 3.29534E-1 3.31415E-1 1.77836E-1 1.47536E-1 1.90549E-1 1.81999E-1 1.64598E-1 1.40306E-1 1.95408E-1 2.69521E-1 2.83978E-1 4.56428E-1 4.51705E-1 5.41546E-1 4.76934E-1 2.28693E-1 2.73495E-1 2.52406E-1 3.56758E-1 2.35447E-1 1.59065E-1 2.3022E-1 4.55129E-1 3.76503E-1 3.75306E-1 2.79575E-1 1.2828E-1 1.80759E-1 1.81875E-1 1.43397E-1 1.43308E-1 1.5423E-1 1.34328E-1 1.29503E-1 3.20997E-1
6.53186E-1 7.0479E-1 2.82476E-1 2.75563E-1 2.61869E-1 2.68003E-1 2.58263E-1 2.66756E-1 2.64681E-1 2.67224E-1 2.64221E-1 2.60406E-1 2.63256E-1 2.63641E-1 2.69902E-1 1.35595E-1 1.36438E-1 1.30139E-1 1.63777E-1 1.98816E-1 2.19228E-1 2.62264E-1 2.79117E-1 3.07021E-1 2.1215E-1 1.62016E-1 3.87182E-1 2.13785E-1 2.05507E-1 1.5372E-1 2.29527E-1 4.53482E-1 2.30367E-1 1.53696E-1 1.58172E-1 1.36809E-1 2.15002E-1 1.68666E-1 1.83145E-1 3.71035E-1 4.23471E-1 5.87703E-1 4.0994E-1 3.55325E-1 5.57072E-1 5.87328E-1 3.08342E-1 3.32613E-1 1.95009E-1 3.23061E-1 2.05911E-1 3.04909E-1 4.36781E-1 3.36365E-1 2.43708E-1 4.62362E-1 2.01467E-1 1.72357E-1 1.34587E-1 1.24302E-1 1.74486E-1 1.7003E-1 1.35892E-1 1.67693E-1 4.96173E-1
8.44526E-1 7.16488E-1 2.73743E-1 2.68112E-1 2.72983E-1 2.72129E-1 2.65215E-1 2.64375E-1 2.6478E-1 2.69421E-1 2.69163E-1 2.73598E-1 2.71546E-1 2.90128E-1 2.80201E-1 2.67781E-1 2.18318E-1 1.7202E-1 1.35657E-1 1.26666E-1 2.0894E-1 2.61292E-1 2.58882E-1 2.50089E-1 3.22443E-1 2.45535E-1 2.92914E-1 2.07241E-1 1.78645E-1 1.88071E-1 2.54759E-1 4.00478E-1 2.20793E-1 1.45335E-1 1.41511E-1 1.71154E-1 1.79111E-1 1.98018E-1 1.79716E-1 2.70564E-1 4.70611E-1 5.24209E-1 3.17669E-1 4.37302E-1 4.50908E-1 2.65091E-1 3.50204E-1 2.35231E-1 4.02737E-1 2.2807E-1 2.76848E-1 2.78946E-1 3.79916E-1 7.30321E-1 1.47941E-1 2.12516E-1 1.86788E-1 1.38642E-1 2.16335E-1 1.90043E-1 2.01081E-1 1.87573E-1 1.32161E-1 1.4092E-1 4.37912E-1
7.56833E-1 5.7383E-1 3.89816E-1 2.80978E-1 2.7648E-1 2.86219E-1 2.72955E-1 2.72639E-1 2.71593E-1 2.77835E-1 2.81297E-1 2.75354E-1 2.73317E-1 2.7629E-1 2.79743E-1 2.68847E-1 2.63455E-1 2.63292E-1 2.62914E-1 2.42415E-1 1.29659E-1 1.736E-1 2.13358E-1 2.25959E-1 3.2521E-1 2.35501E-1 2.52065E-1 3.42657E-1 1.2927E-1 2.30844E-1 2.38506E-1 3.69652E-1 1.51258E-1 1.43691E-1 1.38825E-1 1.36938E-1 1.69092E-1 2.14693E-1 2.13035E-1 3.66664E-1 3.4532E-1 4.70911E-1 2.14962E-1 3.12739E-1 4.48173E-1 5.08056E-1 1.75767E-1 1.88709E-1 2.96383E-1 2.22233E-1 1.86616E-1 2.4141E-1 4.3589E-1 5.9774E-1 1.56338E-1 1.66108E-1 1.70882E-1 1.19275E-1 2.14124E-1 1.88211E-1 2.22117E-1 1.97679E-1 1.22896E-1 1.18802E-1 2.96645E-1
4.96942E-1 2.92379E-1 4.52381E-1 3.03151E-1 2.84748E-1 3.79113E-1 2.87403E-1 2.71904E-1 2.86072E-1 2.7493E-1 2.75111E-1 2.76452E-1 2.78055E-1 2.9293E-1 2.74133E-1 2.66859E-1 2.65383E-1 2.65004E-1 2.70289E-1 2.58408E-1 2.50374E-1 1.97349E-1 1.7129E-1 1.19509E-1 1.69754E-1 1.95008E-1 1.75509E-1 1.26823E-1 2.19702E-1 2.23104E-1 2.2023E-1 3.58784E-1 3.13626E-1 1.54656E-1 1.37055E-1 1.66949E-1 1.56664E-1 2.1242E-1 3.22709E-1 2.72062E-1 2.37672E-1 3.81718E-1 2.54356E-1 3.39923E-1 6.52791E-1 2.97041E-1 1.6154E-1 1.72579E-1 2.71228E-1 2.84306E-1 1.96401E-1 3.6588E-1 3.38208E-1 6.65081E-1 2.93326E-1 2.62258E-1 1.99839E-1 1.70291E-1 2.17447E-1 2.0183E-1 2.05213E-1 1.96209E-1 1.24313E-1 1.25174E-1 3.63108E-1
1.54657E-1 1.87607E-1 1.95704E-1 2.64756E-1 3.54044E-1 3.33458E-1 2.9277E-1 2.81374E-1 2.93419E-1 2.87124E-1 2.82146E-1 2.83142E-1 2.73544E-1 2.80304E-1 2.62928E-1 2.71527E-1 2.70049E-1 2.68441E-1 2.78709E-1 2.54933E-1 2.52298E-1 2.41438E-1 2.39219E-1 1.22433E-1 1.13349E-1 1.22621E-1 1.15643E-1 2.00336E-1 1.28999E-1 1.53051E-1 1.86607E-1 2.15702E-1 2.25947E-1 1.46765E-1 1.34974E-1 1.81312E-1 1.875E-1 2.7608E-1 4.17685E-1 2.97452E-1 4.37452E-1 2.55339E-1 2.23098E-1 3.72598E-1 5.30001E-1 2.50919E-1 2.4605E-1 1.96358E-1 1.80003E-1 2.02637E-1 1.46291E-1 2.12829E-1 3.90916E-1 2.23333E-1 5.16205E-1 4.00704E-1 2.96993E-1 1.72738E-1 2.17509E-1 2.14786E-1 2.06422E-1 1.27029E-1 1.31273E-1 1.42535E-1 3.52963E-1
2.62967E-1 3.90015E-1 1.35306E-1 2.22739E-1 3.59455E-1 3.64765E-1 3.32385E-1 3.1248E-1 3.54719E-1 2.98363E-1 2.92796E-1 3.21369E-1 2.79742E-1 2.75124E-1 2.63459E-1 2.99019E-1 2.66829E-1 2.73868E-1 2.5515E-1 2.53723E-1 2.52233E-1 2.48721E-1 2.47477E-1 1.56816E-1 1.19234E-1 1.15004E-1 1.10561E-1 1.33472E-1 1.19629E-1 1.81196E-1 1.48896E-1 1.42222E-1 1.91853E-1 1.42776E-1 1.34765E-1 1.72071E-1 2.1124E-1 2.17322E-1 2.43251E-1 3.1012E-1 3.06476E-1 2.15052E-1 4.00862E-1 2.70775E-1 4.56125E-1 2.87166E-1 2.53002E-1 1.83395E-1 1.57511E-1 1.74145E-1 1.82501E-1 1.48864E-1 1.81379E-1 2.13869E-1 4.23653E-1 4.15326E-1 7.4923E-1 4.9353E-1 2.97294E-1 3.14505E-1 2.11011E-1 1.62012E-1 1.16809E-1 1.21325E-1 2.72586E-1
4.53837E-1 8.03776E-1 3.93436E-1 2.21748E-1 1.66626E-1 2.59253E-1 4.31085E-1 3.67174E-1 3.75797E-1 3.32992E-1 3.23012E-1 3.44078E-1 2.85262E-1 3.11187E-1 2.74724E-1 2.75542E-1 3.9998E-1 2.77764E-1 2.56896E-1 2.5334E-1 2.49162E-1 2.50322E-1 2.49606E-1 1.24312E-1 1.23038E-1 1.19385E-1 1.13155E-1 1.11707E-1 1.07202E-1 2.0712E-1 2.16574E-1 2.10779E-1 1.74477E-1 1.23125E-1 1.06016E-1 1.73926E-1 2.33066E-1 2.41189E-1 3.07846E-1 3.04083E-1 2.13746E-1 2.9563E-1 3.10488E-1 6.02298E-1 4.05888E-1 5.35578E-1 3.50133E-1 2.42893E-1 1.73165E-1 1.35557E-1 2.07733E-1 2.55483E-1 2.46132E-1 2.77182E-1 2.73266E-1 2.00452E-1 3.38992E-1 2.51816E-1 1.65431E-1 1.82934E-1 2.61708E-1 2.40369E-1 1.16561E-1 1.18806E-1 2.00023E-1
2.36054E-1 4.27677E-1 6.01412E-1 5.76331E-1 4.76635E-1 1.66533E-1 1.41956E-1 1.47551E-1 3.31119E-1 3.46538E-1 3.32176E-1 3.13969E-1 2.87419E-1 4.12846E-1 3.11087E-1 2.93455E-1 3.01362E-1 2.55084E-1 2.47946E-1 2.60158E-1 2.57827E-1 2.50328E-1 2.48063E-1 1.24399E-1 1.23926E-1 1.20659E-1 1.20116E-1 1.11622E-1 1.11633E-1 1.18572E-1 2.174E-1 2.13931E-1 2.06741E-1 1.51217E-1 1.35213E-1 1.46953E-1 2.19343E-1 2.14855E-1 2.58018E-1 2.10573E-1 2.40805E-1 3.88398E-1 4.24034E-1 5.54243E-1 5.85833E-1 5.11169E-1 4.83682E-1 1.83864E-1 1.5304E-1 1.36844E-1 1.97485E-1 2.63821E-1 3.89908E-1 4.42527E-1 4.40312E-1 2.15291E-1 4.24316E-1 3.79432E-1 3.32788E-1 1.53567E-1 1.64316E-1 2.32858E-1 1.90863E-1 1.75399E-1 2.05049E-1
2.49655E-1 3.15116E-1 3.90759E-1 3.94098E-1 7.14363E-1 5.25701E-1 2.5797E-1 7.18071E-1 6.04674E-1 8.13548E-1 4.0168E-1 5.93517E-1 4.37378E-1 2.9631E-1 3.05644E-1 5.53711E-1 3.73247E-1 2.95132E-1 2.5424E-1 2.51897E-1 2.51876E-1 2.53185E-1 2.4354E-1 1.65038E-1 1.2238E-1 1.25611E-1 1.15441E-1 1.18197E-1 1.13023E-1 1.12286E-1 2.20979E-1 2.17696E-1 2.07068E-1 1.6172E-1 1.39424E-1 1.45843E-1 2.12715E-1 2.99947E-1 2.0581E-1 3.11729E-1 4.33524E-1 3.47515E-1 4.39391E-1 5.20696E-1 5.69282E-1 3.86083E-1 3.01089E-1 2.86342E-1 1.88061E-1 1.76598E-1 1.68602E-1 2.36591E-1 2.93131E-1 2.47428E-1 3.06573E-1 2.04752E-1 3.71025E-1 5.24304E-1 4.15071E-1 2.39764E-1 1.98943E-1 1.4105E-1 1.84677E-1 1.29626E-1 1.79909E-1
1.78426E-1 2.48131E-1 2.71558E-1 2.67961E-1 3.3042E-1 5.70061E-1 6.92942E-1 6.93956E-1 5.2611E-1 3.21754E-1 5.25299E-1 8.37001E-1 7.81942E-1 6.79451E-1 3.70641E-1 3.37E-1 2.94435E-1 2.72391E-1 2.62659E-1 2.5285E-1 2.45954E-1 2.43447E-1 1.87943E-1 1.56832E-1 1.2043E-1 1.20366E-1 1.17547E-1 1.54622E-1 1.1729E-1 1.46918E-1 2.19582E-1 2.10172E-1 1.64089E-1 1.40286E-1 1.44628E-1 2.12506E-1 2.17532E-1 2.14759E-1 2.0923E-1 2.5624E-1 2.49759E-1 2.91335E-1 6.25095E-1 3.26023E-1 6.24056E-1 3.14502E-1 2.24137E-1 3.85427E-1 1.72612E-1 1.75824E-1 1.96799E-1 2.01863E-1 1.72366E-1 1.40891E-1 2.93946E-1 2.00089E-1 1.89107E-1 3.51011E-1 2.32314E-1 4.31216E-1 3.91012E-1 1.48399E-1 1.91323E-1 1.42047E-1 1.7973E-1
1.62569E-1 1.59225E-1 1.23975E-1 1.22094E-1 2.03689E-1 5.09521E-1 2.79021E-1 5.29365E-1 3.32485E-1 2.23822E-1 2.46183E-1 5.94204E-1 6.82675E-1 3.47967E-1 4.25803E-1 6.11864E-1 3.2429E-1 2.72576E-1 2.78041E-1 2.50586E-1 2.519E-1 2.45055E-1 2.36253E-1 1.91084E-1 1.89093E-1 1.948E-1 2.31368E-1 2.28237E-1 1.88849E-1 1.82097E-1 2.22349E-1 1.76987E-1 1.37828E-1 1.03612E-1 1.43827E-1 2.67437E-1 2.27494E-1 2.87514E-1 2.1254E-1 3.02803E-1 4.27776E-1 4.14344E-1 3.71125E-1 3.00023E-1 5.0619E-1 3.76627E-1 5.40555E-1 2.60637E-1 1.79346E-1 2.26527E-1 2.20577E-1 1.88031E-1 1.72722E-1 1.47538E-1 1.96321E-1 1.63792E-1 1.90114E-1 1.88633E-1 2.0997E-1 3.62161E-1 1.25828E-1 2.01813E-1 1.75332E-1 1.06804E-1 2.06229E-1
2.59978E-1 2.49489E-1 1.66553E-1 1.83204E-1 1.52445E-1 3.40864E-1 1.45973E-1 1.49203E-1 1.9432E-1 3.92612E-1 1.51262E-1 1.37403E-1 1.95711E-1 2.36516E-1 4.08348E-1 3.22547E-1 3.00899E-1 3.01973E-1 2.65189E-1 2.58003E-1 1.22667E-1 2.39721E-1 2.46185E-1 2.3959E-1 2.42564E-1 2.3396E-1 2.38468E-1 2.29421E-1 2.2599E-1 2.34504E-1 2.25563E-1 1.78959E-1 1.44344E-1 1.31007E-1 1.49588E-1 2.21396E-1 3.2498E-1 2.30079E-1 2.82043E-1 2.22467E-1 5.67726E-1 4.88832E-1 2.67708E-1 2.74965E-1 4.54148E-1 6.73878E-1 5.21709E-1 3.79364E-1 3.84983E-1 1.71894E-1 2.26676E-1 2.22299E-1 2.0818E-1 1.64954E-1 1.79482E-1 1.7354E-1 1.89068E-1 1.08479E-1 2.88195E-1 2.78425E-1 4.51387E-1 1.79983E-1 1.25634E-1 1.47787E-1 1.46108E-1
