layers/old_layers/suit_ele.asc
ncols         638
nrows         825
xllcorner     -2985163.8955
yllcorner     -3022031.214
cellsize      10000.0
NODATA_value  -9999
[rows 377 to 405 of 825, columns 325 to 389 of 638]
7.63315E-1 7.44233E-1 7.18175E-1 7.03856E-1 6.75856E-1 6.34861E-1 6.09092E-1 6.68164E-1 6.68048E-1 6.70013E-1 6.70045E-1 6.70787E-1 6.62483E-1 6.4927E-1 6.29976E-1 6.23554E-1 6.27904E-1 6.34569E-1 6.39133E-1 6.44819E-1 5.65116E-1 4.03275E-1 4.79149E-1 6.48715E-1 5.82388E-1 4.50919E-1 4.2035E-1 4.23681E-1 4.3E-1 4.42893E-1 4.62895E-1 5.3217E-1 4.89159E-1 4.52895E-1 4.19389E-1 4.36413E-1 4.24834E-1 4.17241E-1 4.19275E-1 4.26325E-1 4.31294E-1 4.35127E-1 4.35027E-1 4.18282E-1 3.75831E-1 3.74536E-1 3.86127E-1 4.67236E-1 4.52871E-1 4.50422E-1 4.29286E-1 4.00074E-1 3.81807E-1 4.06718E-1 3.97081E-1 4.17009E-1 4.21934E-1 4.00366E-1 3.94983E-1 4.29303E-1 4.51272E-1 4.88857E-1 5.13096E-1 5.01438E-1 5.10583E-1
6.3086E-1 5.7287E-1 5.60916E-1 6.02568E-1 6.52503E-1 6.27022E-1 6.10715E-1 6.00874E-1 5.97149E-1 6.63298E-1 6.74844E-1 6.92438E-1 6.82656E-1 6.72918E-1 6.47962E-1 5.77834E-1 5.90508E-1 6.50664E-1 5.95114E-1 6.4216E-1 5.19773E-1 3.90875E-1 4.90706E-1 5.56071E-1 5.3365E-1 4.44986E-1 4.36878E-1 4.31489E-1 4.31625E-1 4.16345E-1 4.28273E-1 4.53077E-1 4.59998E-1 4.16293E-1 4.15315E-1 4.47816E-1 4.305E-1 4.24024E-1 4.13665E-1 4.14693E-1 4.26233E-1 4.26162E-1 4.24664E-1 4.20388E-1 4.28318E-1 4.34746E-1 3.8727E-1 4.40991E-1 4.77683E-1 4.64577E-1 4.43917E-1 4.19933E-1 4.26916E-1 4.2998E-1 3.76373E-1 3.67154E-1 4.03932E-1 4.32008E-1 4.37337E-1 4.5175E-1 4.59934E-1 4.5148E-1 4.78752E-1 5.10988E-1 5.22644E-1
5.73839E-1 5.59023E-1 5.57174E-1 5.55615E-1 6.05641E-1 6.28003E-1 6.25643E-1 6.07956E-1 5.94818E-1 6.5734E-1 6.14514E-1 6.35445E-1 6.2887E-1 6.13248E-1 5.89355E-1 5.85749E-1 6.52618E-1 6.57023E-1 5.97861E-1 6.69915E-1 4.83854E-1 4.61564E-1 5.03113E-1 4.75492E-1 4.25619E-1 4.80358E-1 4.81923E-1 4.60578E-1 5.07583E-1 4.55369E-1 4.28857E-1 4.19727E-1 4.43834E-1 4.19488E-1 4.31657E-1 4.38653E-1 4.40154E-1 4.33864E-1 4.12885E-1 4.01095E-1 4.17196E-1 4.14937E-1 4.16743E-1 4.12392E-1 4.33159E-1 4.57534E-1 4.89166E-1 4.94678E-1 4.9035E-1 4.70934E-1 4.80999E-1 4.64056E-1 4.4711E-1 4.11055E-1 3.90639E-1 3.84903E-1 4.11814E-1 4.35856E-1 4.5938E-1 4.65604E-1 4.7915E-1 4.63179E-1 4.69764E-1 5.15963E-1 5.25731E-1
5.67638E-1 5.61198E-1 6.19274E-1 5.57258E-1 5.9679E-1 6.19882E-1 6.22769E-1 6.14783E-1 6.63633E-1 5.87973E-1 6.16868E-1 6.2159E-1 6.11146E-1 6.00219E-1 5.88913E-1 5.92203E-1 6.0442E-1 6.08271E-1 6.54712E-1 5.74803E-1 4.53805E-1 4.8388E-1 4.73234E-1 4.79316E-1 4.59658E-1 4.84077E-1 5.05828E-1 5.08154E-1 4.41573E-1 4.433E-1 4.51334E-1 4.39397E-1 4.43524E-1 4.28941E-1 4.42018E-1 4.53085E-1 4.35152E-1 4.34001E-1 4.20626E-1 4.05179E-1 4.18299E-1 4.3399E-1 4.26042E-1 4.25597E-1 4.56328E-1 4.64347E-1 4.82926E-1 4.73472E-1 5.00844E-1 5.03705E-1 4.79016E-1 4.8183E-1 4.23896E-1 3.92688E-1 3.82829E-1 4.04301E-1 4.23066E-1 4.27325E-1 4.60346E-1 4.67667E-1 4.64599E-1 4.72828E-1 4.84181E-1 5.14123E-1 4.93268E-1
5.79448E-1 6.07485E-1 5.83271E-1 5.70265E-1 5.98398E-1 5.87456E-1 6.04606E-1 5.96654E-1 6.475E-1 5.70823E-1 5.96354E-1 5.96461E-1 5.84624E-1 5.84004E-1 6.46738E-1 6.52719E-1 6.06683E-1 6.74707E-1 6.28775E-1 4.86732E-1 5.01081E-1 4.92427E-1 4.63579E-1 4.77414E-1 5.13228E-1 5.4107E-1 5.39681E-1 5.19925E-1 5.18768E-1 4.35538E-1 4.62152E-1 4.59315E-1 4.61276E-1 4.33842E-1 4.36259E-1 4.52962E-1 4.43232E-1 4.28944E-1 4.38815E-1 4.22199E-1 4.25E-1 4.61024E-1 4.37753E-1 4.22353E-1 4.46154E-1 4.54689E-1 4.41827E-1 4.416E-1 4.56284E-1 4.93119E-1 4.92012E-1 4.38959E-1 4.16518E-1 3.97596E-1 3.69613E-1 3.99483E-1 4.22233E-1 4.16494E-1 4.34195E-1 4.63671E-1 4.55303E-1 4.73847E-1 5.04643E-1 4.95293E-1 4.51079E-1
6.22489E-1 5.62215E-1 4.9792E-1 4.93517E-1 5.67958E-1 6.01234E-1 5.99813E-1 6.06516E-1 6.01586E-1 5.9999E-1 6.23556E-1 6.28034E-1 5.68149E-1 5.70374E-1 5.72664E-1 6.44325E-1 6.54879E-1 6.31491E-1 5.90168E-1 4.90828E-1 5.53513E-1 4.92184E-1 4.64582E-1 4.99709E-1 5.51647E-1 5.56976E-1 5.37473E-1 5.11399E-1 4.50885E-1 4.36284E-1 4.60132E-1 4.62218E-1 4.63886E-1 4.39955E-1 4.23679E-1 4.56648E-1 4.39005E-1 4.35238E-1 4.41698E-1 4.53845E-1 4.52216E-1 4.76267E-1 4.60223E-1 4.3562E-1 4.27622E-1 4.12807E-1 4.33847E-1 4.33024E-1 4.33909E-1 4.50873E-1 4.89574E-1 4.58707E-1 4.39705E-1 4.17417E-1 3.8667E-1 3.90603E-1 4.06519E-1 4.1809E-1 4.18823E-1 4.50335E-1 4.58476E-1 4.66173E-1 4.97528E-1 4.64289E-1 4.29185E-1
6.02082E-1 5.15398E-1 3.9941E-1 4.44618E-1 4.99993E-1 5.9852E-1 5.359E-1 5.49797E-1 6.12905E-1 5.94709E-1 6.16931E-1 6.21159E-1 5.71035E-1 5.8016E-1 6.41264E-1 6.40252E-1 6.38424E-1 5.83733E-1 5.5357E-1 5.64295E-1 5.44227E-1 4.72609E-1 4.5408E-1 5.48678E-1 5.48621E-1 5.32268E-1 5.33698E-1 4.72791E-1 4.41445E-1 4.4077E-1 4.72519E-1 4.6244E-1 4.60259E-1 4.4486E-1 4.22203E-1 4.46684E-1 4.46748E-1 4.38544E-1 4.34215E-1 4.67053E-1 4.91619E-1 4.84906E-1 4.587E-1 4.5703E-1 4.38521E-1 4.19825E-1 4.07193E-1 4.18262E-1 4.46258E-1 4.68079E-1 4.75927E-1 4.97633E-1 4.6196E-1 4.41647E-1 4.18541E-1 3.92581E-1 4.01782E-1 4.33897E-1 4.26599E-1 4.3072E-1 4.35543E-1 4.44043E-1 4.90781E-1 4.69045E-1 4.523E-1
6.19806E-1 5.81059E-1 4.17361E-1 3.95659E-1 4.34598E-1 5.65392E-1 5.40947E-1 6.09009E-1 6.13478E-1 5.97689E-1 6.05496E-1 6.17321E-1 6.29478E-1 6.38048E-1 6.46221E-1 6.37732E-1 6.14418E-1 5.64712E-1 5.8942E-1 5.90238E-1 7.71106E-1 5.42974E-1 5.27755E-1 5.77756E-1 5.48745E-1 5.6587E-1 5.25681E-1 4.94921E-1 4.40892E-1 4.59968E-1 4.78077E-1 4.63082E-1 4.58748E-1 4.46292E-1 4.24239E-1 4.27594E-1 4.50999E-1 4.3982E-1 4.61048E-1 4.84807E-1 5.16542E-1 5E-1 4.64987E-1 4.78245E-1 4.62221E-1 4.37934E-1 4.23044E-1 4.274E-1 4.22705E-1 4.40465E-1 4.97533E-1 4.97641E-1 4.85036E-1 4.63007E-1 4.00817E-1 4.05663E-1 4.23776E-1 4.3036E-1 4.44466E-1 4.25613E-1 4.3286E-1 4.49427E-1 4.83748E-1 4.85329E-1 4.81189E-1
6.27679E-1 5.98804E-1 5.15508E-1 4.23202E-1 4.10195E-1 5.09559E-1 5.89433E-1 6.06541E-1 6.16701E-1 5.93436E-1 5.85209E-1 6.03414E-1 6.20234E-1 6.3869E-1 6.45229E-1 6.22224E-1 5.58843E-1 5.61803E-1 6.08886E-1 5.75224E-1 5.24504E-1 5.35302E-1 5.71546E-1 5.83416E-1 5.64661E-1 5.26151E-1 4.48506E-1 4.38967E-1 4.47942E-1 4.70627E-1 4.65461E-1 4.71521E-1 4.61034E-1 4.5526E-1 4.39396E-1 4.22694E-1 4.34885E-1 4.40774E-1 4.45397E-1 4.71512E-1 5.05089E-1 5.13462E-1 5.02498E-1 4.92488E-1 4.58158E-1 4.35288E-1 4.41222E-1 4.47982E-1 4.51394E-1 4.74289E-1 4.99916E-1 5.21734E-1 4.84158E-1 4.52555E-1 4.09434E-1 4.35588E-1 4.54448E-1 4.37923E-1 4.64067E-1 4.50773E-1 4.57157E-1 4.57893E-1 4.89532E-1 4.90746E-1 4.88576E-1
5.753E-1 5.89608E-1 5.42198E-1 3.91219E-1 4.26877E-1 5.22946E-1 5.93294E-1 6.16124E-1 6.17609E-1 5.93191E-1 5.58738E-1 5.72404E-1 6.09093E-1 6.4055E-1 6.39284E-1 5.82837E-1 5.00728E-1 5.40007E-1 5.87956E-1 5.82251E-1 5.66735E-1 5.51914E-1 5.44247E-1 5.72075E-1 5.56054E-1 4.83966E-1 4.57375E-1 4.53289E-1 4.60726E-1 4.79897E-1 4.67082E-1 4.75239E-1 4.59889E-1 4.53032E-1 4.425E-1 4.2103E-1 4.22312E-1 4.31196E-1 4.33531E-1 4.30703E-1 4.58785E-1 5.06533E-1 5.20313E-1 4.71433E-1 4.70424E-1 4.34364E-1 4.34159E-1 4.69287E-1 4.64329E-1 4.78542E-1 4.86515E-1 5.0841E-1 4.99521E-1 4.7586E-1 4.31201E-1 4.54686E-1 4.773E-1 4.53265E-1 4.57933E-1 4.51905E-1 4.69474E-1 4.71679E-1 4.99847E-1 4.72492E-1 4.544E-1
6.32618E-1 5.90294E-1 5.33599E-1 4.14403E-1 4.53506E-1 5.46069E-1 5.85762E-1 6.07449E-1 6.12452E-1 6.0322E-1 5.60332E-1 5.45668E-1 5.96443E-1 6.33798E-1 6.2643E-1 5.54609E-1 4.72922E-1 4.74323E-1 5.57382E-1 6.00418E-1 5.7266E-1 5.52828E-1 5.41037E-1 5.45337E-1 5.16545E-1 4.52234E-1 4.92995E-1 4.82736E-1 4.85259E-1 4.75225E-1 4.71617E-1 4.64688E-1 4.67489E-1 4.37402E-1 4.69408E-1 4.30677E-1 4.31843E-1 4.30432E-1 4.396E-1 4.44802E-1 4.58602E-1 5.02982E-1 5.23476E-1 4.67628E-1 4.80506E-1 4.41116E-1 4.26436E-1 4.50001E-1 4.80935E-1 4.87598E-1 5.04008E-1 5.32447E-1 5.1898E-1 4.91499E-1 4.54751E-1 4.49014E-1 4.58058E-1 4.8921E-1 4.62965E-1 4.6614E-1 4.79734E-1 4.91432E-1 4.96462E-1 4.50488E-1 4.34713E-1
6.22993E-1 5.99539E-1 5.60338E-1 4.67919E-1 4.92243E-1 5.56496E-1 5.26953E-1 5.87341E-1 6.19714E-1 6.00137E-1 5.49289E-1 5.40812E-1 5.78319E-1 6.1378E-1 6.22086E-1 5.87647E-1 5.03459E-1 4.68913E-1 5.61235E-1 6.03678E-1 5.76943E-1 5.65074E-1 5.64024E-1 5.24188E-1 4.69513E-1 4.60883E-1 4.66721E-1 4.96409E-1 4.85578E-1 4.86373E-1 4.6598E-1 4.63301E-1 4.59493E-1 4.41478E-1 4.38277E-1 4.40877E-1 4.28821E-1 4.20583E-1 4.44628E-1 4.62388E-1 4.98307E-1 5.16463E-1 5.33096E-1 5.1358E-1 4.8387E-1 4.57568E-1 4.54026E-1 4.47371E-1 4.71043E-1 4.88951E-1 5.02335E-1 5.32325E-1 5.27122E-1 4.89804E-1 4.6153E-1 4.81422E-1 4.86532E-1 4.9602E-1 4.90313E-1 5.00414E-1 5.08809E-1 5.08596E-1 4.90327E-1 4.62748E-1 4.27499E-1
6.01339E-1 6.02691E-1 5.77245E-1 5.28848E-1 4.49473E-1 5.0352E-1 4.96388E-1 5.60423E-1 6.15458E-1 6.147E-1 5.8786E-1 5.75512E-1 5.78953E-1 6.10871E-1 6.1838E-1 6.03389E-1 5.54169E-1 5.54374E-1 5.76572E-1 5.67305E-1 5.82071E-1 5.82199E-1 5.68375E-1 5.12074E-1 4.45966E-1 4.57641E-1 4.59625E-1 4.87755E-1 4.95824E-1 4.84024E-1 4.69005E-1 4.63174E-1 4.43845E-1 4.35944E-1 4.48607E-1 4.60813E-1 4.34916E-1 4.38309E-1 4.43519E-1 4.34355E-1 4.68022E-1 4.99165E-1 4.99441E-1 5.36328E-1 5.04212E-1 4.69625E-1 4.7918E-1 4.59105E-1 4.59866E-1 4.63549E-1 4.83234E-1 5.17458E-1 5.23228E-1 4.82537E-1 4.67169E-1 4.82492E-1 5.08083E-1 5.05528E-1 5.18345E-1 5.12412E-1 5.02643E-1 4.96372E-1 4.72811E-1 4.54337E-1 4.39894E-1
6.01182E-1 5.93253E-1 5.24575E-1 4.69638E-1 5.15426E-1 4.48319E-1 4.58043E-1 5.58382E-1 6.05399E-1 5.96818E-1 6.21522E-1 6.08598E-1 5.86024E-1 5.97222E-1 6.13773E-1 5.82001E-1 6.31047E-1 5.73293E-1 5.65867E-1 5.45519E-1 5.65699E-1 5.84255E-1 5.69128E-1 5.1889E-1 4.45454E-1 4.65981E-1 4.63104E-1 4.70292E-1 4.93614E-1 4.88359E-1 4.74278E-1 4.73956E-1 4.5086E-1 4.45069E-1 4.51812E-1 4.68218E-1 4.56105E-1 4.52884E-1 4.30059E-1 4.38749E-1 4.4289E-1 4.59507E-1 4.7674E-1 4.83458E-1 5.23227E-1 4.90216E-1 4.80793E-1 4.84174E-1 4.76112E-1 4.6221E-1 4.6796E-1 4.7834E-1 5.05843E-1 5.19435E-1 4.8033E-1 4.78166E-1 4.94444E-1 5.14787E-1 5.31883E-1 4.9615E-1 4.84534E-1 4.73177E-1 4.49926E-1 4.39107E-1 4.3098E-1
5.85576E-1 5.71205E-1 5.27844E-1 4.81517E-1 4.67309E-1 4.59653E-1 4.53625E-1 5.28118E-1 5.46501E-1 5.53195E-1 6.05695E-1 6.10017E-1 5.92436E-1 5.82013E-1 6.00213E-1 5.65101E-1 5.21552E-1 5.41943E-1 5.42872E-1 5.54853E-1 5.59507E-1 5.80033E-1 5.54457E-1 5.2276E-1 4.46949E-1 4.68486E-1 4.62449E-1 4.58837E-1 4.85706E-1 4.89533E-1 4.77479E-1 4.71013E-1 4.86527E-1 4.47069E-1 4.51509E-1 4.56735E-1 4.79332E-1 4.57235E-1 4.37283E-1 4.44572E-1 4.40055E-1 4.33302E-1 4.52068E-1 4.70793E-1 5.0587E-1 5.18085E-1 4.95896E-1 4.88803E-1 4.85682E-1 4.60981E-1 4.56499E-1 4.75167E-1 4.63643E-1 5.10938E-1 4.86156E-1 4.82774E-1 5.11667E-1 5.2917E-1 4.94022E-1 4.61917E-1 4.68958E-1 4.90738E-1 4.59738E-1 4.57319E-1 4.43646E-1
6.16733E-1 5.92624E-1 5.50489E-1 4.58889E-1 4.88899E-1 4.84506E-1 4.66655E-1 4.79458E-1 4.71352E-1 4.98101E-1 5.48769E-1 6.04105E-1 6.21075E-1 5.85792E-1 5.9227E-1 5.69727E-1 5.14985E-1 5.29542E-1 5.24281E-1 5.37769E-1 5.47655E-1 5.56595E-1 5.52433E-1 5.15677E-1 4.66235E-1 4.78722E-1 4.63532E-1 4.58792E-1 4.745E-1 4.86068E-1 4.86508E-1 4.79258E-1 4.7159E-1 4.51786E-1 4.49774E-1 4.57853E-1 4.8449E-1 5.0588E-1 4.71489E-1 4.63874E-1 4.49847E-1 4.46738E-1 4.38411E-1 4.73706E-1 5.00244E-1 5.16701E-1 5.22919E-1 4.96167E-1 4.99611E-1 4.66093E-1 4.61817E-1 4.77579E-1 4.86053E-1 4.9619E-1 5.06152E-1 4.89197E-1 5.32314E-1 5.09446E-1 4.82658E-1 4.87746E-1 4.86852E-1 4.73024E-1 4.52327E-1 4.43964E-1 4.40819E-1
5.98152E-1 5.93601E-1 5.58402E-1 4.91965E-1 4.9513E-1 4.92519E-1 5.23896E-1 5.01504E-1 4.98602E-1 5.38713E-1 5.55483E-1 6.00126E-1 6.0982E-1 5.79896E-1 5.5437E-1 5.56679E-1 5.3634E-1 5.10207E-1 5.03628E-1 4.97257E-1 5.29273E-1 5.3361E-1 5.22638E-1 4.642E-1 4.90811E-1 4.86342E-1 4.72052E-1 4.60676E-1 4.77416E-1 4.88151E-1 4.93589E-1 4.87509E-1 4.72609E-1 4.61331E-1 4.59839E-1 4.56832E-1 4.55306E-1 5.03316E-1 4.96545E-1 4.61382E-1 4.76395E-1 4.67975E-1 4.47911E-1 4.7991E-1 4.88312E-1 5.03014E-1 5.32219E-1 5.12548E-1 5.12362E-1 4.8602E-1 4.66696E-1 4.653E-1 4.7449E-1 4.8089E-1 4.87124E-1 5.09277E-1 5.11016E-1 4.76327E-1 4.92824E-1 5.02152E-1 4.82758E-1 4.83046E-1 4.6069E-1 4.46981E-1 4.2895E-1
4.83322E-1 5.80462E-1 5.64787E-1 4.97705E-1 4.69384E-1 4.8299E-1 5.43002E-1 5.22507E-1 5.15176E-1 5.45544E-1 5.84258E-1 5.94795E-1 6.12196E-1 5.85395E-1 5.26431E-1 5.20565E-1 5.49363E-1 5.00418E-1 4.61175E-1 4.8498E-1 4.95263E-1 4.9537E-1 4.79393E-1 4.61138E-1 4.78351E-1 4.94212E-1 4.82825E-1 4.63184E-1 4.73742E-1 4.86486E-1 4.77487E-1 4.82274E-1 4.70354E-1 4.57158E-1 4.69247E-1 4.64348E-1 4.66706E-1 4.8059E-1 5.24051E-1 5.13914E-1 4.76712E-1 4.44103E-1 4.47035E-1 4.4319E-1 4.6768E-1 4.78927E-1 5.18629E-1 5.04796E-1 5.09851E-1 4.91335E-1 4.72847E-1 4.60696E-1 4.59644E-1 4.52277E-1 4.65557E-1 5.11098E-1 5.09116E-1 4.50168E-1 4.46676E-1 4.51354E-1 4.2865E-1 4.64648E-1 4.72458E-1 4.63637E-1 4.45532E-1
4.92419E-1 4.95886E-1 5.49954E-1 5.11091E-1 4.4423E-1 4.92134E-1 5.44723E-1 5.73664E-1 5.23831E-1 5.64166E-1 5.82777E-1 5.76404E-1 5.9017E-1 6.05203E-1 5.40832E-1 5.17078E-1 5.22651E-1 4.60377E-1 4.68741E-1 4.78898E-1 4.90368E-1 4.95441E-1 4.88554E-1 4.75276E-1 4.83059E-1 4.90655E-1 4.82507E-1 4.90125E-1 4.76704E-1 4.7913E-1 4.76375E-1 4.79511E-1 4.77392E-1 4.706E-1 4.62483E-1 4.68536E-1 4.72455E-1 4.95633E-1 4.77016E-1 5.372E-1 5.01078E-1 4.9149E-1 4.58749E-1 4.46522E-1 4.4693E-1 4.58131E-1 4.88379E-1 4.96598E-1 4.9898E-1 4.91532E-1 4.86029E-1 4.71461E-1 4.55031E-1 4.61449E-1 4.8429E-1 5.44649E-1 5.06516E-1 4.55238E-1 4.32973E-1 4.28226E-1 4.17834E-1 4.34462E-1 4.53497E-1 4.6446E-1 4.64587E-1
5.70594E-1 5.37723E-1 5.19541E-1 4.96855E-1 4.69731E-1 5.05711E-1 5.41173E-1 5.57536E-1 5.33264E-1 5.60792E-1 5.84167E-1 5.70324E-1 5.53541E-1 5.6639E-1 5.63068E-1 5.33217E-1 5.05447E-1 5.32281E-1 4.71614E-1 4.74258E-1 4.94259E-1 5.09678E-1 5.00571E-1 4.92922E-1 4.76446E-1 4.71849E-1 4.96406E-1 4.96139E-1 4.93842E-1 4.73389E-1 4.83363E-1 4.80033E-1 4.78821E-1 4.84491E-1 4.77074E-1 4.77793E-1 4.66672E-1 4.63078E-1 4.73652E-1 4.64913E-1 5.28364E-1 4.84837E-1 4.79522E-1 4.54814E-1 4.48898E-1 4.58366E-1 4.56432E-1 4.79908E-1 4.81509E-1 4.92587E-1 4.98023E-1 4.90874E-1 4.70083E-1 4.60158E-1 5.18648E-1 5.41984E-1 5.09412E-1 4.84412E-1 4.4431E-1 4.06373E-1 3.95461E-1 4.13812E-1 4.3853E-1 4.43063E-1 4.49484E-1
5.43479E-1 5.7013E-1 5.26433E-1 4.72334E-1 4.74004E-1 5.18954E-1 5.48657E-1 5.6122E-1 5.15299E-1 5.51758E-1 5.7992E-1 5.46682E-1 5.10706E-1 5.27261E-1 5.72533E-1 5.26447E-1 4.28416E-1 5.0739E-1 5.07746E-1 5.05524E-1 5.02822E-1 5.25967E-1 5.06021E-1 5.06033E-1 4.97037E-1 4.70039E-1 4.85574E-1 5.05994E-1 5.04837E-1 4.9307E-1 4.82226E-1 5.03419E-1 4.86569E-1 4.83809E-1 4.81999E-1 4.83521E-1 4.69793E-1 4.74561E-1 4.64899E-1 4.77083E-1 5.2082E-1 5.14916E-1 4.69744E-1 4.58512E-1 4.56701E-1 4.79892E-1 4.68796E-1 4.7027E-1 4.73084E-1 4.66239E-1 4.93175E-1 4.82409E-1 4.75934E-1 4.95449E-1 5.39768E-1 5.13758E-1 4.76096E-1 4.52464E-1 4.41118E-1 4.0933E-1 4.00654E-1 4.26198E-1 4.18863E-1 4.26133E-1 4.28333E-1
4.82323E-1 4.96981E-1 6.13279E-1 5.50795E-1 4.86179E-1 5.43959E-1 5.53169E-1 5.29325E-1 5.17702E-1 5.53372E-1 5.78618E-1 5.25103E-1 5.18404E-1 5.47905E-1 5.63555E-1 4.93905E-1 5.24051E-1 5.20912E-1 5.27851E-1 5.06483E-1 4.9486E-1 5.24357E-1 5.24888E-1 5.13151E-1 5.11065E-1 4.85328E-1 4.72042E-1 5.09259E-1 5.15356E-1 5.11795E-1 4.93223E-1 5.02346E-1 5.01719E-1 4.94022E-1 4.96851E-1 4.95675E-1 4.81572E-1 4.71892E-1 4.70904E-1 4.61902E-1 4.84029E-1 5.27615E-1 5.03713E-1 4.66245E-1 4.62176E-1 4.68168E-1 4.90168E-1 4.71603E-1 4.55823E-1 4.56779E-1 4.61885E-1 4.74417E-1 5.03264E-1 5.27061E-1 5.15088E-1 5.07962E-1 4.80232E-1 4.60559E-1 4.30147E-1 4.10107E-1 4.05708E-1 4.16988E-1 4.08686E-1 4.11845E-1 4.06068E-1
4.85362E-1 4.8413E-1 4.9485E-1 5.06125E-1 4.98165E-1 5.50915E-1 5.57E-1 5.30677E-1 5.34556E-1 5.52126E-1 5.69305E-1 5.42294E-1 5.30009E-1 5.45373E-1 5.29951E-1 4.53779E-1 4.99603E-1 5.24969E-1 5.28334E-1 5.16088E-1 5.0892E-1 5.105E-1 5.32176E-1 5.22767E-1 5.23259E-1 4.99405E-1 4.84099E-1 5.04369E-1 5.14364E-1 5.21681E-1 5.05906E-1 5.01512E-1 5.06829E-1 4.99134E-1 4.93195E-1 4.86385E-1 4.96994E-1 4.74709E-1 4.6773E-1 4.67103E-1 4.89193E-1 5.30697E-1 4.9859E-1 4.80297E-1 4.77221E-1 4.64789E-1 4.88114E-1 4.80411E-1 4.52955E-1 4.6132E-1 4.57741E-1 4.69107E-1 5.07404E-1 5.17716E-1 4.6866E-1 4.66839E-1 4.8127E-1 4.75016E-1 4.44955E-1 4.25888E-1 4.1258E-1 4.01263E-1 4.09722E-1 4.04283E-1 4.18172E-1
5.39409E-1 5.1724E-1 4.9273E-1 5.37413E-1 5.01093E-1 5.48839E-1 5.52718E-1 5.40471E-1 5.45923E-1 5.52994E-1 5.56632E-1 5.53188E-1 5.48016E-1 5.37819E-1 5.35369E-1 4.89339E-1 5.0149E-1 5.28861E-1 5.34798E-1 5.44439E-1 5.29336E-1 5.20132E-1 5.1827E-1 5.34965E-1 5.31397E-1 5.18138E-1 5.06726E-1 5.07069E-1 5.146E-1 5.20505E-1 5.20153E-1 5.16253E-1 5.15334E-1 5.05547E-1 4.94492E-1 4.92692E-1 4.90927E-1 4.72137E-1 4.70085E-1 4.70235E-1 4.55349E-1 5.02799E-1 5.17932E-1 4.73974E-1 4.71195E-1 4.77942E-1 4.79215E-1 4.81778E-1 4.63544E-1 4.48982E-1 4.58119E-1 4.85793E-1 5.18429E-1 4.98803E-1 4.51462E-1 4.34352E-1 4.38813E-1 4.42084E-1 4.67869E-1 4.58989E-1 4.33087E-1 4.11795E-1 4.06466E-1 4.11688E-1 4.16996E-1
5.56341E-1 5.34293E-1 5.24378E-1 5.30724E-1 5.10075E-1 5.38311E-1 5.49313E-1 5.51055E-1 5.60352E-1 5.45757E-1 5.59392E-1 5.61186E-1 5.58429E-1 5.24989E-1 5.21503E-1 5.41741E-1 5.37535E-1 5.5368E-1 5.43864E-1 5.451E-1 5.5675E-1 5.30652E-1 5.18568E-1 5.36016E-1 5.43281E-1 5.3999E-1 5.28783E-1 5.20374E-1 5.18967E-1 5.1454E-1 5.30062E-1 5.29237E-1 5.18543E-1 5.18269E-1 5.00884E-1 4.98225E-1 4.91501E-1 4.84554E-1 4.81191E-1 4.68987E-1 4.68435E-1 4.80096E-1 5.03137E-1 4.73679E-1 4.79521E-1 4.71743E-1 4.76065E-1 4.79288E-1 4.84619E-1 4.54973E-1 4.58262E-1 5.0264E-1 5.2324E-1 4.74688E-1 4.53785E-1 4.29959E-1 4.32447E-1 4.23635E-1 4.18726E-1 4.31769E-1 4.42343E-1 4.18548E-1 4.18882E-1 4.24565E-1 4.14009E-1
5.40918E-1 5.38741E-1 5.22441E-1 5.2089E-1 5.30242E-1 5.5547E-1 5.71269E-1 5.61978E-1 5.6764E-1 5.57193E-1 5.66165E-1 5.65816E-1 5.50207E-1 5.52532E-1 4.96862E-1 5.45952E-1 5.60444E-1 5.67219E-1 5.55739E-1 5.57049E-1 5.6081E-1 5.51078E-1 5.30883E-1 5.27192E-1 5.48332E-1 5.56961E-1 5.48782E-1 5.51539E-1 5.51816E-1 5.33934E-1 5.28345E-1 5.41498E-1 5.31446E-1 5.20217E-1 5.09649E-1 5.0453E-1 4.98246E-1 4.90636E-1 4.97276E-1 4.96305E-1 4.96308E-1 4.89943E-1 4.80474E-1 4.7465E-1 4.94773E-1 4.82021E-1 4.69162E-1 4.64236E-1 4.59389E-1 4.63522E-1 4.88074E-1 5.18235E-1 5.22251E-1 4.71286E-1 4.48775E-1 4.24721E-1 4.31173E-1 4.23348E-1 4.23623E-1 4.14527E-1 4.13137E-1 4.27951E-1 4.24102E-1 4.21183E-1 4.2351E-1
5.38139E-1 5.61969E-1 5.18017E-1 5.2937E-1 5.59031E-1 5.74645E-1 5.8705E-1 5.66599E-1 5.70012E-1 5.61738E-1 5.76418E-1 5.73493E-1 5.51303E-1 5.00176E-1 5.78996E-1 5.76355E-1 5.632E-1 5.71944E-1 5.5892E-1 5.51089E-1 5.49736E-1 5.59185E-1 5.50245E-1 5.27513E-1 5.30053E-1 5.54622E-1 5.52757E-1 5.474E-1 5.5979E-1 5.68573E-1 5.45295E-1 5.35587E-1 5.36901E-1 5.23393E-1 5.12664E-1 5.04791E-1 4.93748E-1 4.84275E-1 4.72913E-1 4.76267E-1 4.78021E-1 4.9702E-1 5.16193E-1 5.12222E-1 4.79668E-1 4.907E-1 4.77743E-1 4.81402E-1 4.88882E-1 5.02397E-1 5.28253E-1 5.25683E-1 4.97502E-1 4.80532E-1 4.63026E-1 4.37428E-1 4.3785E-1 4.2297E-1 4.28189E-1 4.28488E-1 4.18547E-1 4.28808E-1 4.24791E-1 4.305E-1 4.27976E-1
5.5353E-1 5.54655E-1 5.26616E-1 5.56669E-1 5.83729E-1 5.91284E-1 5.95058E-1 5.88831E-1 5.64428E-1 5.6389E-1 5.80489E-1 5.8304E-1 5.77191E-1 5.18393E-1 5.40235E-1 6.05889E-1 5.829E-1 5.77031E-1 5.60041E-1 5.56613E-1 5.6267E-1 5.65341E-1 5.62887E-1 5.41877E-1 5.3246E-1 5.47192E-1 5.51368E-1 5.39908E-1 5.45641E-1 5.41305E-1 5.51629E-1 5.60506E-1 5.63689E-1 5.404E-1 5.31953E-1 5.24943E-1 5.05581E-1 4.99853E-1 4.85722E-1 4.70462E-1 4.66208E-1 4.68906E-1 4.7332E-1 4.95217E-1 5.22475E-1 5.21324E-1 5.0961E-1 4.97231E-1 4.96915E-1 5.28673E-1 5.29929E-1 5.06013E-1 4.46589E-1 4.58289E-1 4.55834E-1 4.48111E-1 4.4673E-1 4.28077E-1 4.37941E-1 4.36627E-1 4.22458E-1 4.33584E-1 4.20022E-1 4.29643E-1 4.3066E-1
5.92987E-1 5.74268E-1 5.56665E-1 5.64817E-1 5.86641E-1 5.96382E-1 6.08905E-1 5.89537E-1 5.8725E-1 5.72895E-1 5.68951E-1 5.85364E-1 5.45394E-1 5.41676E-1 6.09505E-1 5.85537E-1 5.80525E-1 5.78206E-1 5.62573E-1 5.65127E-1 5.53748E-1 5.60639E-1 5.62969E-1 5.63152E-1 5.51793E-1 5.52866E-1 5.55675E-1 5.47116E-1 5.36785E-1 5.51654E-1 5.54126E-1 5.61263E-1 5.82287E-1 5.6009E-1 5.67102E-1 5.32926E-1 5.23055E-1 5.13849E-1 4.98897E-1 4.88607E-1 4.81461E-1 4.71967E-1 4.66559E-1 4.73548E-1 4.78408E-1 4.83269E-1 4.82715E-1 4.88774E-1 5.23993E-1 5.37142E-1 4.95404E-1 4.66966E-1 4.54907E-1 4.59501E-1 4.58111E-1 4.47939E-1 4.42788E-1 4.38688E-1 4.39536E-1 4.30495E-1 4.23677E-1 4.25698E-1 4.32657E-1 4.31231E-1 4.4064E-1
