layers/old_layers/suit_hand.asc
ncols         638
nrows         825
xllcorner     -2985163.8955
yllcorner     -3022031.214
cellsize      10000.0
NODATA_value  -9999
[rows 261 to 289 of 825, columns 325 to 389 of 638]
2.45626E-1 2.48625E-1 2.59335E-1 5.50294E-1 5.84512E-1 2.8754E-1 1.4117E-1 1.52045E-1 3.60085E-1 5.93753E-1 7.26406E-1 4.07104E-1 1.93007E-1 2.08537E-1 1.27035E-1 1.82789E-1 2.69026E-1 2.84861E-1 2.77644E-1 1.63416E-1 1.22686E-1 1.19797E-1 2.58324E-1 2.74757E-1 2.40844E-1 2.36481E-1 2.32638E-1 2.3127E-1 2.26164E-1 1.85816E-1 1.80507E-1 1.40928E-1 1.34952E-1 1.7455E-1 2.23999E-1 2.5736E-1 3.06019E-1 5.10063E-1 3.52414E-1 3.40756E-1 4.1869E-1 3.04032E-1 4.57458E-1 4.47098E-1 6.42082E-1 5.92408E-1 2.88046E-1 4.86924E-1 4.78826E-1 1.94115E-1 1.68877E-1 2.05847E-1 1.9659E-1 1.29058E-1 1.56816E-1 1.73192E-1 2.01072E-1 3.18091E-1 2.41878E-1 4.84013E-1 3.67661E-1 5.77323E-1 1.54058E-1 1.23998E-1 1.41123E-1
2.78989E-1 5.39692E-1 3.65081E-1 7.24364E-1 4.49616E-1 2.0746E-1 1.46674E-1 1.41021E-1 2.87526E-1 4.43566E-1 4.42993E-1 6.73481E-1 6.57997E-1 2.56351E-1 2.38794E-1 1.92265E-1 1.88573E-1 3.86577E-1 3.14511E-1 3.14016E-1 1.26287E-1 1.31721E-1 1.86462E-1 1.12655E-1 1.56377E-1 2.35612E-1 2.37321E-1 2.26477E-1 2.11355E-1 1.47497E-1 1.72883E-1 1.40609E-1 1.05177E-1 1.4719E-1 2.13931E-1 2.29846E-1 2.57193E-1 2.21192E-1 5.55034E-1 3.6648E-1 2.79317E-1 2.64869E-1 3.77841E-1 4.57219E-1 4.1255E-1 5.20033E-1 4.19835E-1 3.16464E-1 4.65621E-1 2.05014E-1 1.57219E-1 2.19262E-1 2.9008E-1 1.85431E-1 1.6514E-1 1.75085E-1 1.92996E-1 4.03434E-1 1.54708E-1 4.30913E-1 3.07011E-1 5.1074E-1 2.57703E-1 2.23264E-1 1.46001E-1
3.79779E-1 5.83174E-1 7.04662E-1 4.93545E-1 5.89825E-1 7.01045E-1 3.2649E-1 1.46392E-1 3.08987E-1 4.49692E-1 3.14406E-1 5.08024E-1 4.06684E-1 5.23679E-1 2.25911E-1 2.03995E-1 1.96887E-1 3.54477E-1 1.37656E-1 1.25759E-1 1.68759E-1 1.48995E-1 1.17529E-1 1.20825E-1 1.19102E-1 1.90104E-1 1.71081E-1 1.78318E-1 1.4447E-1 1.43313E-1 1.45107E-1 1.08738E-1 1.01899E-1 1.18444E-1 2.42491E-1 2.12615E-1 2.21393E-1 2.63666E-1 5.16605E-1 2.16602E-1 2.45595E-1 4.24267E-1 3.62825E-1 4.05739E-1 5.77983E-1 4.01952E-1 4.42683E-1 4.6866E-1 2.60487E-1 1.95142E-1 1.8319E-1 2.44817E-1 3.12497E-1 2.36073E-1 1.88119E-1 1.73077E-1 2.3166E-1 4.10971E-1 6.05664E-1 2.56314E-1 2.09392E-1 3.0995E-1 2.08754E-1 1.26301E-1 1.09191E-1
3.35932E-1 3.41099E-1 4.22324E-1 3.41234E-1 4.66053E-1 5.21414E-1 7.33361E-1 4.92684E-1 4.4011E-1 4.38947E-1 5.00814E-1 3.47069E-1 4.26975E-1 4.85615E-1 7.58048E-1 7.03056E-1 7.28387E-1 4.07113E-1 1.51969E-1 2.11411E-1 1.97129E-1 1.81219E-1 1.30322E-1 1.5648E-1 2.08483E-1 2.5554E-1 1.0929E-1 1.20672E-1 1.0803E-1 1.09556E-1 1.07097E-1 1.13866E-1 1.09805E-1 1.19422E-1 3.08438E-1 3.9454E-1 4.40235E-1 3.43819E-1 3.61491E-1 2.59863E-1 3.49595E-1 4.02997E-1 3.86504E-1 4.97971E-1 3.36928E-1 3.61883E-1 3.82676E-1 2.07168E-1 2.0069E-1 2.16436E-1 2.85654E-1 2.15189E-1 2.67311E-1 2.00958E-1 2.16098E-1 1.98001E-1 2.24206E-1 4.13754E-1 3.40697E-1 2.49121E-1 1.42651E-1 2.43004E-1 1.60529E-1 1.02445E-1 1.07897E-1
2.93122E-1 4.4017E-1 3.25456E-1 5.51914E-1 4.06165E-1 3.64101E-1 5.23354E-1 3.7291E-1 2.75643E-1 5.57687E-1 4.64571E-1 3.06947E-1 4.85353E-1 3.59498E-1 6.05639E-1 4.15126E-1 4.81223E-1 4.40252E-1 6.30387E-1 4.55295E-1 5.77084E-1 5.40019E-1 2.27102E-1 2.35686E-1 2.49733E-1 1.85408E-1 1.10737E-1 1.30425E-1 1.46815E-1 1.13204E-1 1.08409E-1 1.04693E-1 1.00306E-1 1.16252E-1 1.49911E-1 1.82267E-1 3.54789E-1 2.23864E-1 2.96247E-1 1.78774E-1 3.65355E-1 4.867E-1 5.69585E-1 5.05465E-1 4.17334E-1 3.1049E-1 2.90943E-1 1.78632E-1 1.9163E-1 2.27678E-1 2.23963E-1 3.52715E-1 2.75612E-1 4.97482E-1 5.41794E-1 2.06729E-1 4.43627E-1 6.62174E-1 2.69451E-1 1.84858E-1 1.46665E-1 1.95396E-1 2.73229E-1 1.1234E-1 1.59386E-1
3.01257E-1 3.62485E-1 3.52908E-1 4.6124E-1 2.82637E-1 2.84687E-1 5.06566E-1 3.54768E-1 2.91969E-1 6.21759E-1 3.30718E-1 3.11834E-1 4.70234E-1 3.11502E-1 5.88408E-1 4.82277E-1 2.99406E-1 4.58241E-1 4.24028E-1 6.92981E-1 3.59436E-1 3.54254E-1 2.94201E-1 5.61841E-1 4.50401E-1 1.25005E-1 2.01958E-1 2.9017E-1 1.68255E-1 1.50221E-1 1.08715E-1 1.14536E-1 1.01639E-1 1.12628E-1 1.0703E-1 1.08197E-1 2.04607E-1 2.06479E-1 1.6975E-1 2.79382E-1 5.50656E-1 5.6835E-1 3.52788E-1 3.73273E-1 3.67714E-1 2.74386E-1 2.09361E-1 1.85796E-1 1.84062E-1 1.64293E-1 1.91378E-1 2.05084E-1 4.61846E-1 2.97649E-1 2.23712E-1 4.31208E-1 6.91286E-1 4.48503E-1 3.34537E-1 1.89784E-1 2.00549E-1 1.55482E-1 1.31653E-1 1.29536E-1 1.65932E-1
2.22824E-1 2.29821E-1 2.84313E-1 2.95464E-1 4.1297E-1 4.11625E-1 7.8982E-1 6.45678E-1 4.11914E-1 5.65173E-1 4.37158E-1 2.97266E-1 3.2375E-1 3.33725E-1 3.40568E-1 3.06749E-1 2.91445E-1 3.22575E-1 3.83571E-1 4.9441E-1 7.72865E-1 5.47296E-1 3.62067E-1 5.01634E-1 2.76141E-1 3.19239E-1 5.38016E-1 1.22204E-1 1.18844E-1 1.05085E-1 1.10546E-1 1.11028E-1 1.05053E-1 1.00423E-1 1.02488E-1 9.79277E-2 1.87401E-1 2.05052E-1 4.40921E-1 4.99174E-1 2.0315E-1 3.91011E-1 3.69334E-1 2.7905E-1 2.19138E-1 2.02267E-1 1.9451E-1 1.82811E-1 1.68895E-1 1.53658E-1 3.55284E-1 5.92812E-1 2.93787E-1 2.16055E-1 3.53398E-1 3.16763E-1 6.2188E-1 5.14459E-1 3.21038E-1 3.42467E-1 1.94006E-1 1.43835E-1 1.24464E-1 1.24233E-1 1.65175E-1
1.5392E-1 1.46398E-1 1.44874E-1 2.01852E-1 6.09936E-1 5.37819E-1 6.70071E-1 5.49528E-1 3.19951E-1 4.92388E-1 5.02222E-1 4.16736E-1 3.01731E-1 4.5318E-1 2.97279E-1 2.79504E-1 4.15494E-1 5.42062E-1 3.04334E-1 4.92924E-1 4.91464E-1 4.51496E-1 3.70769E-1 3.7137E-1 2.72424E-1 4.0856E-1 5.6317E-1 6.21604E-1 3.19892E-1 2.19026E-1 1.16782E-1 1.21735E-1 1.12998E-1 1.37144E-1 1.34405E-1 1.3239E-1 1.11631E-1 2.05976E-1 3.3924E-1 4.58143E-1 3.19352E-1 4.24229E-1 4.20926E-1 2.18282E-1 1.68784E-1 1.95409E-1 1.62847E-1 2.04915E-1 1.98303E-1 2.10343E-1 4.46474E-1 2.8694E-1 1.79911E-1 2.99791E-1 3.17597E-1 2.36035E-1 5.52947E-1 5.33554E-1 1.72776E-1 2.18985E-1 2.72518E-1 1.90084E-1 1.38903E-1 1.49364E-1 1.24073E-1
1.54501E-1 1.37251E-1 1.62842E-1 1.66428E-1 1.73173E-1 1.70081E-1 5.14769E-1 3.94522E-1 3.1261E-1 3.46901E-1 3.69357E-1 3.32367E-1 3.08675E-1 3.15366E-1 2.82876E-1 2.95092E-1 4.24617E-1 4.40254E-1 2.96001E-1 3.3264E-1 3.64605E-1 5.93445E-1 6.44329E-1 3.89557E-1 4.51488E-1 7.30452E-1 4.98778E-1 4.58306E-1 2.47547E-1 2.97331E-1 2.35651E-1 1.11947E-1 1.50884E-1 1.34731E-1 1.33489E-1 1.45069E-1 2.43242E-1 1.83453E-1 3.3969E-1 2.63578E-1 2.7162E-1 4.96045E-1 2.58473E-1 1.91165E-1 2.16387E-1 2.21599E-1 1.51872E-1 1.66814E-1 2.23555E-1 4.86323E-1 3.10246E-1 2.15447E-1 2.0566E-1 3.23963E-1 2.40173E-1 2.90986E-1 5.90607E-1 4.49994E-1 3.61946E-1 2.31782E-1 1.8051E-1 1.86767E-1 1.40237E-1 9.83622E-2 9.90345E-2
1.37665E-1 1.22082E-1 1.22584E-1 1.44137E-1 1.54398E-1 2.82819E-1 4.17124E-1 4.20565E-1 2.99005E-1 3.88731E-1 3.12547E-1 3.07811E-1 3.0462E-1 2.902E-1 2.79323E-1 2.93976E-1 3.74029E-1 3.36317E-1 4.66869E-1 5.22632E-1 4.05283E-1 3.39542E-1 7.82564E-1 5.20009E-1 7.66205E-1 7.29795E-1 6.85678E-1 5.42763E-1 3.5518E-1 4.50878E-1 1.73729E-1 1.22929E-1 1.40165E-1 1.56151E-1 1.11179E-1 1.32896E-1 1.82504E-1 1.39968E-1 3.11719E-1 2.6728E-1 3.05443E-1 2.13347E-1 1.82228E-1 1.91757E-1 1.56149E-1 1.7573E-1 1.77593E-1 2.01869E-1 4.25088E-1 3.78225E-1 2.90771E-1 1.89415E-1 1.88571E-1 2.10681E-1 2.08908E-1 4.36887E-1 4.30021E-1 6.95436E-1 4.26862E-1 4.33842E-1 3.83977E-1 4.70596E-1 2.00412E-1 3.72113E-1 1.69521E-1
1.26488E-1 1.5658E-1 1.60983E-1 1.55124E-1 1.33472E-1 3.12876E-1 3.82291E-1 2.2466E-1 4.49109E-1 3.08969E-1 3.32855E-1 3.15378E-1 1.47833E-1 2.15712E-1 2.99821E-1 3.33681E-1 4.00621E-1 5.08412E-1 8.09501E-1 7.22777E-1 7.79626E-1 5.30466E-1 5.66203E-1 5.46865E-1 5.52318E-1 6.59462E-1 4.65288E-1 6.80787E-1 6.59163E-1 3.11219E-1 2.25986E-1 1.92478E-1 2.16273E-1 2.09044E-1 1.70533E-1 1.65691E-1 1.61625E-1 1.67841E-1 1.71666E-1 1.90999E-1 1.92642E-1 1.85062E-1 1.94375E-1 1.87991E-1 2.01659E-1 2.08394E-1 2.69661E-1 2.38999E-1 7.12685E-1 2.66093E-1 2.33745E-1 2.25635E-1 2.0831E-1 1.93437E-1 2.15734E-1 2.97906E-1 4.86298E-1 3.30521E-1 6.88415E-1 5.4185E-1 6.12442E-1 4.85456E-1 4.67088E-1 4.73966E-1 3.84535E-1
2.61351E-1 2.69692E-1 2.80512E-1 2.91793E-1 2.91413E-1 3.07834E-1 3.15263E-1 2.09651E-1 1.74718E-1 2.1792E-1 2.60015E-1 2.48339E-1 1.32304E-1 2.04755E-1 3.07943E-1 4.56716E-1 5.33135E-1 7.34617E-1 4.74833E-1 6.53154E-1 5.6312E-1 5.52954E-1 5.69185E-1 3.31048E-1 3.46995E-1 4.70424E-1 3.20217E-1 5.55034E-1 5.321E-1 5.06034E-1 4.79508E-1 3.07829E-1 2.92586E-1 2.80711E-1 1.80186E-1 1.89428E-1 1.46535E-1 1.82414E-1 1.80822E-1 1.87034E-1 1.84056E-1 1.77811E-1 1.99256E-1 1.83749E-1 1.87063E-1 2.06312E-1 3.13407E-1 2.6169E-1 6.32696E-1 3.83353E-1 3.71235E-1 3.22942E-1 2.38072E-1 2.11136E-1 2.28799E-1 2.43514E-1 3.62041E-1 3.2851E-1 5.96765E-1 2.37615E-1 3.48839E-1 3.2574E-1 4.42755E-1 4.09017E-1 2.95338E-1
2.6971E-1 3.00011E-1 3.12075E-1 2.99361E-1 3.04877E-1 3.05401E-1 3.14132E-1 3.11189E-1 3.29269E-1 1.80474E-1 1.60699E-1 1.66701E-1 1.28057E-1 1.85167E-1 2.96013E-1 3.88888E-1 4.30046E-1 5.26965E-1 3.68419E-1 5.23607E-1 5.82495E-1 4.59391E-1 6.31298E-1 3.67131E-1 4.46731E-1 2.93153E-1 2.70043E-1 2.74811E-1 4.23407E-1 3.25532E-1 5.02442E-1 4.62053E-1 3.15528E-1 2.11771E-1 1.94361E-1 1.83242E-1 1.85544E-1 1.80939E-1 1.59244E-1 1.98142E-1 1.99582E-1 1.9333E-1 2.23902E-1 2.04676E-1 2.00513E-1 2.73114E-1 2.13966E-1 3.41178E-1 5.43827E-1 3.27111E-1 2.51833E-1 3.94101E-1 2.28872E-1 2.25796E-1 3.3853E-1 4.20241E-1 4.79282E-1 6.89224E-1 5.866E-1 3.14657E-1 4.01822E-1 3.24887E-1 4.37126E-1 3.16166E-1 2.49743E-1
2.60534E-1 2.68546E-1 2.7343E-1 2.7224E-1 2.78005E-1 3.00836E-1 3.04082E-1 3.0962E-1 3.09292E-1 3.08061E-1 2.55293E-1 1.97087E-1 1.71959E-1 2.77669E-1 2.06689E-1 3.7134E-1 5.03452E-1 6.5705E-1 4.87734E-1 5.69942E-1 6.19463E-1 4.97313E-1 5.17616E-1 6.28987E-1 2.92609E-1 4.57824E-1 2.58421E-1 2.44719E-1 2.16161E-1 3.91214E-1 4.92228E-1 1.96932E-1 1.43403E-1 1.87214E-1 1.86769E-1 1.91531E-1 1.8038E-1 1.80067E-1 1.80655E-1 1.78081E-1 1.8658E-1 2.03913E-1 2.04653E-1 1.94069E-1 3.23541E-1 2.84541E-1 2.60027E-1 4.85328E-1 3.31748E-1 3.08515E-1 3.22575E-1 2.27228E-1 2.21515E-1 2.25462E-1 2.87005E-1 3.66935E-1 3.29798E-1 3.16165E-1 3.00265E-1 2.49857E-1 2.64662E-1 2.47158E-1 2.65375E-1 2.33185E-1 3.61326E-1
2.54937E-1 2.67897E-1 2.65084E-1 2.90324E-1 3.08414E-1 3.01687E-1 3.00014E-1 3.06377E-1 2.86101E-1 3.08487E-1 3.31296E-1 2.81627E-1 2.79197E-1 3.28367E-1 3.88039E-1 4.23081E-1 3.20307E-1 6.11671E-1 4.83195E-1 4.01394E-1 3.38563E-1 5.16817E-1 3.92164E-1 4.24093E-1 5.26945E-1 2.86419E-1 2.44507E-1 2.49308E-1 2.51487E-1 2.36263E-1 3.25909E-1 1.71248E-1 1.25933E-1 1.58576E-1 1.85491E-1 1.85097E-1 1.91407E-1 1.90244E-1 1.88916E-1 1.91181E-1 1.81883E-1 1.94442E-1 2.01468E-1 1.98185E-1 2.0765E-1 2.01647E-1 2.02502E-1 5.23349E-1 2.17615E-1 2.6668E-1 2.941E-1 2.95652E-1 2.29602E-1 2.24764E-1 3.33382E-1 4.9449E-1 4.17599E-1 2.57167E-1 2.97691E-1 2.41113E-1 3.32668E-1 4.27467E-1 3.16792E-1 2.34229E-1 1.89564E-1
1.58695E-1 1.95404E-1 1.67763E-1 2.97703E-1 3.36246E-1 2.76469E-1 2.81149E-1 3.21847E-1 2.93931E-1 2.78936E-1 3.11318E-1 3.02551E-1 5.94239E-1 5.35246E-1 5.35877E-1 7.79224E-1 7.88379E-1 5.01255E-1 2.88954E-1 2.92174E-1 3.3345E-1 5.25864E-1 5.38453E-1 2.76283E-1 2.87821E-1 2.26485E-1 2.29786E-1 2.47472E-1 3.10204E-1 2.00097E-1 1.64768E-1 1.49491E-1 1.82938E-1 2.12067E-1 1.98037E-1 1.90141E-1 2.19537E-1 2.43446E-1 1.88286E-1 2.19679E-1 2.0423E-1 1.96907E-1 1.82975E-1 1.9339E-1 1.76027E-1 2.00516E-1 3.15042E-1 6.16604E-1 2.69592E-1 2.5298E-1 3.89422E-1 2.21437E-1 2.29699E-1 2.20673E-1 2.44669E-1 4.02836E-1 3.70013E-1 4.67244E-1 2.56883E-1 2.61221E-1 3.9296E-1 4.63806E-1 4.94428E-1 2.40477E-1 2.03177E-1
1.47403E-1 1.23889E-1 1.70521E-1 1.98717E-1 1.99713E-1 2.71774E-1 2.82214E-1 2.92336E-1 2.65733E-1 2.85792E-1 2.64743E-1 2.85732E-1 5.97136E-1 3.77315E-1 5.27018E-1 3.28187E-1 6.75627E-1 4.95072E-1 3.06953E-1 2.56887E-1 2.77875E-1 3.06101E-1 2.93028E-1 2.86033E-1 2.57362E-1 2.56925E-1 2.21077E-1 2.6165E-1 2.38611E-1 2.26149E-1 2.12893E-1 2.21892E-1 1.89019E-1 1.87875E-1 2.23804E-1 2.78484E-1 2.12812E-1 3.71795E-1 2.70108E-1 1.83816E-1 2.2872E-1 2.2408E-1 2.76044E-1 1.9828E-1 1.90759E-1 1.77502E-1 2.13225E-1 4.56559E-1 2.093E-1 2.10258E-1 2.24553E-1 3.24838E-1 2.79613E-1 2.24964E-1 2.40553E-1 4.73794E-1 5.46367E-1 4.24652E-1 4.29445E-1 4.76255E-1 5.26926E-1 4.27478E-1 5.99012E-1 4.88099E-1 3.73834E-1
7.08372E-1 1.86455E-1 1.93083E-1 1.67649E-1 1.61579E-1 2.06049E-1 2.36124E-1 2.44562E-1 2.53271E-1 2.48467E-1 2.51541E-1 4.37933E-1 5.13122E-1 3.83508E-1 3.07274E-1 2.85044E-1 4.45085E-1 6.93306E-1 3.85367E-1 2.25983E-1 2.40869E-1 2.45303E-1 2.33227E-1 2.35315E-1 2.20591E-1 2.21263E-1 2.39287E-1 2.30316E-1 2.11177E-1 2.14179E-1 2.1703E-1 1.94294E-1 1.99147E-1 2.18564E-1 3.73011E-1 2.79545E-1 3.28106E-1 2.20427E-1 2.7037E-1 2.0098E-1 2.39906E-1 2.50516E-1 2.12649E-1 3.83149E-1 2.4761E-1 2.25938E-1 3.02681E-1 2.7394E-1 2.46039E-1 2.12144E-1 2.08267E-1 2.7133E-1 2.1105E-1 2.31424E-1 3.71975E-1 3.55049E-1 4.66338E-1 2.87459E-1 3.20977E-1 4.92854E-1 6.3333E-1 7.05859E-1 6.60599E-1 5.52524E-1 5.55367E-1
6.39527E-1 5.17724E-1 6.12766E-1 6.39526E-1 6.77565E-1 7.61865E-1 5.56506E-1 6.73054E-1 2.54952E-1 2.46192E-1 2.74193E-1 2.69235E-1 3.39419E-1 2.77137E-1 3.06517E-1 3.23102E-1 4.59777E-1 5.99961E-1 2.89003E-1 3.69012E-1 6.12386E-1 2.43128E-1 2.23556E-1 2.25867E-1 2.19809E-1 2.15449E-1 2.05289E-1 2.06114E-1 2.05011E-1 2.08732E-1 2.08212E-1 2.09118E-1 3.02725E-1 3.68975E-1 3.053E-1 6.30165E-1 2.66644E-1 2.31135E-1 4.2142E-1 2.13211E-1 2.24195E-1 1.96493E-1 4.12944E-1 2.32436E-1 3.45921E-1 6.00769E-1 5.07796E-1 2.7865E-1 2.26309E-1 2.42622E-1 3.22796E-1 2.19138E-1 2.29736E-1 2.28466E-1 2.86874E-1 4.20113E-1 5.40036E-1 2.87342E-1 6.13571E-1 6.42878E-1 5.37027E-1 6.77316E-1 8.30605E-1 7.42055E-1 8.01072E-1
2.54043E-1 3.07177E-1 6.57065E-1 7.08387E-1 4.4804E-1 5.0009E-1 2.65272E-1 3.1514E-1 4.46243E-1 2.75068E-1 2.41603E-1 2.40913E-1 2.18744E-1 2.18078E-1 2.22091E-1 2.59604E-1 2.39489E-1 5.65481E-1 3.11575E-1 2.98551E-1 4.75292E-1 4.95844E-1 4.11861E-1 4.15603E-1 2.6495E-1 2.2801E-1 2.15794E-1 2.05909E-1 2.31662E-1 3.62027E-1 3.15451E-1 2.85095E-1 4.6823E-1 5.05371E-1 3.94358E-1 3.68228E-1 4.03286E-1 3.33939E-1 2.55527E-1 2.8776E-1 4.6399E-1 2.39894E-1 2.98452E-1 2.90806E-1 5.20391E-1 2.67176E-1 2.58244E-1 4.13041E-1 3.58768E-1 2.92904E-1 3.81392E-1 2.86433E-1 2.43874E-1 2.23535E-1 2.33113E-1 2.44131E-1 4.66117E-1 2.72529E-1 4.70191E-1 5.98801E-1 6.33338E-1 5.8965E-1 7.03952E-1 8.16624E-1 8.1332E-1
3.15438E-1 5.59138E-1 6.02135E-1 3.01553E-1 3.31099E-1 6.19328E-1 3.919E-1 5.60204E-1 5.98612E-1 4.91168E-1 3.41168E-1 2.25307E-1 2.19734E-1 2.25435E-1 2.25757E-1 2.22411E-1 2.2837E-1 3.7327E-1 2.69651E-1 2.74313E-1 4.3923E-1 2.72467E-1 4.33827E-1 4.80697E-1 2.80247E-1 2.5469E-1 2.25783E-1 3.83302E-1 2.80455E-1 3.44113E-1 3.63008E-1 6.69568E-1 5.6815E-1 6.67398E-1 5.42997E-1 4.46314E-1 3.18448E-1 3.67102E-1 4.94655E-1 4.0704E-1 5.92498E-1 5.63865E-1 5.70004E-1 6.27037E-1 5.64746E-1 2.22611E-1 2.0919E-1 3.88724E-1 2.29625E-1 3.92403E-1 2.30123E-1 3.48148E-1 2.31359E-1 2.17709E-1 3.02612E-1 3.20941E-1 5.11434E-1 2.92699E-1 3.06724E-1 4.87367E-1 5.43114E-1 7.25823E-1 7.56741E-1 7.95002E-1 8.35179E-1
4.67533E-1 4.85373E-1 5.71484E-1 3.17429E-1 2.72114E-1 3.05295E-1 5.41228E-1 5.95865E-1 4.49311E-1 5.36297E-1 3.97125E-1 2.59741E-1 2.36812E-1 2.30604E-1 2.45195E-1 2.29335E-1 2.30581E-1 2.24014E-1 2.5146E-1 2.55742E-1 3.30223E-1 3.81029E-1 3.52865E-1 3.06995E-1 2.34266E-1 2.52082E-1 2.38528E-1 4.86127E-1 3.94902E-1 4.25478E-1 5.24069E-1 2.78154E-1 3.8779E-1 5.35168E-1 4.81438E-1 2.25025E-1 2.41866E-1 2.19944E-1 2.10866E-1 2.31576E-1 5.17268E-1 3.76842E-1 2.64791E-1 2.88171E-1 2.44869E-1 3.60305E-1 2.02462E-1 3.74066E-1 2.12035E-1 2.96097E-1 2.71535E-1 2.97503E-1 2.20719E-1 2.08553E-1 2.41006E-1 2.45718E-1 5.6466E-1 3.26425E-1 2.9979E-1 3.42971E-1 5.92209E-1 7.79316E-1 7.76493E-1 8.58994E-1 8.80402E-1
3.21171E-1 3.20578E-1 3.18228E-1 3.28413E-1 2.58638E-1 2.69859E-1 4.43547E-1 5.35949E-1 3.30674E-1 3.7647E-1 3.74874E-1 6.64594E-1 2.66554E-1 3.6311E-1 2.6013E-1 3.91563E-1 2.56971E-1 2.15464E-1 2.19014E-1 2.51436E-1 3.26382E-1 5.87248E-1 2.58586E-1 2.85113E-1 2.44754E-1 2.93168E-1 3.06937E-1 3.78138E-1 6.69367E-1 3.92586E-1 2.31895E-1 2.36059E-1 2.41406E-1 3.12634E-1 2.38671E-1 3.31609E-1 3.63437E-1 6.04784E-1 5.22411E-1 5.54727E-1 4.94377E-1 3.67966E-1 3.01819E-1 2.47147E-1 2.9712E-1 3.01743E-1 2.49362E-1 2.20958E-1 4.68349E-1 2.33906E-1 2.23015E-1 2.17761E-1 2.34855E-1 2.24418E-1 2.11347E-1 2.40777E-1 2.64344E-1 5.88701E-1 3.11742E-1 4.81114E-1 4.83277E-1 6.59798E-1 5.17532E-1 7.60049E-1 8.05894E-1
7.83306E-1 4.31063E-1 3.48633E-1 3.55915E-1 2.64461E-1 2.60427E-1 2.69858E-1 3.97594E-1 6.05417E-1 2.77039E-1 4.40876E-1 3.69292E-1 4.74153E-1 3.34522E-1 2.57317E-1 3.88062E-1 4.78938E-1 2.38484E-1 2.40248E-1 3.00927E-1 2.89826E-1 4.43633E-1 3.57297E-1 2.47071E-1 2.41588E-1 3.10486E-1 3.42765E-1 4.77915E-1 4.95468E-1 5.29543E-1 2.59397E-1 2.23711E-1 4.45264E-1 2.29202E-1 3.95901E-1 5.06137E-1 3.40853E-1 3.20887E-1 4.66845E-1 5.1619E-1 3.76317E-1 2.53824E-1 2.28445E-1 2.84362E-1 6.43562E-1 5.83298E-1 4.78075E-1 2.19094E-1 4.10615E-1 2.29553E-1 3.5627E-1 2.21177E-1 2.16536E-1 2.04034E-1 2.09893E-1 2.38785E-1 2.38386E-1 5.98856E-1 2.81946E-1 4.48466E-1 4.34668E-1 6.33586E-1 5.12442E-1 6.38117E-1 6.89398E-1
6.01446E-1 6.34633E-1 3.53864E-1 3.94311E-1 2.66382E-1 2.54331E-1 2.56727E-1 3.96751E-1 5.03155E-1 3.4227E-1 2.65015E-1 3.88153E-1 5.58775E-1 4.67363E-1 4.43857E-1 2.69447E-1 2.41286E-1 2.39478E-1 2.19107E-1 3.94271E-1 6.84963E-1 2.54604E-1 2.47624E-1 2.1539E-1 2.38078E-1 2.44804E-1 5.2686E-1 3.59653E-1 4.25851E-1 4.99726E-1 3.94164E-1 3.46965E-1 2.1899E-1 2.29306E-1 3.35084E-1 2.35592E-1 2.84244E-1 3.79007E-1 3.3058E-1 2.32175E-1 2.69114E-1 2.30611E-1 3.32334E-1 5.7231E-1 2.36738E-1 3.3967E-1 6.11528E-1 3.49614E-1 3.56464E-1 2.33964E-1 2.32334E-1 2.78167E-1 2.18605E-1 2.09752E-1 2.20366E-1 2.04378E-1 2.37736E-1 2.64045E-1 2.80905E-1 4.06939E-1 3.37853E-1 5.31786E-1 4.63212E-1 4.24025E-1 6.93603E-1
6.17898E-1 4.57417E-1 2.96175E-1 3.3401E-1 3.48886E-1 3.25845E-1 3.428E-1 2.66281E-1 4.60569E-1 2.92109E-1 2.50635E-1 4.0895E-1 5.31711E-1 4.09014E-1 3.19874E-1 2.89892E-1 2.3682E-1 2.32567E-1 2.38444E-1 4.35141E-1 3.34294E-1 2.38834E-1 2.38636E-1 2.11076E-1 2.351E-1 2.77235E-1 3.13142E-1 4.12474E-1 5.30876E-1 6.03194E-1 4.16226E-1 2.2606E-1 2.16437E-1 2.98087E-1 2.43911E-1 4.09219E-1 4.98824E-1 4.28741E-1 6.17501E-1 2.23089E-1 2.45373E-1 3.59213E-1 5.96091E-1 3.28364E-1 2.5274E-1 2.76091E-1 4.67578E-1 5.3185E-1 3.60463E-1 3.47137E-1 2.74019E-1 2.81788E-1 2.51864E-1 2.84401E-1 2.23681E-1 2.69699E-1 2.06069E-1 2.4803E-1 4.254E-1 2.76696E-1 3.08984E-1 4.33104E-1 4.58389E-1 3.78368E-1 5.9128E-1
3.11445E-1 6.3324E-1 5.43413E-1 3.4237E-1 2.97726E-1 4.90176E-1 2.86254E-1 2.54673E-1 2.63241E-1 3.34773E-1 2.68364E-1 3.28109E-1 4.89928E-1 3.16773E-1 2.4653E-1 2.40671E-1 3.42989E-1 2.47662E-1 3.84491E-1 2.57034E-1 2.33992E-1 2.21415E-1 2.22846E-1 2.22981E-1 2.32819E-1 2.36019E-1 4.89218E-1 3.09493E-1 5.1555E-1 5.16391E-1 2.58027E-1 2.18959E-1 2.79793E-1 2.18903E-1 3.28517E-1 2.2948E-1 5.15326E-1 2.27083E-1 2.13272E-1 2.33399E-1 3.30873E-1 3.09727E-1 3.29463E-1 2.84033E-1 2.13535E-1 4.83796E-1 3.44574E-1 4.25322E-1 7.41682E-1 3.86312E-1 5.62657E-1 4.14294E-1 3.30865E-1 4.29539E-1 2.97727E-1 3.80134E-1 2.81438E-1 2.45209E-1 2.97495E-1 3.46133E-1 2.72191E-1 3.3344E-1 3.58307E-1 3.68862E-1 5.57518E-1
3.76613E-1 7.07203E-1 6.18515E-1 2.92457E-1 4.73987E-1 3.82498E-1 2.6796E-1 2.23197E-1 2.26045E-1 2.22038E-1 2.443E-1 3.74199E-1 5.30267E-1 2.7578E-1 2.50029E-1 2.41543E-1 2.68315E-1 6.64213E-1 4.84398E-1 4.88837E-1 2.35188E-1 2.34169E-1 2.30035E-1 2.45226E-1 3.00897E-1 5.20385E-1 2.71604E-1 3.339E-1 3.07114E-1 2.48316E-1 2.15945E-1 2.10753E-1 2.2378E-1 3.77268E-1 3.52878E-1 4.73553E-1 3.66978E-1 2.1342E-1 2.07963E-1 3.75321E-1 2.27199E-1 6.0162E-1 3.02815E-1 3.38198E-1 3.68655E-1 4.32651E-1 3.02967E-1 4.0344E-1 5.87806E-1 5.82976E-1 6.71967E-1 3.98474E-1 4.32578E-1 4.39498E-1 4.1243E-1 4.85401E-1 2.99471E-1 2.45045E-1 2.6655E-1 2.91779E-1 2.92942E-1 3.06855E-1 3.29407E-1 4.27296E-1 6.08766E-1
2.71704E-1 3.81789E-1 2.78073E-1 4.93472E-1 3.68428E-1 2.72589E-1 2.5823E-1 2.66366E-1 2.55235E-1 2.21493E-1 2.79762E-1 2.45923E-1 2.50754E-1 2.99166E-1 2.43407E-1 2.67098E-1 3.78572E-1 6.43006E-1 3.08404E-1 3.33868E-1 2.3516E-1 2.31569E-1 2.33886E-1 4.04826E-1 3.69425E-1 2.4013E-1 2.80052E-1 4.01966E-1 2.77673E-1 2.23298E-1 2.07992E-1 2.1443E-1 2.16535E-1 3.00923E-1 4.0334E-1 4.69698E-1 2.15407E-1 2.06569E-1 2.14513E-1 2.15532E-1 2.97151E-1 5.02022E-1 3.49071E-1 2.3239E-1 4.34356E-1 3.91801E-1 3.67245E-1 3.51647E-1 5.88544E-1 3.48615E-1 5.75673E-1 4.4108E-1 4.22935E-1 5.30592E-1 5.24459E-1 3.24246E-1 3.42208E-1 2.46461E-1 2.65466E-1 3.59543E-1 2.9239E-1 4.62982E-1 3.24168E-1 3.66371E-1 4.60156E-1
