layers/old_layers/suit_hand.asc
ncols         638
nrows         825
xllcorner     -2985163.8955
yllcorner     -3022031.214
cellsize      10000.0
NODATA_value  -9999
[rows 203 to 231 of 825, columns 260 to 324 of 638]
6.12911E-1 5.72826E-1 4.09729E-1 3.92714E-1 6.08249E-1 4.1745E-1 3.638E-1 3.87023E-1 4.11067E-1 3.97825E-1 4.62247E-1 5.12188E-1 4.9181E-1 6.573E-1 6.86602E-1 7.03205E-1 7.64766E-1 8.46978E-1 7.93935E-1 8.5243E-1 7.32244E-1 4.85611E-1 4.65608E-1 4.55041E-1 4.89427E-1 4.97343E-1 4.85114E-1 5.39003E-1 5.23153E-1 5.80813E-1 5.87778E-1 6.79624E-1 6.34553E-1 6.57868E-1 7.10252E-1 9.43394E-1 7.32397E-1 7.69971E-1 8.51783E-1 7.53306E-1 7.32018E-1 8.25095E-1 7.64904E-1 8.4351E-1 8.15387E-1 9.27373E-1 8.36018E-1 7.97506E-1 7.82448E-1 8.26084E-1 8.89124E-1 7.30007E-1 7.34779E-1 9.01471E-1 7.02646E-1 7.06913E-1 7.5349E-1 8.92214E-1 8.54823E-1 6.51052E-1 7.36986E-1 7.01394E-1 6.02232E-1 5.7466E-1 6.1845E-1
4.59625E-1 4.41196E-1 3.91253E-1 3.90917E-1 7.91508E-1 5.90402E-1 4.78506E-1 4.0658E-1 3.8143E-1 5.15163E-1 4.77311E-1 4.72554E-1 5.80032E-1 5.02548E-1 5.43366E-1 8.14583E-1 7.9311E-1 8.05746E-1 5.91302E-1 5.06549E-1 4.85075E-1 4.34308E-1 4.66016E-1 4.44552E-1 4.74035E-1 4.87335E-1 5.17784E-1 5.30266E-1 5.05226E-1 5.50706E-1 5.57596E-1 5.59972E-1 6.15943E-1 6.97603E-1 6.82868E-1 7.15069E-1 9.28544E-1 7.36261E-1 7.88143E-1 7.48382E-1 7.78541E-1 8.73536E-1 7.0536E-1 9.81402E-1 8.39016E-1 8.21055E-1 7.7859E-1 7.76587E-1 7.64938E-1 7.96284E-1 9.6933E-1 7.69091E-1 7.50295E-1 8.39968E-1 8.14015E-1 7.4262E-1 7.61009E-1 8.57677E-1 8.42236E-1 7.26812E-1 7.83728E-1 6.26559E-1 5.99398E-1 5.85562E-1 6.31994E-1
8.23592E-1 4.63771E-1 3.60866E-1 8.14457E-1 4.31601E-1 3.96725E-1 3.77659E-1 4.05828E-1 4.30754E-1 4.44035E-1 4.92875E-1 4.4783E-1 4.77602E-1 5.98535E-1 8.53073E-1 8.78427E-1 7.85198E-1 7.67936E-1 5.5107E-1 4.64746E-1 4.49766E-1 4.69485E-1 4.40536E-1 4.91708E-1 4.57276E-1 4.69052E-1 5.8783E-1 5.53234E-1 5.62877E-1 6.15219E-1 5.78423E-1 5.88753E-1 6.91073E-1 6.21343E-1 7.64336E-1 7.578E-1 7.34118E-1 9.47851E-1 9.02029E-1 8.88756E-1 9.02917E-1 7.76769E-1 8.34689E-1 8.59891E-1 7.46712E-1 8.35426E-1 7.67096E-1 8.30419E-1 7.57285E-1 7.37082E-1 7.13044E-1 7.20069E-1 7.53225E-1 9.81949E-1 7.69891E-1 8.35535E-1 8.46379E-1 7.15149E-1 8.61939E-1 9.8148E-1 8.53887E-1 6.01401E-1 5.77905E-1 5.99271E-1 6.71597E-1
3.93347E-1 3.93516E-1 5.40014E-1 4.44237E-1 3.98778E-1 3.78531E-1 3.97128E-1 4.49201E-1 3.89846E-1 4.7785E-1 5.04472E-1 6.41305E-1 5.38308E-1 6.17719E-1 8.37809E-1 8.75814E-1 8.29913E-1 5.50225E-1 5.06257E-1 5.24688E-1 5.66405E-1 5.31891E-1 5.53276E-1 5.68658E-1 5.60293E-1 5.6084E-1 5.83228E-1 6.00124E-1 6.88715E-1 7.06832E-1 7.83324E-1 6.64915E-1 9.39665E-1 7.01877E-1 7.81583E-1 8.84985E-1 8.89726E-1 7.18394E-1 7.29465E-1 8.00043E-1 8.92117E-1 7.68582E-1 7.22147E-1 7.67525E-1 7.26345E-1 7.67364E-1 6.95579E-1 9.94636E-1 7.8999E-1 6.75855E-1 6.51729E-1 6.83252E-1 7.69202E-1 6.7525E-1 9.25889E-1 9.60817E-1 8.61869E-1 6.56546E-1 9.37926E-1 7.96904E-1 7.32664E-1 5.75257E-1 6.15378E-1 7.44272E-1 7.07955E-1
3.49677E-1 5.24403E-1 4.05179E-1 4.28235E-1 3.97012E-1 4.87397E-1 5.34311E-1 4.45204E-1 4.65754E-1 5.21353E-1 4.91166E-1 5.18533E-1 5.06072E-1 5.9138E-1 8.65359E-1 8.43444E-1 7.53586E-1 5.06067E-1 5.09349E-1 5.18769E-1 5.09422E-1 5.56551E-1 5.77026E-1 5.62245E-1 5.57444E-1 5.85534E-1 6.80934E-1 6.81215E-1 7.93268E-1 6.5557E-1 5.86577E-1 5.73962E-1 6.75094E-1 9.05049E-1 7.34947E-1 6.80676E-1 6.62679E-1 6.73373E-1 7.4913E-1 9.73347E-1 7.7169E-1 7.18053E-1 7.12475E-1 8.0176E-1 6.99691E-1 7.70261E-1 7.63176E-1 9.6199E-1 6.82714E-1 6.52884E-1 6.72435E-1 6.47784E-1 6.11265E-1 7.45587E-1 8.90435E-1 8.0111E-1 8.42429E-1 7.92287E-1 8.99478E-1 8.43264E-1 5.76297E-1 6.05173E-1 5.89076E-1 6.64895E-1 6.03866E-1
4.17611E-1 3.4408E-1 3.61457E-1 4.00065E-1 3.69694E-1 4.9555E-1 5.23299E-1 5.7834E-1 5.35843E-1 5.51832E-1 5.87043E-1 5.98863E-1 5.82619E-1 4.80557E-1 7.8309E-1 8.09163E-1 4.44212E-1 5.39026E-1 5.15068E-1 4.90489E-1 5.01206E-1 5.12043E-1 5.31256E-1 6.12492E-1 6.17922E-1 7.50948E-1 6.24603E-1 7.24229E-1 6.61138E-1 5.47122E-1 5.65703E-1 5.8925E-1 7.21268E-1 7.59594E-1 5.91838E-1 6.27357E-1 7.23381E-1 7.00776E-1 6.92166E-1 9.69054E-1 7.25017E-1 7.07391E-1 7.40764E-1 6.93803E-1 7.70954E-1 7.55608E-1 7.50058E-1 9.84261E-1 6.90206E-1 7.34243E-1 7.41688E-1 6.36233E-1 7.68347E-1 7.79114E-1 6.5239E-1 6.08237E-1 7.66673E-1 8.51718E-1 6.09574E-1 5.54361E-1 5.68604E-1 7.5072E-1 6.7913E-1 6.16358E-1 6.29642E-1
3.32698E-1 3.75579E-1 3.23689E-1 3.42309E-1 4.54876E-1 4.66713E-1 5.2528E-1 6.17989E-1 6.88473E-1 6.70314E-1 7.45737E-1 8.14421E-1 8.19493E-1 7.67893E-1 7.45942E-1 5.03643E-1 4.59817E-1 4.64163E-1 4.57845E-1 5.04977E-1 5.11646E-1 5.21918E-1 5.6568E-1 5.55074E-1 5.60564E-1 6.06851E-1 6.02083E-1 6.42446E-1 7.05609E-1 5.42726E-1 5.61279E-1 6.73491E-1 7.14739E-1 5.9578E-1 7.38907E-1 5.9607E-1 6.25773E-1 6.67174E-1 7.98343E-1 8.68625E-1 7.0184E-1 7.2281E-1 7.0333E-1 6.68892E-1 7.5946E-1 7.02521E-1 7.74924E-1 8.56278E-1 6.95904E-1 6.29937E-1 6.1258E-1 6.55948E-1 6.14792E-1 5.91458E-1 6.00285E-1 6.09823E-1 6.79995E-1 9.83123E-1 6.15859E-1 6.25723E-1 5.82092E-1 7.69133E-1 5.60521E-1 5.80657E-1 5.60202E-1
3.60305E-1 3.44611E-1 3.15856E-1 4.18317E-1 4.61784E-1 5.15805E-1 6.12117E-1 6.80781E-1 7.0184E-1 8.68812E-1 8.06309E-1 8.12018E-1 7.01885E-1 8.20767E-1 4.80128E-1 3.94596E-1 4.60123E-1 4.77677E-1 4.6223E-1 4.60726E-1 7.14032E-1 5.49298E-1 5.53879E-1 5.22043E-1 5.2226E-1 6.13401E-1 6.58355E-1 6.68477E-1 7.08557E-1 7.87254E-1 8.58957E-1 6.97724E-1 6.97348E-1 6.02297E-1 5.92743E-1 6.23311E-1 6.83015E-1 7.54927E-1 9.02812E-1 8.54626E-1 7.17961E-1 7.33322E-1 6.82778E-1 6.88302E-1 7.20637E-1 6.902E-1 9.76708E-1 6.94174E-1 6.76443E-1 6.16587E-1 6.27724E-1 6.09353E-1 5.80686E-1 5.77058E-1 6.10533E-1 7.67567E-1 8.86525E-1 7.40818E-1 6.60336E-1 5.92609E-1 5.80549E-1 6.14646E-1 5.42972E-1 5.49644E-1 5.44545E-1
3.43134E-1 2.95648E-1 3.87152E-1 4.56389E-1 4.70457E-1 5.95789E-1 7.17597E-1 8.2906E-1 7.53358E-1 7.99939E-1 6.13755E-1 6.91575E-1 7.7594E-1 6.55378E-1 5.54967E-1 4.51218E-1 5.04334E-1 4.48215E-1 5.93306E-1 4.90754E-1 4.97615E-1 5.4494E-1 5.42099E-1 5.63738E-1 6.41535E-1 6.07607E-1 6.6815E-1 7.11427E-1 7.40751E-1 9.04006E-1 6.18372E-1 6.05797E-1 5.6872E-1 5.9261E-1 6.06668E-1 7.29472E-1 9.48862E-1 6.84078E-1 6.6738E-1 7.05779E-1 7.1885E-1 6.85462E-1 6.3766E-1 7.66823E-1 6.63214E-1 6.5131E-1 8.90989E-1 6.34986E-1 5.98042E-1 5.93961E-1 6.48674E-1 6.05641E-1 5.62958E-1 5.81836E-1 6.0078E-1 7.30988E-1 9.7813E-1 8.30483E-1 6.33184E-1 5.35011E-1 8.3793E-1 5.68533E-1 5.21177E-1 5.11799E-1 4.92104E-1
3.05976E-1 3.40987E-1 3.98812E-1 4.87331E-1 5.28178E-1 8.16864E-1 8.38351E-1 7.37168E-1 7.03823E-1 5.93822E-1 5.60211E-1 8.27382E-1 4.06274E-1 5.2479E-1 4.42365E-1 5.44236E-1 4.53075E-1 4.4285E-1 4.81994E-1 4.32441E-1 4.646E-1 5.29894E-1 5.9718E-1 5.99167E-1 5.77246E-1 5.86147E-1 5.97492E-1 6.52611E-1 8.14985E-1 7.88292E-1 6.04501E-1 5.9687E-1 6.26044E-1 5.88878E-1 8.22175E-1 7.20658E-1 6.14837E-1 6.78388E-1 6.66285E-1 9.1063E-1 6.688E-1 6.30903E-1 6.83482E-1 6.65233E-1 6.62418E-1 9.33436E-1 6.68001E-1 5.82777E-1 5.92552E-1 5.59717E-1 5.8493E-1 5.84835E-1 6.4309E-1 7.61724E-1 6.02192E-1 8.16928E-1 6.18251E-1 6.59625E-1 5.51078E-1 5.55764E-1 5.76572E-1 5.19152E-1 5.07802E-1 4.87046E-1 4.63931E-1
4.58127E-1 4.27645E-1 5.57171E-1 5.00591E-1 6.06062E-1 7.84417E-1 7.20925E-1 6.4105E-1 6.23853E-1 4.04877E-1 8.07772E-1 5.59469E-1 4.20798E-1 4.12587E-1 4.92131E-1 4.54743E-1 4.47792E-1 4.38902E-1 4.22031E-1 5.92706E-1 5.88216E-1 5.90011E-1 5.76754E-1 5.57607E-1 7.48841E-1 9.06564E-1 8.17595E-1 6.6621E-1 7.46569E-1 7.67645E-1 5.75031E-1 5.85847E-1 7.23107E-1 7.95079E-1 8.05737E-1 5.65683E-1 6.19361E-1 7.76608E-1 8.22231E-1 7.82623E-1 9.48466E-1 7.344E-1 7.2541E-1 9.30088E-1 6.55086E-1 7.66923E-1 6.32778E-1 6.08908E-1 5.92958E-1 5.94982E-1 5.61114E-1 5.84806E-1 6.6907E-1 7.80487E-1 9.82842E-1 8.74358E-1 7.63243E-1 6.08881E-1 5.75138E-1 5.42357E-1 6.03159E-1 5.01906E-1 4.91477E-1 4.77591E-1 4.7803E-1
4.80462E-1 5.36032E-1 5.83937E-1 5.31738E-1 6.67231E-1 8.73139E-1 7.11032E-1 6.07963E-1 5.27839E-1 6.47353E-1 4.12944E-1 3.67441E-1 4.2502E-1 4.24552E-1 4.4174E-1 4.23974E-1 4.1322E-1 4.37681E-1 5.47377E-1 5.72845E-1 5.78319E-1 5.41722E-1 7.21425E-1 8.54388E-1 7.86896E-1 7.09855E-1 6.74076E-1 7.53611E-1 5.09957E-1 5.50676E-1 5.46532E-1 7.59946E-1 7.59856E-1 6.13306E-1 8.83108E-1 5.75551E-1 6.17898E-1 7.56927E-1 8.55506E-1 7.70509E-1 8.26484E-1 9.13791E-1 7.27329E-1 6.8044E-1 7.06882E-1 6.2354E-1 5.62014E-1 5.72694E-1 6.00881E-1 5.58339E-1 6.33065E-1 6.99207E-1 7.34248E-1 9.67316E-1 6.80148E-1 8.34793E-1 5.69096E-1 5.03878E-1 5.40661E-1 5.22995E-1 7.01916E-1 5.06667E-1 4.84282E-1 4.52136E-1 4.65305E-1
6.94096E-1 5.28005E-1 5.9496E-1 7.10751E-1 7.68715E-1 8.19265E-1 6.84314E-1 5.49013E-1 3.29844E-1 7.48275E-1 3.79259E-1 3.54001E-1 3.95565E-1 5.26241E-1 4.11717E-1 6.34134E-1 5.49728E-1 6.58471E-1 5.81151E-1 5.38492E-1 5.43068E-1 5.85227E-1 8.0442E-1 6.10394E-1 6.29698E-1 6.89478E-1 7.27257E-1 5.62659E-1 5.44848E-1 4.89016E-1 8.82053E-1 7.79741E-1 6.30484E-1 5.274E-1 6.50634E-1 6.10541E-1 5.88286E-1 7.75069E-1 6.96425E-1 8.19368E-1 6.43241E-1 6.41734E-1 6.17491E-1 6.84445E-1 6.57935E-1 5.54423E-1 5.66603E-1 5.51541E-1 5.66409E-1 5.58658E-1 5.53606E-1 6.01404E-1 9.41993E-1 8.2792E-1 5.89016E-1 7.49046E-1 5.79205E-1 5.20345E-1 4.94825E-1 4.95775E-1 5.49836E-1 5.25667E-1 4.97197E-1 4.67708E-1 4.41999E-1
5.28561E-1 6.00739E-1 7.12757E-1 7.38483E-1 6.2081E-1 7.97602E-1 5.73717E-1 4.39124E-1 3.6613E-1 6.81293E-1 4.00912E-1 3.66671E-1 5.33563E-1 5.38072E-1 5.28063E-1 5.41413E-1 5.71139E-1 6.33081E-1 6.04504E-1 7.14015E-1 5.99518E-1 6.05102E-1 6.29559E-1 6.42082E-1 6.45205E-1 7.47327E-1 4.87903E-1 4.8342E-1 5.27173E-1 6.08018E-1 7.39174E-1 4.86322E-1 5.04906E-1 6.2086E-1 5.70535E-1 6.48055E-1 7.57285E-1 7.77395E-1 7.35203E-1 6.32708E-1 5.84697E-1 8.45618E-1 6.2417E-1 6.00112E-1 6.17126E-1 5.84202E-1 5.69864E-1 5.37023E-1 5.34859E-1 5.24509E-1 5.51667E-1 8.1464E-1 9.36172E-1 5.73655E-1 5.65708E-1 6.01937E-1 5.45457E-1 4.9803E-1 4.75314E-1 4.81538E-1 5.43467E-1 5.30321E-1 4.94936E-1 4.51473E-1 4.22869E-1
5.33948E-1 6.60583E-1 7.16875E-1 7.15381E-1 7.37277E-1 6.81037E-1 4.56493E-1 4.48342E-1 3.57697E-1 5.17887E-1 4.14117E-1 3.79115E-1 5.44351E-1 5.50634E-1 5.74814E-1 5.56057E-1 5.75791E-1 5.76268E-1 5.4672E-1 6.30058E-1 8.06851E-1 5.87938E-1 5.82096E-1 6.79997E-1 6.09367E-1 4.79932E-1 4.5013E-1 5.63998E-1 5.85947E-1 7.8364E-1 5.96386E-1 5.13981E-1 5.08748E-1 5.35232E-1 6.6746E-1 6.34227E-1 7.05175E-1 7.00081E-1 6.45771E-1 8.42884E-1 6.90192E-1 7.83798E-1 9.32437E-1 7.01883E-1 5.32516E-1 5.46379E-1 6.09836E-1 5.28381E-1 5.22666E-1 6.68234E-1 7.23283E-1 7.44078E-1 8.96494E-1 6.81649E-1 5.27465E-1 5.22153E-1 5.03755E-1 4.67111E-1 4.64793E-1 4.50909E-1 5.0948E-1 4.87669E-1 4.57915E-1 4.45359E-1 4.10678E-1
7.40642E-1 7.42917E-1 6.99134E-1 8.49294E-1 6.90068E-1 4.22782E-1 3.4007E-1 3.81093E-1 4.48852E-1 4.92685E-1 3.63837E-1 3.64029E-1 5.39525E-1 5.42423E-1 5.37533E-1 5.46272E-1 5.36072E-1 5.53114E-1 5.78504E-1 5.48745E-1 5.90854E-1 5.95536E-1 4.50611E-1 4.72319E-1 6.43087E-1 7.30463E-1 7.87326E-1 8.18288E-1 7.0546E-1 6.37157E-1 4.86853E-1 6.92399E-1 4.96405E-1 5.21922E-1 9.25275E-1 5.5983E-1 6.09287E-1 6.15242E-1 6.26809E-1 8.27006E-1 5.83863E-1 8.43894E-1 5.49379E-1 9.28544E-1 5.84305E-1 5.26014E-1 5.15101E-1 5.19499E-1 4.95009E-1 5.32792E-1 5.3231E-1 8.5089E-1 8.13433E-1 5.37137E-1 5.28291E-1 5.13187E-1 5.01623E-1 4.40171E-1 4.34859E-1 4.37322E-1 4.76351E-1 5.06346E-1 4.6775E-1 4.25437E-1 4.0843E-1
6.59427E-1 5.84016E-1 6.95279E-1 5.90074E-1 4.3419E-1 4.24744E-1 3.33915E-1 3.47493E-1 4.34919E-1 3.82691E-1 4.23286E-1 3.72385E-1 5.30882E-1 5.29418E-1 5.29529E-1 5.15886E-1 5.51598E-1 5.37661E-1 6.32247E-1 5.93898E-1 5.74165E-1 5.32525E-1 4.07198E-1 4.27368E-1 8.28876E-1 4.90835E-1 8.02773E-1 4.67043E-1 5.95378E-1 7.51666E-1 5.72787E-1 5.30225E-1 5.2294E-1 6.78373E-1 5.46912E-1 7.64485E-1 5.98152E-1 6.66845E-1 6.95204E-1 9.26322E-1 4.83478E-1 8.14573E-1 5.85338E-1 8.06761E-1 5.08824E-1 5.22363E-1 5.8502E-1 5.15968E-1 5.39139E-1 5.05232E-1 5.0985E-1 6.62006E-1 5.42766E-1 5.25805E-1 4.87087E-1 5.25287E-1 4.63185E-1 4.17384E-1 4.10529E-1 4.21083E-1 4.67679E-1 4.76342E-1 4.39764E-1 4.73025E-1 4.6927E-1
4.69686E-1 7.34588E-1 5.64208E-1 4.39729E-1 4.75405E-1 4.12139E-1 3.48868E-1 3.55921E-1 3.75913E-1 3.44377E-1 4.03974E-1 3.96397E-1 5.5043E-1 4.95552E-1 5.33458E-1 5.2831E-1 5.47624E-1 6.22586E-1 5.6108E-1 5.46185E-1 3.70627E-1 3.91285E-1 4.73196E-1 6.05035E-1 6.40441E-1 5.50102E-1 6.10373E-1 4.38926E-1 4.95233E-1 5.03968E-1 4.62426E-1 4.66125E-1 5.64974E-1 4.48377E-1 5.25503E-1 6.50767E-1 6.30506E-1 6.07401E-1 6.27967E-1 6.53124E-1 5.54089E-1 4.97552E-1 6.78988E-1 8.55785E-1 9.09333E-1 9.30795E-1 7.43956E-1 5.74993E-1 5.01669E-1 4.88465E-1 4.73382E-1 8.242E-1 4.97133E-1 5.34995E-1 5.2071E-1 4.67424E-1 4.40854E-1 4.08787E-1 3.99361E-1 4.2681E-1 4.52272E-1 4.38277E-1 4.18751E-1 4.21295E-1 4.70343E-1
4.50779E-1 4.64647E-1 5.87993E-1 5.0402E-1 4.73312E-1 3.63901E-1 3.41444E-1 4.25426E-1 3.72042E-1 3.7233E-1 3.81087E-1 3.63224E-1 3.83209E-1 3.64185E-1 5.44718E-1 5.73278E-1 5.77944E-1 6.00032E-1 5.24278E-1 4.00747E-1 8.44651E-1 7.19082E-1 8.26695E-1 6.70671E-1 5.52999E-1 7.99538E-1 4.16091E-1 5.0373E-1 5.25889E-1 5.00893E-1 4.14171E-1 5.12773E-1 4.44017E-1 4.87196E-1 5.23472E-1 5.59858E-1 5.37659E-1 5.75644E-1 9.20288E-1 4.81122E-1 4.67916E-1 5.76012E-1 5.1574E-1 9.21172E-1 7.41777E-1 5.07431E-1 6.87981E-1 8.41159E-1 5.42846E-1 5.05197E-1 4.78901E-1 6.59977E-1 4.59538E-1 5.95023E-1 4.51379E-1 4.60688E-1 4.40646E-1 4.04718E-1 3.9383E-1 4.18355E-1 4.43921E-1 4.25776E-1 4.10699E-1 4.37359E-1 6.03862E-1
5.79758E-1 5.20569E-1 5.46681E-1 4.69199E-1 4.36093E-1 3.38139E-1 3.41094E-1 3.51267E-1 4.85809E-1 4.08139E-1 3.74015E-1 3.72981E-1 3.86342E-1 4.27148E-1 4.18695E-1 3.9193E-1 3.82617E-1 3.81256E-1 5.35718E-1 7.64962E-1 5.92556E-1 5.75877E-1 7.36575E-1 4.35997E-1 6.53582E-1 4.17417E-1 4.91385E-1 4.27468E-1 4.5424E-1 4.92325E-1 4.50847E-1 4.50899E-1 4.75632E-1 4.7451E-1 5.1842E-1 5.03162E-1 8.44986E-1 7.04216E-1 8.38583E-1 5.07195E-1 4.60732E-1 4.51178E-1 4.69672E-1 6.81596E-1 8.25583E-1 5.78292E-1 5.09624E-1 7.04136E-1 5.09557E-1 4.80767E-1 4.54616E-1 6.83657E-1 4.69637E-1 4.9349E-1 4.83836E-1 4.02375E-1 4.22942E-1 3.97704E-1 3.75909E-1 4.02458E-1 4.33601E-1 4.01037E-1 3.90705E-1 4.34601E-1 6.28969E-1
4.82415E-1 7.39181E-1 5.31012E-1 4.7001E-1 4.94901E-1 3.61479E-1 3.76354E-1 3.50754E-1 3.75696E-1 4.2804E-1 4.0289E-1 4.22743E-1 4.29763E-1 4.6328E-1 5.27448E-1 5.58083E-1 4.66944E-1 6.76363E-1 6.11717E-1 6.07334E-1 5.40523E-1 3.88143E-1 3.76983E-1 5.09898E-1 6.47869E-1 4.07963E-1 4.23969E-1 4.41768E-1 4.16108E-1 4.28306E-1 4.9746E-1 3.97002E-1 4.41786E-1 4.58103E-1 4.49781E-1 4.7209E-1 9.14003E-1 6.83095E-1 8.51831E-1 7.09718E-1 4.86942E-1 4.39169E-1 4.60796E-1 6.70805E-1 7.57223E-1 6.62164E-1 4.55511E-1 4.67697E-1 5.35102E-1 6.35384E-1 4.46188E-1 6.03528E-1 4.59079E-1 4.2977E-1 4.68372E-1 4.56323E-1 4.07015E-1 3.73849E-1 3.74397E-1 3.88975E-1 3.82546E-1 3.89921E-1 4.16847E-1 4.71222E-1 8.81084E-1
4.89295E-1 5.58965E-1 5.00808E-1 4.60443E-1 5.03011E-1 3.76667E-1 4.17965E-1 4.0376E-1 4.03389E-1 4.79896E-1 3.82476E-1 4.36761E-1 4.29939E-1 4.86028E-1 4.67911E-1 5.55609E-1 4.2737E-1 5.39421E-1 7.58171E-1 5.41701E-1 4.46583E-1 5.40437E-1 3.80256E-1 7.10444E-1 6.23273E-1 4.27909E-1 3.95539E-1 4.42888E-1 4.63543E-1 4.18705E-1 4.85447E-1 4.18807E-1 4.78391E-1 4.29582E-1 4.77504E-1 5.0945E-1 7.66695E-1 4.77719E-1 8.89365E-1 4.19565E-1 4.22318E-1 4.21356E-1 5.96658E-1 4.95642E-1 6.29271E-1 8.37641E-1 4.69226E-1 7.12207E-1 8.87076E-1 4.94175E-1 4.14521E-1 5.73595E-1 4.75647E-1 4.19202E-1 3.95422E-1 3.98042E-1 3.93941E-1 3.75078E-1 3.82194E-1 3.95792E-1 4.18513E-1 3.86184E-1 4.47756E-1 4.38972E-1 9.36215E-1
5.20024E-1 6.31447E-1 5.69665E-1 4.89127E-1 4.82791E-1 3.95118E-1 4.51131E-1 4.12642E-1 4.23355E-1 4.19728E-1 4.47032E-1 4.35771E-1 4.71342E-1 4.47856E-1 8.48861E-1 6.00849E-1 5.06497E-1 6.84038E-1 5.78511E-1 4.26265E-1 3.90466E-1 3.90886E-1 3.53337E-1 6.16286E-1 7.98978E-1 3.78368E-1 4.35877E-1 4.19333E-1 5.27773E-1 3.60456E-1 5.77529E-1 4.31281E-1 4.13338E-1 3.96637E-1 4.46438E-1 7.27759E-1 6.43084E-1 7.22082E-1 4.44646E-1 8.40733E-1 4.03221E-1 4.28027E-1 5.04631E-1 4.49742E-1 4.64334E-1 5.69811E-1 5.64852E-1 6.42193E-1 8.96604E-1 6.7827E-1 4.48037E-1 4.71465E-1 4.11487E-1 4.17004E-1 3.76424E-1 4.75115E-1 5.84653E-1 4.82577E-1 4.73614E-1 4.77233E-1 4.55214E-1 4.37191E-1 4.64714E-1 5.55057E-1 5.17343E-1
4.99933E-1 8.18039E-1 5.3203E-1 5.80199E-1 4.00198E-1 4.04368E-1 3.99733E-1 4.06581E-1 4.25636E-1 4.7555E-1 4.5426E-1 4.45378E-1 4.88658E-1 6.59998E-1 6.24309E-1 5.94953E-1 5.96709E-1 6.92841E-1 7.38008E-1 4.13153E-1 4.05922E-1 3.86735E-1 6.37608E-1 6.96383E-1 6.78497E-1 7.60414E-1 3.95625E-1 4.23347E-1 4.38936E-1 4.81151E-1 6.05306E-1 4.49912E-1 4.14318E-1 4.19283E-1 8.3314E-1 3.72665E-1 4.76054E-1 5.54841E-1 4.1719E-1 7.54248E-1 4.13409E-1 3.99116E-1 4.29793E-1 4.22151E-1 3.66248E-1 8.15921E-1 4.74731E-1 5.05622E-1 7.92762E-1 5.99427E-1 4.59704E-1 4.14191E-1 4.3307E-1 4.01032E-1 3.35063E-1 4.6793E-1 6.04582E-1 4.86172E-1 4.87156E-1 5.03654E-1 6.03073E-1 5.00052E-1 5.00576E-1 5.75808E-1 5.18959E-1
5.04544E-1 6.72463E-1 8.94321E-1 6.10147E-1 5.4262E-1 4.25981E-1 4.22669E-1 4.77437E-1 4.94419E-1 5.92369E-1 5.96359E-1 6.25469E-1 6.7746E-1 7.06412E-1 7.00411E-1 5.00026E-1 5.989E-1 4.21923E-1 5.2286E-1 4.64884E-1 3.7923E-1 4.21231E-1 4.08102E-1 4.10319E-1 7.09236E-1 8.40123E-1 3.7962E-1 4.36347E-1 4.29798E-1 4.5672E-1 3.74866E-1 3.80169E-1 4.94586E-1 4.49521E-1 8.69336E-1 5.53888E-1 4.19234E-1 5.75389E-1 3.82328E-1 4.68138E-1 7.40883E-1 4.06155E-1 4.06381E-1 3.71643E-1 4.03387E-1 4.47141E-1 4.63269E-1 4.4822E-1 7.37477E-1 5.44899E-1 4.40417E-1 4.12639E-1 3.87164E-1 4.22902E-1 3.65568E-1 3.94106E-1 4.69983E-1 4.93734E-1 5.77315E-1 8.22398E-1 8.69487E-1 5.9083E-1 4.78946E-1 4.88483E-1 4.20819E-1
5.29567E-1 6.82654E-1 5.79246E-1 6.5093E-1 5.25805E-1 4.34106E-1 4.49425E-1 7.24483E-1 5.57947E-1 7.10028E-1 5.88229E-1 6.29589E-1 7.29461E-1 7.86374E-1 5.12536E-1 5.47637E-1 4.46448E-1 4.37431E-1 5.39777E-1 7.97495E-1 5.1366E-1 6.68287E-1 4.26508E-1 6.796E-1 7.28515E-1 7.52975E-1 7.17435E-1 7.60591E-1 4.00886E-1 3.78445E-1 4.05017E-1 4.40478E-1 4.4451E-1 5.6656E-1 4.68895E-1 4.3265E-1 3.61947E-1 5.68853E-1 4.43442E-1 4.09074E-1 3.77579E-1 3.82653E-1 3.84866E-1 4.39857E-1 4.73497E-1 4.2827E-1 5.08374E-1 5.34341E-1 7.70315E-1 7.08578E-1 4.5526E-1 4.11789E-1 3.84486E-1 4.40113E-1 4.57184E-1 4.40924E-1 6.25227E-1 8.76907E-1 5.96832E-1 5.01633E-1 4.81472E-1 4.61178E-1 4.32657E-1 3.91516E-1 4.06447E-1
5.23709E-1 5.50967E-1 5.76337E-1 6.45615E-1 5.6151E-1 4.28394E-1 5.16585E-1 5.51419E-1 5.60562E-1 5.72158E-1 5.94459E-1 6.57138E-1 8.74179E-1 5.992E-1 5.41454E-1 6.36245E-1 4.87473E-1 5.94179E-1 7.98099E-1 5.6733E-1 7.07852E-1 8.17357E-1 7.5482E-1 5.33004E-1 7.64345E-1 6.97919E-1 7.75782E-1 7.34566E-1 4.16107E-1 3.65909E-1 3.70276E-1 3.7186E-1 6.08935E-1 8.52903E-1 4.99793E-1 4.95238E-1 3.41544E-1 5.47017E-1 3.60518E-1 3.3566E-1 3.34649E-1 4.78582E-1 4.01761E-1 4.5484E-1 3.92631E-1 3.70742E-1 4.43556E-1 5.64368E-1 8.9192E-1 6.44172E-1 4.47684E-1 3.87173E-1 4.40742E-1 4.74505E-1 4.52593E-1 4.39293E-1 9.21521E-1 5.301E-1 4.01702E-1 3.60614E-1 4.85686E-1 6.36051E-1 3.76297E-1 4.1804E-1 3.69948E-1
5.11072E-1 6.09392E-1 6.02317E-1 8.91215E-1 6.4631E-1 6.48365E-1 4.74934E-1 5.22247E-1 6.20366E-1 5.81064E-1 6.39107E-1 6.67258E-1 6.99313E-1 5.48519E-1 5.6635E-1 5.32232E-1 5.11204E-1 6.22932E-1 5.82159E-1 7.28522E-1 6.86863E-1 6.88261E-1 7.01879E-1 4.09377E-1 3.99089E-1 7.44825E-1 7.51134E-1 8.3974E-1 3.72799E-1 3.65597E-1 4.6474E-1 4.65781E-1 4.39666E-1 8.73393E-1 5.15117E-1 4.64061E-1 3.34184E-1 4.61041E-1 3.82163E-1 3.25214E-1 3.31898E-1 3.69805E-1 4.73503E-1 4.58263E-1 3.8656E-1 3.91776E-1 4.11851E-1 4.5866E-1 7.96175E-1 6.45091E-1 5.15565E-1 4.0879E-1 4.62077E-1 5.64188E-1 5.18883E-1 9.24788E-1 4.27415E-1 4.03078E-1 3.16242E-1 3.31024E-1 4.12776E-1 4.02271E-1 3.35794E-1 3.42278E-1 4.80552E-1
4.55083E-1 6.23345E-1 6.20568E-1 9.15291E-1 6.91184E-1 7.45451E-1 6.10853E-1 5.77485E-1 6.41194E-1 6.38867E-1 7.13774E-1 7.77004E-1 8.68485E-1 5.10085E-1 5.69344E-1 6.39497E-1 6.82132E-1 8.09975E-1 5.77938E-1 6.23953E-1 7.59103E-1 4.70198E-1 5.90283E-1 5.04014E-1 4.04879E-1 4.98582E-1 6.60834E-1 7.00334E-1 3.72374E-1 3.73471E-1 3.92281E-1 3.88507E-1 4.0066E-1 5.8488E-1 4.49345E-1 4.77116E-1 3.61551E-1 4.16776E-1 3.83212E-1 3.18703E-1 3.00322E-1 3.27425E-1 4.04334E-1 3.84587E-1 3.46557E-1 3.51213E-1 3.81869E-1 4.77496E-1 6.7277E-1 7.026E-1 4.92267E-1 4.15961E-1 4.39055E-1 4.23616E-1 5.71679E-1 4.39751E-1 3.76474E-1 3.22212E-1 2.82845E-1 2.97522E-1 3.46012E-1 3.27411E-1 3.14136E-1 3.40953E-1 4.89152E-1
