layers/old_layers/suit_ele.asc
ncols         638
nrows         825
xllcorner     -2985163.8955
yllcorner     -3022031.214
cellsize      10000.0
NODATA_value  -9999
[rows 174 to 202 of 825, columns 65 to 129 of 638]
-9999 -9999 -9999 5.09639E-2 4.24001E-2 3.77431E-2 3.33717E-2 2.62829E-2 2.06525E-2 1.4761E-2 1.01058E-2 7.07815E-3 5.68403E-3 5.13621E-3 4.77529E-3 5.18887E-3 7.9187E-3 1.08387E-2 2.8632E-2 3.30788E-2 1.78511E-2 1.92102E-2 3.92413E-2 4.05509E-2 2.20579E-2 2.36737E-2 4.92235E-2 2.75869E-2 4.26589E-1 8.22267E-1 9.76228E-1 6.7819E-1 5.90111E-1 7.78344E-1 6.87422E-1 5.49453E-1 3.66449E-1 4.18636E-1 4.21187E-1 3.97803E-1 4.91792E-1 4.80335E-1 4.97041E-1 5.07565E-1 4.97955E-1 4.97168E-1 4.83011E-1 4.50816E-1 4.14488E-1 3.79288E-1 3.39023E-1 3.02615E-1 2.65611E-1 2.48017E-1 2.53718E-1 2.63393E-1 2.29995E-1 2.22618E-1 2.57146E-1 2.80915E-1 2.21626E-1 2.19872E-1 2.1887E-1 2.43703E-1 2.52075E-1
-9999 -9999 8.34786E-2 5.93774E-2 5.0672E-2 4.63981E-2 4.03193E-2 3.08514E-2 2.19137E-2 1.68021E-2 1.2269E-2 8.41385E-3 6.67607E-3 5.71158E-3 6.30232E-3 8.55727E-3 9.19055E-3 1.51416E-2 4.02651E-2 6.088E-2 5.32308E-2 3.01365E-2 3.99571E-2 2.83305E-2 2.33005E-2 3.38663E-2 5.36359E-2 1.63618E-2 5.58827E-2 4.80141E-1 6.73642E-1 5.47775E-1 6.61567E-1 8.55532E-1 7.15298E-1 4.43905E-1 4.06786E-1 4.65543E-1 4.35915E-1 4.97268E-1 4.54953E-1 5.11202E-1 5.15271E-1 4.91515E-1 5.28049E-1 5.27646E-1 5.01636E-1 4.49402E-1 4.219E-1 3.22006E-1 2.83601E-1 2.49202E-1 2.6268E-1 2.40212E-1 2.54546E-1 2.2004E-1 2.68636E-1 2.74768E-1 2.70479E-1 2.77296E-1 2.27108E-1 2.14144E-1 2.25352E-1 2.35612E-1 2.30804E-1
-9999 1.17509E-1 1.15667E-1 7.69007E-2 7.07812E-2 5.93479E-2 4.67449E-2 4.16155E-2 2.94753E-2 2.07767E-2 1.44326E-2 9.84061E-3 7.76677E-3 6.58273E-3 8.02535E-3 2.10035E-2 9.98161E-3 8.58746E-3 3.05945E-2 9.02237E-2 2.01957E-2 2.06173E-2 3.28743E-2 2.63641E-2 3.47016E-2 7.45789E-2 1.16969E-1 8.4262E-2 5.94516E-2 5.24859E-1 8.21709E-1 7.76366E-1 8.63279E-1 9.13306E-1 6.99124E-1 4.08533E-1 4.49079E-1 4.81727E-1 4.64472E-1 4.77807E-1 5.51129E-1 5.4406E-1 5.52017E-1 4.59657E-1 5.32261E-1 4.96873E-1 4.89117E-1 4.51579E-1 3.63205E-1 3.23528E-1 2.85673E-1 2.57384E-1 2.27236E-1 2.45494E-1 2.56212E-1 2.56745E-1 2.11934E-1 2.70488E-1 2.72993E-1 2.72223E-1 2.37642E-1 2.36225E-1 2.29934E-1 2.40598E-1 2.30392E-1
1.0228E-1 1.35477E-1 1.04687E-1 9.67909E-2 7.76863E-2 6.76607E-2 5.98167E-2 4.46981E-2 3.42671E-2 2.658E-2 1.81198E-2 1.24659E-2 1.01825E-2 7.9352E-3 1.31542E-2 3.13463E-2 2.1171E-2 9.28204E-3 1.80933E-2 2.20785E-2 1.346E-2 2.89956E-2 2.20598E-2 1.7045E-2 6.20484E-2 1.15085E-1 1.82908E-1 1.28536E-1 1.71404E-1 8.06904E-1 9.08829E-1 7.69953E-1 8.3355E-1 8.39771E-1 6.92536E-1 4.79205E-1 5.54727E-1 5.55928E-1 4.89806E-1 5.71895E-1 5.61387E-1 5.58363E-1 5.05405E-1 4.96085E-1 5.28532E-1 4.39404E-1 4.64848E-1 4.45198E-1 3.62676E-1 3.36329E-1 2.88658E-1 2.58742E-1 2.28183E-1 2.02866E-1 2.10494E-1 2.4845E-1 2.14286E-1 2.73426E-1 2.21094E-1 2.55531E-1 2.79149E-1 2.51468E-1 2.58738E-1 2.47624E-1 2.47863E-1
-9999 1.2362E-1 1.28145E-1 1.25753E-1 1.05845E-1 8.80302E-2 7.92747E-2 5.71712E-2 4.12368E-2 3.16216E-2 2.28092E-2 1.67E-2 1.31103E-2 9.65378E-3 1.49778E-2 3.18409E-2 3.22518E-2 1.14347E-2 1.35137E-2 2.08036E-2 2.61577E-2 4.94508E-2 3.69407E-2 2.91847E-2 8.77097E-2 1.31235E-1 3.79732E-2 1.19221E-1 7.1053E-1 9.56132E-1 9.37383E-1 6.59603E-1 7.17038E-1 7.55108E-1 7.17638E-1 6.35506E-1 5.8544E-1 5.85029E-1 5.83593E-1 5.81793E-1 5.89637E-1 5.27341E-1 5.47858E-1 5.19878E-1 5.07751E-1 4.47744E-1 3.77027E-1 3.9465E-1 3.53435E-1 3.20134E-1 2.76003E-1 2.49078E-1 2.58766E-1 2.42625E-1 2.39615E-1 2.49348E-1 2.60067E-1 2.62277E-1 2.49611E-1 2.20427E-1 2.63878E-1 2.55861E-1 2.23221E-1 2.51984E-1 2.49035E-1
-9999 1.06897E-1 1.26229E-1 1.48165E-1 1.30274E-1 1.0741E-1 8.87835E-2 6.71838E-2 5.05228E-2 3.79667E-2 2.69305E-2 2.00647E-2 1.56823E-2 1.2481E-2 1.17905E-2 2.1428E-2 3.53243E-2 5.81662E-3 8.16109E-3 1.4279E-2 3.27965E-2 6.78617E-2 4.5212E-2 5.31118E-2 3.01945E-2 2.48679E-2 4.38069E-2 1.14331E-1 7.97787E-1 8.67845E-1 8.73163E-1 5.9808E-1 7.29755E-1 8.54864E-1 7.21202E-1 6.46508E-1 5.25298E-1 5.51328E-1 6.35653E-1 6.21839E-1 6.24959E-1 5.58285E-1 5.45667E-1 5.58068E-1 5.36436E-1 4.76604E-1 3.99227E-1 3.79007E-1 3.60454E-1 2.92375E-1 2.9161E-1 2.41936E-1 2.23503E-1 2.0934E-1 2.03551E-1 2.08711E-1 2.08314E-1 2.08309E-1 2.03409E-1 2.11513E-1 2.25616E-1 2.66796E-1 2.25167E-1 2.33458E-1 2.43232E-1
1.11024E-1 1.03609E-1 1.05177E-1 -9999 1.59733E-1 1.4591E-1 1.16969E-1 8.23824E-2 6.08769E-2 4.42216E-2 3.25035E-2 2.54487E-2 1.93007E-2 1.59649E-2 1.39423E-2 1.65869E-2 2.18129E-2 7.73628E-3 6.42604E-3 1.37242E-2 3.22025E-2 7.88987E-2 4.78583E-2 5.39036E-2 3.09117E-2 5.06235E-2 5.79304E-2 3.08388E-1 8.56363E-1 7.39135E-1 7.23247E-1 6.20704E-1 7.49641E-1 7.93619E-1 5.90039E-1 4.90275E-1 5.63621E-1 5.67718E-1 5.68183E-1 6.58788E-1 5.97037E-1 5.88498E-1 5.93271E-1 5.80875E-1 5.5764E-1 5.06415E-1 4.30713E-1 3.75637E-1 3.6374E-1 3.25845E-1 2.98897E-1 2.478E-1 2.30882E-1 2.14813E-1 1.95106E-1 1.94589E-1 2.05637E-1 2.07987E-1 2.03871E-1 2.01353E-1 2.20143E-1 2.36351E-1 2.29832E-1 2.68403E-1 2.33471E-1
-9999 1.18702E-1 1.10589E-1 1.20998E-1 -9999 1.63779E-1 1.28034E-1 1.19418E-1 7.46531E-2 6.15531E-2 4.14738E-2 2.87148E-2 2.32314E-2 2.19359E-2 1.79919E-2 1.39744E-2 2.2384E-2 1.45146E-2 1.01302E-2 1.51637E-2 2.83758E-2 7.47971E-2 6.23782E-2 8.50337E-2 1.97595E-1 3.18476E-2 8.20747E-2 7.8578E-1 9.78078E-1 6.76567E-1 6.47005E-1 6.48783E-1 5.87071E-1 5.94719E-1 5.91632E-1 5.00262E-1 5.10921E-1 5.39014E-1 5.73229E-1 5.499E-1 6.42147E-1 6.55885E-1 6.87661E-1 6.95901E-1 5.74567E-1 5.1283E-1 4.46034E-1 3.93354E-1 4.03974E-1 3.70936E-1 3.42613E-1 2.63021E-1 2.73379E-1 2.49192E-1 1.91657E-1 1.76337E-1 2.00252E-1 2.20672E-1 2.1225E-1 2.05534E-1 2.17237E-1 2.33616E-1 2.2201E-1 2.29402E-1 2.23268E-1
-9999 1.04977E-1 1.25239E-1 1.36564E-1 1.60157E-1 1.74922E-1 1.54531E-1 1.3288E-1 9.28122E-2 7.82475E-2 4.94448E-2 3.44358E-2 2.85764E-2 2.38369E-2 1.64007E-2 1.54161E-2 2.30102E-2 1.7224E-2 2.04121E-2 2.42675E-2 2.02457E-2 3.97146E-2 5.94911E-2 9.75922E-2 1.7529E-1 4.55308E-2 4.39878E-2 1.29178E-1 7.37045E-1 7.67242E-1 7.10646E-1 6.64949E-1 6.69891E-1 5.78243E-1 4.85616E-1 5.84306E-1 5.05408E-1 5.41769E-1 6.59644E-1 6.20183E-1 6.28412E-1 6.30681E-1 6.51093E-1 6.73976E-1 5.72072E-1 5.00717E-1 4.37069E-1 4.59317E-1 3.67418E-1 3.26684E-1 2.95723E-1 2.67346E-1 2.40116E-1 2.21077E-1 2.39852E-1 2.52253E-1 2.02277E-1 2.02775E-1 2.25498E-1 2.2203E-1 2.19728E-1 2.34267E-1 2.21737E-1 2.23977E-1 2.35494E-1
5.42647E-2 9.14526E-2 1.48238E-1 1.63882E-1 1.85105E-1 2.01298E-1 2.03481E-1 1.46111E-1 1.10111E-1 9.3467E-2 5.72079E-2 4.25347E-2 3.31432E-2 2.68528E-2 2.08299E-2 2.42564E-2 3.44726E-2 4.31471E-2 2.99378E-2 2.27376E-2 2.3648E-2 5.03061E-2 9.36779E-2 1.77702E-1 2.802E-1 6.0149E-2 1.16047E-1 1.93154E-1 8.99519E-1 8.8383E-1 8.44273E-1 7.06504E-1 8.00662E-1 7.24294E-1 5.0959E-1 4.99539E-1 4.96689E-1 5.42154E-1 5.15254E-1 6.42121E-1 6.81085E-1 6.49564E-1 6.61368E-1 6.28134E-1 5.97875E-1 5.03899E-1 4.53484E-1 4.13554E-1 3.7422E-1 3.26117E-1 2.90559E-1 2.69406E-1 2.39903E-1 2.20187E-1 2.13477E-1 2.33884E-1 2.47113E-1 2.30973E-1 2.33253E-1 2.87973E-1 2.3748E-1 2.46668E-1 2.44825E-1 2.33207E-1 2.33175E-1
2.48347E-2 9.3225E-2 1.55495E-1 1.77592E-1 2.13401E-1 2.19077E-1 1.97266E-1 1.74047E-1 1.31422E-1 1.19056E-1 8.10509E-2 6.86862E-2 3.92214E-2 3.25447E-2 2.5381E-2 2.10333E-2 2.92019E-2 2.44832E-2 2.81068E-2 3.52664E-2 4.31811E-2 9.25979E-2 1.93903E-1 5.17361E-1 8.91755E-1 3.59263E-1 2.35355E-1 6.28401E-1 9.97026E-1 9.99982E-1 9.93246E-1 9.02242E-1 9.37477E-1 6.9209E-1 5.47883E-1 5.4797E-1 4.87047E-1 5.04197E-1 6.41856E-1 6.98779E-1 7.06841E-1 6.20786E-1 6.26236E-1 5.77283E-1 5.42147E-1 5.45886E-1 4.90956E-1 4.40747E-1 3.63396E-1 3.70938E-1 3.3057E-1 3.01246E-1 2.70982E-1 2.57715E-1 2.43638E-1 2.42293E-1 2.52719E-1 2.45409E-1 2.43268E-1 2.61642E-1 2.60952E-1 2.42834E-1 2.50818E-1 2.42453E-1 2.25591E-1
2.81165E-2 9.52316E-2 1.60999E-1 1.91131E-1 1.95536E-1 2.00379E-1 1.97894E-1 2.00365E-1 1.57039E-1 1.63402E-1 1.27209E-1 8.44484E-2 4.79591E-2 3.89291E-2 2.40526E-2 2.56524E-2 3.22496E-2 1.74929E-2 1.52232E-2 2.85149E-2 2.43798E-2 4.69204E-2 1.311E-1 4.02418E-1 8.2617E-1 2.65045E-1 2.90633E-1 9.01934E-1 9.9999E-1 1E0 9.99382E-1 9.72886E-1 8.43989E-1 6.15642E-1 6.32577E-1 5.1739E-1 5.02621E-1 4.61342E-1 4.80661E-1 4.97878E-1 5.00967E-1 5.82222E-1 5.75801E-1 5.53273E-1 5.10932E-1 5.26178E-1 4.69591E-1 3.9997E-1 3.91645E-1 3.21443E-1 2.88802E-1 2.49103E-1 2.23928E-1 2.17306E-1 2.04549E-1 1.93615E-1 1.91548E-1 1.8344E-1 1.78485E-1 1.99615E-1 2.01434E-1 2.30815E-1 2.87527E-1 2.54294E-1 2.18295E-1
1.02657E-1 1.09107E-1 1.58734E-1 1.88485E-1 2.32836E-1 1.97479E-1 1.93164E-1 2.66367E-1 3.10263E-1 2.47729E-1 2.00431E-1 7.34367E-2 5.53755E-2 4.0621E-2 2.4276E-2 2.89623E-2 6.59058E-2 6.24536E-2 2.51523E-2 2.69285E-2 3.29811E-2 5.41875E-2 8.1586E-2 2.42205E-1 3.40126E-1 9.24098E-2 2.37909E-1 9.98527E-1 1E0 1E0 9.99869E-1 9.78576E-1 7.52376E-1 5.75182E-1 5.01924E-1 5.4055E-1 4.47185E-1 4.51813E-1 4.75221E-1 4.39398E-1 4.58848E-1 4.77228E-1 6.09805E-1 5.79764E-1 5.18524E-1 4.76645E-1 4.4434E-1 3.88988E-1 3.45218E-1 3.20648E-1 2.80006E-1 2.44015E-1 2.12347E-1 2.11058E-1 1.9582E-1 1.78323E-1 1.86407E-1 1.9773E-1 1.91349E-1 1.99769E-1 2.09575E-1 2.61628E-1 2.70493E-1 2.39357E-1 2.3965E-1
1.29955E-1 1.53093E-1 1.95656E-1 1.85359E-1 2.00299E-1 1.9953E-1 1.9714E-1 3.0953E-1 3.85937E-1 3.17468E-1 2.65753E-1 9.41938E-2 6.07836E-2 4.63363E-2 2.7788E-2 3.08254E-2 5.34301E-2 6.21999E-2 4.51485E-2 5.09753E-2 5.38273E-2 1.00662E-1 1.22672E-1 2.62489E-1 2.06844E-1 3.06372E-2 7.36832E-2 9.94832E-1 9.99999E-1 9.99999E-1 9.65478E-1 8.1873E-1 7.73595E-1 7.17079E-1 5.41394E-1 4.9483E-1 4.16714E-1 4.20159E-1 4.24312E-1 5.26631E-1 4.30033E-1 4.39981E-1 5.51198E-1 5.12438E-1 4.94863E-1 4.56118E-1 4.47492E-1 3.95708E-1 3.38177E-1 3.13901E-1 2.60706E-1 2.26685E-1 2.14234E-1 2.0822E-1 1.95077E-1 1.83503E-1 1.91535E-1 2.02537E-1 2.19063E-1 2.29869E-1 2.1887E-1 2.09295E-1 2.39359E-1 2.57769E-1 2.78425E-1
1.62082E-1 1.6657E-1 1.75736E-1 1.9021E-1 2.08839E-1 2.0341E-1 2.00948E-1 2.33446E-1 3.99358E-1 3.81097E-1 3.16968E-1 1.54248E-1 6.49626E-2 4.93726E-2 3.10758E-2 2.37475E-2 4.30692E-2 4.11966E-2 4.71928E-2 6.25617E-2 3.59869E-2 8.4357E-2 1.77154E-1 1.7785E-1 2.28096E-2 4.155E-2 1.38964E-1 9.40026E-1 9.99965E-1 9.99981E-1 9.97622E-1 7.39908E-1 7.91199E-1 5.50083E-1 4.92722E-1 5.14584E-1 4.27213E-1 3.97003E-1 3.90745E-1 4.08729E-1 4.23029E-1 5.20143E-1 5.19371E-1 4.97389E-1 4.76644E-1 4.48673E-1 4.30567E-1 3.85943E-1 3.90378E-1 3.38723E-1 3.04148E-1 2.4557E-1 2.08088E-1 1.96472E-1 1.86268E-1 1.88994E-1 1.96509E-1 2.0813E-1 2.16053E-1 1.98154E-1 1.96336E-1 2.1242E-1 2.12154E-1 2.57775E-1 2.70243E-1
1.64623E-1 1.63047E-1 1.78657E-1 1.94734E-1 2.01347E-1 2.0654E-1 2.01821E-1 2.97991E-1 4.28677E-1 4.22972E-1 3.60097E-1 1.95902E-1 1.00351E-1 5.04956E-2 3.5477E-2 2.43345E-2 3.48057E-2 3.36077E-2 6.43004E-2 7.86311E-2 3.53564E-2 6.23789E-2 1.23921E-1 1.57663E-1 2.3257E-1 7.18575E-2 2.48847E-1 9.86364E-1 9.99992E-1 9.96156E-1 9.1219E-1 6.25519E-1 6.54281E-1 5.57067E-1 4.47207E-1 4.5812E-1 3.88056E-1 3.93949E-1 3.83328E-1 3.92608E-1 3.90486E-1 3.87567E-1 4.62304E-1 4.71037E-1 4.69037E-1 4.24261E-1 4.56443E-1 4.23587E-1 3.17618E-1 2.90589E-1 3.19484E-1 3.00846E-1 2.06731E-1 1.97636E-1 1.76264E-1 1.81381E-1 1.9146E-1 2.05238E-1 2.07657E-1 2.11536E-1 2.0898E-1 1.98821E-1 1.98544E-1 2.10963E-1 2.26443E-1
2.27611E-1 1.83318E-1 1.67952E-1 1.88716E-1 2.00061E-1 2.03911E-1 1.95989E-1 3.45802E-1 4.60233E-1 4.59822E-1 3.86681E-1 2.5054E-1 1.49591E-1 8.47857E-2 3.99258E-2 3.39617E-2 3.50141E-2 3.71489E-2 9.99279E-2 9.37746E-2 3.31007E-2 6.72202E-2 1.25764E-1 1.69599E-1 1.75322E-1 8.84362E-2 1.46599E-1 3.77056E-1 9.81075E-1 9.56603E-1 9.04627E-1 6.83566E-1 5.38342E-1 4.94334E-1 4.74589E-1 4.48521E-1 4.28232E-1 3.71662E-1 3.68654E-1 3.8095E-1 3.94278E-1 4.63663E-1 4.32317E-1 4.44252E-1 3.53402E-1 3.93963E-1 3.75768E-1 3.60664E-1 3.51702E-1 3.21959E-1 2.99154E-1 2.76774E-1 2.1276E-1 2.0288E-1 1.81767E-1 1.87612E-1 1.90209E-1 2.03277E-1 2.14774E-1 2.21536E-1 2.16731E-1 2.20234E-1 1.96627E-1 2.01408E-1 2.1424E-1
2.21849E-1 1.83015E-1 1.69058E-1 2.11469E-1 1.99384E-1 2.0354E-1 1.90432E-1 3.04981E-1 4.88224E-1 5.35006E-1 4.25119E-1 2.73502E-1 1.59355E-1 7.45846E-2 4.06822E-2 3.55837E-2 2.78051E-2 4.11729E-2 1.02237E-1 1.29033E-1 4.05871E-2 4.22792E-2 1.009E-1 1.29403E-1 1.25309E-1 3.97795E-2 1.07069E-1 3.65014E-1 6.68871E-1 9.63902E-1 8.95351E-1 6.17986E-1 6.16434E-1 4.68272E-1 4.31685E-1 4.38412E-1 4.26774E-1 4.39576E-1 3.56752E-1 3.74607E-1 4.6022E-1 3.65293E-1 3.5512E-1 4.17065E-1 3.96514E-1 3.58013E-1 3.40221E-1 3.21386E-1 3.05113E-1 2.83563E-1 2.93146E-1 2.70851E-1 2.15456E-1 2.04774E-1 1.99237E-1 1.80319E-1 2.1419E-1 1.98257E-1 2.07486E-1 2.1586E-1 2.15773E-1 2.29486E-1 2.1134E-1 2.01301E-1 2.12069E-1
2.66889E-1 1.78936E-1 1.60787E-1 1.63654E-1 1.73209E-1 1.82587E-1 1.81378E-1 3.18928E-1 5.10988E-1 5.53788E-1 4.46129E-1 2.66092E-1 1.3906E-1 4.80931E-2 3.92442E-2 3.70217E-2 2.63539E-2 3.32143E-2 6.75312E-2 1.18216E-1 4.22209E-2 4.4804E-2 9.33519E-2 8.57053E-2 1.10636E-1 4.77124E-2 1.12859E-1 3.98468E-1 6.55991E-1 9.47008E-1 8.81552E-1 7.31047E-1 7.17666E-1 4.70882E-1 4.1825E-1 4.15998E-1 4.26378E-1 4.45307E-1 4.31591E-1 3.66147E-1 3.7421E-1 4.35821E-1 3.45709E-1 4.05843E-1 3.7796E-1 3.37524E-1 3.2649E-1 2.91454E-1 2.74502E-1 2.60173E-1 2.36346E-1 2.52627E-1 2.38989E-1 1.92526E-1 2.00078E-1 2.09667E-1 2.14637E-1 2.15028E-1 2.13632E-1 2.16576E-1 2.19782E-1 2.16503E-1 2.27112E-1 2.0077E-1 2.06819E-1
1.86254E-1 1.83456E-1 1.64727E-1 1.61347E-1 1.60413E-1 1.65058E-1 2.47419E-1 3.916E-1 5.41931E-1 5.66993E-1 4.41622E-1 2.24283E-1 9.58679E-2 4.58889E-2 3.58531E-2 3.34701E-2 2.82868E-2 2.88301E-2 3.44461E-2 4.08209E-2 5.14359E-2 6.47312E-2 8.14715E-2 7.61076E-2 2.10387E-1 6.12233E-2 3.08907E-1 6.13381E-1 6.47058E-1 8.65175E-1 8.3624E-1 8.46356E-1 5.74731E-1 5.97136E-1 3.84715E-1 3.99791E-1 4.39688E-1 4.32957E-1 4.48401E-1 4.41325E-1 4.48407E-1 4.29407E-1 4.071E-1 4.02942E-1 3.55567E-1 3.4336E-1 2.93871E-1 2.74812E-1 2.46561E-1 2.42318E-1 2.15482E-1 2.01042E-1 1.84565E-1 2.12771E-1 1.88774E-1 2.12328E-1 2.25487E-1 2.23999E-1 2.17746E-1 2.1888E-1 2.11633E-1 1.89156E-1 2.21505E-1 2.01789E-1 2.17047E-1
2.8858E-1 1.62932E-1 1.64932E-1 1.62351E-1 1.61788E-1 1.65158E-1 1.68026E-1 2.26289E-1 4.79745E-1 5.66182E-1 4.13716E-1 -9999 5.68352E-2 4.27148E-2 3.34248E-2 3.00291E-2 3.04889E-2 2.54658E-2 4.51102E-2 5.40833E-2 8.27934E-2 9.48979E-2 5.1151E-2 7.002E-2 4.95616E-2 8.05796E-2 3.07856E-1 4.41614E-1 7.43885E-1 8.91902E-1 7.70842E-1 5.53791E-1 6.04182E-1 5.3296E-1 3.29937E-1 3.96621E-1 4.31552E-1 4.37399E-1 4.34421E-1 4.36392E-1 4.40753E-1 4.29459E-1 4.00597E-1 3.88903E-1 3.50732E-1 3.19151E-1 2.65584E-1 2.60913E-1 2.33723E-1 2.16416E-1 1.94037E-1 1.75496E-1 1.66376E-1 1.74839E-1 2.18303E-1 2.02678E-1 2.21322E-1 2.36446E-1 2.33779E-1 2.26826E-1 2.1297E-1 2.13241E-1 1.87122E-1 2.31325E-1 2.27058E-1
2.23213E-1 1.02418E-1 1.4498E-1 1.48807E-1 1.61302E-1 1.74157E-1 1.87195E-1 1.68741E-1 4.385E-1 5.66609E-1 -9999 8.80714E-2 5.30536E-2 3.80062E-2 2.97466E-2 2.63312E-2 2.44348E-2 1.88404E-2 3.26835E-2 3.3402E-2 8.0834E-2 3.57513E-2 5.26473E-2 1.88773E-2 3.87332E-2 9.28263E-2 2.26583E-1 4.91275E-1 7.73392E-1 8.54612E-1 7.39239E-1 5.89827E-1 4.16907E-1 6.14511E-1 3.89018E-1 3.79713E-1 4.23354E-1 4.29587E-1 4.26525E-1 4.23713E-1 4.174E-1 4.10684E-1 3.92196E-1 3.79274E-1 3.37937E-1 3.1499E-1 2.55126E-1 2.38714E-1 2.17451E-1 1.90509E-1 1.7817E-1 1.64684E-1 1.72068E-1 1.68959E-1 1.75879E-1 2.2235E-1 2.09903E-1 2.27653E-1 2.4092E-1 2.39261E-1 2.25238E-1 2.07688E-1 1.90541E-1 2.00177E-1 2.26241E-1
4.0591E-2 1.00775E-1 1.20626E-1 1.45315E-1 1.50259E-1 1.5948E-1 1.85085E-1 2.84122E-1 5.57258E-1 5.23991E-1 -9999 7.03088E-2 4.87929E-2 3.72322E-2 2.95828E-2 2.4424E-2 2.20953E-2 1.64937E-2 3.27796E-2 3.51186E-2 5.92301E-2 3.8053E-2 7.7704E-2 2.75285E-2 7.76696E-2 9.47647E-2 1.47489E-1 5.91215E-1 8.02345E-1 8.23493E-1 5.0413E-1 5.54898E-1 4.86492E-1 5.20822E-1 4.57828E-1 4.25535E-1 4.40663E-1 4.32069E-1 4.21854E-1 4.12038E-1 4.0063E-1 3.87216E-1 3.79243E-1 3.72428E-1 3.5704E-1 3.09264E-1 2.67053E-1 2.36781E-1 2.1117E-1 1.79148E-1 1.68044E-1 1.62672E-1 1.57081E-1 1.85208E-1 1.99437E-1 1.86026E-1 2.24555E-1 2.39119E-1 2.23276E-1 2.43958E-1 2.35348E-1 2.18286E-1 2.10473E-1 2.05578E-1 2.12907E-1
1.67392E-2 3.01336E-2 9.72394E-2 1.37979E-1 1.38405E-1 1.44788E-1 2.26002E-1 5.06302E-1 6.43042E-1 -9999 -9999 6.801E-2 4.1795E-2 3.04229E-2 2.5283E-2 2.26987E-2 2.0819E-2 3.69517E-2 6.43956E-2 8.38917E-2 1.73934E-2 3.66319E-2 4.18627E-2 8.23512E-2 3.84158E-1 3.48419E-1 4.41997E-1 6.93975E-1 8.87746E-1 7.026E-1 4.76321E-1 5.04651E-1 4.54928E-1 3.41653E-1 5.11874E-1 4.55821E-1 4.4322E-1 4.40273E-1 4.09726E-1 4.01292E-1 3.9477E-1 3.78907E-1 3.63066E-1 3.48255E-1 3.34204E-1 3.01335E-1 2.6383E-1 2.19483E-1 2.0134E-1 1.76921E-1 1.71116E-1 1.76885E-1 1.73362E-1 1.85459E-1 1.97533E-1 1.99046E-1 1.78486E-1 1.81453E-1 2.38223E-1 2.54899E-1 2.33074E-1 2.21598E-1 2.18408E-1 2.25681E-1 2.07051E-1
1.35797E-2 2.19204E-2 5.94918E-2 1.15487E-1 1.34312E-1 1.73301E-1 3.88733E-1 6.00419E-1 7.18403E-1 4.14871E-1 1.03051E-1 6.31509E-2 4.01365E-2 2.61966E-2 2.17215E-2 1.73905E-2 1.80246E-2 3.65879E-2 4.01446E-2 1.79425E-2 1.32367E-2 2.06248E-2 3.54863E-2 2.25394E-1 3.75547E-1 3.35755E-1 6.53679E-1 8.74697E-1 9.73184E-1 7.16236E-1 6.44907E-1 6.861E-1 5.78279E-1 3.95763E-1 5.17408E-1 4.29334E-1 4.62792E-1 4.53525E-1 4.13707E-1 3.87763E-1 3.85165E-1 3.71863E-1 3.5413E-1 3.29359E-1 3.15671E-1 2.81136E-1 2.42226E-1 2.16063E-1 2.02977E-1 1.97721E-1 1.76896E-1 1.81539E-1 1.93792E-1 1.97687E-1 1.8328E-1 2.02247E-1 2.06149E-1 1.93809E-1 1.8409E-1 2.27708E-1 2.41923E-1 2.17816E-1 2.1456E-1 2.18428E-1 2.13278E-1
-9999 2.42072E-2 7.15835E-2 1.15014E-1 1.45887E-1 3.31616E-1 5.18194E-1 2.15456E-1 -9999 -9999 1.41511E-1 5.80003E-2 -9999 2.54366E-2 1.70061E-2 1.25325E-2 2.34775E-2 1.36904E-2 1.96814E-3 2.45021E-3 8.16761E-3 3.53104E-2 3.78674E-2 4.22064E-1 1.69905E-1 1.25924E-1 6.87963E-1 9.63222E-1 7.64149E-1 6.74963E-1 4.67929E-1 8.20347E-1 6.01822E-1 3.81157E-1 5.0522E-1 5.22988E-1 5.03013E-1 4.55291E-1 4.10114E-1 3.75512E-1 3.64079E-1 3.52272E-1 3.47945E-1 3.2001E-1 2.99746E-1 2.60878E-1 2.23616E-1 2.079E-1 2.04765E-1 2.09674E-1 1.83732E-1 1.88333E-1 1.86185E-1 2.04738E-1 2.05399E-1 2.0606E-1 2.20684E-1 2.06054E-1 1.91819E-1 2.24943E-1 2.24688E-1 2.00971E-1 2.19758E-1 2.08565E-1 2.17083E-1
-9999 -9999 -9999 1.40566E-1 2.62177E-1 4.9943E-1 6.60955E-1 2.49296E-1 -9999 -9999 -9999 8.99176E-2 -9999 2.01513E-2 1.66628E-2 8.6786E-3 1.71665E-2 2.36756E-3 1.64626E-3 4.32312E-3 2.19465E-2 1.40821E-1 1.6041E-1 4.26557E-1 3.02243E-1 1.65187E-1 3.7488E-1 7.40162E-1 6.78223E-1 6.17459E-1 6.38512E-1 6.4763E-1 5.73705E-1 4.11412E-1 4.65907E-1 5.47665E-1 4.94113E-1 4.486E-1 4.11083E-1 3.78083E-1 3.57136E-1 3.40703E-1 3.27877E-1 3.07842E-1 2.9198E-1 2.71154E-1 2.41916E-1 2.13537E-1 2.15826E-1 2.24659E-1 2.05354E-1 2.012E-1 2.06288E-1 2.04238E-1 2.01418E-1 2.01027E-1 2.0765E-1 2.33323E-1 2.0347E-1 1.92627E-1 2.43906E-1 1.89279E-1 2.15918E-1 2.21438E-1 2.18813E-1
-9999 -9999 -9999 -9999 2.90756E-1 6.09561E-1 -9999 -9999 -9999 3.97804E-1 -9999 -9999 3.66147E-2 1.1741E-2 5.47502E-3 4.62522E-3 1.28786E-3 1.60949E-3 1.80189E-3 3.488E-2 1.0094E-1 1.12104E-1 2.41774E-1 3.43154E-1 9.70424E-2 1.25226E-1 5.23874E-1 7.53847E-1 7.19269E-1 6.82377E-1 5.53888E-1 5.87665E-1 5.1879E-1 6.23298E-1 4.51107E-1 5.3546E-1 4.90244E-1 4.46413E-1 4.0635E-1 3.81893E-1 3.43525E-1 3.34826E-1 3.16274E-1 2.98329E-1 2.87669E-1 2.7172E-1 2.64438E-1 2.37612E-1 2.20503E-1 2.20258E-1 2.26883E-1 2.24007E-1 2.14192E-1 2.08711E-1 2.07474E-1 2.07332E-1 1.97407E-1 1.97235E-1 2.15438E-1 1.90366E-1 1.99886E-1 2.33135E-1 2.42368E-1 2.22306E-1 2.25829E-1
-9999 -9999 -9999 -9999 -9999 -9999 -9999 3.66652E-1 3.86252E-1 3.86232E-1 -9999 -9999 3.33426E-2 1.09249E-2 6.20831E-3 2.47132E-3 7.57798E-4 1.07116E-3 2.68009E-3 1.12224E-2 4.91371E-2 8.29861E-2 1.74375E-1 6.95227E-2 8.51493E-2 2.08429E-1 6.74378E-1 7.9344E-1 7.84282E-1 7.43652E-1 6.22343E-1 5.82271E-1 6.36812E-1 6.46581E-1 5.28233E-1 5.07053E-1 4.8934E-1 4.48156E-1 4.07764E-1 3.75443E-1 3.44828E-1 3.24538E-1 3.04112E-1 2.93391E-1 2.83396E-1 2.66153E-1 2.56772E-1 2.42921E-1 2.26367E-1 2.30208E-1 2.23314E-1 2.24468E-1 2.20588E-1 2.16619E-1 2.14111E-1 2.11542E-1 2.14276E-1 2.08271E-1 2.18072E-1 2.07554E-1 1.99412E-1 1.9738E-1 2.46165E-1 2.65251E-1 2.60741E-1
