R/with_max/noveg_4400/arrival.asc
NCOLS 638
NROWS 825
XLLCORNER -2985163.8955
YLLCORNER -3022031.214
CELLSIZE 10000
NODATA_value -1
[rows 276 to 321 of 825, columns 192 to 287 of 638]
3376 3393 3393 3392 3384 3411 3439 3443 3459 3456 3460 3460 3460 3442 3442 -1 3442 3550 3581 3581 3601 -1 3633 3663 3699 3695 3715 3715 3715 3716 3653 3715 3715 3699 3752 3763 3814 3811 3811 3828 3828 3848 3852 3907 3924 3924 3936 3967 3971 4002 3998 4007 4002 4036 4053 4066 4069 4086 4086 4075 4068 4058 4076 -1 -1 -1 -1 -1 -1 -1 -1 -1 4094 -1 -1 4188 4204 4232 4221 -1 4218 -1 -1 4249 4206 4237 4248 4244 4217 4213 -1 -1 -1 -1 -1 -1
3376 3393 3393 3387 3384 3415 3443 3443 3459 3459 3460 3460 3442 3431 3470 3473 3473 3550 -1 -1 3601 3633 3668 3668 3699 3699 3715 3673 3673 3747 3743 3768 3764 3772 3783 3783 3801 3818 3839 3859 3866 3852 3852 3907 3907 3906 3951 3967 3956 4016 4019 4019 4025 4053 4053 4069 4069 4083 4086 4103 4072 4058 4076 4076 -1 4089 -1 -1 -1 -1 -1 -1 4181 -1 4188 4204 4204 4232 4232 4228 4219 -1 4249 -1 -1 4231 4278 4248 4217 -1 -1 -1 -1 -1 -1 -1
3407 3407 3424 3424 3427 3430 3446 3443 3449 3443 3459 3487 3491 -1 -1 3473 -1 -1 -1 3570 3619 3633 3639 3667 3688 3701 3697 3701 3716 3747 3747 3768 3768 3779 3783 3797 3818 3818 3839 3870 3870 3876 3876 3904 3906 3906 3947 3951 3954 4008 4019 4032 4036 4049 4041 4042 4038 4069 4072 4099 4103 4092 4090 4141 -1 -1 -1 -1 -1 -1 4181 4181 4194 4198 4198 4201 4235 4232 4250 4253 -1 4250 4265 4254 4282 4282 4271 -1 4213 -1 -1 -1 -1 -1 -1 -1
3404 3407 3420 3424 3430 3430 3446 3446 3436 3429 3456 3491 3491 -1 3473 3478 -1 -1 -1 -1 -1 3650 3650 3646 3669 3690 3701 3698 3698 3752 3758 3782 3785 3802 3798 3801 3801 3801 3787 3853 3870 3875 3870 3845 3879 3910 3951 3951 3954 3988 4019 4036 4036 4048 4052 4052 4055 4068 4068 4086 4103 4121 4121 4152 4152 4148 4150 4150 4156 4156 4177 4180 4187 4198 4181 4201 4256 4264 4284 4280 4267 4297 4290 4265 4282 4299 4282 -1 4152 -1 -1 -1 -1 -1 -1 -1
3425 3407 3431 3438 3458 3455 3475 3472 3492 3488 3505 3508 3492 3540 3540 -1 -1 -1 3633 3622 3639 3650 3650 3680 3683 3719 3732 3752 3738 3765 3769 3785 3785 3802 3802 3815 3804 3819 3835 3832 3849 3853 3853 3858 3889 3917 3921 3923 3950 3999 4003 4024 4024 4052 4052 4055 4055 4072 4068 4085 4120 4120 4121 4152 4169 4165 4185 4182 4202 4191 -1 -1 4180 4219 4225 4236 4267 4267 4273 4284 4301 4301 4262 4249 4268 4295 4299 -1 -1 -1 -1 -1 -1 -1 -1 -1
3425 3425 3442 3442 3458 3458 3475 3475 3492 3492 3508 3508 3509 3540 3540 -1 -1 3633 3633 3633 3650 3650 -1 3702 3708 3735 3735 3752 3752 3769 3769 3774 3768 3785 3791 3819 3819 3835 3824 3808 3842 3853 3836 3857 3889 3921 3921 3921 3954 4003 4003 4014 4024 4038 4066 4069 4086 4086 4103 4099 4117 4120 4123 4138 4169 4169 4185 4185 4202 4202 4208 4202 4235 4235 4236 4236 4267 4283 4272 4284 4301 4314 4306 4323 4316 4334 4351 4288 -1 -1 -1 -1 -1 -1 -1 -1
3421 3414 3425 3442 3447 3442 3464 3461 3481 3474 3475 3498 3508 3539 -1 -1 3617 3630 -1 3646 3608 -1 3685 3719 3719 3735 3724 3741 3748 3735 3740 3740 3773 3788 3788 3819 3808 3802 3808 3820 3836 3833 3836 3858 3889 3890 3899 3923 3972 3972 3971 3971 4009 4037 4069 4069 4083 4086 4103 4103 4120 4110 4123 4123 4158 4154 4174 4168 4185 4199 4219 4219 4235 4232 4235 4214 4252 4266 4283 4286 4283 4317 4317 4334 4334 4351 4351 4369 4369 4400 4400 -1 -1 -1 -1 -1
3344 3375 3406 3406 3413 3413 3413 -1 3421 3435 -1 -1 -1 -1 -1 3613 3617 3617 3668 3664 3668 3702 3702 3719 3715 3707 3707 3704 3732 3751 3757 3784 3784 3788 3784 3767 3767 3789 3805 3836 3836 3825 3840 3868 3890 3890 3903 3903 3950 3971 3972 4016 4020 4034 4058 4054 4075 4082 4092 4109 4103 4091 4120 4113 4140 4140 4168 4168 4184 4188 4219 4215 4204 4218 4218 4263 4266 4283 4279 4286 4286 4317 4303 4331 4334 4340 4347 4369 4369 4400 4400 4400 -1 -1 -1 -1
3291 3242 -1 -1 -1 -1 -1 3421 3484 3521 -1 3552 3576 3580 3586 3586 3586 3574 3668 3668 3671 3702 3691 3698 3688 3707 3730 3733 3737 3768 3768 3784 3781 3768 3763 3767 3786 3803 3820 3820 3816 3809 3840 3872 3872 3882 3903 3943 3954 3961 4000 4020 4020 4037 4037 4053 4085 4085 4085 4119 4119 4120 4120 4140 4140 4164 4168 4184 4184 4184 4167 4167 4211 4218 4235 4266 4266 4255 4254 4233 4249 4300 4300 4313 4316 4300 4338 4348 4352 4365 4368 4368 4334 -1 -1 -1
3291 3273 -1 3352 3380 3384 3391 3422 3484 3521 3555 3555 3580 3580 3586 3562 -1 -1 -1 -1 -1 3654 3685 3685 3685 3679 3733 3733 3747 3768 3764 3753 3750 3747 3770 3786 3803 3803 3820 3809 3803 3810 3844 3872 3875 3893 3926 3954 3954 3971 4003 4003 4003 4003 4029 4046 4074 4085 4088 4119 4116 4120 4120 4147 4151 4168 4168 4173 4181 4168 4167 4184 4214 4214 4215 4235 4246 4250 4262 4265 -1 4296 4300 4316 4316 4305 4303 4341 4352 4352 -1 -1 4331 4302 -1 -1
3290 3273 3353 3353 3384 3384 3477 -1 -1 -1 -1 3555 3569 -1 -1 -1 -1 -1 -1 -1 3656 3656 3682 -1 -1 3693 3734 3734 3751 3751 3733 3739 3750 3747 3775 3786 3799 3792 3792 3788 3809 3810 3844 3875 3875 3893 3934 3937 3936 3975 3992 4003 4003 3999 4023 4040 4010 4064 4056 4071 4071 4102 4102 4151 4151 4168 4151 4157 4113 4144 4182 4188 4215 4214 4221 4232 4250 4250 4265 4265 4262 4282 4282 4282 4285 4303 4303 -1 4321 4320 4320 -1 -1 -1 -1 -1
-1 -1 -1 -1 -1 -1 -1 3508 3508 3539 3539 -1 -1 -1 -1 3608 3608 3639 3639 3652 3656 3669 -1 3686 3697 3703 3731 3734 3751 3740 3734 3746 3750 3750 3786 3783 3765 3769 3788 3792 3810 3830 3855 3859 3865 3872 3937 3937 3941 3986 3986 3992 3992 4023 4036 4040 4040 4067 4067 4071 4070 4102 4114 4119 4131 4120 4112 4113 4113 4168 4195 4199 4215 4215 4232 4228 4232 4249 4249 4265 4265 4278 4282 4271 4272 4285 4285 4289 4283 4320 4320 -1 -1 -1 -1 -1
-1 -1 -1 -1 -1 -1 -1 -1 -1 -1 -1 -1 -1 -1 -1 -1 -1 -1 3639 3645 3531 -1 3672 3697 3697 -1 -1 -1 3681 3684 3706 3722 3739 3766 3770 3751 3769 3769 3792 3806 3809 3838 3841 3859 3848 3876 3925 3936 3941 3983 3986 3991 3992 4023 4023 4040 4040 4067 4083 4080 4083 4104 4114 4114 4131 4131 4134 4149 4154 4178 4199 4199 4212 4199 4204 4201 4218 4249 4245 4254 4265 -1 -1 -1 -1 -1 -1 -1 4257 -1 -1 4220 -1 -1 -1 -1
-1 -1 -1 -1 -1 -1 -1 -1 -1 -1 -1 -1 -1 -1 -1 -1 -1 -1 -1 -1 -1 -1 3672 3672 -1 -1 -1 -1 3684 3684 3712 3722 3742 3770 3770 3759 3744 3772 3775 3809 3809 3841 3859 3842 3859 3879 3932 3936 3936 3961 3961 3975 3991 4020 4018 4040 4056 4063 4083 4083 4084 4115 4115 4128 4127 4132 4145 4165 4165 4182 4182 4171 4183 4183 4172 4188 4188 4217 4217 -1 4249 4249 4245 4200 -1 -1 -1 -1 4226 -1 -1 -1 -1 -1 -1 -1
-1 -1 -1 -1 -1 -1 -1 -1 -1 -1 -1 -1 -1 -1 -1 -1 -1 -1 -1 -1 -1 3610 3610 -1 -1 3612 3644 3644 -1 3675 3702 3706 3749 3753 3736 3744 3765 3775 3775 3796 3807 3828 3828 3828 3874 3879 3890 3905 3947 3961 3964 3991 3991 4019 4039 4036 4050 4067 4067 4073 4084 4115 4112 4121 4132 4149 4149 4165 4162 4182 4151 4165 4183 4172 4180 4188 4178 4217 4214 4218 4249 4238 -1 -1 -1 -1 -1 -1 -1 -1 -1 -1 -1 -1 -1 -1
-1 -1 -1 -1 -1 -1 -1 -1 -1 -1 -1 -1 -1 -1 -1 -1 -1 -1 -1 -1 3609 3609 -1 -1 3582 3613 3644 -1 3675 3675 3706 3706 3753 3753 3726 3726 3775 3775 3775 3807 3807 3803 3871 3871 3874 3874 3912 3926 3958 3958 3971 3975 3985 4019 4050 4050 4067 4067 4061 4067 4098 4094 4100 4132 4132 4149 4138 4123 4133 4133 4134 4123 4152 4152 4141 4140 4165 4164 4186 4218 4217 -1 -1 -1 -1 -1 -1 -1 -1 -1 -1 -1 -1 -1 -1 -1
-1 -1 -1 -1 -1 -1 -1 -1 -1 -1 -1 -1 -1 -1 -1 -1 -1 -1 -1 -1 3609 -1 -1 -1 3582 3581 -1 3643 3644 3643 3684 3694 3722 3736 3733 3743 3772 3775 3776 3776 3790 3795 3860 3871 3895 3919 3922 3941 3958 3955 3975 3975 3987 3987 4047 4050 4064 4064 4077 4081 4098 4098 4101 4101 4118 4117 4117 4117 4133 4130 4134 4134 4152 4151 4141 4141 4171 4182 4186 4214 4217 4217 4184 -1 4169 -1 -1 4136 -1 -1 -1 -1 -1 -1 -1 -1
-1 -1 -1 -1 -1 -1 -1 -1 -1 -1 -1 -1 -1 -1 -1 -1 -1 -1 -1 -1 -1 -1 -1 3564 3564 -1 -1 3644 3644 3651 3694 3694 3725 3736 3736 3740 3743 3758 3796 3803 3807 3844 3868 3889 3906 3922 3922 3930 3941 3953 3984 3970 4001 4001 3984 4033 4053 4064 4081 4081 4087 4081 4101 4098 4086 4117 4113 4106 4099 4106 4100 4130 4117 4134 4134 4154 4178 4182 4182 4201 4207 4217 4201 4201 4184 4173 4167 4156 -1 -1 -1 -1 -1 -1 -1 -1
-1 -1 -1 -1 -1 -1 -1 -1 -1 -1 -1 -1 -1 -1 -1 -1 -1 -1 -1 -1 -1 -1 -1 -1 -1 -1 -1 3643 3643 3654 3660 3671 3694 3705 3725 3743 3743 3741 3807 3807 3813 3841 3872 3906 3906 3902 3891 3938 3941 3953 3984 3984 4001 3997 3990 3970 3970 3987 4047 4070 4064 4070 4068 4076 4080 4100 4100 4100 4100 4114 4117 4121 4116 4137 4134 4161 4165 4165 4166 4166 4186 4201 4197 4190 4184 4184 4167 4136 -1 -1 -1 -1 -1 -1 -1 -1
-1 -1 -1 -1 -1 -1 -1 -1 -1 -1 -1 -1 -1 -1 -1 -1 -1 -1 -1 -1 -1 -1 -1 -1 -1 -1 3640 3643 3633 3638 3654 3671 3704 3701 3721 3725 3741 3754 3776 3790 3807 3844 3886 3889 3871 3854 3875 3910 3910 3940 3973 3981 3967 3974 3982 3988 3970 3987 4043 4047 4033 4051 4062 4080 4080 4100 4097 4100 4100 4117 4117 4132 4132 4148 4148 4165 4129 4135 4134 4129 4166 4170 4170 4181 4167 4164 4167 4151 -1 -1 -1 -1 -1 -1 -1 -1
-1 -1 -1 -1 -1 -1 -1 -1 -1 -1 -1 -1 -1 -1 -1 -1 -1 -1 -1 -1 -1 -1 -1 -1 -1 -1 3581 -1 3578 3634 3668 3688 3704 3704 3714 3725 3741 3741 3779 3810 3810 3844 3889 3889 3878 3872 3910 3910 3905 3943 3943 3967 3967 3985 3985 3985 4019 4019 4036 4047 4047 4062 4059 4062 4081 4081 4081 4069 4100 4100 4101 4132 4128 4145 4148 4129 4129 4125 4111 4107 4107 -1 4149 4149 4145 4135 4147 4151 -1 -1 -1 -1 -1 -1 -1 -1
-1 -1 -1 -1 -1 -1 -1 -1 -1 -1 -1 -1 -1 -1 -1 -1 -1 -1 -1 -1 -1 -1 -1 -1 -1 3527 3551 3550 3579 3607 3653 3677 3688 3688 3694 3711 3738 3762 3799 3810 3828 3844 3858 3869 3872 3901 3905 3894 3887 3914 3932 3964 3967 3985 3986 3986 4019 3988 4003 4020 4031 4030 4031 4050 4077 4070 4069 4069 4097 4090 4086 4114 4114 4117 4117 4104 4101 4111 4107 4111 4112 4112 4118 4117 4099 4099 4140 4151 4151 4134 4134 4102 -1 -1 -1 -1
-1 -1 -1 -1 -1 -1 -1 -1 -1 -1 -1 -1 -1 -1 -1 -1 -1 -1 -1 -1 -1 -1 -1 -1 -1 3533 3575 3579 3595 3595 3656 3688 3684 3671 3680 3711 3711 3790 3807 3793 3834 3844 3841 3861 3872 3905 3905 3888 3888 3914 3938 3949 3945 3983 3986 4003 4003 3999 4014 4030 4030 4013 4020 4030 4038 4038 4065 4068 4058 4086 4086 4114 4103 4110 4096 4104 4104 4094 4083 4081 4112 4101 4108 4094 4099 4095 4116 4120 4123 4130 4134 4103 -1 -1 -1 -1
-1 -1 -1 -1 -1 -1 -1 -1 -1 -1 -1 -1 -1 -1 -1 -1 -1 -1 -1 -1 -1 -1 -1 -1 3485 3517 3568 3579 3592 3585 3646 3625 3656 3644 3669 3711 3742 3793 3793 3811 3828 3824 3845 3856 3870 3874 3859 3888 3897 3921 3949 3949 3944 3986 3975 3992 4003 4010 4014 4030 4014 4027 4030 4027 4030 4038 4068 4068 4052 4052 4052 3997 4043 4096 4093 4096 4094 4091 4094 4087 4087 4052 4094 -1 4094 4065 4071 4102 4102 -1 -1 -1 4071 -1 -1 -1
-1 -1 -1 -1 -1 -1 -1 -1 -1 -1 -1 -1 -1 -1 -1 -1 -1 -1 -1 -1 -1 -1 -1 3337 3337 3500 3500 3579 3581 3575 3636 3640 3644 3644 3645 3639 3739 3782 3793 3828 3828 3817 3852 3856 3856 3870 3870 3866 3897 3928 3932 3938 3954 3954 3951 3941 3945 3997 4003 4014 3983 3999 4004 4007 4035 4037 4038 4034 4001 4008 4004 4008 4078 4078 4043 4039 4040 4071 4071 4087 4084 4077 4074 4058 4065 4065 4054 -1 -1 -1 -1 -1 -1 -1 -1 -1
-1 -1 -1 -1 -1 -1 -1 -1 -1 -1 -1 -1 -1 -1 -1 -1 -1 -1 -1 -1 -1 -1 3365 3422 -1 3523 3564 3558 3591 3591 3640 3640 3629 3628 3639 3639 3742 3742 3777 3777 3776 3808 3811 3819 3854 3867 3870 3884 3893 3932 3932 3934 3938 3923 3953 3947 3963 3997 3997 3979 3983 3979 4007 4007 4007 4006 4002 4001 3999 3999 3997 4014 4074 4078 4067 4039 4040 4067 4071 4060 4058 4074 4071 4074 4040 4033 4016 -1 -1 -1 -1 -1 -1 -1 -1 -1
-1 -1 -1 -1 -1 -1 -1 -1 -1 -1 -1 -1 -1 -1 -1 -1 -1 -1 -1 -1 -1 -1 3368 3492 3492 3523 3571 3575 3588 3591 3620 3623 3612 3636 3639 3638 3704 3766 3777 3773 3776 3793 3793 3822 3854 3850 3839 3873 3884 3910 3921 3927 3938 3933 3960 3964 3980 3997 3994 3986 3979 3976 3979 4007 4007 4007 4002 4002 4001 3999 4027 4044 4061 4057 4047 4022 4022 4041 4041 4058 4058 4047 4043 4043 4033 4030 -1 -1 -1 -1 -1 -1 -1 -1 -1 -1
-1 -1 -1 -1 -1 -1 -1 -1 -1 -1 -1 -1 -1 -1 -1 -1 -1 -1 -1 -1 3305 3371 3464 3495 3495 3544 3575 3575 3572 3590 3623 3623 3606 3608 3608 3635 3714 3749 3760 3776 3782 3793 3790 3843 3854 3854 3837 3880 3884 3918 3921 3921 3915 3943 3964 3964 3980 3980 3966 3963 3962 3948 3976 3976 3976 3971 3991 3991 4023 4016 4030 4061 4061 4050 4026 4022 4018 4030 4041 4024 4012 4040 4040 4033 4033 -1 -1 -1 -1 -1 -1 -1 -1 -1 -1 -1
-1 -1 -1 -1 -1 -1 -1 -1 -1 -1 -1 -1 -1 -1 -1 -1 -1 -1 -1 -1 -1 3488 3488 3495 3524 3544 3561 3558 3575 3606 3606 3592 3591 3607 3607 3590 3708 3756 3760 3760 3743 3759 3762 3759 3823 3837 3853 3853 3872 3872 3890 3918 3918 3947 3947 3949 3977 3964 3969 3963 3963 3945 3945 3944 3971 3971 3996 3995 4027 4027 4044 4044 4033 4009 4005 4005 4024 4024 4013 3978 3995 4040 4036 -1 -1 -1 -1 -1 -1 -1 -1 -1 -1 -1 -1 -1
-1 -1 -1 -1 -1 -1 -1 -1 -1 -1 -1 -1 -1 -1 -1 -1 -1 -1 -1 -1 3456 3495 3488 3509 3540 3540 3568 3572 3575 3606 3603 3595 3604 3607 3597 3590 3590 3725 3721 3708 3738 3741 3759 3759 3805 3805 3849 3853 3872 3890 3890 3915 3918 3947 3946 3946 3929 3930 3932 3932 3931 3914 3934 3940 3966 3965 3996 3996 4027 4028 4044 4041 4028 4005 4005 4004 4024 4021 3949 -1 -1 4009 4008 3971 -1 -1 -1 -1 -1 -1 -1 -1 -1 -1 -1 -1
-1 -1 -1 -1 -1 -1 -1 -1 -1 -1 -1 -1 -1 -1 -1 -1 -1 -1 -1 3429 3474 3502 3506 3520 3540 3537 3572 3572 3590 3590 3574 3574 3591 3580 3576 3573 3558 3575 3704 3708 3730 3741 3741 3727 3802 3805 3815 3832 3832 3859 3889 3889 3929 3929 3946 3942 3935 3932 3932 3932 3912 3908 3935 3934 3966 3966 3996 3996 4028 4028 4024 4013 3977 3991 3991 4008 4008 3993 3967 3991 3995 3984 3963 3934 -1 -1 -1 -1 -1 -1 -1 -1 -1 -1 -1 -1
-1 -1 -1 -1 -1 -1 -1 -1 -1 -1 -1 -1 -1 -1 -1 -1 -1 -1 3347 3429 3486 3506 3506 3524 3524 3541 3541 3559 3590 3586 3579 3587 3591 3591 3576 3576 3558 3575 3671 3675 3675 3724 3724 3746 3768 3774 3812 3815 3821 3832 3886 3889 3926 3929 3918 3915 3930 3930 3913 3912 3912 3904 3935 3935 3963 3960 3991 3991 3996 3991 3978 3978 3974 3991 3987 4008 3997 3991 3978 3995 3995 3932 -1 -1 -1 -1 -1 -1 -1 -1 -1 -1 -1 -1 -1 -1
-1 -1 -1 -1 -1 -1 -1 -1 -1 -1 -1 -1 -1 -1 -1 -1 -1 -1 3378 3445 3478 3489 3492 3524 3530 3541 3541 3558 3559 3523 3543 3571 3574 3563 3556 3573 3573 3591 3591 3644 3658 3644 3721 3724 3750 3768 3804 3815 3815 3832 3858 3881 3881 3894 3897 3899 3930 3926 3919 3908 3904 3928 3935 3934 3960 3960 3991 3987 3980 3973 3969 3957 3957 3973 3973 3973 3947 3978 3978 3964 -1 -1 -1 -1 -1 -1 -1 -1 -1 -1 -1 -1 -1 -1 -1 -1
-1 -1 -1 -1 -1 -1 -1 -1 -1 -1 -1 -1 -1 -1 -1 -1 -1 3308 3378 3445 3489 3489 3493 3503 3537 3540 3548 3559 3559 3537 3546 3574 3574 3557 3562 3570 3573 3574 3591 3609 3598 3642 3708 3750 3750 3751 3768 3798 3798 3825 3849 3877 3881 3887 3897 3897 3913 3913 3913 3912 3912 3928 3928 3929 3929 3928 3911 3911 3973 3973 3936 3953 3957 3962 3970 3947 3961 3961 3945 3933 3902 3857 -1 -1 -1 -1 -1 -1 -1 -1 -1 -1 -1 -1 -1 -1
-1 -1 -1 -1 -1 -1 -1 -1 -1 -1 -1 -1 -1 -1 -1 -1 -1 -1 3383 3456 3463 3489 3492 3503 3540 3540 3558 3558 3541 3541 3554 3557 3543 3553 3556 3540 3520 3533 3543 3574 3609 3643 3704 3733 3733 3747 3751 3758 3767 3793 3846 3849 3857 3861 3881 3897 3896 3909 3902 3912 3901 3925 3918 3912 3911 3907 3911 3911 3916 3916 3940 3940 3942 3942 3939 3945 3950 3958 3961 3927 3892 3874 3874 3857 3857 3838 -1 -1 -1 -1 -1 -1 -1 -1 -1 -1
-1 -1 -1 -1 -1 -1 -1 -1 -1 -1 -1 -1 -1 -1 -1 -1 -1 -1 3435 3467 3467 3492 3492 3509 3509 3527 3558 3555 3542 3541 3557 3557 3541 3556 3556 3545 3524 3540 3543 3543 3605 3609 3691 3730 3733 3740 3751 3751 3758 3766 3770 3805 3850 3861 3861 3896 3893 3896 3865 3879 3879 3880 3880 3911 3911 3900 3899 3886 3909 3909 3940 3939 3942 3942 3942 3941 3945 3934 3930 3930 3897 3888 3874 3857 3854 3838 -1 -1 -1 -1 -1 -1 -1 -1 -1 -1
-1 -1 -1 -1 -1 -1 -1 -1 -1 -1 -1 -1 -1 -1 -1 -1 3418 3418 -1 3467 3471 3471 3498 3509 3509 3531 3542 3525 3510 3541 3541 3526 3536 3540 3525 3525 3488 3488 3512 3512 3501 3512 3688 3691 3715 3715 3720 3747 3754 3758 3770 3770 3805 3832 3835 3835 3819 3865 3865 3864 3862 3880 3880 3879 3874 3874 3903 3903 3908 3878 3935 3939 3939 3928 3928 3945 3914 3909 3923 3927 3927 3892 3861 3855 3837 3833 -1 3359 -1 -1 -1 -1 -1 -1 -1 -1
-1 -1 -1 -1 -1 -1 -1 -1 -1 -1 -1 -1 -1 -1 -1 -1 -1 3418 3436 3436 -1 3471 3508 3508 3505 3542 3542 3538 3510 3541 3537 3530 3540 3540 3529 3525 3478 3481 3512 3508 3511 3512 3539 3581 3581 3689 3689 3693 3696 3729 3736 3739 3789 3819 3825 3835 3815 3819 3831 3862 3862 3858 3814 3844 3844 3882 3903 3892 3885 3874 3877 3897 3897 3924 3917 3928 3914 3893 3910 3916 3927 3910 3910 3860 3837 3837 -1 -1 -1 -1 -1 -1 3541 3537 -1 -1
-1 -1 -1 -1 -1 -1 -1 -1 -1 -1 -1 -1 -1 3290 -1 -1 -1 3414 3435 3435 3439 3453 3453 3508 3514 3525 3511 3511 3511 3510 3509 3509 3523 3512 3508 3505 3481 3481 3481 3490 3494 3508 3511 3518 3573 3634 3657 3686 3696 3696 3671 3676 3778 3785 3789 3769 3772 3800 3800 3800 3817 3817 3834 3844 3855 3886 3886 3885 3885 3881 3894 3894 3883 3895 3911 3900 3883 3896 3896 3879 3899 3910 3907 3844 3838 3806 -1 -1 -1 -1 -1 3524 3541 3541 3524 3524
-1 -1 -1 -1 -1 -1 -1 -1 -1 -1 -1 -1 3321 3334 -1 -1 -1 3387 -1 3438 3451 3455 3453 3492 3522 3525 3525 3511 3511 3510 3510 3523 3523 3519 3508 3508 3450 3450 3476 3494 3494 3511 3511 3519 3562 3573 3634 3655 3665 3667 3671 3671 3677 3677 3719 3750 3769 3789 3796 3800 3806 3806 3837 3837 3858 3886 3875 3869 3854 3866 3894 3890 3866 3911 3911 3908 3876 3896 3896 3896 3894 3883 3857 3855 3851 3782 -1 -1 -1 3596 3565 3559 -1 -1 3521 3524
-1 -1 -1 -1 -1 -1 -1 -1 -1 -1 -1 -1 -1 3351 3352 -1 -1 -1 -1 3444 3455 3461 3461 3488 3492 3497 3508 3505 3488 3479 3492 3492 3491 3491 3477 3477 3455 3450 3476 3476 3463 3463 3484 3487 3488 3573 3634 3649 3665 3665 3649 3649 3648 3648 3719 3750 3750 3751 3782 3782 3805 3800 3837 3838 3869 3869 3866 3854 3854 3873 3877 3873 3877 3880 3895 3884 3893 3893 3875 3894 3894 3890 3860 3855 3855 3821 3762 3762 3655 3658 3565 3564 3518 -1 -1 3493
-1 -1 -1 -1 -1 -1 -1 -1 -1 -1 -1 -1 3313 -1 -1 -1 -1 -1 3438 3455 3455 3461 3461 3460 3457 3492 3508 3508 3491 3491 3492 3492 3492 3477 3477 3477 3459 3459 3472 3465 3459 3458 3447 3471 3471 3556 3556 3560 3569 3632 3645 3649 3638 3648 3634 3740 3747 3750 3782 3778 3771 3790 3793 3835 3869 3842 3853 3853 3845 3877 3877 3877 3877 3895 3895 3891 3882 3893 3889 3875 3865 3855 3829 3829 3838 3827 3807 3789 3696 3690 3627 3555 3555 3555 3579 3559
-1 -1 -1 -1 -1 -1 -1 -1 -1 -1 -1 -1 -1 -1 -1 3383 3407 3438 3438 3434 3424 3457 3457 3474 3474 3457 3488 3492 3492 3491 3481 3474 3476 3476 3460 3459 3459 3448 3445 3445 3458 3458 3454 3471 3460 3467 3470 3522 3531 3535 3621 3632 3632 3604 3634 3665 3665 3744 3744 3762 3762 3793 3793 3838 3849 3853 3850 3853 3853 3846 3846 3846 3864 3864 3859 3862 3862 3865 3876 3865 3865 3862 3829 3834 3838 3838 3810 3789 3707 3703 3638 3555 3596 3590 3590 3573
-1 -1 -1 -1 -1 -1 -1 -1 -1 -1 -1 -1 -1 -1 -1 -1 3406 3407 3406 -1 -1 -1 3457 3470 3474 3463 3475 3481 3492 3461 3474 3474 3476 3473 3466 3459 3459 3442 3445 3445 3445 3427 3439 3440 3377 3453 3459 3470 3524 3535 3535 3629 3632 3615 3615 3661 3665 3744 3740 3762 3762 3782 3824 3835 3831 3853 3853 3823 3846 3846 3846 3847 3864 3864 3863 3862 3862 3876 3876 3872 3834 3844 3834 3827 3823 3821 3818 3786 3707 3707 3679 3606 3603 3586 3590 3570
-1 -1 -1 -1 -1 -1 -1 -1 -1 -1 -1 -1 -1 -1 -1 -1 -1 3407 3401 -1 -1 -1 3334 3458 3458 3475 3475 3458 3457 3442 3443 3460 3460 3449 3432 3428 3442 3442 3441 3438 3424 3424 3366 3405 3439 3439 3453 3453 3487 3503 3503 3571 3572 3612 3615 3627 3648 3678 3715 3726 3725 3785 3835 3835 3836 3836 3822 3823 3823 3815 3828 3863 3863 3860 3846 3847 3858 3855 3859 3848 3844 3844 3841 3827 3827 3821 3821 3786 3690 3690 3687 3606 3606 3597 3578 3576
-1 -1 -1 -1 -1 -1 -1 -1 -1 -1 -1 -1 -1 -1 -1 -1 3401 3401 -1 -1 -1 -1 3334 3455 3458 3471 3475 3464 3440 3430 3429 3443 3456 3460 3443 3440 3428 3441 3441 3430 3424 3420 3374 3423 3439 3436 3420 3425 3453 3487 3487 3472 3557 3588 3599 3599 3596 3596 3722 3726 3757 3818 3818 3825 3832 3836 3805 3805 3815 3815 3832 3853 3825 3863 3846 3858 3858 3856 3859 3859 3827 3813 3813 3796 3807 3797 3796 3793 3724 3690 3690 3668 3641 3612 3578 3619
