R/with_max/noveg_4400/arrival.asc
NCOLS 638
NROWS 825
XLLCORNER -2985163.8955
YLLCORNER -3022031.214
CELLSIZE 10000
NODATA_value -1
[rows 414 to 459 of 825, columns 288 to 383 of 638]
-1 -1 -1 -1 -1 -1 -1 -1 -1 -1 -1 -1 -1 -1 -1 -1 -1 -1 -1 -1 2232 2248 2308 2324 2355 2413 2413 2511 2515 2549 2566 2566 2518 2517 2522 2526 2505 2505 2516 2521 2510 2517 2548 2548 2550 2556 2563 2550 2550 2550 2533 2533 2516 2500 2469 2452 2452 2425 2439 2442 2442 2426 2426 2399 2396 2368 2389 2362 2379 2383 2366 2366 2354 2354 2376 2383 2387 2355 2339 2355 2339 2339 2322 2319 2302 2305 2255 2273 2273 2242 2222 2228 2191 2188 2170 2167
-1 -1 -1 -1 -1 -1 -1 -1 -1 -1 -1 -1 -1 -1 -1 -1 -1 -1 -1 -1 2212 2237 2308 2308 2325 2410 2413 2484 2488 2538 2549 2549 2517 2517 2515 2484 2484 2470 2470 2510 2510 2517 2517 2534 2534 2550 2550 2539 2546 2550 2533 2529 2516 2500 2469 2429 2429 2425 2425 2394 2394 2393 2393 2399 2399 2364 2362 2362 2352 2355 2363 2366 2335 2354 2355 2355 2354 2354 2321 2294 2335 2339 2322 2322 2305 2305 2274 2273 2257 2242 2242 2239 2236 2222 2206 2177
-1 -1 -1 -1 -1 -1 -1 -1 -1 -1 -1 -1 -1 -1 -1 -1 -1 -1 -1 -1 2208 2232 2304 2308 2322 2325 2383 2383 2485 2532 2546 2549 2515 2515 2511 2476 2483 2466 2470 2421 2422 2422 2434 2502 2519 2539 2546 2533 2533 2533 2522 2516 2500 2496 2446 2446 2429 2398 2367 2376 2394 2383 2393 2362 2362 2364 2358 2351 2337 2337 2334 2335 2335 2337 2337 2354 2351 2344 2253 2256 2304 2308 2291 2304 2301 2294 2273 2263 2270 2240 2239 2239 2239 2222 2211 2188
-1 -1 -1 -1 -1 -1 -1 -1 -1 -1 -1 -1 -1 -1 -1 -1 -1 -1 -1 -1 -1 2126 2185 2289 2289 2325 2380 2436 2456 2456 2516 2532 2532 2515 2504 2487 2434 2438 2438 2421 2421 2422 2429 2462 2466 2479 2483 2522 2533 2530 2516 2516 2500 2489 2446 2442 2396 2396 2365 2372 2376 2376 2347 2353 2362 2347 2347 2334 2330 2337 2306 2321 2324 2326 2333 2337 2306 2306 2277 2284 2263 2272 2293 2304 2304 2255 2256 2257 2257 2246 2223 2223 2219 2222 2171 2188
-1 -1 -1 -1 -1 -1 -1 -1 -1 -1 -1 -1 -1 -1 -1 -1 -1 -1 -1 -1 -1 -1 2085 2285 2289 2294 2357 2429 2440 2457 2521 2529 2532 2512 2487 2487 2456 2456 2452 2445 2439 2439 2419 2425 2429 2429 2412 2454 2470 2460 2505 2513 2463 2446 2429 2435 2396 2392 2357 2357 2365 2344 2313 2314 2336 2343 2347 2316 2305 2306 2305 2314 2324 2324 2305 2305 2306 2306 2288 2288 2257 2272 2262 2272 2273 2252 2256 2256 2257 2253 2229 2220 2206 2202 2160 2171
-1 -1 -1 -1 -1 -1 -1 -1 -1 -1 -1 -1 -1 -1 -1 -1 -1 -1 -1 -1 -1 -1 -1 2174 2232 2263 2354 2412 2440 2440 2470 2505 2516 2516 2499 2488 2456 2456 2455 2455 2439 2435 2399 2412 2418 2429 2412 2467 2470 2407 2412 2463 2459 2394 2388 2405 2388 2388 2357 2357 2341 2344 2310 2299 2302 2302 2286 2302 2305 2305 2275 2282 2292 2289 2274 2274 2295 2305 2305 2288 2285 2272 2269 2245 2214 2225 2225 2226 2240 2240 2240 2206 2206 2195 2171 2171
-1 -1 -1 -1 -1 -1 -1 -1 -1 -1 -1 -1 -1 -1 -1 -1 -1 -1 -1 -1 -1 -1 -1 2161 2229 2233 2343 2420 2423 2426 2469 2470 2499 2516 2499 2495 2456 2455 2439 2455 2422 2428 2399 2399 2399 2372 2397 2407 2407 2391 2406 2422 2419 2391 2373 2377 2385 2388 2337 2327 2327 2310 2307 2286 2292 2302 2286 2286 2269 2269 2275 2275 2256 2245 2243 2253 2289 2302 2305 2289 2289 2258 2256 2252 2194 2207 2207 2209 2237 2209 2223 2206 2175 2119 2155 2155
-1 -1 -1 -1 -1 -1 -1 -1 -1 -1 -1 -1 -1 -1 -1 -1 -1 -1 -1 -1 -1 -1 -1 2167 2178 2229 2333 2406 2423 2423 2420 2420 2455 2455 2499 2482 2439 2418 2368 2432 2429 2405 2416 2399 2399 2381 2391 2407 2404 2391 2402 2406 2406 2375 2371 2371 2340 2337 2338 2323 2327 2278 2272 2259 2259 2244 2275 2282 2258 2269 2244 2244 2256 2256 2239 2250 2253 2274 2274 2278 2289 2258 2256 2256 2207 2203 2196 2185 2195 2195 2167 2174 2175 2119 2151 2155
-1 -1 -1 -1 -1 -1 -1 -1 -1 -1 -1 -1 -1 -1 -1 -1 -1 -1 -1 -1 -1 -1 -1 -1 2161 2245 2326 2326 2406 2406 2409 2416 2439 2455 2479 2482 2449 2432 2438 2432 2432 2416 2416 2388 2395 2381 2381 2372 2387 2380 2395 2406 2389 2371 2368 2371 2355 2338 2338 2307 2276 2276 2275 2275 2244 2244 2230 2241 2251 2251 2234 2241 2225 2235 2239 2239 2222 2241 2271 2271 2271 2258 2257 2257 2218 2212 2176 2179 2195 2192 2137 2143 2144 2144 2115 2124
-1 -1 -1 -1 -1 -1 -1 -1 -1 -1 -1 -1 -1 -1 -1 -1 -1 -1 -1 -1 -1 -1 -1 -1 2159 2241 2323 2326 2403 2406 2395 2399 2434 2434 2471 2482 2482 2449 2445 2401 2421 2377 2412 2385 2385 2370 2378 2354 2343 2374 2389 2386 2354 2354 2340 2355 2351 2327 2334 2275 2276 2276 2265 2275 2211 2244 2241 2241 2248 2251 2224 2224 2195 2195 2212 2221 2222 2239 2254 2268 2260 2254 2254 2257 2212 2212 2196 2163 2179 2179 2147 2144 2115 2115 2099 2095
-1 -1 -1 -1 -1 -1 -1 -1 -1 -1 -1 -1 -1 -1 -1 -1 -1 -1 -1 -1 -1 -1 -1 2155 2159 2234 2245 2308 2336 2386 2389 2403 2431 2434 2455 2466 2466 2449 2398 2401 2348 2354 2354 2385 2385 2360 2365 2365 2334 2378 2389 2389 2354 2350 2338 2355 2344 2304 2320 2258 2258 2268 2257 2232 2208 2206 2224 2238 2224 2224 2221 2224 2193 2209 2212 2212 2212 2209 2202 2208 2243 2251 2254 2225 2201 2212 2209 2175 2168 2179 2147 2147 2116 2085 2067 2099
-1 -1 -1 -1 -1 -1 -1 -1 -1 -1 -1 -1 -1 -1 -1 -1 -1 -1 -1 -1 -1 -1 -1 -1 2159 2177 2228 2288 2332 2379 2389 2389 2373 2418 2449 2466 2462 2435 2387 2345 2348 2348 2323 2347 2364 2364 2361 2365 2344 2356 2357 2360 2344 2289 2267 2324 2324 2320 2317 2286 2289 2268 2265 2208 2208 2219 2219 2213 2221 2224 2193 2193 2193 2193 2196 2202 2212 2212 2208 2208 2207 2171 2192 2195 2196 2196 2181 2178 2148 2148 2119 2126 2116 2085 2062 2088
-1 -1 -1 -1 -1 -1 -1 -1 -1 -1 -1 -1 -1 -1 -1 -1 -1 -1 -1 -1 -1 -1 -1 -1 -1 2166 2224 2288 2308 2319 2358 2373 2373 2373 2379 2386 2398 2398 2394 2321 2321 2290 2323 2323 2353 2364 2347 2348 2337 2328 2350 2360 2360 2329 2267 2274 2263 2309 2320 2289 2289 2258 2268 2237 2237 2215 2219 2191 2188 2192 2193 2193 2192 2192 2196 2196 2188 2191 2191 2178 2175 2171 2191 2195 2195 2196 2178 2178 2148 2148 2130 2113 2098 2080 2062 2071
-1 -1 -1 -1 -1 -1 -1 -1 -1 -1 -1 -1 -1 -1 -1 -1 -1 -1 -1 -1 -1 -1 -1 -1 2084 2173 2177 2232 2257 2319 2319 2302 2353 2357 2362 2373 2373 2370 2370 2321 2317 2290 2303 2303 2333 2347 2336 2348 2348 2328 2328 2329 2344 2344 2292 2270 2274 2287 2304 2300 2289 2275 2237 2238 2237 2226 2191 2191 2160 2164 2175 2182 2189 2192 2165 2164 2175 2191 2181 2178 2178 2140 2134 2163 2164 2164 2174 2167 2147 2147 2130 2130 2096 2077 2062 2082
-1 -1 -1 -1 -1 -1 -1 -1 -1 -1 -1 -1 -1 -1 -1 -1 -1 -1 -1 -1 -1 -1 -1 -1 2056 2084 2084 2228 2232 2269 2291 2299 2357 2357 2357 2370 2373 2370 2360 2304 2310 2288 2303 2305 2330 2347 2343 2330 2330 2297 2299 2333 2340 2344 2297 2275 2281 2293 2304 2304 2286 2282 2241 2241 2236 2236 2199 2205 2160 2171 2175 2175 2161 2161 2165 2165 2150 2158 2175 2164 2147 2140 2140 2116 2117 2130 2133 2144 2147 2137 2115 2113 2110 2080 2056 2056
-1 -1 -1 -1 -1 -1 -1 -1 -1 -1 -1 -1 -1 -1 -1 -1 -1 -1 -1 -1 -1 -1 -1 -1 2056 2056 2073 2215 2232 2232 2282 2286 2294 2326 2346 2340 2340 2339 2338 2335 2318 2322 2305 2305 2288 2316 2319 2330 2327 2299 2299 2298 2312 2313 2313 2292 2288 2275 2276 2287 2286 2286 2253 2241 2233 2236 2205 2205 2174 2168 2147 2158 2160 2161 2161 2160 2160 2171 2175 2175 2144 2117 2134 2123 2116 2117 2113 2100 2116 2116 2113 2102 2113 2096 2053 2040
-1 -1 -1 -1 -1 -1 -1 -1 -1 -1 -1 -1 -1 -1 -1 -1 -1 -1 -1 -1 -1 -1 -1 -1 -1 1964 2070 2073 2107 2215 2275 2286 2286 2284 2340 2329 2336 2322 2338 2338 2322 2311 2294 2302 2288 2288 2313 2313 2298 2299 2299 2295 2313 2313 2313 2292 2292 2275 2283 2287 2287 2256 2256 2219 2224 2210 2207 2205 2178 2175 2155 2158 2158 2143 2144 2157 2160 2144 2155 2158 2158 2134 2134 2130 2117 2117 2106 2100 2116 2116 2098 2098 2096 2093 2047 2036
-1 -1 -1 -1 -1 -1 -1 -1 -1 -1 -1 -1 -1 -1 -1 -1 -1 -1 -1 -1 -1 -1 -1 -1 -1 1971 1975 1975 2113 2124 2244 2254 2255 2294 2294 2291 2259 2301 2328 2338 2322 2260 2255 2255 2272 2302 2309 2313 2296 2292 2298 2295 2295 2296 2312 2302 2275 2275 2275 2255 2256 2256 2256 2225 2225 2210 2210 2179 2178 2178 2148 2148 2141 2143 2143 2112 2112 2113 2141 2147 2158 2141 2130 2117 2113 2086 2086 2068 2069 2087 2094 2098 2096 2085 2047 2040
-1 -1 -1 -1 -1 -1 -1 -1 -1 -1 -1 -1 -1 -1 -1 -1 -1 -1 -1 -1 -1 -1 -1 -1 -1 1949 2015 2031 2124 2124 2192 2224 2224 2274 2278 2267 2273 2304 2304 2293 2291 2245 2245 2240 2261 2272 2282 2285 2296 2296 2298 2298 2295 2309 2312 2312 2279 2275 2244 2256 2256 2256 2239 2225 2225 2215 2179 2179 2161 2161 2147 2148 2141 2141 2112 2112 2112 2116 2116 2127 2138 2141 2141 2117 2117 2030 2065 2068 2069 2069 2067 2076 2080 2069 2049 2046
-1 -1 -1 -1 -1 -1 -1 -1 -1 -1 -1 -1 -1 -1 -1 -1 -1 -1 -1 -1 -1 -1 -1 -1 -1 1946 2020 2031 2103 2107 2208 2224 2224 2243 2278 2278 2276 2276 2272 2232 2267 2242 2245 2246 2268 2272 2272 2252 2268 2268 2267 2267 2267 2281 2281 2296 2285 2265 2244 2244 2243 2255 2245 2219 2219 2219 2179 2179 2168 2161 2130 2130 2117 2110 2112 2112 2081 2084 2085 2088 2109 2110 2110 2085 2085 2048 2038 2038 2038 2038 2054 2064 2080 2080 2063 2059
-1 -1 -1 -1 -1 -1 -1 -1 -1 -1 -1 -1 -1 -1 -1 -1 -1 -1 -1 -1 -1 -1 -1 -1 -1 1928 2028 2031 2107 2162 2197 2208 2215 2240 2258 2261 2273 2276 2266 2263 2267 2267 2250 2250 2240 2248 2251 2258 2265 2268 2266 2267 2267 2281 2292 2296 2296 2268 2245 2243 2252 2255 2255 2219 2219 2219 2182 2178 2175 2129 2130 2130 2104 2107 2110 2081 2081 2067 2092 2092 2081 2043 2043 2043 2053 2054 2048 2044 2038 2037 2061 2064 2064 2052 2063 2063
-1 -1 -1 -1 -1 -1 -1 -1 -1 -1 -1 -1 -1 -1 -1 -1 -1 -1 -1 -1 -1 -1 -1 -1 -1 1928 2015 2015 2041 2105 2204 2208 2208 2243 2250 2261 2261 2245 2260 2256 2236 2233 2239 2250 2233 2241 2251 2251 2241 2252 2252 2236 2257 2260 2275 2278 2279 2279 2248 2248 2243 2239 2228 2208 2188 2187 2182 2178 2178 2135 2099 2100 2104 2104 2078 2079 2067 2072 2092 2099 2109 2093 2045 2043 2022 2037 2048 2048 2017 2016 2013 2037 2048 2044 2035 2046
-1 -1 -1 -1 -1 -1 -1 -1 -1 -1 -1 -1 -1 -1 -1 -1 -1 -1 -1 -1 -1 -1 -1 -1 -1 -1 2011 2015 2028 2109 2146 2191 2232 2243 2243 2230 2245 2249 2260 2260 2215 2232 2232 2230 2233 2233 2224 2235 2235 2248 2252 2235 2260 2260 2278 2276 2278 2279 2248 2248 2235 2239 2239 2213 2188 2188 2151 2151 2151 2148 2094 2072 2073 2073 2073 2048 2048 2064 2075 2106 2109 2109 2057 2046 2022 2006 2016 2017 2017 2000 2010 2031 2048 2048 2017 2030
-1 -1 -1 -1 -1 -1 -1 -1 -1 -1 -1 -1 -1 -1 -1 -1 -1 -1 -1 -1 -1 -1 -1 -1 -1 -1 1991 1995 2021 2098 2109 2191 2198 2209 2227 2230 2230 2228 2229 2229 2221 2229 2232 2216 2216 2215 2231 2235 2235 2221 2235 2235 2242 2242 2244 2247 2247 2247 2248 2248 2237 2216 2213 2213 2185 2185 2151 2151 2151 2151 2087 2063 2041 2051 2041 2034 2041 2075 2075 2078 2076 2093 2082 2054 2018 2000 2016 2016 2000 2000 1997 2020 2031 2031 2013 1999
-1 -1 -1 -1 -1 -1 -1 -1 -1 -1 -1 -1 -1 -1 -1 -1 -1 -1 -1 -1 -1 -1 -1 -1 -1 -1 1995 1995 2018 2081 2084 2115 2205 2209 2216 2227 2228 2228 2229 2229 2228 2207 2205 2212 2216 2215 2215 2203 2204 2204 2203 2203 2231 2238 2242 2216 2226 2230 2244 2247 2247 2227 2231 2214 2211 2185 2150 2135 2131 2098 2094 2063 2051 2051 2034 2034 2047 2047 2064 2075 2093 2093 2089 2059 1972 1959 1985 1996 1989 1997 1997 1998 2031 2028 1996 2002
-1 -1 -1 -1 -1 -1 -1 -1 -1 -1 -1 -1 -1 -1 -1 -1 -1 -1 -1 -1 -1 -1 -1 -1 1902 1974 1978 1989 2054 2084 2084 2100 2100 2189 2223 2227 2227 2228 2228 2212 2211 2211 2167 2175 2185 2185 2184 2184 2204 2204 2203 2203 2203 2177 2180 2180 2219 2230 2230 2231 2247 2231 2231 2214 2197 2153 2153 2135 2135 2098 2098 2047 2034 2040 2023 2031 2037 2047 2072 2075 2075 2062 2076 2073 2037 1983 1967 1952 1921 1907 1982 2011 2014 2003 1996 2009
-1 -1 -1 -1 -1 -1 -1 -1 -1 -1 -1 -1 -1 -1 -1 -1 -1 -1 -1 -1 -1 -1 -1 1815 1918 1978 1978 1990 2065 2065 2082 2100 2167 2192 2192 2199 2199 2218 2225 2228 2212 2211 2195 2178 2178 2174 2181 2184 2175 2186 2186 2169 2169 2138 2149 2149 2149 2198 2199 2199 2198 2214 2220 2214 2203 2169 2153 2104 2104 2081 2077 2036 2018 2018 2002 2002 1985 2016 2058 2058 2062 2076 2076 2065 2041 1983 1980 1914 1890 1890 1979 1982 2014 2014 1994 1996
-1 -1 -1 -1 -1 -1 -1 -1 -1 -1 -1 -1 -1 -1 -1 -1 -1 -1 -1 -1 -1 -1 -1 -1 1908 1955 1959 1960 2062 2065 2078 2082 2157 2167 2168 2199 2196 2189 2201 2212 2212 2195 2195 2167 2178 2147 2147 2150 2153 2182 2186 2166 2169 2138 2138 2137 2138 2177 2181 2188 2195 2198 2197 2197 2183 2169 2137 2105 2104 2081 2081 2019 2018 2015 1999 2002 1982 2016 2055 2058 2059 2059 2045 2013 2010 1983 1959 1904 1874 1890 1972 1982 1983 1998 1998 1996
-1 -1 -1 -1 -1 -1 -1 -1 -1 -1 -1 -1 -1 -1 -1 -1 -1 -1 -1 -1 -1 -1 -1 -1 1902 1948 1959 1959 1991 2049 2065 2082 2164 2167 2167 2150 2150 2138 2148 2195 2208 2184 2192 2163 2132 2132 2129 2129 2098 2098 2091 2091 2120 2120 2134 2137 2137 2170 2181 2181 2167 2186 2194 2197 2169 2166 2159 2116 2084 2061 2061 2018 2002 1970 1967 1978 1982 1982 1996 2027 2048 2059 2056 2000 2000 1969 1963 1946 1887 1846 1900 1952 1981 1987 1998 1981
-1 -1 -1 -1 -1 -1 -1 -1 -1 -1 -1 -1 -1 -1 -1 -1 -1 -1 -1 -1 -1 -1 -1 1804 1902 1905 1928 1942 2004 2045 2082 2085 2137 2134 2150 2146 2139 2145 2148 2148 2135 2153 2160 2163 2132 2132 2126 2129 2098 2098 2091 2091 2109 2116 2120 2089 2123 2123 2153 2164 2164 2155 2165 2165 2153 2153 2112 2116 2079 2068 2061 2018 2018 1987 1939 1908 1951 1951 1964 2024 2027 2028 2028 2028 2000 1968 1963 1963 1890 1846 1896 1942 1949 1952 1970 1981
-1 -1 -1 -1 -1 -1 -1 -1 -1 -1 -1 -1 -1 -1 -1 -1 -1 -1 -1 -1 -1 -1 1804 1804 1905 1905 1921 1921 2007 2007 2085 2121 2137 2137 2104 2089 1996 2103 2106 2119 2116 2103 2103 2104 2104 2101 2101 2085 2085 2081 2088 2091 2060 2057 2068 2082 2085 2095 2147 2161 2164 2149 2162 2165 2149 2153 2121 2094 2087 2079 2075 2048 2018 1991 1967 1935 1910 1942 1938 1934 2006 2010 2010 2027 1997 1907 1874 1859 1856 1777 1797 1828 1921 1921 1939 1949
-1 -1 -1 -1 -1 -1 -1 -1 -1 -1 -1 -1 -1 -1 -1 -1 -1 -1 -1 -1 -1 -1 1742 1802 1874 1874 1921 1928 2001 2065 2086 2106 2106 2121 2110 2058 2058 2002 2109 2119 2119 2088 2088 2084 2085 2091 2101 2081 2085 2054 2054 2060 2060 2068 2068 2085 2085 2090 2103 2106 2147 2147 2138 2149 2149 2122 2122 2098 2098 2079 2079 2051 2002 2002 1970 1942 1955 1959 1942 1976 1993 2010 1999 1979 1945 1874 1870 1863 1777 1777 1801 1812 1817 1917 1933 1946
-1 -1 -1 -1 -1 -1 -1 -1 -1 -1 -1 -1 -1 -1 -1 -1 -1 -1 -1 -1 -1 1687 1749 1847 1858 1874 1874 1935 2001 2069 2092 2103 2117 2121 2121 2052 2058 2035 2083 2086 2103 2092 2088 2084 2084 2053 2021 2021 2015 2015 2025 2060 2060 2059 2059 2051 2065 2069 2072 2136 2144 2147 2132 2145 2149 2122 2122 2105 2098 2078 2062 2058 2027 2002 1971 1959 1959 1962 1959 1982 1993 1937 1934 1941 1945 1843 1843 1843 1794 1781 1812 1812 1794 1914 1917 1918
-1 -1 -1 -1 -1 -1 -1 -1 -1 -1 -1 -1 -1 -1 -1 -1 -1 -1 -1 -1 -1 1719 1750 1854 1858 1858 1843 1938 1984 2069 2100 2103 2103 2104 2093 2034 2052 2048 2028 2099 2103 2103 2071 2071 2053 2053 2022 2021 1992 1993 2031 2042 2049 2056 2059 2051 2058 2069 2075 2075 2120 2131 2131 2121 2132 2129 2116 2112 2081 2081 2062 2062 2030 1971 1971 1971 1978 1962 1962 1993 1993 1990 1914 1848 1859 1855 1844 1843 1825 1784 1812 1808 1777 1773 1886 1901
-1 -1 -1 -1 -1 -1 -1 -1 -1 -1 -1 -1 -1 -1 -1 -1 -1 -1 -1 -1 -1 1719 1778 1838 1841 1843 1843 1932 1987 2050 2075 2086 2104 2104 2101 2041 2052 2052 2035 2072 2072 2086 2075 2071 2054 2053 2024 2024 1993 1993 2038 2042 2042 2037 2028 2028 2020 2038 2043 2054 2114 2131 2127 2115 2132 2132 2116 2116 2085 2081 2063 2031 2031 2000 1999 1982 1982 1962 1965 1976 1960 1941 1883 1875 1888 1892 1875 1825 1825 1795 1795 1781 1777 1784 1780 1867
-1 -1 -1 -1 -1 -1 -1 -1 -1 -1 -1 -1 -1 -1 -1 -1 -1 -1 -1 -1 -1 1719 1775 1830 1841 1841 1824 1950 1987 2050 2083 2086 2086 2073 2073 2038 2044 2031 2035 2072 2083 2086 2086 2055 2055 2026 2033 2024 2017 1993 2014 2025 2034 2037 2037 2028 2020 2020 2051 2054 2054 2097 2114 2110 2101 2115 2112 2085 2085 2067 2067 2031 2031 2000 2000 1998 1982 1965 1976 1976 1973 1941 1878 1881 1892 1875 1872 1827 1827 1816 1791 1778 1777 1774 1759 1802
-1 -1 -1 -1 -1 -1 -1 -1 -1 -1 -1 -1 -1 -1 -1 -1 -1 -1 -1 -1 -1 1704 1768 1778 1810 1824 1824 1955 1990 2019 2059 2070 2072 2073 2073 2055 2051 2024 2039 2041 2052 2068 2065 2055 2055 2037 2037 2020 2020 1994 2022 2025 2025 2005 2006 2006 1997 2013 2013 2023 2054 2103 2114 2114 2104 2115 2115 2085 2085 2081 2067 2035 2007 2014 2001 2001 1970 1965 1965 1960 1956 1925 1922 1909 1892 1875 1864 1833 1827 1779 1778 1775 1746 1712 1762 1802
-1 -1 -1 -1 -1 -1 -1 -1 -1 -1 -1 -1 -1 -1 -1 -1 -1 -1 -1 -1 -1 1666 1751 1762 1779 1793 1793 1956 1993 1993 2066 2070 2070 2072 2069 2055 2055 2024 2041 2041 2057 2068 2068 2038 2054 2051 2037 2023 2020 2006 1994 1997 2008 2006 2006 2006 1976 1982 1982 2001 2076 2080 2083 2097 2097 2084 2085 2085 2084 2074 2036 2036 2018 2018 1999 2001 1970 1969 1960 1960 1949 1925 1925 1909 1905 1867 1844 1844 1824 1778 1778 1767 1746 1716 1716 1802
-1 -1 -1 -1 -1 -1 -1 -1 -1 -1 -1 -1 -1 -1 -1 -1 -1 -1 -1 -1 1646 1734 1758 1792 1799 1822 1854 1946 1993 2003 2042 2053 2062 2072 2072 2021 2038 2038 2024 2029 2033 2041 2052 2044 2054 2054 2023 2023 2006 2006 1994 2005 2008 2008 1975 1976 1976 1981 1982 1985 2069 2080 2086 2094 2097 2075 2082 2085 2084 2084 2036 2036 2017 2018 1999 1999 1970 1970 1943 1932 1925 1914 1909 1898 1909 1877 1861 1827 1796 1747 1747 1716 1705 1699 1704 1704
-1 -1 -1 -1 -1 -1 -1 -1 -1 -1 -1 -1 -1 -1 -1 -1 -1 -1 -1 -1 1680 1742 1745 1803 1860 1871 1887 1950 1950 2020 2049 2053 2053 2041 2040 2027 2035 2038 2010 2033 2033 2048 2052 2052 2023 2038 2034 2023 1996 2003 1976 1976 1977 1977 1975 1975 1960 1964 1978 1981 1988 2049 2062 2066 2066 2066 2053 2054 2054 2053 2035 2032 2017 2017 1985 1967 1967 1943 1943 1939 1891 1891 1891 1877 1874 1861 1850 1765 1748 1733 1730 1716 1716 1717 1714 1704
-1 -1 -1 -1 -1 -1 -1 -1 -1 -1 -1 -1 -1 -1 -1 -1 -1 -1 -1 1646 1725 1745 1745 1803 1871 1871 1888 1941 2016 2020 2036 2036 2041 2041 2041 2023 2023 2021 2021 2012 2016 2017 2021 2023 2027 2038 2038 2007 1978 1985 1969 1973 1976 1975 1975 1944 1964 1964 1981 1981 1998 1999 2031 2065 2066 2066 2065 2062 2053 2053 2035 2035 1990 1990 1978 1958 1958 1936 1936 1908 1904 1891 1887 1873 1873 1861 1857 1765 1765 1735 1733 1724 1721 1717 1706 1713
-1 -1 -1 -1 -1 -1 -1 -1 -1 -1 -1 -1 -1 -1 -1 -1 -1 -1 -1 1646 1728 1728 1746 1778 1867 1884 1888 1947 2009 2020 2025 2033 2036 2040 2040 2019 2023 2018 2021 2016 2016 2019 2021 2021 1998 2002 2007 2007 1989 1989 1972 1972 1965 1972 1975 1946 1946 1946 1961 1965 1968 1967 2030 2037 2048 2055 2065 2065 2050 2053 2022 2022 1991 1990 1944 1955 1958 1936 1936 1905 1897 1881 1873 1862 1869 1796 1812 1748 1748 1732 1735 1748 1752 1735 1717 1723
-1 -1 -1 -1 -1 -1 -1 -1 -1 -1 -1 -1 -1 -1 -1 -1 -1 -1 -1 1651 1717 1728 1739 1778 1842 1877 1887 1954 1957 1957 1940 2005 2030 2037 2040 1992 2004 2000 1992 1992 1985 1990 1990 1990 2002 2002 2007 2007 1996 1989 1972 1972 1941 1952 1944 1944 1935 1942 1965 1965 1968 1999 2000 2044 2048 2048 2033 2034 2034 2019 2012 2022 1991 1947 1947 1947 1933 1931 1926 1914 1897 1886 1856 1845 1733 1732 1745 1748 1737 1718 1735 1752 1752 1768 1765 1751
-1 -1 -1 -1 -1 -1 -1 -1 -1 -1 -1 -1 -1 -1 -1 -1 -1 -1 1639 1643 1659 1679 1691 1691 1838 1871 1887 1887 1930 1941 1936 1940 2005 2009 2009 2004 1993 2004 1989 1992 1980 1990 1990 1990 1990 1971 1976 2006 2006 1975 1972 1972 1955 1955 1924 1922 1913 1911 1964 1964 1978 2000 2000 2016 2017 2030 2033 2033 2016 2012 1985 1973 1973 1931 1936 1947 1931 1931 1914 1914 1897 1894 1856 1852 1711 1683 1728 1731 1731 1698 1715 1718 1741 1768 1768 1769
-1 -1 -1 -1 -1 -1 -1 -1 -1 -1 -1 -1 -1 -1 -1 -1 -1 -1 1643 1643 1656 1659 1691 1811 1842 1858 1877 1889 1937 1941 1941 1924 1980 2009 2009 2009 1987 1987 1973 1955 1959 1959 1960 1970 1971 1971 1990 2003 2006 1990 1961 1969 1944 1955 1939 1939 1908 1898 1960 1964 1982 1982 1996 2013 2016 2017 2033 2023 2016 2016 1973 1962 1969 1906 1904 1914 1920 1927 1910 1870 1881 1881 1825 1796 1715 1715 1720 1715 1731 1702 1707 1700 1718 1752 1758 1769
-1 -1 -1 -1 -1 -1 -1 -1 -1 -1 -1 -1 -1 -1 -1 -1 -1 -1 1561 1618 1643 1659 1660 1822 1848 1858 1888 1888 1921 1921 1924 1924 1987 1991 1998 2008 2008 1987 1956 1956 1959 1959 1967 1970 1970 1945 1945 1975 1990 1975 1959 1938 1941 1928 1935 1939 1918 1907 1942 1946 1982 1989 2000 2006 2016 2016 2017 2013 1953 1954 1942 1942 1926 1906 1904 1904 1853 1855 1855 1881 1877 1814 1810 1796 1785 1704 1698 1650 1691 1702 1702 1700 1716 1716 1720 1720
