R/with_max/noveg_4400/arrival.asc
NCOLS 638
NROWS 825
XLLCORNER -2985163.8955
YLLCORNER -3022031.214
CELLSIZE 10000
NODATA_value -1
[rows 414 to 459 of 825, columns 384 to 479 of 638]
2154 2143 2012 2038 2027 2038 2003 1986 1986 1946 1946 1950 1964 1964 1931 1903 1903 1935 1946 1935 1945 1942 1928 1924 1929 1918 1925 1887 1906 1899 1910 1879 1866 1758 1772 1783 1783 1753 1765 1796 1793 1785 1795 1795 1778 1743 1778 1727 1716 1727 1723 1706 1711 1728 1724 1711 1681 -1 1645 1641 1657 1653 1639 -1 -1 -1 -1 -1 -1 -1 1492 1511 1517 1528 1507 1507 1477 1517 1521 1521 1501 1493 1472 1455 1455 1438 1438 1407 1403 1373 1376 1329 1300 1283 1296 1290
2154 2150 2050 2021 2018 2007 2007 1986 1975 1946 1946 1943 1964 1933 1960 1903 1915 1946 1946 1942 1945 1945 1928 1917 1898 1901 1912 1887 1887 1870 1866 1852 1849 1734 1734 1752 1752 1733 1776 1780 1780 1764 1779 1779 1775 1761 1761 1761 1730 1727 1727 1710 1711 1711 1697 1676 1638 1627 1627 1626 1639 1639 1623 -1 -1 -1 -1 -1 -1 1461 1493 1497 1497 1511 1511 1507 1476 1449 1490 1490 1490 1472 1469 1451 1455 1435 1427 1371 1360 1360 1329 1329 1294 1283 1283 1297
2184 2154 2050 2021 2021 2007 2007 2003 1982 1965 1946 1944 1947 1933 1919 1916 1918 1929 1915 1912 1915 1914 1911 1911 1894 1912 1912 1908 1884 1870 1870 1852 1852 1811 1734 1752 1752 1733 1769 1780 1763 1761 1768 1779 1762 1757 1750 1733 1709 1696 1699 1710 1710 1680 1679 1679 1649 -1 -1 -1 1636 1639 1628 -1 -1 -1 -1 -1 1451 1490 1493 1497 1500 1507 1511 1480 1476 1458 1458 1459 1472 1472 1462 1420 1424 1399 1403 1371 1356 1360 1314 1298 1298 1283 1284 1284
2188 2133 2126 2066 2060 2056 2049 2043 1969 1969 1937 1947 1947 1936 1919 1919 1929 1926 1929 1915 1915 1911 1908 1911 1894 1894 1881 1895 1895 1853 1853 1822 1821 1821 1759 1754 1737 1746 1763 1752 1761 1761 1758 1762 1751 1744 1744 1728 -1 -1 1678 1679 1678 1679 1678 1679 1649 1639 -1 -1 -1 1623 -1 -1 -1 -1 1433 1451 1451 1477 1482 1493 1466 1476 1476 1466 1466 1458 1458 1459 1442 1442 1411 1371 1372 1372 1361 1368 1345 1345 1314 1298 1298 1267 1281 1284
2168 2137 2137 2106 2099 2076 2060 2060 2029 1969 1938 1928 1928 1916 1915 1905 1897 1898 1898 1884 1861 1883 1880 1883 1880 1867 1867 1895 1892 1864 1861 1822 1822 1821 1775 1737 1737 1763 1763 1759 1734 1745 1762 1762 1730 1744 1741 1692 -1 -1 1648 1661 1661 1678 1678 1675 1649 1633 -1 -1 -1 -1 -1 -1 -1 1402 1460 1464 1447 1466 1477 1462 1465 1472 1476 1463 1466 1455 1448 1442 1441 1441 1410 1319 1354 1354 1354 1345 1337 1342 1314 1298 1298 1267 1268 1268
2155 2120 2137 2109 2106 2076 2067 2060 2032 1998 1997 1969 1976 1945 1915 1915 1898 1898 1860 1860 1867 1878 1880 1883 1883 1867 1868 1879 1875 1864 1864 1850 1821 1791 1781 1759 1754 1754 1746 1743 1745 1745 1742 1731 1710 1713 1692 1689 -1 -1 1644 1650 1657 1661 1633 -1 1602 -1 -1 1502 1514 1592 1507 1501 1498 1470 1464 1464 1447 1473 1477 1477 1462 1449 1445 1445 1435 1434 1417 1441 1430 1437 1322 -1 -1 1343 1350 1288 1298 1311 1314 1283 1283 1267 1268 1264
2138 2121 2134 2109 2109 2104 2067 2043 2040 1998 1998 1980 1980 1960 1952 1897 1897 1880 1880 1876 1878 1878 1874 1852 1851 1852 1835 1879 1879 1851 1861 1857 1788 1791 1791 1764 1750 1754 1746 1746 1715 1714 1713 1713 1710 1699 1692 1613 1568 1644 1644 -1 -1 1598 -1 -1 -1 -1 1521 1550 1591 1574 1563 1501 1501 1470 1453 1447 1428 1449 1460 1460 1449 1449 1446 1445 1434 -1 1385 -1 1325 1411 1401 1377 -1 -1 1319 1298 1302 1283 1283 1283 1283 1266 1266 -1
2144 2138 2138 2107 2104 2104 2063 2043 2043 2023 1998 1997 1980 1963 1963 1932 1894 1887 1880 1869 1847 1850 1861 1861 1851 1851 1829 1848 1862 1862 1861 1861 1821 1783 1775 1771 1752 1752 1715 1715 1715 1714 1713 1710 1710 1706 1629 1629 1568 1568 -1 -1 -1 1598 -1 -1 -1 1502 1539 1561 1561 1533 1533 1484 1484 1464 1446 1446 1428 1443 1456 1460 1443 1443 1418 1434 1431 1434 1381 1381 1408 1411 1411 1391 1349 1366 1315 1302 1302 1288 1292 1292 -1 -1 -1 -1
2089 2127 2138 2121 2105 2100 2032 2045 2026 2026 1997 1981 1981 1977 1963 1929 1881 1863 1863 1863 1843 1857 1844 1861 1851 1848 1829 1845 1858 1862 1834 1831 1831 1789 1775 1775 1752 1759 1727 1716 1714 1682 1682 1679 1678 1651 1635 1609 1589 -1 -1 -1 1559 1567 1566 1535 1534 1550 1550 1561 1533 1522 -1 -1 -1 -1 1442 1446 1425 1428 1428 1432 1440 1443 1418 1418 1408 1403 1403 1382 1388 1384 1395 1380 1377 1377 1318 1306 1309 1309 1292 -1 -1 -1 -1 -1
2089 2086 2121 2118 2105 2094 2049 2049 2018 2026 2001 1997 1981 1981 1946 1932 1885 1885 1868 1864 1843 1844 1833 1820 1819 1814 1798 1800 1831 1845 1842 1831 1828 1804 1783 1783 1763 1763 1727 1727 1695 1695 1679 1679 1671 1651 1651 1613 1593 -1 1514 1518 1518 1518 1536 1536 1534 1550 1547 1534 1511 1484 -1 -1 -1 -1 -1 -1 1410 1410 1397 1397 1412 1418 1418 1411 1403 1403 1403 1399 1395 1395 1395 1378 1374 1377 1344 1322 1309 1326 1315 -1 -1 -1 -1 -1
2099 2110 2121 2105 2105 2101 2038 2049 2029 2001 2001 1990 1984 1970 1929 1936 1885 1868 1868 1868 1844 1844 1841 1817 1814 1810 1798 1800 1829 1845 1845 1825 1814 1811 1787 1783 1763 1746 1721 1723 1695 1695 1650 1648 1635 1635 1598 1598 1593 1593 1556 1534 1527 1536 1536 1536 1534 1530 1519 1515 1515 1441 -1 -1 -1 -1 1376 1410 1399 1406 1397 1407 1418 1412 1415 1411 1411 -1 -1 1399 1399 1378 1367 1359 1359 1360 1349 1322 1329 1326 1326 -1 -1 -1 -1 -1
2099 2087 2090 2090 2066 2069 2053 2032 2021 2001 2001 2000 1969 1950 1939 1939 1909 1903 1838 1849 1849 1828 1828 1828 1814 1814 1789 1800 1814 1812 1829 1829 1814 1814 1798 1794 1746 1742 1701 1701 1692 1685 1650 1647 1635 1631 1598 1594 1518 1562 1561 1538 1538 1521 1535 1535 1519 1503 1472 1488 1488 1440 -1 -1 1376 1372 1379 1379 1390 1393 1393 1390 1401 1397 1381 1381 1380 -1 1382 1378 1375 1378 1378 1327 1357 1360 1360 1329 1329 1322 1309 -1 -1 -1 -1 -1
2082 2083 2090 2090 2056 2053 2053 2032 2032 1999 2000 2000 1997 1929 1949 1939 1919 1916 1886 1892 1849 1849 1838 1824 1815 1794 1789 1807 1811 1793 1818 1829 1812 1808 1798 1798 1746 1746 1715 1701 1687 1639 1620 1620 1603 1598 1580 1576 1562 1562 1562 1556 1538 1521 1532 1535 1525 1474 1488 1485 1441 -1 -1 -1 1376 1376 1379 1379 1393 -1 -1 -1 1401 1401 1384 1379 1380 1382 1382 1371 1347 1346 1346 1328 1333 1344 1340 1329 1329 1308 1308 -1 -1 -1 -1 -1
2079 2082 2087 2087 2057 2042 2049 2028 2025 1999 1999 1984 1980 1952 1952 1925 1919 1919 1903 1899 1883 1875 1869 1858 1819 1791 1794 1811 1811 1793 1798 1812 1812 1801 1781 1778 1733 1715 1711 1698 1698 1636 1633 1620 1581 1580 1563 1580 1563 1560 1556 1545 1507 1507 1508 1519 1515 1474 1458 -1 -1 -1 -1 -1 -1 -1 -1 -1 -1 -1 -1 -1 -1 -1 1384 1384 1353 1353 1351 1351 1316 1316 1312 -1 1344 1344 1327 1327 1327 -1 -1 -1 -1 -1 -1 -1
2056 2070 2087 2076 2053 2035 2035 2028 2028 1987 1984 1984 1973 1924 1952 1936 1932 1904 1903 1903 1886 1886 1869 1866 1819 1794 1783 1780 1777 1762 1763 1781 1781 1781 1770 1781 1733 1715 1704 1698 1695 1636 1620 1574 1540 1543 1549 1552 1563 1563 1556 1552 1502 1502 1519 1519 1502 1464 1447 -1 1427 1427 -1 -1 -1 -1 -1 -1 -1 -1 -1 -1 -1 -1 -1 -1 -1 -1 -1 -1 -1 -1 -1 -1 -1 -1 -1 -1 -1 -1 -1 -1 -1 -1 -1 -1
2046 2067 2070 2036 1989 2031 2035 2018 2018 1994 1975 1953 1956 1925 1919 1936 1936 1905 1888 1901 1886 1869 1836 1832 1805 1805 1777 1777 1759 1763 1763 1777 1780 1780 1764 1764 1732 1684 1642 1588 1587 1636 1625 1574 1561 1543 1543 1531 1531 1531 1532 1531 1500 1502 1499 1488 1484 1454 1458 1458 1427 1427 -1 -1 -1 -1 -1 -1 -1 -1 -1 -1 -1 -1 -1 -1 -1 -1 -1 -1 -1 -1 -1 -1 -1 -1 -1 -1 -1 -1 -1 -1 -1 -1 -1 -1
2040 2059 2070 2070 2004 2004 2007 2018 2015 1975 1975 1956 1956 1953 1919 1921 1921 1905 1904 1894 1872 1855 1825 1836 1805 1777 1773 1766 1759 1759 1736 1764 1770 1780 1764 1760 1629 1619 1619 1587 1561 1567 1577 1561 1561 1533 1495 1514 1514 1531 1531 1528 1500 1500 1484 1481 1467 1463 1458 -1 -1 -1 -1 -1 -1 -1 -1 -1 -1 -1 -1 -1 -1 -1 -1 -1 -1 -1 -1 -1 -1 -1 -1 -1 -1 -1 -1 -1 -1 -1 -1 -1 -1 -1 -1 -1
2029 2040 2050 2054 2054 2023 2006 2003 2003 1972 1972 1970 1953 1949 1921 1922 1921 1904 1904 1904 1856 1853 1840 1836 1804 1769 1769 1752 1736 1725 1736 1733 1746 1749 1732 1729 1629 1616 1616 1584 1537 1552 1555 1557 1550 1523 1495 1510 1514 1515 1521 1468 -1 -1 1484 1484 1467 1467 -1 -1 -1 -1 -1 -1 -1 -1 -1 -1 -1 -1 -1 -1 -1 -1 -1 -1 -1 -1 -1 -1 -1 -1 -1 -1 -1 -1 -1 -1 -1 -1 -1 -1 -1 -1 -1 -1
1985 2018 2037 2043 2054 2037 2003 1999 2003 1970 1970 1970 1942 1953 1922 1922 1904 1900 1888 1888 1856 1856 1840 1840 1786 1769 1769 1752 1752 1718 1714 1728 1728 1728 1701 1660 1616 1612 1616 1572 1561 1572 1555 1555 1496 1463 1464 -1 1468 1477 1498 1515 1504 1481 1487 1481 1478 -1 -1 -1 -1 -1 -1 -1 -1 -1 -1 -1 -1 -1 -1 -1 -1 -1 -1 -1 -1 -1 -1 -1 -1 -1 -1 -1 -1 -1 -1 -1 -1 -1 -1 -1 -1 -1 -1 -1
2032 2011 2014 2037 2037 2026 2006 1958 1952 1953 1959 1966 1918 1917 1922 1922 1904 1893 1888 1884 1846 1840 1809 1829 1782 1769 1769 1749 1741 1718 1718 1725 1712 1660 1660 1656 1597 1600 1588 1588 1572 1572 1544 1493 -1 1464 1464 1416 1448 1480 1511 1515 1515 1498 1495 1481 -1 -1 -1 -1 -1 -1 -1 -1 -1 -1 -1 -1 -1 -1 -1 -1 -1 -1 -1 -1 -1 -1 -1 -1 -1 -1 -1 -1 -1 -1 -1 -1 -1 -1 -1 -1 -1 -1 -1 -1
2043 2014 2014 2020 2033 2017 1973 1973 1952 1952 1934 1934 1917 1917 1890 1887 1859 1839 1856 1823 1820 1823 1809 1775 1769 1765 1758 1736 1736 1700 1690 1690 1712 1701 1619 1634 1630 1613 1606 1588 1568 1527 -1 -1 1454 1461 1464 1429 -1 -1 -1 1484 1480 1498 1498 1481 1470 -1 -1 -1 -1 -1 -1 -1 -1 -1 -1 -1 -1 -1 -1 -1 -1 -1 -1 -1 -1 -1 -1 -1 -1 -1 -1 -1 -1 -1 -1 -1 -1 -1 -1 -1 -1 -1 -1 -1
2046 2030 2019 2005 2020 2009 1973 1970 1947 1951 1934 1930 1906 1914 1851 1822 1839 1839 1835 1777 1791 1792 1786 1768 1737 1733 1736 1736 1732 1690 1674 1708 1712 1712 1681 1634 1634 1617 1617 1557 1554 1522 1522 1491 1433 1433 -1 -1 -1 -1 -1 -1 -1 -1 -1 1467 1449 -1 -1 -1 -1 -1 -1 -1 -1 -1 -1 -1 -1 -1 -1 -1 -1 -1 -1 -1 -1 -1 -1 -1 -1 -1 -1 -1 -1 -1 -1 -1 -1 -1 -1 -1 -1 -1 -1 -1
2046 2030 2013 2004 2020 2020 1976 1970 1951 1940 1923 1867 1867 1851 1847 1822 1822 1794 1791 1738 1745 1746 1732 1732 1688 1688 1677 1653 1669 1669 1677 1677 1681 1695 1684 1623 1623 1623 1617 1565 1565 1534 1522 1491 -1 -1 -1 -1 -1 -1 -1 -1 -1 -1 -1 -1 -1 -1 -1 -1 -1 -1 -1 -1 -1 -1 -1 -1 -1 -1 -1 -1 -1 -1 -1 -1 -1 -1 -1 -1 -1 -1 -1 -1 -1 -1 -1 -1 -1 -1 -1 -1 -1 -1 -1 -1
2030 2026 1982 1993 2004 2004 1987 1987 1951 1934 1880 1864 1856 1820 1817 1786 1768 1768 1751 1751 1715 1732 1729 1721 1684 1688 1671 1689 1702 1685 1689 1677 1695 1695 1691 1629 1623 1619 1583 1561 1565 1534 -1 -1 -1 -1 -1 -1 -1 -1 -1 -1 -1 -1 -1 -1 -1 -1 -1 -1 -1 -1 -1 -1 -1 -1 -1 -1 -1 -1 -1 -1 -1 -1 -1 -1 -1 -1 -1 -1 -1 -1 -1 -1 -1 -1 -1 -1 -1 -1 -1 -1 -1 -1 -1 -1
2013 2013 1961 2004 2000 1987 1987 1983 1901 1890 1839 1798 1801 1820 1820 1789 1764 1768 1751 1753 1749 1647 1676 1676 1729 1736 1694 1705 1705 1689 1678 1672 1664 1664 1633 1628 1612 1606 1583 1551 1551 -1 -1 -1 -1 -1 -1 -1 -1 -1 -1 -1 -1 -1 -1 -1 -1 -1 -1 -1 -1 -1 -1 -1 -1 -1 -1 -1 -1 -1 -1 -1 -1 -1 -1 -1 -1 -1 -1 -1 -1 -1 -1 -1 -1 -1 -1 -1 -1 -1 -1 -1 -1 -1 -1 -1
2013 1996 1979 1979 1962 1959 1970 1967 1897 1884 1850 1843 1837 1833 1809 1782 1786 1770 1770 1753 1753 1722 1708 1723 1740 1740 1709 1720 1705 1694 1689 1672 1668 1664 1606 1606 1589 1579 1572 1552 -1 -1 -1 -1 -1 -1 -1 -1 -1 -1 -1 -1 -1 -1 -1 -1 -1 -1 -1 -1 -1 -1 -1 -1 -1 -1 -1 -1 -1 -1 -1 -1 -1 -1 -1 -1 -1 -1 -1 -1 -1 -1 -1 -1 -1 -1 -1 -1 -1 -1 -1 -1 -1 -1 -1 -1
1993 1962 1979 1979 1975 1970 1970 1954 1883 1883 1852 1852 1837 1826 1790 1786 1786 1788 1794 1805 1774 1777 1740 1756 1756 1740 1723 1723 1694 1678 1658 1661 1672 1637 1606 1589 1589 1586 1552 -1 -1 -1 -1 -1 -1 -1 -1 -1 -1 -1 -1 -1 -1 -1 -1 -1 -1 -1 -1 -1 -1 -1 -1 -1 -1 -1 -1 -1 -1 -1 -1 -1 -1 -1 -1 -1 -1 -1 -1 -1 -1 -1 -1 -1 -1 -1 -1 -1 -1 -1 -1 -1 -1 -1 -1 -1
1996 1962 1962 1936 1932 1954 1954 1943 1919 1885 1854 1854 1837 1820 1808 1790 1811 1821 1805 1805 1788 1788 1757 1756 1753 1725 1723 1712 1694 1684 1627 1640 1640 1624 1607 1607 -1 1589 -1 -1 -1 -1 -1 -1 -1 -1 -1 -1 -1 -1 -1 -1 -1 -1 -1 -1 -1 -1 -1 -1 -1 -1 -1 -1 -1 -1 -1 -1 -1 -1 -1 -1 -1 -1 -1 -1 -1 -1 -1 -1 -1 -1 -1 -1 -1 -1 -1 -1 -1 -1 -1 -1 -1 -1 -1 -1
1977 1934 1928 1921 1918 1937 1950 1954 1920 1885 1851 1854 1819 1819 1816 1805 1821 1821 1801 1787 1788 1785 1739 1739 1746 1722 1692 1692 1661 1630 1592 1624 1624 1620 1607 -1 -1 -1 -1 -1 -1 -1 -1 -1 -1 -1 -1 -1 -1 -1 -1 -1 -1 -1 -1 -1 -1 -1 -1 -1 -1 -1 -1 -1 -1 -1 -1 -1 -1 -1 -1 -1 -1 -1 -1 -1 -1 -1 -1 -1 -1 -1 -1 -1 -1 -1 -1 -1 -1 -1 -1 -1 -1 -1 -1 -1
1981 1950 1932 1915 1919 1919 1937 1937 1923 1885 1835 1835 1806 1819 1819 1822 1822 1818 1787 1787 1787 1739 1728 1735 1722 1719 1682 1689 1555 1561 1560 1607 1613 1624 -1 -1 -1 -1 -1 -1 -1 -1 -1 -1 -1 -1 -1 -1 -1 -1 -1 -1 -1 -1 -1 -1 -1 -1 -1 -1 -1 -1 -1 -1 -1 -1 -1 -1 -1 -1 -1 -1 -1 -1 -1 -1 -1 -1 -1 -1 -1 -1 -1 -1 -1 -1 -1 -1 -1 -1 -1 -1 -1 -1 -1 -1
1950 1949 1932 1932 1919 1920 1937 1933 1926 1898 1831 1835 1838 1842 1853 1822 1821 1804 1773 1742 1742 1725 1725 1706 1706 1681 1544 1551 1555 1537 1537 1560 1593 -1 -1 -1 -1 -1 -1 -1 -1 -1 -1 -1 -1 -1 -1 -1 -1 -1 -1 -1 -1 -1 -1 -1 -1 -1 -1 -1 -1 -1 -1 -1 -1 -1 -1 -1 -1 -1 -1 -1 -1 -1 -1 -1 -1 -1 -1 -1 -1 -1 -1 -1 -1 -1 -1 -1 -1 -1 -1 -1 -1 -1 -1 -1
1949 1933 1929 1915 1915 1906 1920 1909 1902 1902 1840 1858 1869 1853 1853 1821 1804 1804 1773 1731 1725 1722 1725 1706 1702 1675 1536 1536 1537 1537 1537 1560 -1 -1 -1 -1 -1 -1 -1 -1 -1 -1 -1 -1 -1 -1 -1 -1 -1 -1 -1 -1 -1 -1 -1 -1 -1 -1 -1 -1 -1 -1 -1 -1 -1 -1 -1 -1 -1 -1 -1 -1 -1 -1 -1 -1 -1 -1 -1 -1 -1 -1 -1 -1 -1 -1 -1 -1 -1 -1 -1 -1 -1 -1 -1 -1
1933 1933 1922 1912 1915 1917 1920 1904 1904 1893 1853 1869 1869 1838 1849 1821 1818 1800 1759 1728 1575 1650 1660 1660 1594 1600 1536 1542 1559 1537 -1 -1 -1 -1 -1 -1 -1 -1 -1 -1 -1 -1 -1 -1 -1 -1 -1 -1 -1 -1 -1 -1 -1 -1 -1 -1 -1 -1 -1 -1 -1 -1 -1 -1 -1 -1 -1 -1 -1 -1 -1 -1 -1 -1 -1 -1 -1 -1 -1 -1 -1 -1 -1 -1 -1 -1 -1 -1 -1 -1 -1 -1 -1 -1 -1 -1
1902 1902 1884 1893 1897 1897 1889 1904 1900 1904 1869 1848 1866 1835 1835 1818 1815 1759 1756 1578 1575 1593 1629 1629 1611 1611 1576 1559 1559 1542 -1 -1 -1 -1 -1 -1 -1 -1 -1 -1 -1 -1 -1 -1 -1 -1 -1 -1 -1 -1 -1 -1 -1 -1 -1 -1 -1 -1 -1 -1 -1 -1 -1 -1 -1 -1 -1 -1 -1 -1 -1 -1 -1 -1 -1 -1 -1 -1 -1 -1 -1 -1 -1 -1 -1 -1 -1 -1 -1 -1 -1 -1 -1 -1 -1 -1
1901 1901 1891 1880 1897 1886 1883 1887 1876 1873 1873 1852 1852 1835 1831 1818 1807 1561 1578 1578 1575 1628 1629 1629 1607 1611 1580 1576 1555 1542 -1 -1 -1 -1 -1 -1 -1 -1 -1 -1 -1 -1 -1 -1 -1 -1 -1 -1 -1 -1 -1 -1 -1 -1 -1 -1 -1 -1 -1 -1 -1 -1 -1 -1 -1 -1 -1 -1 -1 -1 -1 -1 -1 -1 -1 -1 -1 -1 -1 -1 -1 -1 -1 -1 -1 -1 -1 -1 -1 -1 -1 -1 -1 -1 -1 -1
1885 1901 1898 1867 1880 1880 1870 1887 1887 1870 1870 1852 1835 1824 1787 1758 1758 1578 1579 1575 1597 1625 1628 1618 1593 1593 1576 1576 -1 -1 -1 -1 -1 -1 -1 -1 -1 -1 -1 -1 -1 -1 -1 -1 -1 -1 -1 -1 -1 -1 -1 -1 -1 -1 -1 -1 -1 -1 -1 -1 -1 -1 -1 -1 -1 -1 -1 -1 -1 -1 -1 -1 -1 -1 -1 -1 -1 -1 -1 -1 -1 -1 -1 -1 -1 -1 -1 -1 -1 -1 -1 -1 -1 -1 -1 -1
1802 1874 1885 1881 1876 1880 1869 1856 1870 1859 1867 1766 1759 1787 1787 1786 1758 1610 1610 1577 1612 1628 1628 1612 1594 1593 -1 -1 -1 -1 -1 -1 -1 -1 -1 -1 -1 -1 -1 -1 -1 -1 -1 -1 -1 -1 -1 -1 -1 -1 -1 -1 -1 -1 -1 -1 -1 -1 -1 -1 -1 -1 -1 -1 -1 -1 -1 -1 -1 -1 -1 -1 -1 -1 -1 -1 -1 -1 -1 -1 -1 -1 -1 -1 -1 -1 -1 -1 -1 -1 -1 -1 -1 -1 -1 -1
1798 1816 1885 1885 1857 1856 1853 1831 1848 1845 1842 1842 1770 1786 1776 1733 1733 1610 1606 1560 1612 1612 1608 1580 1577 -1 -1 -1 -1 -1 -1 -1 -1 -1 -1 -1 -1 -1 -1 -1 -1 -1 -1 -1 -1 -1 -1 -1 -1 -1 -1 -1 -1 -1 -1 -1 -1 -1 -1 -1 -1 -1 -1 -1 -1 -1 -1 -1 -1 -1 -1 -1 -1 -1 -1 -1 -1 -1 -1 -1 -1 -1 -1 -1 -1 -1 -1 -1 -1 -1 -1 -1 -1 -1 -1 -1
1771 1777 1854 1868 1865 1856 1856 1832 1848 1848 1842 1826 1786 1786 1783 1737 1733 1640 1599 1581 1577 1595 1601 1580 1580 1561 -1 -1 -1 -1 -1 -1 -1 -1 -1 -1 -1 -1 -1 -1 -1 -1 -1 -1 -1 -1 -1 -1 -1 -1 -1 -1 -1 -1 -1 -1 -1 -1 -1 -1 -1 -1 -1 -1 -1 -1 -1 -1 -1 -1 -1 -1 -1 -1 -1 -1 -1 -1 -1 -1 -1 -1 -1 -1 -1 -1 -1 -1 -1 -1 -1 -1 -1 -1 -1 -1
1774 1777 1851 1868 1868 1837 1837 1828 1832 1826 1826 1777 1773 1755 1723 1706 1706 1671 1560 1577 1577 1595 1584 1561 1561 -1 -1 -1 -1 -1 -1 -1 -1 -1 -1 -1 -1 -1 -1 -1 -1 -1 -1 -1 -1 -1 -1 -1 -1 -1 -1 -1 -1 -1 -1 -1 -1 -1 -1 -1 -1 -1 -1 -1 -1 -1 -1 -1 -1 -1 -1 -1 -1 -1 -1 -1 -1 -1 -1 -1 -1 -1 -1 -1 -1 -1 -1 -1 -1 -1 -1 -1 -1 -1 -1 -1
1723 1746 1837 1837 1851 1840 1837 1832 1832 1826 1822 1777 1777 1724 1724 1706 1706 1668 1551 1574 1595 1595 1592 1575 1561 -1 -1 -1 -1 -1 -1 -1 -1 -1 -1 -1 -1 -1 -1 -1 -1 -1 -1 -1 -1 -1 -1 -1 -1 -1 -1 -1 -1 -1 -1 -1 -1 -1 -1 -1 -1 -1 -1 -1 -1 -1 -1 -1 -1 -1 -1 -1 -1 -1 -1 -1 -1 -1 -1 -1 -1 -1 -1 -1 -1 -1 -1 -1 -1 -1 -1 -1 -1 -1 -1 -1
1723 1812 1837 1848 1851 1851 1820 1806 1800 1794 1795 1778 1778 1774 1724 1706 1702 1671 1570 1557 1557 1564 1578 1578 -1 -1 -1 -1 -1 -1 -1 -1 -1 -1 -1 -1 -1 -1 -1 -1 -1 -1 -1 -1 -1 -1 -1 -1 -1 -1 -1 -1 -1 -1 -1 -1 -1 -1 -1 -1 -1 -1 -1 -1 -1 -1 -1 -1 -1 -1 -1 -1 -1 -1 -1 -1 -1 -1 -1 -1 -1 -1 -1 -1 -1 -1 -1 -1 -1 -1 -1 -1 -1 -1 -1 -1
1785 1816 1816 1823 1834 1834 1819 1803 1803 1794 1794 1784 1778 1767 1723 1706 1695 1574 1574 -1 1557 1567 1578 1562 -1 -1 -1 -1 -1 -1 -1 -1 -1 -1 -1 -1 -1 -1 -1 -1 -1 -1 -1 -1 -1 -1 -1 -1 -1 -1 -1 -1 -1 -1 -1 -1 -1 -1 -1 -1 -1 -1 -1 -1 -1 -1 -1 -1 -1 -1 -1 -1 -1 -1 -1 -1 -1 -1 -1 -1 -1 -1 -1 -1 -1 -1 -1 -1 -1 -1 -1 -1 -1 -1 -1 -1
1789 1816 1817 1834 1830 1819 1819 1816 1803 1794 1778 1791 1761 1723 1720 1691 1675 1601 1601 1582 1582 1576 1562 -1 -1 -1 -1 -1 -1 -1 -1 -1 -1 -1 -1 -1 -1 -1 -1 -1 -1 -1 -1 -1 -1 -1 -1 -1 -1 -1 -1 -1 -1 -1 -1 -1 -1 -1 -1 -1 -1 -1 -1 -1 -1 -1 -1 -1 -1 -1 -1 -1 -1 -1 -1 -1 -1 -1 -1 -1 -1 -1 -1 -1 -1 -1 -1 -1 -1 -1 -1 -1 -1 -1 -1 -1
1800 1800 1817 1817 1813 1809 1819 1799 1803 1792 1750 1761 1758 1713 1719 1692 1678 1601 1597 1582 1587 1586 1572 -1 -1 -1 -1 -1 -1 -1 -1 -1 -1 -1 -1 -1 -1 -1 -1 -1 -1 -1 -1 -1 -1 -1 -1 -1 -1 -1 -1 -1 -1 -1 -1 -1 -1 -1 -1 -1 -1 -1 -1 -1 -1 -1 -1 -1 -1 -1 -1 -1 -1 -1 -1 -1 -1 -1 -1 -1 -1 -1 -1 -1 -1 -1 -1 -1 -1 -1 -1 -1 -1 -1 -1 -1
1797 1800 1806 1786 1800 1755 1786 1786 1769 1744 1741 1730 1729 1729 1729 1709 1671 1619 1619 1618 1621 1625 1603 1602 -1 -1 -1 -1 -1 -1 -1 -1 -1 -1 -1 -1 -1 -1 -1 -1 -1 -1 -1 -1 -1 -1 -1 -1 -1 -1 -1 -1 -1 -1 -1 -1 -1 -1 -1 -1 -1 -1 -1 -1 -1 -1 -1 -1 -1 -1 -1 -1 -1 -1 -1 -1 -1 -1 -1 -1 -1 -1 -1 -1 -1 -1 -1 -1 -1 -1 -1 -1 -1 -1 -1 -1
