output/arrival.asc
NCOLS 638
NROWS 825
XLLCORNER -2985163.8955
YLLCORNER -3022031.214
CELLSIZE 10000
NODATA_value -1
[rows 336 to 383 of 825, columns 288 to 383 of 638]
3655 -1 3642 3666 3695 3700 3701 3704 3713 3722 3742 3772 3732 3714 3685 -1 -1 -1 -1 3704 3704 3682 3675 3647 3679 3679 3705 3692 3676 3662 3668 3669 3674 3681 3681 3638 3600 3594 3611 3616 3634 3631 3623 3598 3600 3600 3609 3614 3608 3637 3637 3688 3659 3636 3602 3594 -1 -1 -1 3553 3570 3560 3587 3572 3559 3536 3526 3529 3529 -1 -1 -1 -1 -1 -1 3524 3536 3536 3542 3553 3547 3563 3580 3581 3578 3580 3580 3573 3554 3554 3561 3574 3599 3606 3606 3591
3634 -1 3640 3647 3685 3685 3700 3701 3716 3722 3722 3740 3751 3717 3658 -1 -1 -1 3693 3752 3714 3723 3684 3694 3650 3665 3665 3694 3683 3679 3668 3668 3672 3689 3660 3633 3631 3600 3629 3639 3631 3634 3623 3612 3597 3604 3603 3614 3608 3629 3637 3652 3659 3636 3625 3578 3578 3577 -1 3556 3575 3570 3587 3572 3561 3559 3557 3531 3537 3537 3537 3524 3533 -1 -1 -1 3536 3524 3539 3539 3547 3562 3552 3562 3551 3558 3573 3583 3596 3567 3567 3596 3599 3577 3586 3586
-1 3634 -1 3640 3656 3684 3684 3692 3693 3716 3722 3726 3751 3717 3659 -1 -1 -1 3693 3738 3752 3733 3723 3665 3673 3655 3665 3676 3679 3672 3668 3668 3689 3672 3660 3631 -1 3605 3634 3658 3639 3620 3614 3614 3616 3615 3605 3602 3629 3633 3641 3652 3642 3642 3599 3614 3592 3578 3557 3557 3567 3574 3578 3576 3566 3561 3542 3557 3545 3538 3539 3540 3533 -1 3529 -1 3516 3529 3540 3547 3549 3550 3562 3552 3548 3548 3555 3562 3572 3596 3596 3585 3567 3564 3572 3572
3631 3631 3660 3660 3669 3655 3692 3663 3682 3693 3695 3696 3725 3726 3711 3688 3653 3674 3687 3727 3738 3741 3733 3694 3681 3662 3676 3647 3647 3665 3664 3664 3665 3660 3643 3631 3605 3634 3663 3658 3629 3619 3619 3597 3612 3616 3615 3604 3633 3633 3642 3623 3613 3613 3588 3603 3592 3563 3559 3557 3568 3567 3575 3578 3566 3549 3548 3537 3550 3545 3539 3545 3539 -1 3528 3528 3529 3531 3531 3540 3543 3543 3549 3552 3566 3566 3566 3601 3601 3590 3579 3572 3542 3544 3564 3567
-1 -1 3631 3669 3660 3660 3655 3664 3664 3658 3687 3665 3696 3728 3697 3711 3682 3674 3687 3731 3731 3733 3730 3704 3685 3675 3653 3649 3638 3647 3654 3665 3669 3653 3643 3620 3634 3634 3643 3663 3640 3640 3621 3612 3613 3613 3635 3612 3612 3633 3622 3642 3623 3613 3602 3606 3569 3559 3559 3569 3569 3569 3576 3575 3567 3555 3550 3539 3566 3547 3539 3537 3545 3516 3529 3532 3532 3524 3524 3514 3514 3516 3542 3543 3548 3548 3566 3553 3553 3549 3572 3571 3554 3560 3578 3572
-1 -1 -1 3625 3631 3631 3626 3644 3653 3635 3659 3667 3723 3713 3728 3700 3704 3689 3689 3732 3734 3727 3732 3719 3702 3675 3675 3638 3649 3636 3643 3669 3655 3653 3624 3611 3621 3643 3634 3623 3612 3640 3634 3621 3616 3616 3635 3653 3638 3611 3622 3631 3616 3616 3606 3595 3593 3577 3574 3569 3569 3569 3573 3576 3550 3551 3550 3566 3549 3547 3539 3537 3546 3529 3532 3532 3504 3504 3497 3503 -1 3514 3532 3542 3543 3547 3549 3537 3524 3543 3549 3554 3571 3578 3572 3558
-1 -1 -1 -1 -1 3603 3631 3635 3635 3656 3668 3668 3698 3723 3703 3717 3699 3704 3723 3723 3732 3734 3727 3722 3708 3682 3659 3664 3646 3638 3645 3662 3655 3626 3614 3613 3621 3645 3628 3607 3623 3640 3633 3633 3622 3664 3664 3638 3642 3633 3625 3625 3625 3605 3595 3595 3595 3585 3576 3574 3569 3576 3573 3565 3554 3565 3565 3556 3555 3548 3528 3528 3545 3518 3512 3518 3508 -1 -1 3497 -1 -1 3516 3533 3548 3534 3519 3518 -1 -1 -1 3538 3547 3548 3547 3543
-1 -1 -1 -1 3592 3603 3630 3635 3634 3664 3664 3668 3668 3683 3712 3701 3706 3713 3693 3699 3712 3721 3723 3716 3711 3693 3671 3653 3646 3646 3656 3662 3648 3648 3622 3622 3633 3678 3674 3645 3645 3631 3644 3648 3648 3645 3624 3639 3614 3614 3633 3625 3605 3603 3584 3595 3585 3585 3585 3580 3580 3576 3563 3548 3563 3568 3569 3553 3555 3547 3531 3523 3512 3512 3505 3503 3528 3509 -1 -1 -1 -1 3521 3545 3548 3534 3508 3508 -1 -1 -1 -1 3538 3535 3547 3545
-1 -1 3592 3592 -1 3616 3605 3634 3624 3632 3638 3642 3668 3671 3687 3694 3690 3695 3713 3702 3703 3705 3710 3712 3705 3693 3664 3658 3642 3638 3656 3657 3657 3651 3651 3654 3654 3674 3678 3649 3620 3644 3649 3633 3623 3637 3639 3626 3614 3604 3604 3604 3596 3603 3605 3581 3588 3586 3589 3588 3588 3586 3563 3548 3555 3563 3573 3573 3547 3542 3542 3513 -1 -1 3503 3529 3503 3503 -1 -1 -1 -1 3521 3534 3545 3539 3530 3520 3518 3517 -1 -1 -1 3535 3545 3519
3615 3592 3592 3605 3617 3616 3654 3606 3616 3617 3638 3634 3671 3672 3687 3687 3679 3684 3704 3718 3703 3707 3692 3694 3701 3693 3682 3647 3643 3641 3657 3659 3659 3648 3648 3625 3625 3625 3702 3673 3649 3662 3651 3648 3638 3626 3626 3614 3614 3604 3604 3609 3605 3634 3605 3590 3590 3589 3589 3609 3586 3574 3557 3554 3539 3555 3555 3565 3544 3523 3502 -1 -1 -1 -1 3505 -1 -1 -1 -1 -1 -1 3505 3510 3534 3539 3530 3520 3517 3517 3489 -1 -1 3516 3519 3516
3634 3612 3611 3616 3614 3654 3612 3605 3605 3613 3609 3637 3646 3685 3685 3677 3676 3684 3697 3713 3718 3707 3707 3703 3703 3671 3683 3654 3643 3641 3657 3659 3659 3627 3627 3619 3619 3614 3702 3673 3673 3664 3644 3640 3638 3638 3614 3597 3604 3614 3633 3605 3605 3634 3621 3616 3602 3601 3597 3609 3591 3581 3574 3552 3539 3528 3536 3565 3540 3523 -1 -1 -1 3488 3505 3476 -1 -1 -1 -1 -1 -1 3492 3530 3530 3510 3511 3510 3510 3507 3488 -1 -1 -1 3510 3487
3613 3624 3611 3635 3621 3643 3643 3620 3604 3613 3680 3637 3649 3666 3666 3674 3688 3688 3684 3686 3713 3702 3696 3696 3678 3671 3672 3661 3650 3645 3645 3645 3656 3627 3623 3604 3631 3614 3643 3693 3664 3635 3631 3629 3643 3614 3614 3604 3604 3633 3633 3605 3600 3621 3616 3602 3586 3590 3597 3598 3590 3581 3552 3540 3541 3525 3527 3539 3524 3516 -1 3505 3504 -1 -1 -1 -1 -1 -1 3503 3503 3505 3523 3534 3501 3501 3480 3510 3481 3487 3487 3473 3473 -1 3480 3476
3617 3640 3635 3625 3625 3643 3632 3620 3614 3604 3633 3680 3669 3658 3656 3659 3673 3677 3677 3688 3688 3691 3695 3695 3685 3666 3671 3661 3661 3655 3626 3642 3645 3656 3602 3622 3631 3614 3643 3693 3635 3614 3620 3620 3672 3643 3624 3602 3604 3638 3633 3600 3592 3603 3602 3587 3585 3590 3595 3597 3588 3564 3538 3537 3541 3526 3528 3539 3524 3516 -1 -1 -1 -1 -1 -1 -1 -1 -1 3492 3512 3517 3534 3523 3520 3501 3506 3506 3478 3477 3487 3473 -1 -1 3480 3469
3640 3666 3624 3619 3632 3614 3591 3591 3614 3604 3617 3633 3651 3651 3631 3653 3663 3673 3666 3685 3685 3692 3692 3681 3684 3666 3672 3664 3661 3655 3642 3626 3633 3637 3633 3604 3605 3605 3634 3645 3634 3598 3614 3619 3614 3672 3624 3602 3609 3638 3622 3609 3602 3601 3601 3582 3584 3595 3597 3597 3588 3578 3533 3541 3526 3525 3524 3521 3508 3510 -1 -1 -1 -1 -1 -1 -1 -1 -1 -1 3513 3517 3512 3529 3520 3509 3508 3508 3477 -1 3472 -1 -1 -1 -1 -1
3655 3632 3666 3606 3618 3614 3614 3591 3599 3603 3614 3627 3643 3656 3648 3654 3663 3648 3682 3655 3671 3674 3666 3679 3679 3666 3683 3663 3664 3667 3660 3638 3637 3633 3578 3604 3606 3634 3635 3645 3624 3616 3619 3619 3643 3641 3612 3608 3605 3609 3627 3611 3592 3591 3591 3591 3606 3606 3604 3589 3589 3578 3531 3542 3526 3524 3520 3516 3509 -1 -1 -1 -1 -1 -1 -1 -1 -1 -1 -1 3496 3512 3516 3529 3509 3497 3496 3496 3489 -1 -1 -1 -1 -1 -1 -1
3637 3631 3613 3613 3610 3610 3592 3591 3587 3592 3587 3614 3627 3627 3656 3648 3654 3634 3652 3682 3660 3665 3665 3675 3664 3650 3683 3699 3681 3681 3667 3660 3662 3633 3608 3606 3607 3635 3664 3650 3634 3624 3622 3640 3640 3641 3612 3612 3616 3609 3616 3611 3592 3581 3574 3620 3620 3606 3606 3604 3575 3560 3527 3527 3524 3523 3518 3518 3516 3483 3505 3480 -1 -1 -1 -1 -1 -1 -1 -1 3484 3495 3500 3516 3503 3480 3496 3489 3490 3489 -1 -1 -1 -1 -1 -1
3608 3608 3606 3613 3591 3591 3623 3605 3592 3591 3591 3598 -1 -1 3618 3625 3643 3629 3610 3635 3658 3647 3645 3675 3653 3646 3670 3670 3699 3709 3680 3680 3672 3646 3596 3597 3606 3625 3664 3650 3634 3622 3629 3611 3611 3614 3617 3616 3604 3604 3611 3611 3582 3581 3595 3624 3624 3614 3614 3585 3585 3556 3527 3534 3524 3523 3517 3517 3506 3505 3492 3481 -1 -1 -1 -1 -1 -1 -1 -1 -1 -1 -1 -1 3503 3480 -1 -1 3485 3485 -1 -1 -1 -1 -1 -1
3626 3621 3609 3619 3619 3609 3623 3605 3591 3590 3598 3572 3573 -1 3589 3627 3627 3627 3601 3630 3635 3637 3645 3653 3655 3646 3665 3665 3669 3680 3709 3701 3705 3646 3617 3600 3625 3606 3643 3635 3632 3623 3621 3611 3607 3597 3597 3603 3603 3600 3602 3612 3583 3583 3595 3595 3585 3590 3590 3585 3574 3556 3525 3554 3531 3513 3507 3509 3509 3505 3495 -1 -1 -1 -1 -1 -1 -1 -1 -1 -1 -1 -1 -1 -1 -1 -1 -1 -1 -1 -1 -1 -1 -1 -1 -1
3613 3609 3621 3594 3594 3612 3604 3576 3600 3580 3604 3583 3583 3588 3589 3615 3627 3598 3627 3626 3630 3637 3645 3645 3650 3666 3637 3637 3656 3669 3675 3701 3705 3676 3646 3617 3600 3595 3654 3654 3617 3632 3605 3603 3592 3592 3596 3596 3594 3600 3600 3602 3612 3582 3579 3576 3569 3585 3561 3549 3556 3525 3554 3535 3531 3502 3501 3498 3484 3495 -1 -1 -1 -1 -1 -1 -1 -1 -1 -1 -1 -1 -1 -1 -1 -1 -1 -1 -1 -1 -1 -1 -1 -1 -1 -1
3602 3602 3594 3594 3604 3604 3594 3599 3585 3583 3604 3585 -1 3565 3599 3615 3628 3598 3623 3628 3628 3632 3632 3634 3634 3666 3632 3656 3640 3647 3665 3676 3676 3616 3606 3601 3589 3595 3626 3612 3641 3612 3582 3578 3574 3563 3567 3567 3594 3586 3592 3600 3591 3608 3582 3575 3576 3569 3556 3549 3550 3534 3531 3534 3504 3504 3491 3487 3485 3466 -1 -1 -1 -1 -1 -1 -1 -1 -1 -1 -1 -1 -1 -1 -1 -1 -1 -1 -1 -1 -1 -1 -1 -1 -1 -1
3599 3623 3623 3604 3601 3601 3585 3599 3600 3593 3612 3585 -1 -1 -1 3599 3628 3599 -1 3623 3617 3631 3631 3624 3623 3616 3606 3627 3627 3647 3647 3623 3623 3623 3621 3594 3596 3592 3602 3612 3612 3641 3583 3582 3574 3552 3567 3538 3558 3576 3586 3592 3591 3608 3588 3560 3575 3554 3558 3546 3563 3539 3534 3531 3525 3493 3504 3485 3484 3484 3463 -1 -1 -1 -1 -1 -1 -1 -1 -1 -1 -1 -1 -1 -1 -1 -1 -1 -1 -1 -1 -1 -1 -1 -1 -1
3594 3599 3592 3582 3581 3584 3583 3589 3588 3588 3598 3612 3577 3582 -1 -1 3576 3587 3579 -1 3617 3625 3625 3597 3593 3587 3616 3627 3601 3613 3613 3584 3584 3594 3594 3633 3604 3622 3611 3612 3636 3607 3582 3571 3563 3551 3551 3567 3571 3576 3565 3563 3569 3573 3587 3559 3561 3554 3540 3563 3546 3539 3539 3533 3525 3496 3475 3489 3487 3471 3484 3489 3484 -1 -1 -1 -1 -1 -1 -1 -1 -1 -1 -1 -1 -1 -1 -1 -1 -1 -1 -1 -1 -1 -1 -1
3628 3593 3581 3572 3581 3565 3569 3583 3573 3578 3588 3598 3606 3582 -1 -1 -1 -1 -1 -1 -1 -1 3596 3579 3558 3558 3593 3609 3601 3613 3584 3572 3572 3577 -1 -1 3632 3604 3602 3607 3609 3636 3597 3592 3563 3525 3540 3558 3567 3571 3559 3568 3568 3573 3554 3559 3569 3561 3540 3563 3569 3570 3529 3515 3533 3528 3528 3489 3472 3487 3499 3513 3490 -1 -1 -1 -1 -1 -1 -1 -1 -1 -1 -1 -1 -1 -1 -1 -1 -1 -1 -1 -1 -1 -1 -1
3614 3628 3605 3599 3599 3580 3580 -1 3549 3573 3578 3598 3606 3608 3579 -1 -1 -1 -1 -1 -1 -1 3557 3550 3568 3583 3580 3609 3596 3596 3587 3566 3566 3561 3550 -1 3592 3602 3573 3607 3609 3597 3593 3592 3563 3525 3536 3538 3569 3569 3588 3579 3568 3587 3554 3554 3564 3569 3565 3563 3575 3557 3528 3522 3557 3546 3536 3528 3489 3499 3513 3505 3505 3494 -1 -1 -1 -1 -1 -1 -1 -1 -1 -1 -1 -1 -1 -1 -1 -1 -1 -1 -1 -1 -1 -1
3618 3599 3617 3605 3589 3578 -1 -1 -1 -1 -1 3569 3598 3608 3591 3595 3569 -1 -1 -1 -1 -1 3520 -1 3554 3583 3580 3567 3596 3625 3625 3566 3537 3520 3543 3515 3575 3575 3556 3578 3596 3593 3592 3564 3521 3554 3525 3518 3540 3561 3579 3588 3587 3558 3558 3563 3570 3570 3565 3574 3592 3563 3561 3504 3544 3557 3539 3536 3517 3512 3511 3511 3500 3493 3471 -1 -1 -1 -1 -1 -1 -1 -1 -1 -1 -1 -1 -1 -1 -1 -1 -1 -1 -1 -1 -1
3624 3614 3593 3583 3577 3576 -1 -1 -1 -1 -1 -1 -1 3569 3586 3591 3594 3569 3558 -1 -1 -1 -1 3524 3524 3554 3542 -1 3537 3598 3598 3569 3531 3505 3521 3537 3566 3567 3564 3578 3585 3592 3577 3563 3526 3521 3525 3547 3532 3550 3561 3550 3555 3558 3548 3548 3541 3545 3558 3587 3592 3563 3561 3532 3511 3539 3510 3507 3507 3514 3512 3500 3484 3484 3483 3479 3477 -1 -1 -1 -1 -1 -1 -1 -1 -1 -1 -1 -1 -1 -1 -1 -1 -1 -1 -1
3614 3624 3604 3591 3579 3576 3576 3569 -1 -1 -1 3577 -1 -1 3557 3586 3617 3617 3588 3575 3542 -1 -1 3517 3520 3520 3520 3503 3569 3569 3569 3560 3531 3510 3537 3521 3549 3556 3578 3589 3593 3604 3548 3577 3548 3526 3525 3532 3547 3550 3529 3529 3532 3532 3526 3534 3555 3558 3576 3575 3587 3563 3534 3532 3510 3533 3497 3507 3496 3514 3492 3492 3482 3482 3463 3479 3476 -1 -1 -1 -1 -1 -1 -1 -1 -1 -1 -1 -1 -1 -1 -1 -1 -1 -1 -1
3617 3623 3620 3604 3579 3586 3576 3569 3558 -1 3559 3588 3577 -1 -1 3566 3566 3594 3606 3588 3559 -1 -1 -1 -1 -1 -1 3503 3510 3569 3558 3560 3509 3515 3515 3528 3542 3541 3560 3589 3604 3580 3529 3524 3526 3537 3533 3544 3544 3529 3539 3528 3525 3532 3563 3555 3563 3575 3575 3582 3562 3562 3524 3513 3532 3533 3513 3508 3508 3508 3486 3486 3485 3482 3473 3472 3466 -1 -1 -1 -1 -1 -1 -1 -1 -1 -1 -1 -1 -1 -1 -1 -1 -1 3409 3462
3588 3617 3620 3610 3592 3577 3586 3568 3568 -1 -1 3559 3588 3569 3538 -1 -1 -1 3565 3588 3559 3559 -1 -1 -1 -1 -1 -1 3487 3503 3540 3540 3508 3513 3542 3571 3549 3531 3560 3570 3580 3570 3551 3558 3524 3556 3556 3533 3526 3511 3511 3521 3548 3577 3562 3563 3564 3564 3564 3564 3582 3553 3495 3524 3521 3522 3508 3497 3485 3485 3474 3484 3484 3473 3463 3461 -1 -1 -1 -1 -1 -1 -1 -1 -1 -1 -1 -1 -1 -1 -1 -1 -1 -1 3408 3462
3588 3588 3583 3610 3592 3566 3577 3590 3591 3560 3547 3548 3548 3568 3560 3537 -1 -1 -1 3542 3554 3589 3560 3539 3542 3534 3513 3509 3509 3503 3511 3540 3502 -1 3542 3567 3571 3560 3572 3572 3551 3570 3521 3529 3558 3527 3527 3526 3513 3519 3509 3548 3518 3577 3553 3553 3551 3560 3563 3557 3575 3553 3541 3514 3530 3511 3504 3485 3466 3475 3464 3467 3484 3472 3463 3460 -1 -1 -1 -1 -1 -1 -1 -1 -1 -1 -1 -1 -1 -1 -1 -1 -1 3358 3378 3398
3580 3583 3581 3581 3580 3581 3566 3568 3562 3562 3580 3521 3547 3576 3556 3559 3549 3549 3533 3530 3589 3560 3557 3560 3542 3531 3534 3533 3516 3515 3518 3511 3503 -1 3566 3544 3566 3550 3580 3551 3559 3541 3526 3526 3526 3527 3519 3513 3540 3519 3537 3537 3548 3573 3573 3547 3551 3560 3549 3575 3557 3553 3513 3525 3530 3514 3494 3486 3486 3474 3494 3496 3496 3469 3462 3461 -1 -1 -1 -1 -1 -1 -1 -1 -1 -1 -1 -1 -1 -1 3398 3355 -1 3378 3378 3387
3575 3579 3581 3569 3550 3532 3550 3568 3539 3534 3563 3580 3564 3556 3576 3591 3591 3562 3556 3560 3561 3560 3569 3598 3549 3538 3522 3523 3532 3527 3516 3516 3532 3593 3593 3564 3550 3537 3554 3580 3567 3567 3521 3527 3516 3500 3500 3511 3518 3540 3547 3543 3544 3545 3563 3563 3547 3549 3561 3549 3549 3528 3512 3518 3524 3513 3513 3502 3487 3485 3494 3476 3476 3468 3461 3442 -1 -1 -1 -1 -1 -1 -1 -1 -1 -1 -1 -1 -1 -1 -1 3397 3387 3367 3368 3395
3575 3560 3560 3552 3522 3525 3550 3541 3541 3542 3534 3565 3569 3565 3532 3549 3549 3562 3562 3585 3560 3569 3569 3598 3572 3541 3529 3516 3538 3522 3527 3532 3532 3534 3554 3582 3564 3536 3554 3531 3551 3538 3502 3509 3509 3500 3511 3511 3529 3547 3543 3541 3544 3545 3535 3541 3541 3561 3549 3550 3531 3516 3505 3505 3518 3503 3502 3502 3486 3485 3466 3472 3465 3465 3450 3440 3442 -1 -1 -1 -1 -1 -1 -1 -1 -1 -1 -1 -1 -1 -1 -1 3367 3376 3398 3395
3568 3541 3536 3523 3522 -1 -1 3545 3570 3541 3542 3564 3560 3554 3547 3547 3542 3553 3565 3585 3556 3558 3577 3550 3541 3571 3530 3546 3546 3537 3528 3533 3561 3561 3554 3564 3535 3535 3526 3551 3538 3502 3498 3492 3493 3488 3492 3520 3519 3541 3541 3541 3534 3534 3536 3552 3563 3579 3579 3550 3530 -1 3516 3504 3505 3503 3475 3503 3486 3473 3466 3443 3472 3444 3439 3432 3431 3413 -1 3321 -1 -1 -1 -1 -1 -1 -1 -1 -1 -1 -1 -1 3367 3369 3369 3398
3539 -1 3515 3500 3511 3511 3527 3545 3576 3570 3535 3566 3561 3532 3593 3593 3534 3536 3553 3565 3540 3547 3551 3577 3564 3548 3570 3528 3527 3535 3533 3538 3562 3553 3553 3535 3523 3523 3540 3522 3509 3501 3508 3492 3494 3523 3515 3520 3519 3531 3531 3513 3526 3526 3538 3548 3543 3563 3550 3529 3492 -1 3504 3475 3475 3474 3475 3502 3473 3452 3443 3443 3438 3444 3429 3418 3426 3421 -1 -1 -1 -1 -1 -1 -1 -1 -1 -1 -1 -1 -1 -1 3339 -1 3369 3381
3549 3520 3520 3550 3511 3511 3546 3545 3575 3575 3561 3565 3564 3564 3549 3564 3504 3534 3524 3542 3531 3546 3565 3566 3568 3564 3570 3541 3529 3529 3524 3562 3567 3567 3524 3522 3552 3529 3548 3522 3507 3497 3497 3508 3517 3523 3515 3515 3508 3525 3504 3504 3514 3528 3544 3549 3554 3521 3529 3521 -1 -1 3475 3449 3446 3474 3475 3502 3473 3472 3448 3443 3433 3431 3421 -1 3418 3421 -1 -1 -1 -1 -1 -1 -1 -1 -1 -1 -1 -1 -1 3338 3338 -1 3352 3352
3538 3538 3550 3549 3535 3550 3522 3546 3546 3575 3569 3561 3569 3564 3564 3520 3520 3505 3524 3527 3527 3545 3547 3564 3567 3555 3537 3517 3500 3512 3512 3509 3538 3551 3551 3552 3523 3524 3548 3522 3510 3525 3554 3544 3534 3515 3515 3512 3508 3499 3525 3533 3533 3528 3544 3554 3559 3530 3521 3495 -1 -1 3459 3433 3443 3447 3476 3478 3476 3473 3459 3450 3444 3421 3429 3404 -1 3423 3423 -1 -1 -1 -1 -1 -1 -1 -1 -1 3343 3343 -1 -1 3338 -1 -1 3359
3538 3521 3539 3549 3538 3550 3522 3556 3556 3569 3585 3540 3569 3553 3553 3520 3506 3579 3579 3558 3562 3533 3535 3547 3554 3557 3546 3522 3501 3512 3509 -1 3509 3538 -1 3522 3511 3537 3537 3510 3525 3554 3544 3534 3526 3521 3515 3512 3512 3504 3511 3540 3540 3518 3530 3559 3530 3504 3503 3474 -1 3450 3459 -1 3443 -1 3476 3478 3487 3469 3459 3451 3420 3420 3429 3409 -1 -1 -1 -1 -1 -1 -1 -1 3379 3379 3404 3370 3349 3351 -1 -1 -1 -1 -1 3332
3540 3535 3535 3521 3520 3539 3522 3565 3565 3585 3566 3535 3535 3535 3535 3535 3550 3520 3550 3557 3562 3533 3533 3536 3543 3551 3551 3522 3522 3498 3495 3480 3492 3485 -1 3488 3522 3511 3526 3508 3525 3543 3533 3526 3523 3521 3513 3528 3528 3511 3511 3540 3540 3525 3534 3504 3501 3501 3499 3474 -1 3450 -1 -1 3437 -1 3419 3469 3498 3481 3445 3416 3420 3445 3425 3410 -1 -1 3395 3455 3396 -1 3396 3389 3450 3433 3433 3418 3411 3374 3352 -1 -1 -1 3348 3359
3540 3567 3567 3596 3521 3536 3536 3488 3536 3535 3556 3565 3535 3524 3535 3550 3521 3520 3501 3497 3497 3504 3522 3525 3531 3532 3537 3529 3529 3529 3495 3495 3492 3493 3488 3488 3505 3508 3508 3508 3537 3537 3526 3518 3518 3513 3513 3517 3512 3521 3525 3529 3529 3534 3516 3504 3501 3499 3481 3445 -1 3450 -1 -1 -1 -1 3429 3470 3498 3463 3440 -1 3416 3445 3445 3396 -1 -1 -1 3395 3455 3454 3389 3427 3433 3450 3418 3422 3404 3374 3345 -1 -1 -1 3330 3359
3506 3520 3567 3596 3537 3521 3493 3477 3506 3535 3538 3550 3530 3531 3547 3539 3528 3560 3560 3531 3502 3497 3504 3521 3525 3521 3526 3537 3529 3508 3508 3492 3482 3540 3540 3505 3503 3506 3505 3487 3493 3527 3504 3526 3503 3517 3517 3513 3512 3503 3521 3525 3545 3545 3516 3499 3477 3471 3465 -1 3451 3478 -1 -1 -1 -1 -1 3460 3471 3463 3434 -1 -1 3474 3463 3396 -1 3404 -1 3444 3440 3453 3463 3437 3428 3423 3439 3421 3407 3374 3347 -1 -1 -1 -1 -1
3488 3490 3506 3556 3537 3537 3508 3476 3500 3520 3524 3527 3539 3539 3547 3530 3539 3565 3558 3536 3531 3502 3490 3496 3521 3526 3532 3530 3512 3510 3510 3483 3483 3483 3511 3511 3507 3507 3506 3505 3496 3496 3482 3504 3526 3524 3517 3512 3512 3503 3500 3512 3518 3518 3516 3487 3476 3460 -1 3443 3452 3478 -1 -1 -1 -1 -1 3440 3459 3440 3405 -1 -1 3415 3474 -1 3385 3404 -1 3384 3426 3443 3467 3463 3418 3428 3428 3421 3421 3374 3347 -1 -1 -1 -1 -1
3500 3565 3498 3538 3545 3526 3509 3499 3499 3500 3520 3541 3552 3540 3539 3536 3539 3538 3565 3558 3497 3491 3479 3496 3540 3532 3536 3533 3530 3512 3531 3488 3489 3511 3498 3488 3501 3487 3493 3494 3496 3493 3482 3497 3497 3503 3524 3517 3506 3506 3512 3500 3489 3489 3489 3483 3484 3459 -1 3451 3467 3449 3434 3440 -1 -1 -1 3440 -1 3418 -1 -1 -1 3395 3451 3404 3441 3445 3384 3416 3427 3426 3432 3467 3452 3418 3417 3410 3396 3376 3376 -1 -1 -1 -1 -1
3495 3505 3565 3538 3533 3534 3515 3509 3499 3492 3525 3531 3541 3552 3532 3528 3538 3510 3509 3536 3497 3486 3485 3496 3525 3540 3536 3533 3536 3536 3507 3531 3502 3500 3488 3483 3488 3487 3489 3489 3492 3493 3482 3497 3482 3495 3503 3495 3488 3480 3476 3476 3466 3478 3483 3480 3498 -1 -1 3449 3464 -1 3463 3440 -1 -1 -1 3411 3429 -1 -1 -1 -1 -1 3393 3441 3422 3446 3445 3416 3427 3429 3429 3434 3456 3427 3407 3406 3399 3385 3359 -1 -1 -1 -1 3326
3484 3507 3534 3565 3509 3533 3560 3512 3498 3498 3501 3525 3531 3523 3541 3532 3521 3507 3536 3505 3483 3486 3485 3505 3505 3516 3529 3534 3507 3526 3507 3486 3502 3494 3491 3487 3483 3481 3480 3493 3477 3493 3493 3486 3482 3504 3495 3481 3481 3480 3476 3466 3460 3472 3480 3497 3451 -1 3449 3463 3456 3437 3466 3463 3435 -1 -1 -1 -1 -1 -1 -1 -1 -1 3422 3431 3429 3430 3445 3434 3416 3405 3434 3438 3445 3438 3417 3406 3395 3388 3374 3359 -1 -1 -1 3335
3523 3534 3536 3565 3536 3513 3522 3560 3508 3522 3503 3501 3520 3523 3523 3530 3510 3525 3534 3534 3535 3535 3508 3530 3530 3516 3511 3540 3534 3526 3498 3488 3485 3502 3485 3473 3481 3471 3480 3477 3507 3506 3476 3482 3475 3504 3475 3465 3469 3455 3466 3478 3478 3455 3455 3469 -1 3445 3453 3440 3433 3456 3466 3464 3454 -1 -1 -1 -1 -1 -1 -1 -1 3364 3422 3431 3418 3419 3442 3435 3423 3412 3432 3432 3438 3434 3419 3408 3408 3384 3363 3363 3359 -1 3331 3333
3495 3523 3536 3557 3554 3536 3510 3511 3549 3522 3497 3516 3509 3518 3519 3520 3520 3520 3514 3509 3516 3506 3506 3508 3506 3501 3508 3531 3540 3511 3506 3498 3480 3495 3485 3494 3471 3465 3476 3476 3476 3507 3506 3497 3497 3509 3509 3480 3495 3451 3449 3449 3487 3455 3458 3451 3422 3440 3440 -1 3433 3455 3484 3464 3454 -1 -1 -1 -1 -1 -1 -1 -1 3364 3411 3420 3452 3423 3442 3424 3420 3404 3404 3413 3421 3427 3423 3408 3379 3373 3365 3343 3348 -1 3333 3336
3504 3524 3524 3536 3557 3543 3516 3531 3531 3538 3511 3510 3516 3502 3518 3508 3520 3509 3509 3508 3508 3516 3501 3506 3491 3506 3520 3529 3531 3511 3511 3509 3495 3484 3473 3472 3494 3483 3465 3431 -1 3476 3476 3468 3468 3500 3480 3484 3495 3451 3433 3487 3449 3470 3428 3428 3451 3443 3412 -1 3434 3484 3455 3428 3405 -1 -1 -1 -1 -1 -1 -1 -1 3376 3405 3422 3423 3452 3439 3431 3413 3409 3400 3403 3413 3410 3416 3412 3382 3365 3362 3343 3342 3330 3321 3333
