output/arrival.asc
NCOLS 638
NROWS 825
XLLCORNER -2985163.8955
YLLCORNER -3022031.214
CELLSIZE 10000
NODATA_value -1
[rows 110 to 164 of 825, columns 192 to 287 of 638]
-1 -1 -1 -1 -1 -1 3680 3693 3696 3696 3726 3725 3713 3710 3746 3726 3725 3674 -1 -1 -1 -1 -1 -1 -1 -1 -1 -1 -1 -1 -1 -1 3628 3622 3619 3607 3569 -1 -1 -1 -1 -1 -1 -1 -1 -1 -1 -1 -1 -1 -1 -1 -1 -1 -1 -1 -1 -1 -1 -1 -1 -1 -1 -1 -1 -1 -1 -1 -1 -1 -1 -1 -1 -1 -1 -1 -1 -1 -1 -1 -1 -1 -1 -1 -1 -1 -1 -1 -1 -1 -1 -1 -1 -1 -1 -1
-1 -1 -1 -1 -1 -1 -1 3693 3691 3692 3708 3708 3709 3742 3729 3726 3713 3679 3661 -1 -1 -1 -1 -1 -1 -1 -1 -1 -1 -1 -1 3610 3623 3623 3593 -1 -1 -1 -1 -1 -1 -1 -1 -1 -1 -1 -1 -1 -1 -1 -1 -1 -1 -1 -1 -1 -1 -1 -1 -1 -1 -1 -1 -1 -1 -1 -1 -1 -1 -1 -1 -1 -1 -1 -1 -1 -1 -1 -1 -1 -1 -1 -1 -1 -1 -1 -1 -1 -1 -1 -1 -1 -1 -1 -1 -1
-1 -1 -1 -1 -1 -1 -1 3674 -1 3691 3695 3691 3696 3709 3742 3714 3709 3684 -1 -1 -1 -1 -1 -1 -1 -1 -1 -1 3638 3625 3618 3633 3646 3636 3583 -1 -1 -1 -1 -1 -1 -1 -1 -1 -1 -1 -1 -1 -1 -1 -1 -1 -1 -1 -1 -1 -1 -1 -1 -1 -1 -1 -1 -1 -1 -1 -1 -1 -1 -1 -1 -1 -1 -1 -1 -1 -1 -1 -1 -1 -1 -1 -1 -1 -1 -1 -1 -1 -1 -1 -1 -1 -1 -1 -1 -1
-1 -1 -1 -1 -1 -1 -1 3659 3678 3663 3650 3662 3691 3695 3714 3713 3712 3692 -1 -1 -1 -1 -1 -1 -1 -1 -1 3648 3652 3644 3646 3659 3629 3617 3599 -1 -1 -1 -1 -1 -1 -1 -1 -1 -1 -1 -1 -1 -1 -1 -1 -1 -1 -1 -1 -1 -1 -1 -1 -1 -1 -1 -1 -1 -1 -1 -1 -1 -1 -1 -1 -1 -1 -1 -1 -1 -1 -1 -1 -1 -1 -1 -1 -1 -1 -1 -1 -1 -1 -1 -1 2800 -1 -1 -1 -1
-1 -1 -1 -1 -1 -1 3661 3674 3672 3657 3662 3666 3678 3680 3701 3739 3726 3705 3692 -1 -1 -1 -1 -1 -1 3658 3665 3665 3664 3663 3659 3646 3617 3607 -1 -1 -1 -1 -1 -1 -1 -1 -1 -1 -1 -1 -1 -1 -1 -1 -1 -1 -1 -1 -1 -1 -1 -1 -1 -1 -1 -1 -1 -1 -1 -1 -1 -1 -1 -1 -1 -1 -1 -1 -1 -1 -1 -1 -1 -1 -1 -1 -1 -1 -1 -1 -1 -1 -1 2750 3200 3230 3218 -1 3226 3193
-1 -1 -1 -1 -1 3670 3665 3659 3674 3672 3682 3674 3687 3695 3696 3739 3710 3705 3705 3688 3674 3651 -1 -1 3659 3709 3710 3697 3680 3663 3642 -1 -1 -1 -1 -1 -1 -1 -1 -1 -1 -1 -1 -1 -1 -1 -1 -1 -1 -1 -1 -1 -1 -1 -1 -1 -1 -1 -1 -1 -1 -1 -1 -1 -1 -1 -1 -1 -1 -1 -1 -1 -1 -1 -1 -1 -1 -1 -1 -1 -1 -1 -1 -1 -1 -1 -1 -1 3200 3227 3228 3223 3243 3243 3216 3226
-1 -1 -1 -1 3668 3670 3665 3666 3666 3682 3670 3687 3687 3691 3700 3700 3697 3710 3700 3704 3717 3688 3680 3667 3696 3710 3709 3680 3667 3651 3634 -1 -1 -1 -1 -1 -1 -1 -1 -1 -1 -1 -1 -1 -1 -1 -1 -1 -1 -1 -1 -1 -1 -1 -1 -1 -1 -1 -1 -1 -1 -1 -1 -1 -1 -1 -1 -1 -1 -1 -1 -1 -1 -1 -1 -1 -1 -1 -1 -1 -1 -1 -1 -1 -1 -1 -1 -1 3228 3236 3236 3228 -1 -1 3257 3234
-1 -1 -1 3655 3663 3668 3666 3679 3679 3667 3679 3704 3704 -1 3675 3683 3692 3738 3725 3713 3717 3739 3739 3680 3693 3693 3681 3650 3638 3641 3651 3622 -1 -1 -1 -1 -1 -1 -1 -1 -1 -1 -1 -1 -1 -1 -1 -1 -1 -1 -1 -1 -1 -1 -1 -1 -1 -1 -1 -1 -1 -1 -1 -1 -1 -1 -1 -1 -1 -1 -1 -1 -1 -1 -1 -1 -1 -1 -1 -1 -1 -1 -1 -1 -1 -1 -1 -1 3244 3248 3247 3241 3253 3270 3270 3244
-1 -1 3650 3651 3663 3657 3651 3666 -1 -1 -1 -1 -1 3675 3679 3700 3743 3743 3738 3721 3713 3710 3726 3696 3683 3679 3679 3645 3650 3663 3680 3651 -1 -1 -1 -1 -1 -1 -1 -1 -1 -1 -1 -1 -1 -1 -1 -1 -1 -1 -1 -1 -1 -1 -1 -1 -1 -1 -1 -1 -1 -1 -1 -1 -1 -1 -1 -1 -1 -1 -1 -1 -1 -1 -1 -1 -1 -1 -1 -1 -1 -1 -1 -1 -1 -1 -1 3241 3268 3261 3229 3233 3241 3251 3277 3276
-1 -1 -1 -1 3668 3665 3655 3646 -1 -1 -1 -1 -1 3679 3675 3688 3695 3730 3726 3702 3689 3696 3710 3693 3694 3683 3666 3652 3667 3680 3651 -1 -1 -1 -1 -1 -1 -1 -1 -1 -1 -1 -1 -1 -1 -1 -1 -1 -1 -1 -1 -1 -1 -1 -1 -1 -1 -1 -1 -1 -1 -1 -1 -1 -1 -1 -1 -1 -1 -1 -1 -1 -1 -1 -1 -1 -1 -1 -1 -1 -1 -1 -1 -1 -1 3228 3285 3285 3258 3256 3261 3229 3230 3243 3285 3273
-1 -1 3661 3678 3678 3668 -1 -1 -1 -1 -1 -1 3650 3668 3662 3684 3692 3709 3704 3696 3679 3663 3667 3677 3679 3694 3662 3655 3695 3682 3653 -1 -1 -1 -1 -1 -1 -1 -1 -1 -1 -1 -1 -1 -1 -1 -1 -1 -1 -1 -1 -1 -1 -1 -1 -1 -1 -1 -1 -1 -1 -1 -1 -1 -1 -1 -1 -1 3177 -1 -1 -1 -1 -1 -1 -1 -1 -1 -1 -1 -1 -1 -1 -1 -1 3242 3256 3272 3256 3243 3239 3234 3243 3243 3302 3292
-1 -1 -1 -1 -1 -1 -1 -1 -1 -1 -1 -1 3650 3651 3666 3650 3637 3680 3667 3679 3666 3650 3662 3671 3671 3679 3681 3697 3695 3666 3633 -1 -1 -1 -1 -1 -1 -1 -1 -1 -1 -1 -1 -1 -1 -1 -1 -1 -1 -1 -1 -1 -1 -1 -1 -1 -1 -1 -1 -1 -1 -1 -1 -1 -1 -1 -1 -1 -1 -1 -1 -1 -1 -1 -1 -1 -1 -1 -1 -1 -1 -1 -1 -1 -1 3232 3287 3299 3286 3264 3257 3253 3241 3259 3302 3289
-1 -1 -1 -1 -1 -1 -1 -1 -1 -1 3594 3635 3632 3620 3632 3628 3621 3629 3680 3651 3649 3649 3650 3662 3658 3657 3668 3684 3697 3676 3666 3649 -1 -1 -1 -1 -1 -1 -1 -1 -1 -1 -1 2100 -1 3577 -1 -1 -1 -1 -1 -1 -1 -1 -1 -1 -1 -1 -1 -1 -1 -1 -1 -1 -1 -1 -1 -1 -1 -1 -1 -1 -1 -1 -1 -1 -1 -1 -1 -1 -1 -1 -1 -1 3274 3287 3240 3270 3299 3270 3270 3241 -1 3230 3237 3237
-1 -1 3530 3530 -1 -1 -1 -1 3569 3577 3603 3616 3634 3610 3616 3611 3604 3621 3651 3663 3649 3649 3649 3645 3645 3658 3666 3666 3680 3676 3663 3637 -1 -1 -1 -1 -1 3634 -1 -1 -1 -1 -1 -1 -1 3577 -1 -1 -1 -1 -1 -1 -1 -1 -1 -1 -1 -1 -1 -1 -1 -1 -1 -1 -1 -1 -1 -1 -1 -1 -1 -1 -1 -1 -1 -1 -1 -1 -1 -1 -1 -1 -1 -1 -1 -1 -1 3240 3250 3270 3250 3234 3234 3223 3224 3253
-1 -1 3517 -1 3532 3558 3559 3573 3570 3587 3587 3599 3608 3618 3616 3587 3608 3617 3622 3638 3639 3649 3636 3632 3641 3649 3658 3653 3667 3680 3650 3637 -1 -1 -1 -1 3615 3680 3667 3647 -1 -1 3606 3602 -1 -1 -1 -1 -1 -1 -1 -1 -1 -1 -1 -1 -1 -1 -1 -1 -1 -1 -1 -1 -1 -1 -1 -1 -1 -1 -1 -1 -1 -1 -1 -1 -1 -1 -1 -1 -1 -1 -1 -1 -1 -1 -1 3233 3266 3283 3263 3250 3250 3262 3279 3238
-1 -1 -1 -1 -1 3538 3560 3573 3584 3600 3600 3577 3577 3603 3592 3579 3563 3579 3599 3626 3606 3624 3636 3625 3650 3633 3645 3624 3642 3632 3659 3616 3616 -1 -1 -1 3645 3671 3680 3665 3652 3642 3629 3605 3602 -1 -1 3587 -1 -1 -1 -1 -1 -1 -1 -1 -1 -1 -1 -1 -1 -1 -1 -1 -1 -1 -1 -1 -1 -1 -1 -1 -1 -1 -1 -1 -1 -1 -1 -1 -1 -1 -1 -1 -1 -1 -1 -1 3246 3283 3254 3279 3279 3308 3295 3289
-1 -1 -1 -1 -1 3552 3556 3573 3629 3640 3614 3585 3581 3592 3594 3573 3573 3570 3580 3612 3623 3627 3626 3650 3657 3657 3645 3645 3641 3628 3658 3625 3672 3685 3685 3688 3688 3671 3651 3663 3665 3622 3642 3618 3612 3612 3615 3600 3589 3572 -1 -1 3554 -1 -1 -1 -1 -1 -1 -1 -1 -1 -1 -1 -1 -1 -1 -1 -1 -1 -1 -1 -1 -1 -1 -1 -1 -1 -1 -1 -1 -1 -1 -1 -1 -1 3253 3263 3267 3263 3263 3306 3319 3308 3308 3304
-1 -1 3569 3555 3556 3569 3574 3616 3629 3641 3598 3598 3577 3581 3563 3560 3561 3566 3583 3597 3622 3591 3637 3603 3637 3644 3628 3632 3641 3632 3619 3613 3627 3656 3642 3637 3675 3659 3652 3650 3650 3613 3618 3616 3638 3628 3628 3607 3590 3609 3596 3579 3543 -1 -1 -1 -1 -1 -1 -1 -1 -1 -1 -1 -1 -1 -1 -1 -1 -1 -1 -1 -1 -1 -1 -1 -1 -1 -1 -1 -1 -1 -1 -1 -1 -1 3270 3280 3280 3273 3279 3292 3319 3309 3309 3308
3573 3586 -1 3561 3561 3569 3557 3568 3568 3573 3569 3569 3552 3563 3540 3560 3590 3612 3583 3596 3596 3587 3624 3637 3616 3619 3618 3612 3634 3616 3616 3627 3614 3615 3673 3660 3642 3650 3652 3635 3607 3613 3623 3629 3651 3651 3630 3611 3601 3609 3626 3596 3543 -1 -1 -1 -1 -1 -1 -1 -1 -1 -1 -1 -1 -1 -1 -1 -1 -1 -1 -1 -1 -1 -1 -1 -1 -1 -1 -1 -1 -1 -1 -1 -1 -1 3267 3270 3257 3273 3279 3292 3308 3314 3315 3326
3602 3598 3604 3566 3556 3545 3551 3555 3553 3556 3540 3537 -1 3532 -1 3561 3590 3612 3616 3590 3573 3570 3587 3616 3608 3592 3612 3599 3634 3621 3616 3610 3655 3631 3644 3673 3650 3637 3639 3633 3616 3596 3616 3623 3634 3647 3634 3618 3609 3626 3613 3626 3583 -1 -1 -1 -1 -1 -1 -1 -1 -1 -1 -1 -1 -1 -1 -1 -1 -1 -1 -1 -1 -1 -1 -1 -1 -1 -1 -1 -1 -1 -1 -1 -1 -1 3304 3292 3279 3253 3260 3282 3258 -1 3288 3313
3615 3603 3566 3543 3544 3530 3544 3553 3532 3527 3536 3537 -1 -1 -1 -1 -1 3583 3616 3603 3573 3587 3603 3608 3599 3595 3595 3605 3591 3616 3641 3633 3671 3667 3656 3656 3621 3621 3621 3620 3591 -1 3594 3609 3622 3647 3618 3608 3601 3613 3626 -1 -1 -1 -1 -1 -1 -1 -1 -1 -1 -1 -1 -1 -1 -1 -1 -1 -1 -1 -1 -1 -1 -1 -1 -1 -1 -1 -1 -1 -1 -1 3303 3321 3312 3304 3292 3286 -1 -1 -1 -1 -1 -1 3284 3285
3572 3556 3556 3543 -1 -1 -1 -1 -1 -1 -1 -1 -1 -1 -1 -1 -1 3587 3587 3599 3574 3590 3591 3603 3606 3606 3605 3592 3603 3620 3622 3684 3684 3630 3630 3630 3621 3608 3608 3604 3549 -1 3581 -1 3593 3605 3604 3605 3598 3601 3582 -1 -1 -1 -1 -1 -1 -1 -1 -1 -1 -1 -1 -1 -1 -1 -1 -1 -1 -1 -1 -1 -1 -1 -1 -1 -1 -1 -1 -1 -1 -1 3338 3338 3325 -1 -1 -1 -1 -1 -1 -1 -1 -1 3280 3310
-1 -1 -1 3559 -1 -1 -1 -1 -1 -1 -1 -1 -1 -1 -1 -1 -1 3570 3573 3574 3574 3561 3574 3586 3596 3595 3593 3582 3595 3603 3620 3609 3625 3625 3617 3596 3604 3592 3592 3578 3575 3558 -1 -1 -1 3593 3582 3598 3598 3595 -1 -1 -1 -1 -1 -1 -1 -1 -1 -1 -1 -1 -1 -1 -1 -1 -1 -1 -1 -1 -1 -1 -1 -1 -1 -1 -1 -1 -1 -1 3314 3331 3331 3318 -1 -1 -1 -1 -1 -1 -1 -1 -1 -1 -1 3323
3588 3639 -1 -1 3560 -1 -1 -1 -1 -1 -1 -1 -1 -1 -1 -1 -1 -1 3548 3548 3545 3562 3545 3566 3577 3579 3579 3579 3596 3607 3590 3612 3599 3586 3608 3611 3598 3585 3575 3575 3577 3575 -1 -1 -1 -1 3581 3587 3595 3585 -1 3551 -1 -1 -1 -1 -1 -1 -1 -1 -1 -1 -1 -1 -1 -1 -1 -1 -1 -1 -1 -1 -1 -1 -1 -1 -1 -1 -1 -1 -1 -1 -1 -1 -1 -1 -1 3294 3304 3304 -1 3302 3302 -1 3311 3314
3622 3610 3639 -1 -1 -1 3567 3566 -1 -1 -1 -1 -1 -1 -1 -1 -1 3535 3548 3548 3562 3549 3553 3566 3579 3571 3567 3567 3569 3575 3607 3603 3602 3586 3573 3581 3611 3582 3574 3577 3564 -1 -1 -1 -1 3565 3587 3577 3577 -1 -1 -1 3551 -1 -1 -1 -1 -1 -1 -1 -1 -1 -1 -1 -1 -1 -1 -1 -1 -1 -1 -1 -1 -1 -1 -1 -1 -1 -1 3314 3301 -1 -1 -1 -1 -1 -1 -1 -1 -1 3286 3306 3318 3331 3331 3360
-1 3626 3596 -1 -1 -1 3584 3550 -1 -1 -1 -1 -1 -1 -1 -1 -1 -1 3542 3555 3559 3552 3566 3579 3599 3584 3584 3578 3587 3588 3616 3615 3620 3607 3594 3594 3589 3574 3582 3564 3562 -1 -1 -1 -1 3569 3565 3564 -1 -1 -1 -1 -1 -1 -1 -1 -1 -1 -1 -1 -1 -1 -1 -1 -1 -1 -1 -1 -1 -1 -1 -1 -1 -1 -1 -1 -1 -1 3315 3328 3314 3287 -1 -1 -1 -1 -1 -1 3300 -1 -1 3304 3319 3331 3360 3347
-1 -1 3567 -1 -1 3584 -1 -1 -1 -1 -1 -1 -1 -1 -1 -1 -1 -1 3529 3555 3572 3572 3565 3566 3586 3599 3590 3590 3591 3587 3616 3620 3615 3620 3597 3613 3588 3578 3565 3579 3566 -1 -1 -1 -1 3554 3575 3553 -1 -1 -1 -1 -1 -1 -1 -1 -1 -1 -1 -1 -1 -1 -1 -1 -1 -1 -1 -1 -1 -1 -1 -1 -1 -1 -1 -1 -1 3303 3328 3337 3344 3317 -1 -1 -1 -1 -1 -1 3307 3320 3313 3319 3304 3320 3343 3318
3551 3551 3557 3600 3627 -1 -1 -1 -1 -1 -1 -1 -1 3566 -1 -1 -1 -1 -1 -1 -1 3548 3565 3556 3579 3592 3592 3601 3591 3607 3620 3607 3607 3598 3597 3613 3600 3578 3587 3591 3579 -1 -1 -1 -1 3550 3592 3592 -1 -1 -1 -1 -1 -1 -1 -1 -1 -1 -1 -1 -1 -1 -1 -1 -1 -1 -1 -1 3392 -1 -1 -1 -1 -1 -1 3309 3316 3324 3337 3344 3331 3317 -1 -1 -1 -1 -1 3317 3320 3330 3325 3320 3333 3333 3332 3319
-1 -1 3557 3626 -1 -1 -1 -1 -1 -1 -1 -1 -1 3553 3566 -1 -1 -1 -1 -1 -1 -1 -1 3564 3580 3587 3601 3588 3610 3623 3636 3618 3605 3599 3586 3582 3584 3594 3595 3608 3608 3556 -1 -1 -1 3579 3563 -1 -1 -1 -1 -1 -1 -1 -1 -1 -1 -1 -1 -1 -1 -1 -1 -1 3503 3496 3477 3462 -1 -1 -1 -1 3359 3353 -1 3309 -1 -1 3317 3327 3315 -1 -1 -1 -1 -1 -1 -1 3330 3338 3331 3321 3344 3361 3335 3332
-1 -1 -1 -1 -1 -1 -1 -1 -1 -1 -1 -1 -1 -1 -1 -1 -1 -1 -1 -1 -1 -1 -1 3564 3581 3587 3583 3583 3610 3621 3636 3618 3589 3599 3582 3578 3584 3581 3594 3583 3570 -1 -1 -1 -1 3539 3539 -1 -1 -1 -1 -1 -1 -1 -1 -1 -1 -1 -1 -1 -1 -1 3567 3554 3550 3538 3521 3495 3466 3407 3404 3378 3359 3353 -1 -1 -1 -1 3313 3334 3315 -1 -1 -1 -1 -1 -1 -1 3367 3350 3338 3348 3361 3351 3335 3318
-1 -1 -1 -1 -1 -1 -1 -1 -1 -1 -1 -1 -1 -1 -1 -1 -1 -1 -1 -1 -1 -1 -1 3558 3570 3596 3583 3583 3604 3612 3621 3612 3589 3576 3570 3578 3583 -1 -1 3583 -1 -1 -1 -1 -1 -1 -1 -1 -1 -1 -1 -1 -1 -1 -1 -1 -1 -1 -1 -1 -1 -1 3567 3567 3566 3553 3539 3504 3487 3437 3421 -1 -1 -1 -1 -1 -1 -1 3334 3312 -1 -1 -1 -1 -1 -1 3333 3367 3358 3354 3347 3360 3364 3364 3328 3322
-1 -1 -1 -1 -1 -1 -1 -1 -1 -1 3546 -1 -1 3528 -1 -1 -1 -1 -1 -1 3538 3550 3558 3559 3579 3608 3567 3583 3586 3600 3629 3616 3572 3572 3565 3583 3567 -1 -1 -1 -1 -1 -1 -1 -1 -1 -1 -1 -1 -1 -1 -1 -1 -1 -1 -1 -1 -1 -1 -1 -1 3554 3567 3568 3568 3566 3549 3510 3493 3464 3422 3421 -1 -1 -1 -1 -1 3321 3322 -1 -1 -1 -1 -1 -1 -1 3336 3371 3371 3360 3360 3360 3370 3341 3341 3329
3493 3510 3527 3544 3544 -1 -1 3540 -1 -1 3546 3541 3541 -1 -1 -1 -1 -1 -1 -1 -1 3567 3579 3579 3592 3621 3583 3567 3600 3578 3600 3629 3617 3583 3563 3563 3567 -1 -1 -1 -1 -1 -1 -1 -1 -1 -1 -1 -1 -1 -1 -1 -1 -1 -1 -1 -1 -1 -1 -1 -1 -1 -1 -1 3555 3551 3549 3523 3507 3493 3452 3452 3423 3410 -1 -1 -1 3322 3321 -1 -1 -1 -1 -1 -1 3326 3326 3342 3349 3347 3347 3370 3357 3347 3347 3331
3485 3471 3486 3498 3531 3511 3511 3523 3539 3533 3533 3544 -1 -1 3532 3532 -1 -1 -1 -1 -1 3567 3596 3592 3575 3621 3571 3562 3554 3587 3630 3630 3588 3583 3569 3554 -1 -1 -1 -1 -1 -1 -1 -1 -1 -1 -1 -1 -1 -1 -1 -1 -1 -1 -1 -1 -1 -1 -1 -1 -1 -1 -1 -1 3524 3537 3534 3532 3515 3507 3481 3463 3448 3423 3364 -1 -1 3339 3336 -1 -1 -1 3324 3339 3344 3352 3339 3349 3342 3335 3348 3339 3354 3334 3350 3331
3485 3489 3476 3478 3515 3520 3521 3540 3539 3540 3544 3531 -1 -1 3534 -1 -1 3497 3527 -1 3558 3571 3583 3596 3575 3604 3614 3563 3555 3558 3571 3613 3570 3569 3552 3556 -1 -1 -1 -1 -1 -1 -1 -1 -1 -1 -1 -1 -1 -1 -1 -1 -1 -1 -1 -1 -1 -1 -1 -1 -1 -1 -1 -1 -1 3520 3520 -1 3490 3498 3477 3477 3448 3419 3406 3377 3341 3356 3343 -1 -1 -1 3354 3357 3420 3365 3362 3358 3377 3348 3346 3367 3362 3363 3363 3320
3489 3497 3505 3504 3510 3523 3550 3550 3540 3539 3527 3527 3517 3534 3523 3521 3508 3510 3526 -1 -1 3571 3576 3563 3574 3601 3614 3562 3548 3546 3545 3571 3572 3550 3555 3535 -1 -1 -1 -1 -1 -1 -1 -1 -1 -1 -1 -1 -1 -1 -1 -1 -1 -1 -1 3478 -1 3464 -1 -1 -1 -1 -1 -1 -1 -1 -1 -1 -1 3433 3481 3434 3418 3431 3419 3390 3377 3373 3378 3356 3341 3357 3383 3371 3357 3419 3382 3377 3364 3360 3371 3377 3367 3362 3353 3353
3492 3507 3514 3514 3524 3537 3537 3522 3533 3526 3539 3524 3517 3524 3536 3524 3537 3508 3536 3514 3514 3554 3542 3529 3572 3585 3597 3545 3542 3546 3547 3554 3585 3585 3568 3539 -1 -1 -1 -1 -1 -1 -1 -1 -1 -1 -1 -1 -1 -1 -1 -1 -1 3494 3507 3537 3490 3464 3431 3393 3512 -1 -1 -1 -1 -1 -1 -1 -1 -1 3364 -1 3405 3418 3402 3402 3390 3378 3407 3407 3364 3400 3387 3386 3399 3399 3403 3386 3363 3364 3403 3403 3384 3391 3355 3340
3504 3521 3520 3520 3537 3526 3525 3509 3508 3515 3510 3511 3524 3523 3525 3536 3537 3523 3536 3519 3519 3535 3537 3545 3558 3585 3575 3558 3545 3547 3541 3553 3556 3545 3568 3539 -1 -1 -1 -1 -1 -1 -1 -1 -1 -1 -1 -1 -1 -1 -1 -1 3476 3507 3508 3537 3524 3494 3456 3499 3440 3512 3424 -1 -1 -1 -1 -1 -1 -1 -1 -1 3389 3401 3401 3379 3380 3393 3394 3360 3349 3400 3459 3416 3478 3405 3389 3386 3374 3380 3407 3420 3391 3374 3344 3343
3521 3563 3551 3532 3500 3499 3499 3482 3492 3510 3497 3495 3510 3523 3519 3520 3524 3535 3535 3536 3537 3566 3548 3543 3556 3568 3565 3546 3529 3541 3570 3556 3543 3551 3545 -1 -1 -1 -1 -1 -1 -1 -1 -1 -1 -1 -1 -1 -1 -1 -1 -1 3479 3491 3520 3486 3478 3420 3449 -1 -1 3483 3495 3454 3440 3425 -1 -1 -1 -1 -1 3370 3376 3389 3389 3422 3405 3393 3373 3361 3374 3459 3430 3446 3478 3465 3406 3391 3407 3420 3420 3378 3361 3361 3342 3356
3531 3580 3589 3576 3533 3498 3466 3466 3481 3493 3495 3500 3506 3508 3524 3524 3524 3538 3548 3539 3539 3553 3566 3560 3556 3565 3552 3546 3536 3529 3570 3567 3542 3526 -1 -1 -1 -1 -1 -1 -1 -1 -1 -1 -1 -1 -1 -1 -1 -1 -1 -1 -1 3479 3449 3536 3523 3449 3434 3477 3448 3453 3483 3466 3454 3437 3412 3357 -1 -1 -1 3373 3372 3390 3409 3451 3422 3421 3392 3373 3370 3420 3442 3449 3461 3420 3419 3403 3404 3420 3377 3352 3348 3338 3332 3332
3547 3589 3580 3546 3534 3456 3456 3468 3481 3478 3474 3478 3508 3495 3511 3519 3525 3538 3539 3548 3557 3570 3549 3539 3561 3567 3565 3536 3536 3546 3557 3567 3555 3548 -1 -1 -1 -1 -1 -1 -1 -1 -1 -1 -1 -1 -1 -1 -1 -1 -1 -1 -1 3492 3466 3507 3536 3519 3502 3485 3477 3466 3431 -1 3410 3437 3420 3395 3382 -1 3372 3387 3373 3379 3392 3463 3467 3421 3408 3392 3370 3377 3407 3413 3449 3432 3434 3430 3377 3391 3354 3352 3360 3338 3332 3327
3560 3567 3572 3507 3506 3516 3490 3461 3464 3464 3466 3479 3473 3491 3497 3513 3519 3528 3539 3541 3552 3570 3541 3541 3554 3567 3565 3552 3565 3559 3559 3535 3554 3555 3538 -1 -1 -1 -1 -1 -1 -1 -1 -1 -1 -1 -1 -1 -1 -1 -1 -1 3449 3492 3479 3450 3451 3448 3493 3485 3468 3451 3433 3397 3413 3396 3376 3403 3395 3378 3373 3387 3401 3423 3435 3452 3480 3480 3458 3390 3361 3361 3357 3387 3432 3447 3447 3418 3374 3361 3343 3381 3381 3368 3335 3327
3560 3562 3549 3505 3499 3499 3537 3490 3461 3462 3479 3462 3473 3501 3514 3532 3526 3523 3541 3552 3570 3557 3537 3537 3546 3563 3563 3548 3565 3552 3551 3527 -1 -1 -1 -1 -1 -1 -1 -1 -1 -1 -1 -1 -1 -1 -1 -1 3451 -1 -1 -1 3418 3491 3475 3463 3446 3451 3463 3435 3405 3447 3447 3430 3404 3396 3379 3362 3378 3373 3373 3399 3439 3452 3436 3538 3509 3509 3492 3466 3415 3399 3386 3382 3390 3390 3418 3389 3405 3360 3330 3343 3364 3348 3348 3316
3533 3545 3545 3499 3494 3537 3524 3495 3474 3537 3468 3472 3485 3514 3532 3526 3536 3543 3553 3570 3557 3568 3540 3538 3534 3550 3520 3522 3529 3539 3539 3568 3572 3572 -1 -1 -1 -1 -1 -1 -1 -1 -1 -1 -1 -1 -1 -1 3451 -1 -1 -1 -1 3491 3478 3449 3446 3434 3434 3431 3418 3417 3434 3430 3401 3375 3359 3362 3374 3360 3376 3416 3461 3449 3495 3538 3525 3498 3485 3478 3465 3388 3399 3382 3371 3401 3401 3373 3389 3346 3342 3345 3346 3346 3345 3332
3464 3485 3528 3486 3520 3520 3526 3496 3478 3536 3478 3485 3497 3497 3519 3536 3515 3530 3543 3558 3560 3547 3581 3537 3534 3510 3501 3498 3496 3493 3517 3555 3568 3559 3529 -1 -1 -1 -1 -1 -1 -1 -1 -1 -1 -1 -1 -1 -1 -1 -1 -1 3432 3432 3474 3462 3434 3429 3412 3404 3414 3401 3389 3418 3401 3384 3355 3359 3358 3375 3403 3445 3445 3495 3449 3453 3479 3466 3498 3478 3406 3377 3388 3371 3375 3388 3389 3375 3361 3357 3339 3332 3345 3333 3345 3342
3489 3511 3503 3511 3503 3526 3513 3496 3510 3520 3513 3473 3486 3497 3519 3514 3514 3531 3545 3558 3570 3543 3581 3537 3517 3510 3498 3481 3469 3481 3489 3525 3530 3555 3543 3532 3508 -1 -1 -1 -1 -1 -1 3460 3534 3439 3416 3405 3462 3394 3402 3402 3402 -1 3433 3445 3445 3417 3400 3397 3388 3397 3375 3355 3346 3367 3367 3354 3360 3358 3393 3432 3474 3508 3465 3449 3479 3450 3461 3449 3420 3369 3369 3371 3360 3388 3389 3376 3357 3357 3344 3323 3322 3308 3343 3329
3494 3503 3490 3497 3497 3509 3509 3494 3494 3512 3503 3494 3486 3502 3514 3504 3530 3541 3558 3570 3557 3564 3571 3530 3493 3481 3481 3479 3469 3460 3482 3499 3510 3533 3546 3550 3537 3529 3521 3504 3471 3465 -1 3521 3534 3453 -1 3398 3449 3462 3419 3403 3385 3433 3416 3416 3428 3419 3400 3387 3375 3380 3374 3358 3342 3345 3355 3353 3369 3398 3377 3406 3435 3457 3508 3449 3462 3436 3449 3435 3378 3378 3349 3359 3363 3360 3388 3388 3346 3357 3345 3334 3321 3322 3321 3316
3454 3473 3474 3480 3468 3484 3483 3481 3479 3496 3486 3480 3485 3497 3504 3514 3520 3541 3541 3553 3553 3571 3558 3487 3491 3463 3463 3448 3452 3465 3482 3492 3500 3517 3515 3529 3550 3542 3532 3519 3470 3471 3486 3505 3517 3517 3453 3447 3445 3445 3433 3418 3392 3399 3379 3390 3403 3374 3394 3383 3367 3368 3368 3352 3352 3355 3363 3369 3385 3398 3377 3390 3419 3419 3479 3491 3449 3431 3432 3403 3360 3365 3361 3359 3376 3376 3405 3369 3374 3362 3348 3328 3334 3320 3321 3307
3473 3474 3460 3466 3468 3470 3463 3463 3480 3493 3495 3488 3488 3547 3534 3530 3524 3541 3542 3542 3554 3554 3542 3504 3490 -1 -1 3435 3453 3452 3454 3488 3492 3508 3517 3533 3542 3532 3503 3490 3487 3499 3500 3492 3505 3500 3475 3455 3442 3428 3433 3420 3402 3387 3382 3385 3390 3403 3386 3377 3380 3380 3369 3375 3392 3363 3393 3377 3390 3381 3390 3377 3389 3386 3479 3450 3428 3397 3391 3362 3374 3343 3355 3368 3372 3405 3392 3391 3377 3365 3352 3363 3363 3316 3317 3313
3457 3457 3466 3458 3469 3470 3474 3481 3494 3497 3494 3496 3547 3501 3518 3524 3530 3524 3529 3537 3528 3529 3542 3533 3533 3465 -1 3456 3456 3453 3451 3470 3504 3504 3521 3513 3525 3534 3515 3503 3486 3500 3499 3488 3488 3483 3483 3475 3455 3418 3416 3416 3404 3409 3401 3414 3414 3405 3387 3403 3407 3398 3385 3382 3404 3406 3406 3406 3390 3391 3381 3381 3391 3389 3450 3421 3384 3384 3361 3391 3338 3363 3397 3368 3372 3389 3369 3403 3391 3378 3351 3360 3350 3334 3330 3310
3436 3437 3457 3440 3457 3469 3474 3480 3487 3497 3504 3530 3521 3518 3508 3517 3506 3498 3508 3512 3509 3550 3563 3520 3505 3516 3474 3494 3465 3465 3456 3478 3507 3521 3554 3517 3521 3534 3492 3505 3503 3487 3483 3470 3462 3466 3461 3458 3438 3423 3404 3408 3409 3417 3404 3410 3423 3432 3416 3416 3420 3406 3398 3417 3435 3448 3435 3419 3402 3404 3404 3389 3394 3407 3416 3421 3408 3392 3374 3376 3374 3389 3397 3401 3389 3382 3378 3403 3420 3407 3350 3360 3347 3347 3330 3310
3403 3431 3427 3440 3456 3458 3471 3472 3484 3486 3494 3494 3521 3506 3505 3486 3479 3497 3505 3512 3499 3509 3563 3526 3513 3496 3490 3481 3494 3499 3486 3481 3508 3525 3541 3554 3540 3527 3505 3516 3516 3499 3487 3470 3457 3449 3449 3453 3441 3425 3412 3421 3421 3417 3423 3423 3441 3439 3432 3471 3442 3424 3424 3460 3447 3448 3448 3451 3434 3421 3407 3398 3394 3399 3404 3388 3404 3413 3389 3389 3382 3382 3390 3418 3375 3376 3382 3404 3408 3420 3363 3363 3347 3347 3313 3318
3404 3415 3424 3436 3441 3464 3471 3472 3478 3491 3494 3494 3501 3506 3493 3493 3486 3492 3505 3495 3483 3494 3546 3546 3509 3507 3494 3477 -1 3470 3499 3477 3481 3513 3525 3542 3542 3540 3523 3511 3503 3503 3490 3469 3453 3450 3509 3509 3453 3459 3450 3437 3440 3452 3470 3492 3482 3482 3471 3458 3454 3442 3450 3450 3460 3448 3450 3431 3434 3423 3411 3404 3404 3394 3388 3404 3413 3400 3395 3384 3384 3398 3398 3418 3359 3359 3375 3411 3421 3421 3392 3376 3359 3347 3334 3301
3408 3405 3428 3442 3453 3451 3464 3465 3485 3485 3491 3491 3491 3489 3480 3481 3493 3491 3491 3495 3507 3513 3529 3520 3508 3507 3517 3498 3470 3470 3486 3486 3491 3532 3531 3531 3529 3523 3511 3497 3494 3486 3457 3445 3441 3436 3476 3496 3480 3467 3469 3469 3491 3478 3492 3479 3463 3469 3465 3437 3442 3425 3416 3418 3431 3443 3447 3434 3423 3417 3412 3411 3404 3404 3394 3417 3417 3399 3389 3395 3397 3397 3385 3405 3348 3360 3359 3398 3437 3450 3407 3374 3376 3338 3304 3305
3408 3400 3411 3428 3442 3453 3440 3456 3460 3478 3474 3487 3478 3481 3494 3477 3477 3478 3470 3507 3500 3504 3513 3508 3509 3517 3504 3489 3498 3483 3483 3491 3516 3529 3531 3527 3527 3504 3493 3468 3486 3470 3445 3445 3445 3435 3436 3476 3480 3463 3474 3491 3440 3449 3466 3466 3476 3463 3453 3435 3437 3426 3445 3432 3449 3447 3432 3430 3432 3432 3424 3412 3399 3408 3395 3403 3412 3412 3389 3368 3382 3384 3390 3419 3377 3362 3362 3440 3440 3450 3391 3363 3341 3333 3320 3302
