output/arrival.asc
NCOLS 638
NROWS 825
XLLCORNER -2985163.8955
YLLCORNER -3022031.214
CELLSIZE 10000
NODATA_value -1
[rows 110 to 164 of 825, columns 288 to 383 of 638]
-1 -1 -1 -1 -1 -1 -1 -1 -1 -1 -1 -1 -1 -1 -1 -1 -1 -1 -1 -1 -1 2919 3010 3021 3040 -1 3040 2988 2988 2977 2966 2936 2943 2932 2939 2932 2917 2837 2786 2797 2797 2724 2743 2696 2656 -1 -1 -1 2284 2343 2354 2365 2336 2342 2375 2335 2335 2286 2276 2279 2298 2223 2210 2210 2217 2231 2221 2284 2302 2279 2279 2270 2259 2230 2185 2212 2201 2165 2161 2150 2124 2103 2092 2085 2074 2063 2052 2000 -1 1874 1884 1881 1850 1818 1807 1778
-1 -1 -1 -1 -1 -1 -1 -1 -1 -1 -1 -1 -1 -1 -1 -1 -1 -1 -1 -1 -1 -1 -1 3010 -1 -1 2987 2988 2970 2977 2944 2911 2918 2881 2881 2916 2916 2892 2775 2769 2714 2680 2664 -1 -1 -1 -1 -1 -1 -1 2284 2336 2241 2236 2335 2263 2263 2263 2265 2287 2239 2210 2198 2199 2219 2220 2273 2284 2246 2246 2252 2252 2223 2223 2223 2212 -1 2152 2154 2150 2132 2092 2092 2074 2066 2056 2036 2000 1976 -1 1874 1841 1829 1818 1807 1796
-1 -1 -1 -1 -1 -1 -1 -1 -1 -1 -1 -1 -1 -1 -1 -1 -1 -1 -1 -1 -1 -1 -1 -1 -1 -1 2943 2970 2970 2940 2940 2866 2881 2885 2881 2905 2905 2892 2798 2769 2736 2714 2634 -1 -1 -1 -1 -1 -1 2251 2274 2274 2336 2247 2247 -1 -1 2240 2269 2276 2219 2148 2198 2188 2188 2255 2284 2284 2246 2225 2224 2227 -1 -1 2223 2194 2201 2172 2161 2139 2117 2092 2092 2022 2056 2056 2012 2000 1978 1840 1840 1840 1799 1758 1807 1796
-1 -1 -1 2384 -1 -1 -1 -1 -1 -1 -1 -1 -1 -1 -1 -1 -1 -1 -1 -1 -1 -1 2756 2723 2767 2909 2915 2959 2948 2941 2940 2790 2793 2870 2852 2827 2894 2862 2804 2792 2769 2692 2590 2590 2590 -1 -1 -1 -1 2274 2285 2325 2325 2307 -1 -1 -1 2240 2269 2269 2211 2210 2199 2188 2177 2195 2255 2265 2225 2177 2162 -1 -1 -1 2165 2194 2190 2190 2161 2145 2121 2092 2063 2041 2034 2023 2005 1975 1702 -1 -1 -1 1769 1751 1771 1771
2383 -1 2383 2405 2423 2403 -1 -1 -1 -1 -1 -1 -1 -1 -1 -1 -1 -1 -1 -1 -1 -1 2756 2767 2815 2875 2898 2941 2941 2922 2853 2790 2833 2852 2852 2851 2822 2804 2862 2769 2735 2711 2711 2678 2590 -1 -1 -1 -1 2273 2278 2314 2314 2307 -1 -1 2240 2258 2258 2221 2218 2192 2199 2182 2177 2226 2255 2236 2226 2138 2130 2167 2131 2131 2134 2143 2179 2179 2143 2121 2121 2092 2063 2034 2034 1964 1975 1975 1941 -1 -1 -1 1740 1740 1729 1742
2383 2383 2413 2427 2438 2438 -1 -1 -1 -1 -1 -1 -1 -1 -1 -1 -1 -1 -1 -1 -1 2737 2756 -1 2815 2864 2844 2854 2887 2941 2901 2761 2781 2841 2841 2840 2840 2811 2782 2749 2735 2735 2711 2678 -1 -1 -1 -1 2174 -1 -1 2288 2307 2277 -1 -1 2180 2240 2247 2210 2210 2199 2188 2188 2149 2133 2133 2138 2226 2215 2197 2197 2186 2175 2157 2168 2168 2164 2143 2027 2037 2073 2044 1975 1970 1947 1953 1927 1835 -1 -1 1628 1722 1722 1729 1742
2394 2405 2416 2439 2439 2438 2341 -1 -1 -1 -1 -1 -1 -1 -1 -1 -1 -1 2708 2722 2722 2756 2804 2815 2822 2833 2844 2874 2874 2901 2893 2757 2786 2823 2830 2829 2829 2804 2782 2727 2721 2681 2678 2620 -1 -1 -1 -1 -1 -1 -1 2221 -1 -1 -1 -1 2154 2210 -1 2125 2210 2199 2188 2161 2148 2109 2115 2207 2145 2215 2204 2197 2168 2168 2157 2153 2164 2164 -1 1948 1986 2052 2004 2004 1946 1919 1919 1919 1864 1857 1552 1722 1693 1722 1720 1720
2415 2469 2416 2439 2450 2472 2444 2488 2511 2510 2533 2567 2610 2610 2639 2653 -1 2668 2711 2698 2722 2786 2796 2804 2811 2810 2811 2874 2874 2890 2883 2819 2757 2803 2813 2819 2783 2775 2775 2708 2708 2679 2656 2650 2620 -1 -1 -1 -1 -1 -1 -1 -1 -1 -1 -1 -1 -1 -1 2181 2181 2188 2188 2151 2137 2137 2126 2115 2116 2197 2204 2193 2186 2168 2146 2142 2153 2131 2105 1955 1985 1970 1971 2004 1948 1926 1897 1885 1871 1860 -1 1664 1688 1693 1711 1713
2488 2488 2406 2442 2475 2508 2519 2523 2576 2576 2586 2599 2617 2631 2642 2653 2664 2678 2700 2698 2698 2727 2786 2788 2793 2782 2812 2834 2845 2883 2883 2818 2825 2814 2803 2807 2803 2775 2775 2708 2708 2679 2663 2657 2608 2586 -1 -1 -1 -1 -1 -1 -1 -1 -1 -1 -1 -1 -1 2026 2132 2137 2116 2116 2109 2137 2126 2089 2094 2094 2137 2137 2177 2128 2115 2105 2037 2026 2015 1995 1928 1970 1970 1948 1948 1905 1905 1882 1871 1846 -1 -1 1664 1693 1700 1702
2492 2488 2447 2439 2528 2547 2547 2565 2576 2577 2588 2599 2617 2628 2642 2649 2664 2664 2679 2643 2643 2752 2752 2786 2782 2782 2763 2823 2845 2872 2872 2843 2832 2825 2744 2748 2792 2781 2764 2742 2697 2686 2668 2657 2626 2580 -1 -1 2497 -1 -1 -1 -1 -1 -1 -1 -1 1926 1954 2009 2027 2045 2067 2116 2094 2119 2090 2080 2080 2084 2092 2137 2118 2104 2095 2048 2044 2026 2014 2003 1985 1974 1926 1937 1937 1916 1894 -1 1857 -1 -1 -1 -1 1664 1673 1684
2492 2503 2488 2476 2536 2547 2554 2565 2566 2577 2588 2606 2606 2628 2639 2639 2567 2633 2593 -1 -1 2659 2752 2775 2775 2771 2771 2762 2834 2854 2861 2835 2825 2791 2759 2774 2774 2774 2763 2742 2717 2686 2675 2659 2639 2586 2478 2497 2453 2431 2431 -1 -1 -1 -1 -1 -1 1931 1965 1987 1985 2038 2038 2068 2087 2076 2034 2019 2046 2074 2074 2092 2103 2092 2073 2044 2005 2014 2014 1985 1985 1926 1918 1916 1916 -1 1883 1882 -1 -1 -1 -1 1614 1621 1644 1649
2492 2498 2514 2525 2536 2543 2554 2555 2566 2573 2584 2595 2590 2590 -1 -1 -1 -1 -1 -1 -1 -1 -1 2738 2753 2753 2760 2762 2765 2854 2854 2825 2796 2780 2730 2745 2752 2774 2741 2717 2687 2676 2675 2646 2628 2616 2616 2504 2515 2453 -1 -1 -1 -1 -1 -1 -1 -1 1936 1955 1965 1969 1969 2058 2076 2028 2009 2012 2027 2024 2024 2063 2070 2070 2054 2005 2044 1983 1963 1974 1956 1908 1899 1916 1746 -1 1815 1824 1756 -1 1660 1727 1659 1650 1639 1628
2478 2478 2458 2525 2518 2543 2544 2544 2551 2551 2580 2580 2580 -1 -1 -1 -1 -1 -1 -1 -1 -1 -1 -1 2753 2753 2742 2751 2728 2765 2791 2769 2769 2758 2724 2713 2702 2719 2741 2741 2717 2668 2658 2635 2617 2616 2616 2526 2515 2497 2445 -1 -1 -1 -1 -1 -1 -1 -1 1953 1958 1969 1969 2058 2065 1998 1998 2009 2012 1983 2045 2045 2052 2025 2015 1952 1961 1945 1923 1896 1963 1844 1824 1758 1746 1785 1813 1813 1779 1779 1745 1680 1650 1650 1606 1621
2340 2434 2422 2518 2507 2527 2518 2518 2551 2558 2569 2546 -1 -1 -1 -1 -1 -1 -1 -1 -1 -1 -1 -1 2698 2724 2731 2724 2728 2699 2728 2735 2735 2726 2724 2713 2702 2691 2717 2730 2676 2654 2596 2606 2606 2595 2526 2526 2507 2467 -1 -1 -1 -1 -1 -1 -1 -1 -1 1947 1969 1988 2002 2013 1999 1943 1960 1945 1968 1904 2045 2015 1986 1986 1937 1957 1950 1950 1934 1912 1912 1854 1854 1825 1821 1812 1802 1802 1780 1779 1707 1692 -1 1591 1580 1590
2346 2393 2428 2474 2507 2507 2507 2492 2518 2558 2558 2535 2531 -1 -1 -1 -1 -1 -1 -1 -1 -1 -1 -1 2698 2708 2724 2724 2702 2675 2268 2268 2712 2222 2233 2667 2679 2669 2669 2668 2653 2653 2591 2591 2586 2586 2526 2476 2467 2467 2419 -1 -1 -1 -1 -1 -1 -1 -1 1969 1980 1991 2002 1999 1999 1931 1912 1851 -1 -1 -1 1926 1986 1986 1975 1957 1946 1939 1928 1917 1912 1883 1883 1861 1824 1813 1802 1795 1795 1772 1748 -1 -1 -1 1572 1558
2372 2399 2460 2496 2496 2489 2454 2499 2510 2521 2521 2521 2458 2260 -1 -1 -1 -1 -1 -1 -1 -1 -1 2676 2698 2705 2713 2691 2553 2261 2279 2261 2256 2256 -1 -1 2656 2657 2657 2627 2619 2642 2639 2591 2586 2586 2523 2442 -1 -1 2375 -1 -1 -1 -1 -1 -1 -1 1935 1969 1979 1988 1999 1944 1910 -1 -1 -1 -1 -1 -1 -1 1927 1967 1975 1957 1935 1935 1924 1917 1901 1890 1883 1863 1853 1853 1834 1824 1795 1762 -1 -1 1472 1523 1534 1534
2430 2460 2467 2478 2470 2435 2454 2454 2463 2492 2492 2458 2425 2249 -1 2419 -1 2416 -1 -1 -1 2624 2664 2664 2679 -1 2592 2601 -1 -1 2290 2290 2286 2267 2174 2203 2213 2590 2590 2627 2627 2608 2602 2563 2557 2538 2523 2428 -1 -1 -1 -1 -1 -1 -1 -1 -1 -1 -1 1935 1970 1977 -1 -1 -1 -1 -1 -1 -1 -1 -1 1796 1927 1964 1964 1964 1923 1924 1923 1894 1894 1890 1879 1868 1857 1853 1842 1824 1813 1775 -1 -1 -1 1527 1527 1523
2445 2456 2467 2467 2420 2387 2422 2411 2393 2434 2458 -1 -1 -1 -1 2438 2438 2445 2539 2572 2624 2653 2653 2631 2612 2623 2612 2590 -1 -1 2290 2297 2290 2257 2278 2224 2477 2568 2587 2616 2616 2598 2592 2552 2544 2523 2523 2380 -1 2311 2311 -1 -1 -1 -1 -1 -1 -1 -1 -1 1913 -1 -1 -1 -1 -1 -1 -1 -1 -1 -1 1795 1882 1953 1927 1927 1923 1923 1839 1894 1879 1883 1879 1868 1857 1836 1831 1824 1805 1802 1743 1743 1534 1527 1527 1537
2445 2438 2456 2387 2371 2382 2393 2294 2272 2328 2321 2261 -1 -1 2438 2438 2460 2456 2561 2583 2594 2598 2642 2613 2582 2582 2612 2582 -1 2194 2270 2308 2308 2278 2315 2481 2481 2568 2578 2605 2605 2592 2592 2563 2529 2483 2483 2380 2349 2311 -1 -1 -1 -1 -1 -1 -1 -1 -1 -1 -1 -1 -1 -1 -1 -1 -1 -1 -1 -1 -1 1868 1868 1872 1908 1927 1887 1876 1847 1845 1894 1883 1872 1854 1836 1825 1807 1807 1777 1777 1758 1743 1635 1655 1655 1626
2434 2431 2402 2368 2364 2382 2315 2304 2321 2339 2339 2320 -1 -1 2467 2471 2467 2497 2567 2527 2552 -1 -1 2558 2582 -1 -1 -1 -1 -1 2259 2319 2300 2329 2318 2481 2499 2568 2568 2572 2570 2573 2581 2533 2529 2472 2416 2405 2389 2379 -1 -1 -1 -1 -1 -1 -1 -1 -1 -1 -1 -1 -1 -1 -1 -1 -1 -1 -1 -1 1749 -1 1801 1868 1898 1898 1879 1847 1845 1842 1845 1875 1872 1854 1836 1836 1807 1765 1777 1766 1743 1732 1710 1684 1688 1677
2405 -1 2402 2334 2305 2326 2293 -1 2350 2321 2350 2338 2329 2405 2453 2482 2467 2504 2515 -1 -1 -1 -1 -1 -1 -1 -1 -1 -1 2269 2319 2329 2301 2340 2481 2448 2499 2510 2539 2557 2539 2539 2518 2518 2514 2461 2450 2405 2379 2323 -1 -1 -1 -1 -1 -1 -1 -1 -1 -1 -1 -1 -1 -1 -1 -1 -1 -1 -1 -1 -1 -1 -1 1839 1839 1839 1817 1812 1835 1835 1865 1820 1815 1805 1805 1794 1783 1765 1754 1755 1736 1725 1714 1699 1696 1677
2382 2391 2383 2311 -1 -1 -1 -1 -1 2350 2368 2379 2379 2405 2471 2467 2493 2482 -1 -1 -1 -1 -1 -1 -1 -1 -1 -1 -1 2319 2334 2345 2374 2367 2444 2470 2466 2466 2519 2539 2520 2504 2504 2507 2471 2451 2428 2379 2360 2320 -1 -1 -1 -1 -1 -1 -1 -1 -1 -1 -1 -1 -1 -1 -1 -1 -1 -1 -1 -1 -1 -1 -1 -1 -1 1768 1803 1803 1784 1835 1813 1813 1806 1805 1805 1776 1776 1754 1747 1747 1736 1725 1718 1707 1696 1684
2380 2380 2373 -1 -1 -1 -1 -1 -1 2350 2368 2379 2383 2379 2424 2460 2477 -1 -1 -1 -1 -1 -1 -1 -1 -1 -1 -1 2283 2319 2323 2345 2356 2411 2444 2455 2437 2443 2510 2510 2501 2504 2471 2471 2471 2460 2427 2376 2357 2347 2314 -1 -1 -1 -1 -1 -1 -1 -1 -1 -1 -1 -1 -1 -1 -1 -1 -1 -1 -1 -1 -1 -1 -1 1645 1709 1709 1721 1762 1772 1773 1751 1685 1658 1663 1621 1776 1747 1658 1658 1703 1718 1718 1707 1696 1684
2369 2373 2373 -1 -1 -1 -1 -1 -1 2299 2319 2319 2327 2327 2316 2434 -1 -1 -1 -1 -1 -1 -1 -1 -1 -1 -1 2253 2290 2301 2312 2312 2349 2396 2426 2418 2407 2410 2424 2435 2448 2471 2437 2426 2437 2416 2416 2383 2350 2347 2314 -1 -1 -1 -1 -1 -1 -1 -1 -1 -1 -1 -1 -1 -1 -1 -1 -1 -1 -1 -1 -1 -1 -1 -1 1680 1709 1743 1772 1772 1753 1751 1678 1652 1641 1630 1611 1581 -1 1496 1688 1688 1669 1655 1685 1685
2362 -1 -1 1979 -1 -1 -1 -1 -1 2290 2268 2285 2319 2300 -1 -1 -1 -1 -1 -1 -1 -1 -1 -1 -1 -1 -1 2257 2290 2301 2270 2260 2349 2378 2407 2363 2324 2385 2404 2404 2415 2408 2415 2418 2406 2377 2387 2376 2376 2354 2347 2307 2174 -1 -1 -1 -1 2193 -1 -1 -1 -1 -1 -1 -1 -1 -1 -1 -1 -1 -1 -1 -1 -1 -1 -1 -1 1724 1732 1707 1707 -1 1674 1574 1551 1574 1611 1553 1553 1545 1624 1625 1625 1652 1673 1670
-1 -1 -1 2057 1990 -1 -1 -1 -1 2274 2285 2285 2308 2308 -1 -1 -1 -1 -1 -1 -1 -1 -1 -1 -1 -1 -1 -1 2267 2260 2260 2291 2349 2378 2378 2335 2375 2393 2393 2391 -1 -1 -1 2267 2296 2296 -1 2325 2376 2327 2318 2307 2296 2262 2269 2259 2222 2222 2193 -1 -1 -1 -1 -1 -1 -1 -1 -1 -1 -1 -1 -1 -1 -1 -1 -1 -1 -1 -1 -1 1584 1707 1573 1562 1529 1582 1611 1611 1582 1582 1603 1614 1619 1630 1660 1662
2309 2090 2090 2072 -1 -1 -1 -1 2196 2266 2285 -1 -1 -1 -1 -1 -1 -1 -1 -1 -1 -1 -1 -1 -1 -1 -1 -1 2240 -1 2262 2269 2298 2338 2338 2346 2364 2382 2375 2337 -1 -1 -1 2238 2238 2285 2267 2260 2325 2318 2289 2284 2289 2285 2274 2263 2248 2222 2211 2193 -1 -1 -1 -1 -1 -1 -1 -1 -1 -1 -1 -1 -1 -1 -1 -1 -1 1294 -1 1441 1521 1529 1565 1562 1533 1552 1600 1592 1582 1590 1603 1608 1619 1619 1649 1651
2276 2127 2120 2120 2057 1997 -1 1661 -1 2199 2211 2179 -1 -1 -1 -1 -1 -1 -1 -1 -1 -1 -1 -1 -1 -1 -1 2229 -1 -1 -1 2262 2291 2309 2308 2313 2346 2353 2337 -1 -1 -1 -1 2238 2256 2256 2248 2260 2189 2318 -1 -1 -1 2215 2274 2263 2248 2232 2200 2200 2164 -1 -1 -1 -1 -1 -1 1836 -1 -1 -1 -1 -1 -1 1315 1315 1325 1324 1368 1457 1463 1518 1555 1555 1552 1589 1589 1589 1560 1548 1546 1596 1596 1585 1631 1586
2265 2178 2149 2138 2065 2046 1979 1683 -1 -1 -1 -1 -1 -1 -1 -1 -1 -1 -1 -1 -1 -1 -1 -1 -1 -1 -1 -1 -1 -1 -1 2262 2262 2269 2268 2268 -1 2346 -1 -1 2150 1999 2219 2227 2245 2245 2260 2234 2260 2231 -1 -1 2202 2204 2229 2252 2252 2237 2189 2171 2142 2077 1964 1925 -1 -1 1869 1829 -1 1783 -1 -1 -1 -1 1315 1408 1427 1427 1437 1481 1481 1536 1544 1544 1541 1578 1578 1562 1560 1548 1519 1486 1580 1585 1574 1631
2202 2178 2178 2149 2035 2023 2012 1683 -1 -1 -1 -1 -1 -1 -1 -1 -1 -1 -1 -1 -1 -1 -1 -1 -1 -1 -1 -1 -1 -1 -1 -1 -1 -1 2235 -1 1955 -1 -1 -1 -1 2150 2179 2216 2216 2241 2249 2249 2238 2231 -1 -1 2182 2193 2219 2241 2229 2229 2173 2160 2131 2085 2075 1954 1954 1914 1880 1869 1783 -1 -1 -1 -1 -1 1345 1372 1427 1430 1481 1485 1496 1533 1533 1523 1523 1530 1533 1549 1549 1526 1462 1505 1570 1574 1574 1530
2202 2178 2149 2094 -1 -1 1759 1721 -1 -1 -1 -1 -1 -1 -1 -1 -1 -1 -1 -1 -1 -1 -1 -1 -1 -1 -1 -1 -1 -1 -1 -1 -1 -1 1967 1967 1977 2033 2033 2033 2128 2160 2180 2205 2208 2223 2238 2231 2238 2158 2146 2170 2170 2170 2199 2230 2230 2229 2171 2156 2149 2134 2104 1983 1984 1914 1880 1869 1783 -1 -1 -1 -1 -1 1325 1376 1398 1427 1462 1496 1522 1522 1523 1504 1523 1482 1523 1524 1527 1526 1418 1540 1570 1570 1563 1550
2191 2149 2111 1787 1819 1787 1721 -1 -1 -1 -1 -1 -1 -1 -1 -1 -1 -1 -1 -1 -1 -1 -1 -1 -1 -1 -1 -1 -1 -1 -1 -1 -1 -1 -1 1967 1982 2049 2116 2116 2139 2157 2190 2201 2212 2227 2227 2202 2209 2209 2146 2170 2188 2199 2209 2219 2219 2218 2156 2134 2138 2138 2104 2013 1984 1984 1859 1859 1803 -1 -1 -1 -1 -1 1369 1398 1398 1418 1452 1459 1496 1511 1512 1512 1490 1501 1524 1524 1494 1418 1418 1476 1540 1559 1559 1548
2154 2143 2122 1829 1843 1819 1759 -1 -1 -1 -1 -1 1539 -1 1543 -1 -1 -1 -1 -1 -1 -1 -1 -1 -1 -1 -1 -1 -1 -1 -1 -1 -1 -1 -1 -1 1967 2060 2092 2117 2135 2146 2190 2190 2201 2211 2201 2172 2198 2198 2143 2143 2180 2188 2208 2208 2208 2207 2196 2134 2127 2104 2060 2049 2016 1991 1984 1761 1760 -1 -1 -1 -1 -1 1307 1387 1387 1418 1429 1452 1496 1500 1501 1501 1502 1513 1513 1505 1460 1431 1442 1442 1476 1488 1541 1548
2143 2143 2122 2122 1843 1819 1775 -1 -1 -1 -1 -1 1721 1570 1559 1548 1460 -1 -1 -1 -1 -1 -1 -1 -1 -1 -1 -1 -1 -1 -1 -1 -1 -1 -1 -1 -1 -1 2092 2117 2126 2168 2179 2201 2190 2201 2172 2141 2172 2182 2143 2148 2148 2186 2197 2197 2196 2170 2132 2115 2105 2116 2076 2054 2015 1991 1949 1949 1749 1749 -1 -1 -1 -1 -1 -1 -1 -1 1440 1441 1485 1485 1489 1490 1502 1502 1495 1495 1476 1443 1442 1417 -1 1488 1493 1541
2172 2132 2122 2025 1844 1800 1792 1748 1729 -1 -1 1721 1721 1692 1537 -1 1500 1508 -1 -1 -1 -1 -1 -1 -1 -1 -1 -1 -1 -1 -1 -1 -1 -1 -1 -1 -1 -1 2092 2094 2101 2124 2172 2172 2190 2182 2142 2153 2161 2143 2150 2139 2140 2163 2179 2186 2185 2132 2103 2103 2103 2105 2086 2076 2042 2009 1949 1915 -1 -1 -1 -1 -1 -1 -1 -1 -1 -1 -1 1440 1440 1467 1489 1489 1480 1475 1484 1484 1461 1433 1433 1386 1395 1395 1490 1530
2172 2043 2025 1877 1877 1857 1799 1802 1759 1748 1737 1724 1692 1658 1538 1437 1519 1508 -1 -1 -1 -1 -1 -1 -1 -1 -1 -1 -1 -1 -1 -1 -1 -1 -1 -1 -1 -1 -1 2092 2081 2113 2143 2172 2179 2121 2124 2127 2127 2114 2123 2139 2140 2140 2163 2174 2170 2174 2121 2110 2103 2094 2094 2083 2076 2042 1949 1920 1915 -1 -1 -1 -1 -1 -1 -1 -1 -1 -1 -1 1440 1463 1464 1474 1478 1473 1473 1442 1438 1433 1410 1386 1386 1384 1395 1512
2173 2054 2054 2025 1895 1868 1846 1821 1821 1780 1758 1721 1663 1626 1592 1519 1468 1490 1497 1479 -1 -1 -1 -1 -1 -1 -1 -1 -1 -1 -1 -1 -1 -1 -1 -1 -1 -1 -1 -1 -1 2058 2143 2161 2153 2161 2116 2116 2116 2097 2111 2129 2141 2152 2163 2148 2148 2141 2119 2112 2092 2092 2056 2057 2020 2010 1983 1938 1916 -1 -1 -1 -1 -1 -1 -1 -1 -1 -1 -1 -1 -1 1440 1464 1464 1467 1462 1451 1427 1387 1385 1375 1375 1376 1406 1440
2173 2061 2054 2049 1895 1906 1879 1842 1821 1791 1757 1699 1692 1634 1593 1537 1519 1490 1471 -1 -1 -1 -1 -1 -1 -1 -1 -1 -1 -1 -1 -1 -1 -1 -1 -1 -1 -1 -1 1915 -1 2058 2069 2150 2150 2139 2110 2105 2105 2111 2111 2118 2121 2152 2140 2107 2130 2130 2112 2108 2081 2074 2036 2020 2020 1973 1983 1927 -1 -1 -1 714 -1 748 730 759 711 686 -1 -1 -1 -1 -1 -1 1464 1453 1442 1446 1430 1419 1408 1406 1377 1396 1406 1435
2114 2096 2072 1995 1961 1961 1906 1906 1831 1791 1757 1757 1647 1647 1603 1581 1559 1552 1461 -1 1610 -1 -1 -1 -1 -1 -1 -1 -1 1609 -1 -1 -1 -1 -1 -1 -1 -1 1889 1915 2003 2000 2022 2114 2121 2139 2098 2098 2100 2111 2075 2066 2044 2042 2057 2042 2093 2119 2053 2025 2074 2074 2045 1999 1999 1994 1951 1941 -1 -1 703 714 737 777 759 759 -1 708 697 -1 -1 -1 -1 -1 1335 1346 1408 1430 1430 1419 1406 1377 1377 1367 1396 1396
2151 2118 2083 1997 1995 1961 1950 1908 1908 1820 1791 1770 1748 1636 1625 1614 1605 1619 1628 1620 1610 1610 -1 -1 -1 -1 -1 -1 1609 1609 -1 -1 -1 -1 -1 -1 -1 1868 1915 1915 1992 2033 2062 2114 2128 2123 2128 2089 2100 2092 2066 2044 2034 2033 2079 2090 2101 2053 2053 1979 2063 2063 2045 2007 1988 1984 1953 -1 -1 -1 -1 -1 -1 730 788 788 759 -1 -1 686 -1 -1 -1 -1 1328 1346 1386 1357 1375 1406 1377 -1 -1 -1 1367 1417
2114 2140 2083 2083 2008 1995 1947 1926 1908 1820 1781 1781 1770 1627 1627 1616 1634 1698 1698 1687 1639 1639 1610 1590 -1 1589 1608 1587 1638 1638 1671 1671 1671 -1 -1 -1 -1 1868 1904 1948 1981 2033 2043 2113 2117 2117 2092 2081 2078 2067 2066 2034 2034 2023 2053 2083 2090 2083 2034 2007 2052 2052 2023 2007 1987 1984 -1 -1 -1 -1 -1 -1 729 756 788 788 -1 -1 -1 -1 675 -1 -1 -1 -1 -1 1089 1357 1357 1321 1287 1243 -1 -1 1365 1365
2134 2118 2083 2082 2082 2019 1951 1941 1941 1803 1803 1774 1744 1662 1659 1668 1668 1698 1705 1687 1676 1665 1639 1609 1610 1608 1608 1638 1677 1684 1705 1705 1686 1660 1654 1654 1620 1620 1893 1886 1970 1970 2113 2003 2113 2102 2091 2081 2069 2067 2055 2037 2003 2053 2053 2024 2083 2083 2007 2024 2041 2041 2016 2016 1994 1987 -1 -1 786 804 -1 767 -1 822 881 821 -1 -1 -1 -1 -1 -1 -1 -1 -1 -1 -1 1279 1310 1309 1285 1211 -1 -1 1365 1365
2134 2131 2121 2082 2082 2019 1970 1970 1930 1814 1803 1792 1681 1681 1659 1668 1716 1716 -1 1640 1676 1665 1649 1609 1642 1642 1658 1695 1706 1706 1706 1738 1749 1794 1813 1683 1643 1632 1609 1828 1959 1980 1999 2003 2039 2058 2069 2080 2070 2046 2044 2018 2026 1999 2061 2072 2072 2064 2031 2008 2025 2030 2016 1997 1987 -1 -1 -1 773 797 844 833 835 862 890 900 911 930 922 -1 -1 -1 -1 -1 -1 -1 -1 -1 1279 1299 1288 1211 -1 -1 -1 1253
2142 2140 2107 2106 2063 2020 1970 1941 1912 1815 1815 1796 1693 1704 1657 1727 1727 1708 1644 1647 1640 1647 1609 1632 1642 1653 1672 1691 1706 1772 1772 1763 1805 1794 1823 1824 1831 1860 1863 1828 1938 1948 1991 2039 2039 2040 2069 2069 2069 2033 2015 2015 2039 2034 2061 2054 1995 2054 1991 1996 1992 2005 1976 1987 -1 1835 -1 -1 -1 -1 826 855 862 873 890 901 912 967 951 941 941 -1 -1 -1 -1 -1 -1 -1 1279 -1 -1 -1 -1 -1 -1 -1
2151 2140 2106 2106 2034 1999 1970 1908 1907 1882 1837 1826 1786 1756 1693 1727 1734 1668 1701 1655 1630 1559 1576 1632 1653 1664 1672 1701 1764 1782 1783 1793 1803 1816 1827 1838 1849 1860 1871 1882 1937 1948 1955 2010 2028 2040 2058 2050 2022 2017 2004 2005 2020 2050 2050 2043 2025 1995 1991 1985 1985 1982 1965 1958 1958 1892 1890 -1 -1 797 -1 826 855 855 884 884 912 956 978 978 990 1001 1012 1012 -1 -1 1170 1260 1268 1268 -1 -1 -1 -1 -1 -1
2151 2139 2091 2087 2047 1999 1885 1907 1874 1907 1848 1826 1815 1764 1756 1756 1745 1734 1733 1630 -1 1548 1569 1580 1608 1664 1675 1720 1771 1782 1793 1794 1805 1816 1827 1838 1849 1853 1871 1819 1914 1936 1981 1988 2017 2040 2047 2021 2018 2007 2000 1964 2020 2032 2039 2025 1986 1984 1984 1980 1968 1958 1935 1938 1936 1905 1899 -1 -1 -1 826 -1 -1 855 884 884 870 941 989 989 990 1032 1051 1051 1148 1170 1250 1257 1257 1257 1191 1191 -1 -1 -1 -1
2151 2139 2124 2117 2058 1979 1933 1918 1918 1918 1859 1830 1815 1804 1785 1760 1755 1744 1697 1697 -1 -1 -1 1580 1584 1662 1672 1720 1735 1764 1793 1793 1769 1780 1815 1815 1841 1853 1881 1915 1936 1981 1981 1952 1905 2006 2006 2007 2006 2006 1984 1956 1996 2024 2028 2028 2025 1966 1973 1969 1958 1924 1903 1924 1913 1899 1890 -1 -1 -1 -1 796 807 831 847 870 1000 913 1000 1044 1044 1040 1077 1118 1221 1239 1239 1246 1246 1235 1200 1191 1162 1083 -1 -1
2153 2153 2153 2117 2058 2058 1953 1951 1936 1925 1859 1801 1785 1804 1793 1782 1735 1755 1736 1697 -1 -1 -1 -1 -1 1565 1613 1686 1623 1735 1764 1745 1705 1758 1789 1801 1823 1870 1881 1915 1925 1970 1970 1952 1910 2006 2006 1967 1973 1945 1937 1868 -1 1996 2017 2014 1975 1972 1950 1958 1950 1895 1868 1909 1899 1902 1862 1840 1833 -1 -1 -1 -1 -1 818 847 847 1000 1024 1051 1073 1121 1191 1191 1228 1228 1228 1191 1230 1235 1224 1180 1135 1103 1023 1013
2156 2164 2146 2146 2117 2058 1984 1973 1947 1898 1839 1859 1801 1797 1793 1782 1765 1726 1744 1686 1686 1663 1614 -1 1493 1526 1613 1613 1581 1649 1735 1724 1706 1694 1751 1812 1790 1852 1852 1896 1904 1959 1959 1948 1987 1995 1995 1938 1934 1934 1897 1897 -1 1996 1996 2003 1967 1934 1947 1947 1929 1900 1900 1868 1868 1888 1888 1833 -1 -1 -1 -1 -1 -1 -1 818 847 1033 1084 1101 1128 1180 1191 1162 1217 1217 1210 1220 1198 1220 1224 1169 1162 1092 1042 1035
2175 2164 2088 2098 2064 1995 2006 2006 1896 1889 1830 1830 1808 1797 1786 1775 1764 1755 1719 1708 1691 1679 1643 1543 1609 1526 1555 1555 1610 1650 1716 1724 1724 1724 1751 1751 1823 1774 1814 1922 1922 1948 1930 1923 1948 1984 1984 1984 1923 1923 1916 1868 1838 1934 1985 1985 1967 1962 1936 1936 1918 1907 1900 1871 1877 1877 1870 -1 -1 -1 -1 -1 -1 -1 -1 785 1065 1088 1087 1091 1128 1172 1169 1180 1201 1192 1188 1192 1166 1201 1209 1190 1162 1162 1049 1053
2096 2088 2095 2079 2079 2072 2060 2036 1947 1889 1834 1811 1777 1774 1781 1771 1764 1730 1719 1702 1684 1679 1660 1643 1584 1585 1555 1572 1610 1639 1676 1695 1724 1695 1724 1752 1752 1723 1700 1826 1922 1937 1923 1948 1948 1973 1973 1957 1918 1912 1883 1860 1896 1867 1948 1974 1967 1967 1927 1916 1907 1907 1889 1881 1871 1870 1870 -1 -1 -1 -1 -1 -1 -1 -1 1033 1065 1099 1099 1099 1128 1141 1170 1181 1192 1158 1133 1154 1177 1168 1190 1190 1151 1151 1103 1106
2096 2088 2088 2090 2083 2083 2060 2060 2036 1855 1855 1790 1756 1746 1763 1763 1741 1713 1719 1708 1697 1679 1623 1632 1609 1595 1585 1551 1572 1639 1691 1705 1713 1713 1723 1723 1741 1724 1772 1772 1922 1926 1926 1912 1947 1962 1962 1921 1910 1867 1872 1868 1860 1874 1956 1956 1938 1938 1927 1916 1905 1896 1878 1878 1859 1851 -1 -1 -1 -1 -1 -1 -1 -1 -1 955 1065 1080 1106 1117 1128 1134 1163 1181 1173 1159 1154 1154 1143 1121 1133 1140 1140 1128 1128 1117
2085 2101 2101 2101 2094 2075 2038 2036 1941 1941 1814 -1 -1 1762 1742 1752 1742 1720 1713 1702 1697 1659 1562 1573 1598 1598 1592 1573 1610 1580 1672 1702 1712 1723 1723 1700 1710 1776 1805 1874 1893 1893 1903 1900 1947 1951 1951 1947 1908 1869 1861 1868 1879 1901 1945 1945 1908 1915 1919 1904 1885 1885 1870 1848 1848 1841 -1 -1 -1 -1 -1 -1 -1 -1 -1 -1 1033 1069 1079 1112 1115 1163 1134 1163 1152 1143 1143 1143 1114 1104 1104 1062 1074 1129 1128 1117
2171 2163 2112 2094 2046 2025 2036 1951 1941 1912 1845 1784 1773 1762 1751 1742 1723 1720 1709 1698 1689 1667 1552 1574 1587 1587 1592 1592 1561 1553 1669 1710 1717 1744 1748 1766 1777 1812 1823 1860 1864 1865 1871 1873 1928 1940 1940 1927 1907 1869 1857 1860 1879 1890 1908 1934 1903 1903 1904 1904 1885 1874 1870 1841 1830 1822 1783 -1 -1 -1 -1 -1 -1 -1 -1 970 1022 1043 1062 1068 1123 1134 1134 1104 1144 1103 1103 1085 1075 1093 1075 1064 1074 1074 1084 1074
2182 2153 2053 2094 2034 2025 2031 1959 1922 -1 -1 -1 1773 1762 1751 1708 1666 1665 1683 1698 1699 1689 1610 1618 1629 1586 1596 1598 1652 1620 1621 1720 1728 1746 1755 1806 1777 1812 1823 1859 1834 1859 1830 1878 1885 1906 1907 1896 1869 1840 1847 1850 1850 1838 1849 1849 1879 1856 1859 1893 1893 1875 1870 1837 1837 1764 1727 -1 -1 -1 -1 -1 -1 -1 -1 -1 1011 -1 -1 1067 1105 1105 1105 1104 1104 1103 1103 1030 -1 1052 1075 -1 1043 1069 -1 -1
