output/arrival.asc
NCOLS 638
NROWS 825
XLLCORNER -2985163.8955
YLLCORNER -3022031.214
CELLSIZE 10000
NODATA_value -1
[rows 110 to 164 of 825, columns 192 to 287 of 638]
-1 -1 -1 4033 4060 4065 4093 4121 4128 4128 4150 4150 4134 4637 4657 4645 4629 4150 -1 -1 -1 -1 -1 -1 -1 -1 -1 -1 -1 -1 -1 -1 4515 4515 4200 4150 4134 -1 -1 -1 -1 -1 -1 -1 -1 -1 -1 -1 -1 -1 -1 -1 -1 -1 -1 -1 -1 -1 -1 -1 -1 -1 -1 -1 -1 -1 -1 -1 -1 -1 -1 -1 -1 -1 -1 -1 -1 -1 -1 -1 -1 -1 -1 -1 -1 -1 -1 -1 -1 -1 -1 -1 -1 -1 -1 -1
-1 -1 4049 4060 -1 -1 -1 4120 4120 4101 4102 4133 4133 4650 4650 4629 4602 4600 4600 -1 -1 -1 -1 -1 -1 -1 -1 -1 -1 -1 -1 4533 4542 4515 4450 -1 -1 -1 -1 -1 -1 -1 -1 -1 -1 -1 -1 -1 -1 -1 -1 -1 -1 -1 -1 -1 -1 -1 -1 -1 -1 -1 -1 -1 -1 -1 -1 -1 -1 -1 -1 -1 -1 -1 -1 -1 -1 -1 -1 -1 -1 -1 -1 -1 -1 -1 -1 -1 -1 -1 -1 -1 -1 -1 -1 -1
-1 -1 -1 -1 -1 -1 -1 4109 -1 4074 4101 4132 4636 4636 4650 4641 4602 4600 -1 -1 -1 -1 -1 -1 -1 -1 -1 -1 4133 4523 4533 4542 4550 4531 4450 -1 -1 -1 -1 -1 -1 -1 -1 -1 -1 -1 -1 -1 -1 -1 -1 -1 -1 -1 -1 -1 -1 -1 -1 -1 -1 -1 -1 -1 -1 -1 -1 -1 -1 -1 -1 -1 -1 -1 -1 -1 -1 -1 -1 -1 -1 -1 -1 -1 -1 -1 -1 -1 -1 -1 -1 -1 -1 -1 -1 -1
-1 -1 -1 -1 -1 -1 -1 4063 4105 4150 4135 4150 4636 4625 4641 4629 4605 4600 -1 -1 -1 -1 -1 -1 -1 -1 -1 4525 4539 4550 4550 4550 4533 4505 4493 -1 -1 -1 -1 -1 -1 -1 -1 -1 -1 -1 -1 -1 -1 -1 -1 -1 -1 -1 -1 -1 -1 -1 -1 -1 -1 -1 -1 -1 -1 -1 -1 -1 -1 -1 -1 -1 -1 -1 -1 -1 -1 -1 -1 -1 -1 -1 -1 -1 -1 -1 -1 -1 -1 -1 3582 3750 3750 -1 -1 -1
-1 -1 -1 -1 -1 -1 4118 4090 4105 4150 4150 4179 4599 4600 4613 4650 4649 4605 4600 -1 4512 -1 -1 -1 -1 4525 4553 4541 4553 4581 4568 4549 4505 4477 4445 -1 -1 -1 -1 -1 -1 -1 -1 -1 -1 -1 -1 -1 -1 -1 -1 -1 -1 -1 -1 -1 -1 -1 -1 -1 -1 -1 -1 -1 -1 -1 -1 -1 -1 -1 -1 -1 -1 -1 -1 -1 -1 -1 -1 -1 -1 -1 -1 -1 -1 -1 -1 -1 -1 3600 3750 3788 3784 3800 3850 3850
-1 -1 -1 -1 -1 4150 4119 4063 4121 4160 4200 4191 4577 4613 4622 4650 4633 4599 4600 4583 4543 4523 -1 4524 4524 4550 4581 4609 4609 4597 4538 -1 -1 4449 4171 -1 -1 -1 -1 -1 -1 -1 -1 -1 -1 -1 -1 -1 -1 -1 -1 -1 -1 -1 -1 -1 -1 -1 -1 -1 -1 -1 -1 -1 -1 -1 -1 -1 -1 -1 -1 -1 -1 -1 -1 -1 -1 -1 -1 -1 -1 -1 -1 -1 -1 -1 -1 3660 3690 3722 3800 3850 3850 4031 4006 4009
-1 -1 -1 -1 4150 4150 4150 4159 4169 4169 4191 4577 4577 4633 4633 4606 4578 4569 4555 4569 4555 4524 4540 4552 4540 4580 4570 4581 4569 4538 4515 -1 -1 -1 -1 -1 -1 -1 -1 -1 -1 -1 -1 -1 -1 -1 -1 -1 -1 -1 -1 -1 -1 -1 -1 -1 -1 -1 -1 -1 -1 -1 -1 -1 -1 -1 -1 -1 -1 -1 -1 -1 -1 -1 -1 -1 -1 -1 -1 -1 -1 -1 -1 -1 -1 -1 -1 -1 3788 3850 4033 4033 4022 4027 4062 4043
-1 -1 4110 4139 4182 4200 4185 4200 4190 4179 4200 4571 4602 4549 4560 4606 4567 4578 4538 4538 4538 4548 4552 4552 4600 4596 4580 4554 4554 4526 4542 4503 -1 -1 -1 -1 -1 -1 -1 -1 -1 -1 -1 -1 -1 -1 -1 -1 -1 -1 -1 -1 -1 -1 -1 -1 -1 -1 -1 -1 -1 -1 -1 -1 -1 -1 -1 -1 -1 -1 -1 -1 -1 -1 -1 -1 -1 -1 -1 -1 -1 -1 -1 -1 -1 -1 -1 -1 4012 4037 4037 4061 4061 4062 4078 4062
-1 -1 4118 4170 4200 4200 4200 4244 4217 4431 -1 4536 4549 4565 4578 4594 4606 4575 4547 4516 4521 4521 4579 4597 4610 4600 4580 4553 4553 4554 4542 4515 -1 -1 -1 -1 -1 -1 -1 -1 -1 -1 -1 -1 -1 -1 -1 -1 -1 -1 -1 -1 -1 -1 -1 -1 -1 -1 -1 -1 -1 -1 -1 -1 -1 -1 -1 -1 -1 -1 -1 -1 -1 -1 -1 -1 -1 -1 -1 -1 -1 -1 -1 -1 -1 -1 -1 4025 4058 4059 4026 4033 4049 4063 4089 4089
-1 -1 -1 4176 4187 4213 4244 4233 4439 4466 4494 4521 4521 4549 4495 4523 4550 4566 4537 4494 4510 4521 4578 4610 4637 4637 4580 4580 4553 4553 4539 4502 -1 -1 -1 -1 -1 -1 -1 -1 -1 -1 -1 -1 -1 -1 -1 -1 -1 -1 -1 -1 -1 -1 -1 -1 -1 -1 -1 -1 -1 -1 -1 -1 -1 -1 3600 -1 -1 -1 -1 -1 -1 -1 -1 -1 -1 -1 -1 -1 -1 -1 -1 -1 4038 4038 4093 4093 4053 4037 4028 4008 4035 4063 4063 4075
-1 4195 4195 4187 4213 4213 -1 4410 4466 4466 4454 4494 4521 4518 4493 4522 4522 4550 4510 4487 4494 4519 4567 4598 4610 4626 4600 4596 4580 4550 4523 -1 -1 -1 -1 -1 -1 -1 -1 -1 -1 -1 -1 -1 -1 -1 -1 -1 -1 -1 -1 -1 -1 -1 -1 -1 -1 -1 -1 -1 -1 -1 -1 -1 -1 -1 -1 3769 3799 -1 -1 -1 -1 -1 -1 -1 -1 -1 -1 -1 -1 -1 -1 -1 4038 4066 4066 4082 4037 4026 4024 4035 4080 4091 4119 4107
-1 -1 4250 -1 -1 -1 -1 -1 -1 -1 -1 4481 4490 4496 4485 4495 4495 4522 4487 4487 4518 4518 4578 4597 4609 4609 4608 4608 4577 4550 4523 -1 -1 -1 -1 -1 -1 -1 -1 -1 -1 -1 -1 -1 -1 -1 -1 -1 -1 -1 -1 -1 -1 -1 -1 -1 -1 -1 -1 -1 -1 -1 -1 -1 -1 -1 -1 -1 3800 -1 -1 -1 -1 -1 -1 -1 -1 -1 -1 -1 -1 -1 -1 -1 -1 4052 4066 4071 4070 4043 4031 4012 4064 4091 4119 4091
-1 -1 4250 4299 4300 -1 -1 -1 -1 -1 4422 4450 4469 4469 4496 4495 4467 4467 4508 4492 4518 4518 4542 4581 4581 4581 4581 4596 4576 4565 4523 4512 4434 -1 -1 -1 -1 4526 -1 -1 -1 -1 -1 4091 4150 4449 4134 -1 -1 -1 -1 -1 -1 -1 -1 -1 -1 -1 -1 -1 -1 -1 -1 -1 -1 -1 -1 -1 -1 -1 -1 -1 -1 -1 -1 -1 -1 -1 -1 -1 -1 -1 -1 -1 4063 4063 4031 4070 4070 4059 4043 4011 4002 4050 4064 4064
4300 4300 4300 4376 4376 -1 -1 4390 4411 4422 4422 4450 4457 4449 4469 4455 4467 4492 4550 4550 4549 4549 4554 4554 4554 4581 4570 4550 4583 4572 4539 4497 -1 -1 -1 -1 -1 4526 -1 -1 -1 -1 -1 -1 -1 4449 -1 -1 -1 -1 -1 -1 -1 -1 -1 -1 -1 -1 -1 -1 -1 -1 -1 -1 -1 -1 -1 -1 -1 -1 -1 -1 -1 -1 -1 -1 -1 -1 -1 -1 -1 -1 -1 -1 -1 -1 4031 4031 4040 4043 4029 4046 4030 4040 4052 4068
4333 4373 4373 4376 4396 4396 4412 4424 4422 4445 4450 4450 4477 4476 4465 4438 4465 4465 4492 4550 4549 4538 4526 4533 4550 4549 4549 4527 4556 4583 4544 4496 -1 -1 -1 -1 4526 4554 4554 4534 -1 4450 4507 4477 4450 -1 -1 -1 -1 -1 -1 -1 -1 -1 -1 -1 -1 -1 -1 -1 -1 -1 -1 -1 -1 -1 -1 -1 -1 -1 -1 -1 -1 -1 -1 -1 -1 -1 -1 -1 -1 -1 -1 -1 -1 -1 -1 4020 4028 4031 4073 4085 4068 4084 4068 4056
4334 4361 4371 4375 4375 4389 4443 4455 4476 4477 4493 4477 4455 4476 4455 4433 4453 4465 4481 4522 4521 4522 4506 4533 4538 4550 4549 4526 4513 4528 4556 4500 4472 -1 -1 4522 4542 4581 4581 4570 4558 4569 4542 4486 4457 -1 -1 4457 -1 -1 -1 -1 -1 -1 -1 -1 -1 -1 -1 -1 -1 -1 -1 -1 -1 -1 -1 -1 -1 -1 -1 -1 -1 -1 -1 -1 -1 -1 -1 -1 -1 -1 -1 -1 -1 -1 -1 4015 4028 4059 4057 4085 4085 4095 4095 4086
4334 4383 4399 4411 4379 4440 4451 4499 4505 4550 4533 4522 4500 4455 4452 4424 4433 4449 4444 4493 4521 4522 4513 4533 4543 4543 4553 4553 4528 4507 4556 4528 4500 4491 4522 4538 4553 4554 4545 4554 4569 4514 4542 4542 4468 4468 4469 4458 4449 4436 -1 -1 4456 -1 -1 -1 -1 -1 -1 -1 -1 -1 -1 -1 -1 -1 -1 -1 -1 -1 -1 -1 -1 -1 -1 -1 -1 -1 -1 -1 -1 -1 -1 -1 -1 -1 4048 4056 4059 4047 4059 4086 4112 4101 4097 4109
4406 4417 4411 4411 4421 4472 4500 4500 4549 4550 4533 4533 4483 4483 4443 4411 4405 4444 4466 4466 4493 4485 4513 4513 4515 4531 4526 4542 4522 4518 4500 4498 4498 4514 4511 4522 4550 4553 4554 4542 4529 4513 4514 4496 4496 4496 4469 4469 4460 4460 4467 4467 4443 -1 -1 -1 -1 -1 -1 -1 -1 -1 -1 -1 -1 -1 -1 -1 -1 -1 -1 -1 -1 -1 -1 -1 -1 -1 -1 -1 -1 -1 -1 -1 -1 -1 4058 4059 4087 4075 4061 4086 4114 4112 4109 4101
4417 4418 4402 4438 4429 4483 4483 4466 4506 4506 4505 4505 4483 4472 4456 4417 4403 4466 4438 4450 4461 4501 4540 4540 4508 4500 4498 4526 4522 4511 4518 4514 4498 4498 4525 4522 4525 4550 4541 4522 4483 4504 4516 4527 4523 4496 4485 4462 4463 4463 4494 4514 4498 -1 -1 -1 -1 -1 -1 -1 -1 -1 -1 -1 -1 -1 -1 -1 -1 -1 -1 -1 -1 -1 -1 -1 -1 -1 -1 -1 -1 -1 -1 -1 -1 4058 4058 4074 4087 4059 4059 4086 4102 4114 4101 4131
4438 4435 4451 4438 4427 4429 4456 4456 4494 4493 4478 4477 4411 4456 4428 4428 4430 4442 4450 4461 4441 4457 4484 4529 4484 4484 4468 4479 4494 4494 4498 4525 4524 4498 4522 4525 4526 4526 4523 4523 4515 4515 4527 4523 4512 4492 4472 4467 4467 4490 4485 4525 4525 -1 -1 -1 -1 -1 -1 -1 -1 -1 -1 -1 -1 -1 -1 -1 -1 -1 -1 -1 -1 -1 -1 -1 -1 -1 -1 -1 -1 -1 -1 -1 -1 4090 4114 4114 4103 4044 3993 4046 4074 4070 4075 4120
4462 4462 4435 4423 4421 4428 4428 4428 4422 4422 4437 4449 4428 4401 4403 4403 4417 4427 4482 4461 4434 4473 4484 4493 4481 4476 4478 4486 4482 4494 4506 4513 4525 4524 4521 4521 4499 4496 4499 4512 4476 -1 4500 4500 4480 4472 4461 4455 4460 4479 4490 -1 -1 -1 -1 -1 -1 -1 -1 -1 -1 -1 -1 -1 -1 -1 -1 -1 -1 -1 -1 -1 -1 -1 -1 -1 -1 -1 -1 -1 4090 -1 4118 4144 4121 4137 4121 4087 -1 -1 -1 -1 4030 -1 4072 4072
4422 4407 4435 4421 4410 4401 4388 4401 4395 4395 4422 4410 4402 4394 -1 -1 -1 4455 4455 4482 4455 4453 4465 4490 4493 4478 4486 4475 4487 4487 4494 4517 4517 4500 4499 4509 4493 4471 4499 4488 4460 -1 4500 4472 4472 4445 4461 4460 4462 4463 4434 -1 -1 -1 -1 -1 -1 -1 -1 -1 -1 -1 -1 -1 -1 -1 -1 -1 -1 -1 -1 -1 -1 -1 -1 -1 -1 -1 -1 -1 -1 4133 4144 4148 4148 4121 -1 -1 -1 -1 -1 -1 -1 -1 4082 4084
-1 4395 4403 4401 4394 4374 4389 4401 4395 4367 4358 4386 -1 -1 -1 -1 4419 4419 4427 4443 4471 4445 4453 4478 4490 4462 4469 4478 4490 4490 4490 4490 4500 4499 4504 4494 4493 4482 4459 4443 4448 4419 4445 -1 -1 4435 4435 4462 4462 4462 4417 -1 -1 -1 -1 -1 -1 -1 -1 -1 -1 -1 -1 -1 -1 -1 -1 -1 -1 -1 -1 -1 -1 -1 -1 -1 -1 -1 -1 -1 4145 4145 4143 4133 -1 -1 -1 4103 4116 -1 -1 -1 -1 -1 -1 4113
4411 4439 4383 4399 4401 4390 4383 4400 4370 4343 4324 -1 -1 -1 -1 -1 4407 -1 4429 4427 4436 4464 4423 4455 4456 4483 4469 4462 4490 4517 4517 4490 4489 4483 4494 4515 4488 4459 4432 4433 4446 4446 4419 -1 -1 -1 4451 4457 4457 4446 4434 4434 -1 -1 -1 -1 -1 -1 -1 -1 -1 -1 -1 -1 -1 -1 -1 -1 -1 -1 -1 -1 -1 -1 -1 -1 -1 -1 -1 -1 -1 -1 4143 -1 -1 -1 4084 4115 4134 4134 -1 4098 4103 4103 4113 4115
4427 4411 4439 4383 4371 4374 4410 4399 4374 4350 4333 -1 -1 -1 -1 -1 4397 4417 4429 4434 4464 4437 4437 4466 4483 4456 4455 4451 4462 4477 4506 4478 4490 4483 4467 4488 4515 4459 4448 4434 4435 4419 -1 -1 -1 4415 4442 4430 4430 -1 -1 -1 4426 -1 4399 -1 -1 -1 -1 -1 -1 -1 -1 -1 -1 -1 -1 -1 -1 -1 -1 -1 -1 -1 -1 -1 -1 -1 4113 4121 4102 -1 -1 -1 -1 -1 -1 4102 4114 4125 4123 4103 4119 4130 4130 4140
4389 4410 4410 -1 4368 4383 4410 4399 4374 4350 -1 -1 -1 -1 -1 -1 4386 4397 4422 4427 4434 4427 4428 4477 4472 4456 4460 4462 4460 4486 4492 4492 4521 4493 4488 4479 4475 4461 4461 4423 4434 4407 -1 -1 -1 4442 4431 4418 4402 -1 -1 -1 -1 -1 -1 -1 -1 -1 -1 -1 -1 -1 -1 -1 -1 -1 -1 -1 -1 -1 -1 -1 -1 -1 -1 -1 -1 -1 4132 4134 4108 4108 4139 -1 -1 -1 -1 -1 4125 -1 4128 4144 4135 4146 4140 4129
-1 4390 4398 4382 4355 4383 4383 4375 4363 4349 -1 -1 4406 -1 -1 -1 4340 4368 4416 4427 4433 4433 4422 4450 4477 4460 4460 4469 4492 4486 4498 4502 4521 4509 4493 4490 4488 4477 4433 4442 4430 -1 -1 -1 -1 4415 4415 4415 4394 -1 -1 -1 -1 -1 -1 -1 -1 -1 -1 -1 -1 -1 -1 -1 -1 -1 -1 -1 -1 -1 -1 -1 -1 -1 -1 -1 4119 4130 4132 4175 4134 4138 4100 -1 -1 -1 -1 -1 4139 4146 4156 4148 4146 4146 4162 4128
4390 4396 4396 4412 4423 4367 4351 4359 4359 4336 -1 -1 4406 4433 4406 -1 -1 4368 -1 4401 4406 4422 4436 4437 4450 4460 4467 4469 4482 4492 4513 4498 4494 4493 4482 4490 4488 4461 4442 4486 4470 -1 -1 -1 -1 4419 4426 4426 -1 -1 -1 -1 -1 -1 -1 -1 -1 -1 -1 -1 -1 -1 -1 -1 -1 -1 -1 -1 4247 -1 -1 -1 -1 4143 4143 4145 4145 4130 4186 4186 4159 4124 -1 -1 -1 -1 -1 4139 4146 4156 4159 4159 4165 4174 4149 4139
4363 -1 4396 4423 4356 4367 4351 4348 -1 -1 4355 -1 -1 4422 4433 -1 4341 -1 -1 -1 4406 4396 4409 4436 4447 4459 4495 4495 4522 4522 4513 4506 4478 4487 4486 4474 4468 4456 4470 4498 4498 4429 -1 -1 -1 4450 4438 -1 -1 -1 -1 -1 -1 -1 -1 -1 -1 -1 -1 -1 -1 -1 -1 4402 4374 4310 4290 4290 4258 4231 4153 4149 4177 4170 4159 4143 -1 4130 4131 4159 4131 -1 -1 -1 -1 -1 -1 4138 4161 4173 4173 4178 4178 4205 4179 4151
4363 -1 -1 4355 4340 4367 4340 4340 -1 -1 4355 -1 -1 -1 -1 -1 -1 -1 -1 4366 4366 4409 4425 4425 4459 4460 4468 4468 4495 4511 4506 4478 4478 4487 4486 4458 4468 4440 4459 4470 4450 -1 -1 -1 -1 4450 4422 -1 -1 -1 -1 -1 -1 -1 -1 -1 -1 -1 -1 -1 -1 -1 4430 4403 4402 4346 4317 4290 4258 4258 4227 4202 4177 4170 -1 -1 -1 -1 4120 4159 4131 -1 -1 -1 -1 -1 -1 4160 4200 4184 4178 4194 4205 4206 4179 4151
4352 -1 4336 4306 4328 4340 -1 4340 4329 -1 -1 -1 -1 -1 -1 -1 -1 -1 4356 4371 4392 4373 4430 4446 4454 4466 4443 4468 4496 4496 4494 4482 4475 4459 4459 4458 4458 -1 -1 4450 4443 -1 -1 -1 -1 -1 -1 -1 -1 -1 -1 -1 -1 -1 -1 -1 -1 -1 -1 -1 -1 4403 4419 4430 4374 4371 4333 4317 4265 4238 4210 4198 4149 -1 -1 -1 -1 -1 4151 4135 -1 -1 -1 -1 -1 -1 4152 4173 4200 4189 4184 4197 4208 4206 4167 4158
4363 4363 -1 -1 4335 -1 -1 4348 4336 4340 4396 4349 -1 4405 4378 -1 4356 4383 4370 4402 4418 4429 4436 4458 4458 4487 4443 4441 4457 4466 4494 4466 4456 4445 4432 4459 4445 4428 -1 -1 -1 -1 -1 -1 -1 -1 -1 -1 -1 -1 -1 -1 -1 -1 -1 -1 -1 -1 -1 -1 -1 4375 4403 4390 4399 4368 4340 4305 4310 4294 4238 4203 4177 -1 -1 -1 4147 4150 4135 -1 -1 -1 -1 -1 -1 -1 4164 4172 4188 4188 4194 4205 4208 4195 4179 4142
4408 4419 4419 4390 4390 4362 4351 4348 4339 4356 4396 4368 4405 -1 4394 4356 4383 4372 -1 -1 4402 4429 4485 4458 4471 4498 4471 4432 4455 4439 4466 4468 4468 4456 4437 4433 4445 4428 -1 -1 -1 -1 -1 -1 -1 -1 -1 -1 -1 -1 -1 -1 -1 -1 -1 -1 -1 -1 -1 -1 -1 4347 -1 -1 4346 4362 4337 4368 4321 4321 4281 4264 4233 4180 4169 -1 -1 4172 4156 4124 -1 -1 -1 -1 -1 4147 4147 4160 4172 4177 4177 4205 4178 4178 4174 4151
4392 4392 4363 4379 4378 4362 4362 4356 4355 4384 4412 4423 4368 -1 4381 4381 4348 4352 4346 -1 4402 4429 4485 4474 4443 4498 4471 4443 4432 4426 4471 4471 4460 4445 4445 4437 4436 -1 -1 -1 -1 -1 -1 -1 -1 -1 -1 -1 -1 -1 -1 -1 -1 -1 -1 -1 -1 -1 -1 -1 -1 -1 -1 4291 4307 4318 4331 4337 4367 4321 4306 4265 4244 4188 4180 4212 4184 4226 4211 -1 -1 -1 4174 4157 4157 4175 4147 4152 4152 4177 4205 4176 4178 4167 4179 4151
4364 4392 4380 4347 4358 4358 4383 4366 4366 4367 4423 4396 -1 4347 4403 4375 4354 4348 4373 4395 4411 4445 4459 4459 4442 4465 4467 4438 4438 4421 4444 4448 4448 4438 4433 4436 4426 -1 -1 -1 -1 -1 -1 -1 -1 -1 -1 -1 -1 -1 -1 -1 -1 -1 -1 -1 -1 -1 -1 -1 -1 -1 -1 -1 4262 4287 4278 -1 4293 4337 4293 4275 4236 4208 4188 4212 4212 4237 4237 4211 4195 4179 4181 4193 4208 4175 4163 4161 4189 4177 4205 4260 4192 4179 4179 4164
4336 4352 4361 4358 4369 4407 4407 4383 4376 4392 4383 4367 4363 4403 4391 4375 4375 4362 4373 4364 4395 4427 4447 4432 4431 4453 4465 4438 4426 4408 4421 4437 4438 4417 4428 4405 -1 -1 -1 -1 -1 -1 -1 -1 -1 -1 -1 -1 -1 -1 -1 -1 -1 -1 4333 4374 4374 4362 4342 4331 -1 -1 -1 -1 -1 -1 -1 -1 -1 4293 4306 4262 4236 4236 4224 4236 4239 4239 4254 4238 4211 4207 4222 4208 4197 4208 4160 4171 4173 4232 4232 4260 4204 4175 4175 4179
4332 4415 4403 4369 4380 4396 4380 4367 4365 4376 4367 4367 4366 4367 4372 4364 4364 4345 4360 4349 4397 4425 4413 4400 4430 4454 4454 4413 4410 4408 4414 4411 4454 4466 4438 4401 4389 -1 -1 -1 -1 -1 -1 -1 -1 -1 -1 -1 -1 -1 -1 -1 -1 4345 4375 4401 4390 4374 4343 4342 4311 4279 -1 -1 -1 -1 -1 -1 -1 -1 4281 -1 4237 4253 4264 4239 4267 4267 4294 4263 4238 4233 4206 4202 4208 4208 4177 4204 4173 4205 4287 4276 4232 4231 4175 4167
4387 4387 4415 4363 4384 4384 4380 4368 4333 4367 4356 4356 4366 4367 4378 4378 4365 4360 4376 4360 4367 4368 4425 4384 4423 4453 4426 4426 4413 4426 4426 4426 4407 4410 4466 4401 -1 -1 -1 -1 -1 -1 -1 -1 -1 -1 -1 -1 -1 -1 -1 -1 4346 4374 4401 4402 4402 4375 4367 4328 4300 4280 4222 -1 -1 -1 -1 -1 -1 -1 -1 -1 4264 4264 4264 4263 4283 4294 4291 4238 4231 4233 4238 4211 4264 4224 4209 4205 4208 4221 4260 4287 4231 4204 4176 4165
4360 4387 4384 4375 4356 4356 4344 4324 4324 4327 4340 4344 4367 4373 4361 4364 4388 4378 4388 4388 4384 4395 4395 4372 4393 4453 4442 4403 4403 4409 4453 4442 4407 4426 4410 -1 -1 -1 -1 -1 -1 -1 -1 -1 -1 -1 -1 -1 -1 -1 -1 4319 4362 4374 4391 4382 4375 4367 4339 -1 4307 4233 4238 4191 4178 4178 -1 -1 -1 -1 -1 4264 4319 4292 4292 4347 4306 4291 4236 4219 4231 4238 4211 4227 4264 4237 4233 4208 4232 4260 4247 4220 4204 4204 4176 4176
4360 4371 4382 4356 4345 4329 4306 4306 4296 4326 4344 4344 4371 4373 4390 4367 4404 4415 4418 4407 4411 4400 4414 4420 4404 4431 4431 4431 4413 4425 4465 4453 4417 4410 4401 -1 -1 -1 -1 -1 -1 -1 -1 -1 -1 -1 -1 -1 -1 -1 -1 -1 4346 4366 4366 4394 4394 4367 4338 4339 4308 4250 4211 4204 4178 4224 4174 4190 -1 -1 4263 4319 4292 4292 4319 4374 4318 4318 4251 4186 4186 4210 4210 4237 4253 4233 4237 4232 4260 4232 4205 4204 4176 4176 4169 4161
4329 4382 4355 4342 4325 4306 4306 4313 4333 4314 4329 4360 4371 4345 4370 4401 4415 4418 4418 4422 4440 4428 4425 4404 4432 4458 4458 4413 4413 4429 4437 4465 4453 4428 -1 -1 -1 -1 -1 -1 -1 -1 -1 -1 -1 -1 -1 4305 -1 -1 -1 -1 4346 4366 4366 4383 4394 4394 4363 4326 4308 4266 4222 4193 4173 4194 4225 4206 4218 4263 4263 4347 4292 4292 4347 4374 4363 4291 4255 4213 4213 4199 4210 4210 4235 4235 4276 4287 4221 4232 4205 4205 4204 4176 4158 4158
4355 4355 4355 4328 4294 4341 4313 4322 4333 4342 4340 4340 4331 4346 4374 4374 4401 4402 4429 4422 4431 4440 4425 4407 4417 4486 4474 4458 4440 4437 4437 4426 4428 4430 4419 -1 -1 -1 -1 -1 -1 -1 -1 -1 -1 -1 -1 4305 4277 -1 4259 4355 4366 4395 4340 4367 4367 4354 4354 4332 4301 4277 4235 4193 4183 4183 4211 4218 4238 4254 4347 4374 4363 4347 4319 4335 4334 4287 4255 4214 4202 4182 4178 4206 4233 4256 4287 4260 4215 4232 4198 4231 4231 4220 4174 4161
4343 4355 4336 4324 4313 4329 4341 4313 4342 4343 4370 4315 4346 4346 4374 4398 4391 4402 4429 4439 4467 4467 4412 4413 4407 4446 4486 4430 4440 4432 4432 4421 -1 -1 4415 -1 -1 -1 -1 -1 -1 -1 -1 -1 -1 -1 -1 4305 4332 4321 -1 -1 4366 4422 4395 4383 4340 4300 4291 4275 4275 4275 4246 4213 4182 4172 4211 4238 4266 4263 4275 4347 4374 4343 4316 4308 4286 4294 4266 4224 4193 4181 4179 4222 4233 4234 4237 4231 4236 4181 4176 4201 4204 4201 4201 4157
4299 4325 4336 4309 4308 4335 4313 4310 4314 4370 4359 4343 4334 4334 4386 4370 4398 4402 4427 4439 4440 4456 4413 4413 4386 4430 4402 4402 4430 4432 4432 4459 4459 4443 -1 -1 -1 -1 -1 -1 -1 -1 -1 -1 -1 -1 -1 -1 4332 -1 -1 -1 4339 4422 4411 4395 4355 4311 4280 4263 4247 4247 4244 4209 4179 4190 4211 4238 4266 4263 4291 4318 4334 4318 4291 4308 4297 4282 4294 4239 4193 4166 4206 4206 4223 4234 4263 4222 4236 4208 4208 4190 4201 4191 4190 4168
4287 4299 4305 4280 4324 4324 4335 4308 4330 4339 4343 4323 4334 4346 4373 4367 4370 4375 4408 4421 4421 4429 4441 4416 4389 4371 4402 4391 4392 4404 4411 4420 4448 4443 4431 -1 -1 -1 -1 -1 -1 -1 -1 -1 -1 -1 -1 -1 4276 -1 -1 4307 4323 4366 4382 4339 4364 4310 4254 4203 4247 4236 4220 4203 4166 4190 4218 4226 4263 4291 4291 4318 4346 4334 4279 4291 4260 4232 4266 4211 4189 4153 4195 4207 4235 4235 4279 4263 4236 4208 4181 4180 4191 4169 4176 4173
4273 4300 4289 4274 4294 4349 4336 4336 4331 4331 4323 4315 4346 4362 4373 4346 4375 4375 4403 4430 4430 4441 4444 4416 4389 4371 4370 4350 4350 4348 4376 4397 4387 4403 4387 4379 4351 -1 4318 -1 -1 -1 4251 4251 4226 4195 4184 4184 4185 4225 4256 4284 4278 4311 4311 4339 4333 4326 4251 4212 4200 4216 4184 4166 4163 4218 4218 4245 4263 4263 4291 4318 4318 4346 4290 4261 4261 4229 4266 4239 4200 4153 4199 4203 4207 4235 4291 4291 4207 4207 4181 4169 4164 4165 4176 4161
4284 4300 4273 4273 4294 4338 4349 4330 4328 4340 4335 4323 4315 4335 4378 4350 4324 4403 4419 4403 4404 4432 4444 4416 4389 4361 4359 4343 4322 4321 4348 4359 4359 4387 4395 4395 4379 4367 4319 4346 4346 4298 4278 4267 4238 4205 -1 4185 4191 4225 4253 4251 4284 4311 4300 4283 4308 4302 4264 4238 4222 4239 4228 4198 4193 4205 4245 4234 4236 4291 4263 4291 4318 4290 4315 4261 4250 4221 4239 4211 4184 4184 4171 4199 4207 4196 4263 4235 4207 4196 4188 4171 4150 4150 4146 4144
4260 4268 4262 4273 4267 4322 4330 4322 4312 4340 4335 4328 4335 4366 4378 4350 4350 4364 4372 4404 4393 4415 4388 4388 4360 4333 4321 4331 4343 4329 4340 4348 4332 4368 4368 4384 4406 4406 4379 4362 4318 4310 4294 4278 4247 4217 4217 4199 4198 4222 4212 4220 4271 4280 4255 4265 4276 4254 4271 4250 4250 4266 4237 4231 4209 4231 4248 4247 4235 4236 4235 4251 4262 4262 4290 4277 4234 4205 4211 4193 4184 4188 4215 4226 4226 4206 4235 4194 4185 4188 4177 4171 4171 4153 4146 4137
4308 4298 4273 4276 4279 4319 4310 4313 4322 4335 4328 4339 4342 4370 4358 4354 4372 4400 4427 4427 4415 4415 4442 4388 4360 4323 -1 4287 4312 4287 4313 4340 4319 4340 4356 4368 4395 4373 4333 4346 4315 4321 4310 4265 4253 4237 4226 4215 4226 4214 4213 4227 4243 4249 4227 4236 4245 4273 4257 4284 4277 4277 4262 4260 4276 4236 4258 4248 4262 4251 4234 4242 4262 4235 4259 4234 4205 4189 4173 4169 4200 4200 4200 4228 4222 4234 4234 4229 4201 4206 4178 4198 4198 4153 4153 4141
4308 4298 4287 4276 4277 4311 4324 4328 4345 4347 4347 4347 4370 4342 4354 4346 4400 4372 4400 4416 4399 4431 4442 4386 4359 4347 4327 4280 4287 4285 4285 4313 4288 4316 4332 4344 4363 4390 4335 4335 4323 4338 4321 4290 4277 4265 4249 4240 4226 4240 4213 4213 4235 4235 4278 4278 4278 4284 4284 4285 4289 4289 4278 4287 4287 4285 4260 4258 4256 4262 4261 4250 4242 4234 4222 4215 4205 4200 4188 4228 4203 4216 4256 4228 4228 4236 4206 4256 4229 4206 4178 4187 4181 4169 4142 4140
4280 4271 4271 4269 4269 4300 4311 4335 4340 4345 4359 4359 4352 4342 4343 4345 4345 4345 4372 4399 4399 4410 4411 4386 4359 4359 4332 4308 4308 4307 4304 4303 4304 4344 4371 4370 4379 4390 4363 4363 4349 4349 4317 4265 4265 4277 4253 4268 4268 4268 4240 4232 4263 4279 4263 4263 4304 4306 4316 4306 4312 4301 4280 4297 4297 4313 4297 4283 4283 4279 4261 4250 4245 4245 4245 4241 4226 4244 4228 4228 4215 4231 4244 4256 4236 4224 4200 4256 4245 4229 4192 4203 4180 4181 4149 4137
4253 4280 4269 4271 4296 4312 4324 4324 4335 4340 4336 4336 4352 4341 4322 4333 4329 4340 4344 4344 4352 4379 4386 4384 4375 4364 4352 4333 4320 4360 4333 4309 4334 4371 4387 4398 4381 4381 4351 4382 4371 4355 4327 4309 4293 4304 4307 4324 4312 4296 4265 4236 4279 4290 4290 4303 4316 4316 4333 4333 4314 4312 4300 4311 4339 4324 4324 4311 4299 4283 4252 4250 4257 4257 4253 4253 4253 4282 4255 4255 4227 4231 4236 4263 4223 4208 4200 4227 4216 4204 4203 4207 4180 4180 4148 4148
4235 4275 4264 4296 4296 4324 4324 4324 4324 4329 4336 4336 4320 4322 4322 4317 4309 4314 4338 4338 4333 4355 4384 4373 4380 4389 4373 4346 -1 4321 4360 4334 4343 4359 4371 4398 4409 4409 4397 4355 4382 4355 4343 4288 4304 4320 4332 4339 4324 4328 4324 4276 4304 4320 4318 4343 4343 4345 4345 4322 4314 4302 4302 4311 4327 4339 4338 4311 4311 4280 4254 4258 4258 4259 4255 4280 4280 4271 4282 4255 4243 4229 4252 4263 4207 4200 4199 4227 4209 4209 4204 4207 4196 4189 4148 4124
4244 4248 4275 4295 4322 4312 4324 4324 4328 4328 4329 4325 4322 4311 4295 4317 4333 4344 4334 4345 4356 4356 4372 4361 4364 4391 4401 4373 4346 4346 4333 4349 4362 4399 4388 4409 4392 4392 4381 4340 4333 4327 4316 4293 4300 4304 4329 4332 4339 4351 4347 4336 4331 4331 4318 4332 4318 4318 4334 4305 4287 4298 4308 4313 4311 4307 4327 4338 4298 4270 4254 4259 4259 4265 4255 4282 4282 4269 4258 4255 4255 4229 4235 4235 4207 4207 4199 4215 4234 4222 4205 4205 4200 4173 4126 4118
4220 4248 4248 4282 4295 4322 4295 4292 4300 4316 4309 4309 4310 4313 4314 4289 4344 4315 4318 4356 4345 4345 4356 4372 4391 4401 4373 4362 4391 4375 4375 4350 4362 4386 4399 4398 4409 4382 4350 4327 4339 4327 4300 4288 4316 4327 4327 4340 4340 4340 4351 4347 4292 4304 4306 4317 4317 4318 4287 4265 4275 4298 4307 4308 4313 4296 4307 4310 4310 4279 4278 4275 4286 4265 4255 4262 4271 4269 4269 4242 4215 4228 4243 4255 4215 4215 4200 4234 4234 4234 4202 4200 4199 4187 4157 4082
