output/arrival.asc
NCOLS 638
NROWS 825
XLLCORNER -2985163.8955
YLLCORNER -3022031.214
CELLSIZE 10000
NODATA_value -1
[rows 288 to 335 of 825, columns 288 to 383 of 638]
3908 3905 3877 3870 3899 3889 3889 3860 3860 3878 3850 3862 3862 3866 3832 3820 3829 3842 3831 3823 3823 3820 3823 3849 3850 3862 3837 3854 3848 3859 3880 3880 3873 3873 3852 3865 3863 3888 3915 3915 3885 3871 3871 3851 3827 3798 3797 3806 3807 3814 3808 3808 3814 3824 3819 3834 3838 3827 3819 3815 3786 3809 3809 3809 3809 3809 3811 3790 3801 3790 3794 3800 3800 3802 3813 3813 3815 3839 3818 3798 3800 3800 3829 3813 3823 3842 3830 3815 3799 3794 3786 3780 3750 3747 3730 3725
3909 3878 3862 3877 3908 3899 3867 3849 3861 3850 3833 3833 3833 3833 3832 3809 3821 3821 3813 3813 3800 3823 3834 3838 3849 3855 3837 3848 3846 3831 3851 3851 3862 3844 3834 3844 3854 3875 3892 3892 3886 3885 3885 3851 3841 3812 3791 3806 3794 3783 3812 3814 3824 3825 3844 3851 3834 3834 3816 3814 3788 3787 3794 3783 3783 3783 3782 3782 3790 3790 3793 3800 3800 3813 3805 3802 3818 3843 3818 3797 3795 3800 3797 3784 3813 3823 3813 3815 3799 3807 3796 3796 3776 3747 3741 3741
3932 3903 3891 3908 3894 3867 3863 3834 3832 3861 3841 3816 3829 3824 3833 3809 3822 3815 3823 3813 3805 3830 3830 3834 3847 3855 3827 3846 3831 3826 3822 3851 3862 3847 3838 3834 3846 3863 3875 3885 3886 3870 3870 3851 3841 3812 3778 3787 3794 3796 3812 3808 3808 3825 3844 3852 3851 3826 3834 3806 3806 3795 3794 3780 3783 3784 3770 3782 3777 3791 3794 3824 3824 3815 3815 3805 3814 3818 3843 3795 3795 3794 3797 3802 3802 3831 3803 3786 3786 3786 3807 3785 3776 3737 3737 3723
3932 3903 3903 3897 3879 3867 3854 3863 3821 3822 3840 3810 3816 3829 3802 3822 3815 3811 3834 3837 3831 3858 3858 3858 3863 3863 3845 3828 3828 3826 3821 3839 3847 3841 3826 3826 3820 3846 3859 3873 3885 3856 3857 3846 3846 3812 3787 3792 3793 3796 3808 3800 3808 3843 3863 3857 3853 3840 3826 3813 3809 3809 3799 3779 3779 3779 3770 3776 3776 3780 3791 3794 3804 3802 3792 3794 3799 3828 3824 3824 3795 3795 3794 3791 3802 3831 3781 3796 3767 3778 3778 3785 3767 3737 3734 3705
3899 3892 3881 3881 3879 3854 3834 3825 3821 3797 3813 3807 3797 3802 3803 3812 3811 3817 3834 3860 3844 3858 3858 3887 3867 3856 3846 3828 3820 3803 3832 3832 3831 3831 3841 3827 3819 3835 3844 3864 3873 3882 3882 3857 3828 3835 3803 3793 3792 3795 3800 3809 3854 3863 3844 3853 3856 3826 3826 3826 3815 3799 3782 3774 3774 3766 3766 3760 3776 3780 3794 3804 3804 3803 3819 3820 3820 3825 3828 3829 3821 3792 3778 3778 3776 3774 3766 3797 3756 3756 3767 3786 3795 3746 3734 3732
3884 3874 3874 3879 3863 3850 3822 3819 3819 3813 3798 3798 3807 3808 3810 3815 3826 3826 3823 3826 3860 3873 3873 3887 3867 3857 3856 3822 3822 3814 3829 3829 3855 3842 3831 3831 3827 3823 3835 3853 3864 3862 3853 3849 3850 3849 3835 3822 3798 3806 3800 3854 3815 3830 3830 3856 3856 3846 3831 3828 3817 3797 3774 3774 3765 3765 3760 3764 3776 3777 3827 3833 3823 3812 3811 3819 3803 3825 3800 3800 3829 3821 3792 3775 3776 3774 3766 3796 3785 3767 3767 3785 3796 3795 3746 3737
3868 3865 3862 3874 3846 3846 3820 3804 3790 3786 3798 3793 3793 3807 3808 3809 3815 3815 3819 3830 3844 3849 3848 3863 3863 3857 3851 3814 3811 3813 3826 3855 3842 3830 3831 3832 3831 3834 3839 3839 3853 3862 3849 3848 3837 3819 3789 3793 3788 3798 3806 3800 3801 3810 3827 3829 3842 3842 3828 3820 3799 3780 3778 3760 3760 3757 3757 3764 3776 3833 3834 3827 3816 3811 3801 3797 3808 3804 3796 3800 3822 3812 3804 3802 3777 3767 3766 3785 3797 3733 3745 3774 3774 3796 3766 3737
3867 3850 3839 3830 3830 3817 3804 3801 3777 3774 3786 3775 3778 3795 3795 3800 3800 3804 3801 3830 3831 3844 3832 3848 3834 3851 3822 3811 3811 3811 3826 3826 3826 3826 3813 3822 3833 3830 3834 3824 3824 3828 3828 3837 3819 3808 3800 3784 3769 3769 3790 3785 3784 3796 3796 3809 3809 3805 3820 3791 3791 3789 3762 3760 3755 3750 3765 3772 3781 3833 3789 3791 3820 3798 3797 3793 3799 3799 3775 3788 3809 3822 3812 3804 3802 3777 3767 3766 3766 3717 3764 3745 3759 3766 3766 3756
3850 3839 3835 3814 3814 3807 3801 3791 3787 3769 3768 3768 3773 3777 3795 3809 3809 3798 3802 3807 3810 3813 3830 3832 3819 3819 3813 3806 3791 3791 3792 3820 3820 3810 3813 3810 3830 3833 3829 3823 3824 3814 3828 3803 3799 3808 3792 3769 3769 3767 3781 3781 3778 3805 3786 3798 3805 3802 3776 3791 3789 3769 3758 3757 3748 3750 3765 3772 3782 3787 3787 3820 3798 3769 3769 3764 3793 3770 3770 3780 3809 3815 3815 3800 3769 3750 3755 3766 3732 3735 3764 3745 3730 3777 3759 3756
3828 3835 3819 3819 3795 3794 3791 3787 3769 3767 3757 3768 3777 3791 3798 3798 3787 3790 3790 3802 3807 3812 3812 3830 3810 3808 3808 3806 3783 3786 3797 3801 3810 3809 3820 3805 3810 3829 3823 3805 3812 3801 3806 3803 3799 3792 3776 3772 3767 3767 3796 3782 3778 3805 3793 3769 3798 3776 3773 3773 3769 3767 3753 3757 3740 3748 3771 3772 3772 3761 3791 3794 3794 3769 3765 3782 3750 3769 3769 3768 3786 3789 3800 3798 3769 3769 3750 3750 3732 3730 3735 3718 3731 3788 3762 3751
3806 3806 3790 3794 3794 3782 3776 3770 3759 3757 3755 3762 3778 3788 3791 3783 3783 3787 3785 3795 3786 3804 3797 3810 3796 3805 3819 3790 3787 3770 3777 3797 3801 3791 3805 3820 3805 3800 3804 3803 3804 3797 3803 3803 3778 3782 3776 3767 3771 3796 3782 3775 3776 3782 3776 3793 3769 3766 3768 3768 3766 3748 3744 3753 3739 3742 3751 3771 3761 3782 3790 3794 3794 3765 3754 3771 3751 3750 3771 3768 3786 3771 3771 3798 3795 3795 3781 3750 3750 3735 3718 3731 3715 3751 3788 3780
3790 3795 3777 3766 3816 3782 3770 3758 3770 3755 3762 3775 3775 3788 3764 3780 3774 3785 3781 3781 3795 3804 3786 3785 3794 3794 3819 3786 3783 3770 3765 3772 3782 3792 3799 3800 3799 3799 3796 3796 3803 3794 3796 3803 3788 3782 3782 3756 3767 3769 3775 3776 3782 3789 3772 3764 3764 3753 3766 3767 3759 3755 3737 3733 3722 3729 3751 3741 3748 3784 3790 3765 3777 3750 3748 3762 3745 3750 3748 3771 3771 3766 3768 3800 3773 3784 3780 3781 3761 3730 3720 3720 3731 3742 3758 3780
3775 3777 3766 3766 3816 3796 3787 3770 3753 3757 3771 3771 3771 3771 3762 3764 3769 3774 3769 3787 3790 3795 3785 3784 3787 3788 3788 3783 3767 3765 3762 3762 3772 3782 3792 3781 3797 3797 3775 3774 3786 3790 3790 3779 3788 3782 3767 3757 3759 3759 3769 3770 3775 3775 3789 3767 3764 3754 3753 3759 3755 3748 3732 3726 3721 3721 3723 3752 3755 3784 3762 3776 3750 3746 3762 3755 3745 3747 3746 3760 3756 3767 3741 3769 3800 3771 3771 3780 3789 3730 3713 3713 3731 3742 3742 3758
3775 3775 3758 3757 3805 3787 3829 3740 -1 3748 3759 3768 3760 3755 3755 3758 3758 3778 3787 3780 3795 3790 3784 3782 3787 3776 3778 3778 3769 3765 3756 3743 3757 3757 3766 3768 3768 3773 3783 3786 3777 3784 3783 3776 3793 3767 3758 3749 3738 3764 3769 3765 3771 3771 3767 3760 3738 3741 3724 3726 3748 3738 3727 3714 3714 3720 3720 3744 3752 3773 3771 3755 3744 3746 3756 3728 3722 3731 3742 3746 3756 3767 3742 3755 3814 3785 3765 3760 3789 3730 3725 3713 3718 3742 3713 3729
3805 3801 3801 -1 3787 3800 3829 3770 3737 3730 3768 3759 3745 3755 3734 3756 3758 3758 3778 3773 3780 3775 3783 3767 3767 3767 3767 3769 3769 3765 3756 3738 3752 3752 3755 3766 3768 3769 3783 3783 3783 3783 3773 3776 3793 3783 3757 3749 3739 3764 3761 3750 3764 3767 3767 3743 3741 3732 3724 3720 3738 3720 3715 3712 3715 3718 3718 3731 3742 3771 3755 3743 3743 3726 3725 3725 3722 3719 3721 3742 3742 3744 3755 3755 3771 3814 3785 3765 3778 3736 3710 3707 3693 3713 3684 3684
3830 3830 3801 -1 3771 3772 3800 3800 3747 -1 3739 3739 3728 3745 3726 3732 3756 3760 3761 3772 3760 3775 3753 3753 3768 3754 3764 3770 3763 3763 3736 3727 3727 3748 3748 3755 3762 3769 3766 3784 3759 3763 3753 3764 3783 3764 3762 3763 3743 3737 3744 3761 3748 3749 3751 3743 3716 3720 3720 3720 3691 3715 3709 3712 3704 3714 3704 3718 3742 3731 3743 3727 3720 3725 3725 3725 3719 3721 3731 3768 3739 3739 3757 3732 3771 3794 3785 3760 3765 3736 3709 3707 3692 3679 3667 3681
3834 3836 3807 3767 3767 3766 3749 3785 3738 -1 3708 3710 3739 3724 3724 3727 3731 3730 3737 3752 3764 3764 3754 3762 3753 3764 3765 3765 3742 3737 3734 3727 3706 3719 3723 3755 3763 3752 3743 3761 3761 3751 3752 3754 3764 3754 3751 3741 3743 3737 3736 3737 3748 3748 3733 3733 3716 3691 3691 3691 3686 3691 3691 3691 3699 3704 3693 3713 3730 3742 3738 3716 3714 3714 3703 3714 3717 3718 3739 3768 3727 3732 3757 3728 3794 3772 3765 3736 3765 3710 3696 3696 3691 3679 3671 3681
3836 3836 3807 3807 3778 3767 3767 3796 3738 -1 -1 3707 3721 3698 3713 3722 3727 3721 3737 3740 3730 3745 3754 3751 3762 3747 3747 3726 3738 3726 3716 3701 3698 3698 3724 3752 3755 3744 3743 3738 3758 3758 3747 3741 3754 3757 3748 3738 3742 3736 3731 3737 3727 3727 3727 3728 3728 3682 3691 3669 3682 3662 3662 3670 3699 3684 3688 3721 3730 3738 3734 3712 3675 3701 3703 3714 3717 3710 3718 3723 3712 3727 3731 3761 3772 3732 3732 3728 3728 3710 3686 3694 3694 3683 3671 3662
3846 3832 3834 3830 3778 3790 3825 3796 3759 -1 3695 3727 3744 3744 3702 3722 3715 3722 3726 3736 3740 3745 3739 3739 3738 3747 3737 3726 3718 3696 3695 3695 3712 3720 3720 3725 3730 3737 3737 3755 3755 3739 3739 3736 3736 3748 3757 3738 3731 3732 3732 3731 3726 3717 3728 3699 3699 3669 3640 3640 3639 3639 3639 3640 3655 3659 3684 3688 3721 3734 3692 3692 3682 3701 3701 3715 3715 3704 3710 3694 3723 3708 3708 3743 3743 3725 3726 3727 3726 3695 3681 3686 3683 3679 3679 3667
3848 3834 3832 3830 3801 3796 3825 3818 -1 -1 -1 3695 3727 3727 3733 3715 3711 3711 3732 3737 3732 3739 3724 3722 3722 3717 3717 3717 3706 3718 3693 3677 3682 3712 3716 3716 3724 3730 3724 3746 3746 3739 3739 3736 3736 3743 3743 3734 3731 3724 3718 3718 3726 3709 3697 3680 3699 3689 3640 3636 3625 3610 3611 3626 3640 3646 3649 3677 3677 3677 3678 3692 3684 3686 3698 3698 3703 3702 3692 3694 3672 3706 3738 3743 3725 3714 3709 3725 3715 3695 3692 3680 3680 3673 3673 3672
3852 3852 3845 3845 3845 3819 3825 3818 3789 -1 -1 3687 3687 3697 3715 3697 3697 3701 3700 3733 3729 3732 3718 3718 3711 3710 3710 3688 3699 3689 3684 3674 3679 3687 3699 3700 3716 3716 3734 3735 3732 3710 3724 3734 3734 3736 3745 3728 3724 3702 3698 3693 3694 3692 3673 3673 3665 3665 3654 3622 3613 3599 3599 3598 3628 3647 3620 3649 3677 3666 3677 3677 3669 3684 3698 3686 3697 3687 3676 3672 3674 3678 3737 3736 3706 3677 3708 3709 3698 3695 3679 3678 3679 3688 3671 3680
3823 3823 3845 3878 3855 3855 3847 3825 3789 -1 -1 3700 3687 3690 3692 3679 3693 3712 3696 3729 3700 3701 3702 3711 3709 3709 3700 3700 3687 3687 3669 3669 3674 3679 3687 3706 3710 3734 3734 3735 3723 3732 3724 3732 3732 3723 3736 3745 3699 3698 3686 3686 3673 3670 3670 3667 3644 3665 3647 3647 3643 3613 3598 3605 3628 3620 3620 3624 3648 3655 3654 3677 3655 3669 3655 3640 3665 3667 3667 3640 3674 3692 3719 3706 3676 3676 3677 3692 3685 3685 3662 3679 3678 3679 3688 3680
3794 3816 3823 3834 3878 3849 3847 3818 3796 3768 -1 3701 3686 3686 3710 3693 3692 3693 3712 3696 3700 3701 3701 3684 3696 3700 3681 3678 3680 3680 3670 3667 3673 3673 3673 3687 3706 3702 3734 3734 3705 3712 3721 3727 3727 3719 3718 3708 3699 3699 3686 3657 3684 3670 3667 3641 3638 3625 3637 3647 3644 3633 3609 3597 3616 3591 3582 3620 3624 3648 3648 3619 3610 3655 3624 3655 3627 3627 3656 3640 3674 3703 3720 3668 3653 3653 3668 3668 3663 3656 3662 3665 3673 3676 3689 3689
3787 3794 3816 3816 3843 3849 3826 3809 3796 3780 -1 3706 3695 3677 3692 3721 3693 3693 3690 3690 3701 3691 3691 3685 3660 3681 3681 3681 3675 3670 3651 3667 3649 3673 3688 3687 3701 3701 3734 3695 3705 3707 3715 3718 3718 3718 3707 3693 3710 3698 3686 3684 3646 3646 3640 3638 3611 3617 3624 3648 3613 3621 3603 3582 3616 3582 3573 3587 3603 3619 3619 3619 3608 3596 3644 3633 3622 3619 3619 3640 3660 3703 3689 3648 3634 3624 3635 3634 3639 3643 3656 3645 3644 3673 3676 3673
3774 3787 3791 3814 3820 3843 3849 3815 3785 3762 3722 3707 3695 3692 3692 3721 3692 3692 3688 3686 3672 3701 3684 3681 3680 3680 3681 3675 3654 3646 3657 3667 3667 3657 3688 3686 3684 3693 3692 3706 3678 3707 3707 3719 3689 3689 3677 3721 3706 3692 3662 3633 3628 3617 3640 3618 3596 3596 3602 3613 3583 3588 3574 3561 3587 3551 3573 3553 3575 3579 3577 3579 3580 3596 3626 3626 3622 3622 3623 3648 3652 3677 3689 3634 3619 3623 3623 3624 3624 3643 3627 3632 3644 3647 3677 3679
3774 3774 3762 3736 3791 3820 3844 3820 3791 3762 3751 3751 3724 3721 3692 3675 3681 3688 3676 3686 3678 3679 3684 3676 3681 3652 3670 3654 3641 3643 3648 3657 3638 3686 3686 3659 3686 3684 3700 3706 3707 3707 3706 3688 3688 3689 3678 3677 3721 3677 3614 3604 3617 3589 3602 3618 3584 3584 3589 3584 3574 3582 3600 3587 3580 3580 3558 3558 3558 3575 3579 3584 3584 3611 3612 3611 3681 3681 3652 3652 3706 3618 3637 3611 3608 3608 3594 3595 3613 3610 3614 3627 3619 3648 3678 3679
3776 3762 3733 3736 3761 3815 3844 3820 3791 3791 3758 3780 3780 3734 3721 3692 3681 3676 3660 3660 3666 3667 3666 3676 3670 3657 3670 3641 3636 3625 3632 3648 3645 3675 3657 3657 3676 3676 3700 3689 3705 3707 3707 3696 3688 3675 3660 3660 3677 3648 3618 3591 3588 3589 3578 3583 3577 3576 3576 3578 3571 3600 3600 3629 3591 -1 3580 3562 3587 3587 3604 3604 3602 3596 3612 3612 3710 3710 3681 3706 3695 3648 3617 3626 3608 3565 3594 3595 3607 3643 3643 3643 3621 3648 3677 3677
3776 3749 3711 3733 3740 3786 3815 3849 3820 3798 3809 3751 3742 3734 3714 3714 3681 3666 3663 3664 3666 3639 3647 3647 3659 3670 3649 3620 3622 -1 3621 3627 3656 3657 3657 3653 3653 3655 3655 3663 3671 3705 3696 3696 3685 3654 3660 3648 3649 3655 3625 3596 3596 3581 3578 3585 3583 3562 3562 3571 3589 3582 3611 3671 3629 3619 3586 3570 3599 3585 3643 3614 3613 3671 3671 3700 3651 3662 3651 3705 3677 3617 3668 3639 3610 3573 3578 3607 3613 3672 3636 3614 3619 3637 3666 3678
3778 3764 3735 3711 3711 3786 3798 3849 3827 3827 3809 3780 3743 3743 3714 3714 3680 3663 -1 3652 3664 3630 3630 3641 3647 -1 -1 3649 -1 -1 3624 -1 3656 3657 3656 3636 3624 3640 3655 3642 3642 3649 3678 3678 3685 3648 3638 3631 3631 3638 3627 3614 3612 3592 3585 3587 3587 3591 3562 3571 3582 3609 3611 3683 3658 3625 3598 3588 3599 3611 3614 3643 3613 3632 3671 3700 3662 3651 3646 3705 3646 3639 3668 3636 3607 3607 3589 3596 3613 3672 3614 3590 3608 3648 3649 3656
3768 3764 -1 3710 3710 3769 3790 3798 3810 3824 3800 3771 3766 3742 3742 -1 -1 -1 -1 3653 3641 -1 -1 -1 -1 -1 -1 -1 -1 -1 -1 3625 -1 -1 -1 3647 3649 3661 3678 3654 3649 3663 3667 3674 3662 3648 3619 3639 3631 3626 3620 3613 3603 3592 3592 3562 3561 3591 3591 3594 3612 3638 3641 3682 3682 3657 3652 3616 3616 3616 3614 3632 3617 3642 3691 3691 3641 3641 3676 3676 3618 3646 3665 3636 3580 3598 3596 3589 3631 3672 3620 3610 3610 3626 3647 3649
3793 3764 -1 -1 3710 3757 3769 3781 3810 3824 3805 3799 3766 3771 3742 3730 -1 -1 -1 3645 3645 -1 -1 -1 -1 -1 -1 -1 -1 -1 -1 -1 -1 3630 3659 3672 3688 3678 3683 3721 3662 3722 3692 3691 3691 3668 3639 3622 3628 3628 3620 3605 3603 3610 3621 3621 3650 3650 3622 3635 3641 3641 3661 3682 3686 3672 3657 3652 3660 3675 3660 3659 3630 3635 3662 3632 3621 3676 3665 3647 3624 3635 3636 3665 3607 3580 3593 3593 3602 3622 3672 3611 3611 3639 3630 3647
3793 3771 -1 -1 -1 3737 3757 3751 3790 3801 3805 3776 3776 3771 3759 3730 -1 -1 -1 3616 -1 -1 -1 -1 -1 -1 -1 -1 -1 -1 -1 -1 3630 3648 3696 3688 3694 3723 3728 3721 3721 3691 3697 3728 3697 3668 3668 3639 3633 3622 3623 3634 3583 3601 3574 3577 3577 3621 3622 3635 3654 3670 3671 3660 3686 3661 3652 3641 3660 3661 3675 3659 3646 3617 3594 3603 3652 3681 3681 3622 3647 3588 3617 3617 3598 3569 3570 3581 3599 3602 3622 3661 3650 3623 3628 3647
3782 3753 3744 -1 -1 -1 3728 3772 3775 3801 3787 3776 -1 3730 3759 3730 3708 -1 -1 -1 3602 -1 -1 -1 -1 -1 -1 -1 -1 -1 3636 3652 3680 3669 3696 3712 3723 3692 3728 3699 3665 3711 3725 3726 3727 3697 3630 3644 3615 3622 3644 3634 3634 3601 3601 -1 -1 3595 3606 3625 3654 3670 3653 3653 3642 3628 3628 3631 3631 3631 3646 3646 3572 3572 3617 3652 3652 3658 3658 3629 3626 3626 3597 3588 3564 3560 3581 3581 3584 3610 3601 3643 3643 3622 3623 3630
3782 3761 3753 3719 -1 -1 3719 3742 3772 3776 3787 3801 -1 -1 3730 3738 3724 -1 -1 -1 -1 -1 -1 -1 -1 -1 -1 -1 -1 3635 3652 3653 3653 3680 3694 3667 3692 3665 3669 3717 3699 3700 3725 3726 3717 3667 3630 3637 3652 3673 3681 3697 3663 3663 3660 3610 3602 3601 3601 3595 3611 3625 3614 3624 3596 3628 3599 3570 3581 3589 3620 3630 3601 3588 3623 3641 3648 3648 3637 3629 3610 3597 3568 3559 3561 3560 3567 3584 3610 3604 3604 3620 3643 3633 3630 3644
3790 3782 3761 3737 3716 -1 3721 3729 3758 3776 3801 3785 3772 -1 3738 3724 3727 3709 -1 -1 -1 -1 -1 -1 -1 -1 -1 -1 3634 3646 3646 3652 3677 3675 3687 3667 3667 3681 3699 3706 3710 3717 3696 3714 3667 3637 3637 3637 3673 3695 3702 3697 3692 3660 3634 3612 3621 3630 3605 3616 3611 3613 3624 3600 3600 3599 3588 3581 3574 3583 3602 3602 3591 3590 3595 3625 3654 3630 3619 3619 3581 3548 3568 3560 3574 3596 3572 3590 3583 3617 3617 3620 3618 3632 3629 3639
3812 3790 3761 3745 3732 3721 3729 3721 -1 3747 3776 3785 3826 3767 -1 3709 3732 3732 -1 -1 -1 -1 -1 -1 -1 -1 -1 -1 3616 3645 3645 3649 3663 3677 3668 3687 3670 3677 3695 3705 3710 3717 3696 3696 3655 3626 3666 3666 3695 3702 3686 3692 3653 3645 3641 3630 3630 3621 3616 3604 3604 3600 3595 3581 3571 -1 -1 3570 3570 3574 3583 3602 3580 3591 3596 3596 3625 3654 3619 3596 3581 3574 3595 3574 3596 3600 3601 3601 3602 3602 3620 3619 3619 3625 3629 3639
3789 3760 3745 3750 3734 3739 3750 3750 3747 -1 3756 3756 3814 3826 3767 3705 3751 3717 3717 -1 -1 -1 -1 -1 -1 -1 -1 -1 -1 -1 -1 3649 3668 3666 3668 3700 3700 3705 3705 3676 3688 3706 3698 3667 3641 3642 3670 3699 3671 3668 3668 3668 3656 3627 3641 3624 3612 3592 3595 3584 3594 3594 3587 3581 3567 -1 -1 -1 3557 3559 3575 3591 3587 3593 3589 3614 3596 3625 3597 3581 3591 3595 3603 3604 3600 3603 3610 3610 3591 3620 3620 3620 3621 3624 3630 3623
3769 3740 3762 3757 3734 3758 3760 3760 3740 -1 3725 3756 3785 3815 3768 3722 3751 3722 3693 -1 -1 -1 -1 -1 -1 -1 -1 -1 -1 3640 3640 3655 3668 3657 3665 3674 3675 3671 3705 3694 3688 3695 3698 3667 3641 3670 3671 3699 3666 3642 3639 3639 3627 3656 3638 3624 3609 3595 3582 3568 3566 3579 3579 3558 -1 -1 -1 -1 3556 3557 3575 3587 3593 3595 3580 3609 3596 3625 3590 3590 3585 3591 3604 3603 3610 3605 3614 3609 3591 3616 3617 3620 3623 3629 3622 3630
3769 3762 3746 3757 3787 3764 3776 3764 3764 3752 3781 3781 3745 3797 3797 3768 3746 3722 3696 3666 -1 -1 -1 -1 -1 -1 -1 -1 -1 3646 3648 3646 3657 3672 3672 3655 3671 3674 3683 3694 3684 3687 3658 3658 3641 3670 3692 3688 3657 3635 -1 3611 3639 3628 3614 3609 3613 3595 3573 3563 3563 3555 -1 -1 -1 -1 3555 3546 3540 3557 3562 3564 3579 3595 3584 3590 3609 3614 3596 3596 3589 3598 3593 3593 3605 3610 3609 3614 3616 3616 3616 3617 3629 3623 3637 3642
3734 3775 3746 3746 3752 3787 3793 3793 3781 3767 3767 3752 3752 3744 3797 3768 3739 3725 3725 3689 -1 -1 -1 -1 -1 -1 -1 -1 -1 3646 3646 3648 3649 3672 3643 3672 3655 3674 3676 3683 3676 3669 3631 -1 3640 3640 3677 3692 3664 3635 3633 -1 3610 3628 3628 3617 3619 3602 3592 3567 -1 -1 3559 -1 -1 3551 3541 3555 3553 3553 3562 3576 3576 3579 3583 3598 3608 3619 3619 3597 3623 3601 3598 3600 3600 3585 3585 3598 3582 3610 3610 3618 3625 3630 3648 3642
3752 3775 3723 3736 3741 3752 3781 3781 3781 3781 3752 3752 3752 3756 3761 3790 3719 3718 3718 3689 3681 -1 -1 -1 -1 -1 3627 3627 3625 3638 3637 3698 3649 3659 3641 3644 3644 3678 3674 3676 3669 3662 -1 -1 -1 3640 3663 3681 3664 3662 3639 3605 3605 3610 3617 3619 3606 3602 3592 3567 3551 3570 3571 -1 3551 3562 3553 3553 3562 3562 3565 3577 3577 3584 3586 3598 3590 3569 3568 3568 3591 3623 3612 3601 3601 3571 3564 3570 3572 3581 3606 3618 3659 3659 3648 3648
3722 3752 3736 3727 3727 3723 3752 3781 3790 3761 3752 3734 3729 3731 3731 3790 3742 3698 3702 3673 -1 -1 -1 3620 3620 3628 3641 3628 3638 3628 3698 3659 3697 3667 3643 3644 3649 3678 3665 3658 3645 -1 3611 -1 3629 3643 3654 3625 3663 3663 3662 3639 3618 3589 3610 3599 3594 3594 3563 3569 3570 3593 3574 3570 3560 3562 3542 3544 3552 3565 3570 3572 3584 3586 3569 3590 3569 3568 3577 3578 3630 3630 3619 3601 3576 3557 3553 3557 3552 3572 3589 3607 3659 3658 3649 3654
3712 3723 3707 3698 3701 3709 3722 3743 3790 3761 3761 3734 3726 3729 3713 3742 3761 3732 3702 -1 -1 -1 3620 3620 3628 3670 3670 3679 3657 3657 3656 3698 3645 3687 3667 3638 3662 3667 3647 3647 -1 3611 -1 3611 3622 3643 3632 3643 3652 3662 3662 3634 3618 -1 -1 3581 3594 3582 3563 3569 3600 3601 3593 3568 3568 3561 3561 3552 3552 3562 3570 3570 3572 3586 3591 3594 3586 3586 3577 3578 3583 3583 3605 3594 3564 3564 3553 3544 3544 3541 3589 3606 3625 3636 3649 3654
3705 3723 3707 -1 3687 3700 3712 3734 3777 3777 3781 3761 3732 3732 3713 3705 3732 3761 3698 -1 -1 3620 3632 3702 3661 3690 3679 3685 3673 3674 3669 3693 3687 3676 3667 3667 3662 3649 3649 3647 -1 -1 3587 3612 3633 3614 3620 3640 3643 3644 3662 3662 3633 3633 3586 3566 3566 3570 3556 3583 3583 3565 3564 3582 3571 3563 3563 3581 3562 3570 3566 3566 3559 3568 3586 3591 3594 3569 3575 3569 3574 3576 3576 3605 3576 3547 -1 -1 -1 -1 3589 3606 3625 3620 3636 3649
3705 3689 3689 3686 3706 3712 3725 3743 3763 3781 3752 3761 3732 3731 3713 -1 -1 3732 3702 -1 -1 3629 3632 3644 3702 3713 3713 3689 3685 3685 3656 3688 3693 3676 3697 3667 3663 3634 3634 -1 3613 -1 3611 3633 3621 3602 3639 3638 3639 3655 3655 3651 3651 3641 3612 3593 -1 3570 3567 3569 -1 -1 -1 3564 -1 3542 3542 3550 3581 3541 3541 3555 3555 3560 3567 3562 3562 3562 3560 3574 3569 3547 3565 3587 3576 3547 3546 -1 3544 3569 3578 3579 3608 3590 3649 3665
3675 3678 3689 3701 3714 3717 3743 3751 3752 3763 3752 3790 3731 3731 3702 -1 -1 3687 3712 -1 3616 3629 3630 3673 3673 3723 3723 3712 3694 3656 3662 3696 3688 3682 3697 3668 3668 3634 3616 -1 -1 3600 3611 3611 3611 3602 3631 3631 3639 3655 3665 3644 3667 3641 3612 3612 -1 3566 3567 3569 3542 3543 3553 3553 3542 3542 3539 3550 3543 3541 -1 3551 3551 3537 3537 3534 3558 3545 3547 3560 3545 3565 3569 3558 3565 3554 3547 3532 3569 3573 3579 3579 3581 3590 3665 3636
3663 3663 3676 3701 3714 3732 3751 3728 3728 3747 3718 3761 3790 3722 3702 -1 -1 -1 3692 3692 3673 3641 3645 3663 3690 3690 3702 3701 3694 3656 3654 3666 3696 3677 3686 3668 3652 3623 -1 -1 3583 3611 3602 3611 3602 3603 3625 3610 3610 3655 3666 3665 3667 3643 3631 3593 -1 -1 3566 3560 3540 3554 3560 3543 3543 3539 3547 3560 3558 3544 -1 3530 -1 -1 3524 3532 3527 3533 3547 3549 3559 3569 3589 3564 3564 3558 3529 3525 3548 3561 3573 3563 3577 3590 3622 3606
3664 3663 3672 3685 3695 3714 3717 3717 3722 3742 3772 3761 3743 3714 3714 -1 -1 -1 3663 3681 3659 3673 3651 3661 3679 3705 3692 3694 3664 3658 3662 3666 3669 3685 3675 3652 3639 3611 -1 -1 3616 3617 3602 3610 3600 3609 3625 3603 3609 3618 3666 3688 3659 3636 3607 3593 -1 -1 -1 3560 3553 3560 3572 3543 -1 -1 3547 3560 3558 -1 -1 -1 3529 3519 3525 3527 3532 3532 3553 3559 3563 3591 3591 3588 3581 3558 3551 3551 3546 3548 3561 3574 3577 3581 3581 3606
