output/arrival.asc
NCOLS 638
NROWS 825
XLLCORNER -2985163.8955
YLLCORNER -3022031.214
CELLSIZE 10000
NODATA_value -1
[rows 165 to 219 of 825, columns 96 to 191 of 638]
-1 -1 -1 -1 -1 -1 -1 -1 -1 -1 -1 -1 -1 -1 -1 -1 -1 -1 -1 -1 -1 -1 -1 -1 -1 -1 -1 -1 -1 -1 -1 -1 -1 3835 3874 3873 3874 3877 3903 3906 3890 3896 3927 3916 3915 3946 3946 3927 -1 -1 -1 -1 -1 -1 -1 -1 -1 -1 -1 -1 4119 4118 4107 -1 -1 4058 4051 4050 4052 4070 4083 4094 4085 4101 4098 4114 4113 4125 4151 4188 4192 4180 4177 4181 4184 4190 4198 4209 4235 4232 4243 4271 4243 4220 4227 4236
-1 -1 -1 -1 -1 -1 -1 -1 -1 -1 -1 -1 -1 -1 -1 -1 -1 -1 -1 -1 -1 -1 -1 -1 -1 -1 -1 -1 -1 -1 -1 -1 -1 -1 3832 3847 3866 3877 3903 3933 3917 3943 3957 3941 3954 3962 3974 -1 -1 -1 -1 -1 -1 -1 -1 -1 -1 -1 4091 4103 4130 4103 -1 -1 4040 4067 4058 4063 4070 4070 4094 4094 4112 4112 4114 4125 4124 4136 4157 4161 4161 4160 4170 4181 4184 4212 4209 4208 4212 4243 4216 4216 4211 4238 4238 4225
-1 -1 -1 -1 -1 -1 -1 -1 -1 -1 -1 -1 -1 -1 -1 -1 -1 -1 -1 -1 -1 -1 -1 -1 -1 -1 -1 -1 -1 -1 -1 -1 -1 -1 -1 -1 3850 -1 3887 3934 3917 3944 3975 3968 3977 3985 3974 -1 -1 -1 -1 -1 -1 -1 -1 -1 -1 4071 4103 4130 4093 4109 -1 4066 4065 4067 4061 4079 4091 4098 4094 4122 4122 4126 4125 4134 4134 4136 4138 4142 4165 4157 4177 4189 4184 4212 4200 4211 4238 4187 4216 4211 4227 4238 4224 4240
-1 -1 -1 -1 -1 -1 -1 -1 -1 -1 -1 -1 -1 -1 -1 -1 -1 -1 -1 -1 -1 -1 -1 -1 -1 -1 -1 -1 -1 -1 -1 -1 -1 -1 -1 -1 3761 3780 -1 3887 3899 3928 3968 3975 3988 3988 3985 -1 -1 -1 -1 -1 -1 -1 -1 -1 -1 4107 4123 4094 4137 4149 -1 4081 4072 4077 4088 4088 4098 4091 4110 4126 4138 4138 4133 4145 4156 4148 4149 4149 4176 4176 4189 4180 4190 4206 4207 4238 4227 4211 4219 4238 4266 4293 4280 4280
-1 -1 -1 -1 -1 -1 -1 -1 -1 -1 -1 -1 -1 -1 -1 -1 -1 -1 -1 -1 -1 -1 -1 -1 -1 -1 -1 -1 -1 -1 -1 -1 -1 -1 -1 -1 3761 -1 -1 -1 -1 -1 -1 -1 -1 -1 -1 -1 -1 -1 -1 -1 -1 3955 4007 4080 4080 4135 4134 4124 4150 4149 4121 4093 4084 4071 4083 4092 4092 4110 4115 4126 4129 4144 4144 4156 4148 4147 4147 4148 4149 4166 4177 4207 4207 4217 4230 4203 4199 4235 4219 4266 4266 4293 4282 4245
-1 -1 -1 -1 -1 -1 -1 -1 -1 -1 -1 -1 -1 -1 -1 -1 -1 -1 -1 -1 -1 -1 -1 -1 -1 -1 -1 -1 -1 -1 -1 -1 -1 -1 -1 -1 -1 -1 3796 -1 -1 -1 -1 -1 -1 -1 -1 -1 -1 -1 -1 -1 3955 -1 -1 4107 4107 4135 4134 4140 4152 4150 4122 4122 4111 4111 4084 4092 4119 4121 4121 4139 4141 4141 4150 4155 4166 4149 4160 4160 4164 4177 4196 4202 4217 4219 4230 4238 4237 4246 4246 4221 4264 4275 4303 4275
-1 -1 -1 -1 -1 -1 -1 -1 -1 -1 -1 -1 -1 -1 -1 -1 -1 -1 -1 -1 -1 -1 -1 -1 -1 -1 -1 -1 -1 -1 -1 -1 -1 -1 -1 -1 -1 -1 -1 -1 -1 -1 -1 -1 -1 -1 -1 -1 -1 -1 -1 -1 -1 -1 -1 -1 -1 4122 4134 4152 -1 4138 4122 4095 4100 4117 4090 4119 4121 4129 4121 4135 4150 4150 4151 4166 4176 4176 4162 4173 4176 4176 4187 4214 4214 4242 4241 4249 4249 4248 4248 4221 4248 4275 4291 4303
-1 -1 -1 -1 -1 -1 -1 -1 -1 -1 -1 -1 -1 -1 -1 -1 -1 -1 -1 -1 -1 -1 -1 -1 -1 -1 -1 -1 -1 -1 -1 -1 -1 -1 -1 -1 -1 -1 -1 -1 -1 -1 -1 -1 -1 -1 -1 -1 -1 -1 -1 -1 -1 -1 -1 -1 4051 4094 4134 4106 4112 4067 4091 4095 4067 4090 4117 4118 4129 4148 4137 4150 4162 4162 4162 4162 4165 4149 4173 4170 4176 4187 4215 4215 4242 4243 4253 4253 4255 4255 4249 4249 4235 4246 4252 4308
-1 -1 -1 -1 -1 -1 -1 -1 -1 -1 -1 -1 -1 -1 -1 -1 -1 -1 -1 -1 -1 -1 -1 -1 -1 -1 -1 -1 -1 -1 -1 -1 -1 -1 -1 -1 -1 -1 -1 -1 -1 -1 -1 -1 -1 -1 -1 -1 -1 -1 -1 -1 -1 -1 -1 -1 4023 4046 4079 4106 4106 4059 4067 4083 4095 4090 4106 4118 4121 4148 4128 4190 4190 4206 4179 4179 4169 4167 4171 4182 4210 4198 4194 4231 4215 4216 4243 4225 4228 4228 4244 4237 4221 4252 4252 4308
-1 -1 -1 -1 -1 -1 -1 -1 -1 -1 -1 -1 -1 -1 -1 -1 -1 -1 -1 -1 -1 -1 -1 -1 -1 -1 -1 -1 -1 -1 -1 -1 -1 -1 -1 -1 -1 -1 -1 -1 -1 -1 -1 -1 -1 -1 -1 -1 -1 -1 -1 -1 -1 -1 -1 -1 3968 3992 3995 4050 4066 4075 4061 4067 4080 4089 4106 4110 4121 4128 4161 4217 4217 4162 4152 4168 4178 4181 4182 4182 4210 4221 4210 4193 4216 4216 4232 4232 4260 4220 4224 4214 4221 4240 4280 4280
-1 -1 -1 -1 -1 -1 -1 -1 -1 -1 -1 -1 -1 -1 -1 -1 -1 -1 -1 -1 -1 -1 -1 -1 -1 -1 -1 -1 -1 -1 -1 -1 -1 -1 -1 -1 -1 -1 -1 -1 -1 -1 -1 -1 -1 -1 -1 -1 -1 -1 -1 -1 -1 -1 -1 3939 3941 3971 3971 3985 4022 4044 4049 4061 4069 4080 4089 4090 4103 4127 4177 4134 4161 4190 4166 4178 4179 4190 4237 4237 4208 4221 4224 4218 4206 4207 4232 4232 4260 4248 4239 4224 4214 4235 4253 4280
-1 -1 -1 -1 -1 -1 -1 -1 -1 -1 -1 -1 -1 -1 -1 -1 -1 -1 -1 -1 -1 -1 -1 -1 -1 -1 -1 -1 -1 -1 -1 -1 -1 -1 -1 -1 -1 -1 -1 -1 -1 -1 -1 -1 -1 -1 -1 -1 -1 -1 -1 -1 -1 -1 -1 3938 3939 3973 3981 3981 4012 4020 4030 4031 4054 4069 4081 4092 4103 4111 4139 4150 4161 4162 4151 4177 4190 4188 4226 4220 4248 4224 4245 4218 4218 4218 4218 4229 4238 4239 4215 4211 4204 4223 4235 4262
-1 -1 -1 -1 -1 -1 -1 -1 -1 -1 -1 -1 -1 -1 -1 -1 -1 -1 -1 -1 -1 -1 -1 -1 -1 -1 -1 -1 -1 -1 -1 -1 -1 -1 -1 -1 -1 -1 -1 -1 -1 -1 -1 -1 -1 3937 -1 -1 -1 3917 -1 -1 -1 -1 -1 3954 3993 3977 4004 4012 4043 4042 4031 4035 4043 4054 4081 4087 4098 4129 4129 4132 4162 4163 4177 4187 4188 4188 4220 4220 4248 4236 4245 4234 4223 4225 4225 4238 4227 4215 4213 4213 4186 4207 4220 4251
-1 -1 -1 -1 -1 -1 -1 -1 -1 -1 -1 -1 -1 -1 -1 -1 -1 -1 -1 -1 -1 -1 -1 -1 -1 -1 -1 -1 -1 -1 -1 -1 -1 3927 -1 -1 -1 -1 -1 -1 -1 -1 -1 -1 -1 -1 -1 -1 3978 3965 -1 -1 -1 -1 3964 3980 3979 4004 4004 4012 4032 4028 4033 4034 4046 4057 4082 4098 4104 4117 4132 4135 4152 4163 4165 4165 4187 4189 4220 4220 4209 4205 4214 4207 4223 4221 4221 4216 4209 4197 4202 4186 4186 4175 4231 4259
-1 -1 -1 -1 -1 -1 -1 -1 -1 -1 -1 -1 -1 -1 -1 -1 -1 -1 -1 -1 -1 -1 -1 -1 -1 -1 -1 -1 -1 -1 -1 -1 -1 -1 3959 -1 -1 -1 -1 -1 -1 -1 -1 -1 -1 -1 -1 -1 -1 3978 4005 3974 -1 4001 3991 3991 4006 4032 4032 4059 4048 4034 4049 4064 4039 4067 4093 4093 4104 4116 4132 4123 4135 4151 4157 4176 4184 4184 4209 4218 4218 4190 4207 4196 4210 4196 4205 4216 4209 4197 4186 4180 4175 4155 4203 4248
-1 -1 -1 -1 -1 -1 -1 -1 -1 -1 -1 -1 -1 -1 -1 -1 -1 -1 -1 -1 -1 -1 -1 -1 -1 -1 -1 -1 -1 -1 -1 -1 -1 -1 -1 3959 -1 -1 -1 -1 -1 -1 -1 -1 -1 -1 -1 -1 -1 4005 4007 4017 4001 4001 3999 4012 4012 4040 4031 4059 4059 4061 4065 4061 4067 4083 4093 4104 4106 4116 4121 4132 4134 4157 4151 4152 4173 4182 4191 4191 4207 4190 4187 4187 4196 4189 4189 4189 4197 4187 4187 4187 4180 4155 4182 4210
-1 -1 -1 -1 -1 -1 -1 -1 -1 -1 -1 -1 -1 -1 -1 -1 -1 -1 -1 -1 -1 -1 -1 -1 -1 -1 -1 -1 -1 -1 -1 -1 -1 -1 -1 -1 -1 -1 -1 -1 -1 -1 -1 -1 -1 -1 -1 -1 -1 3991 4018 4031 4029 4029 3999 4015 4028 4040 4031 4059 4061 4085 4088 4077 4094 4093 4096 4107 4107 4121 4124 4134 4140 4146 4140 4132 4143 4171 4163 4179 4191 4183 4179 4176 4160 4177 4162 4161 4160 4167 4176 4187 4169 4171 4182 4210
-1 -1 -1 -1 -1 -1 -1 -1 -1 -1 -1 -1 -1 -1 -1 -1 -1 -1 -1 -1 -1 -1 -1 -1 -1 -1 -1 -1 -1 -1 -1 -1 -1 -1 -1 -1 3965 -1 -1 -1 -1 -1 -1 -1 -1 -1 -1 -1 -1 3991 4018 4031 4057 4030 4015 4031 4043 4029 4047 4061 4061 4086 4088 4090 4094 4104 4104 4107 4130 4121 4124 4148 4151 4151 4133 4143 4144 4157 4168 4168 4178 4178 4173 4157 4157 4152 4161 4162 4167 4160 4160 4160 4169 4182 4189 4200
-1 -1 -1 -1 -1 -1 -1 -1 -1 -1 -1 -1 -1 -1 -1 -1 -1 -1 -1 -1 -1 -1 -1 -1 -1 -1 -1 -1 -1 -1 -1 -1 -1 -1 -1 -1 -1 -1 -1 -1 -1 -1 -1 -1 -1 -1 -1 -1 -1 3978 4003 4019 4030 4057 4046 4043 4044 4045 4056 4049 4055 4087 4087 4094 4102 4105 4105 4118 4130 4134 4145 4148 4144 4144 4136 4129 4157 4184 4178 4190 4182 4182 4184 4184 4175 4152 4152 4151 4159 4160 4167 4149 4160 4169 4200 4226
-1 -1 -1 -1 -1 -1 -1 -1 -1 -1 -1 -1 -1 -1 -1 -1 -1 -1 -1 -1 -1 -1 -1 -1 -1 -1 -1 -1 -1 -1 -1 -1 -1 -1 -1 -1 -1 3976 -1 -1 -1 -1 -1 -1 -1 -1 -1 -1 3954 3974 3986 4002 4030 4041 4052 4048 4028 4044 4055 4056 4058 4076 4093 4102 4112 4112 4121 4121 4136 4148 4149 4145 4137 4134 4139 4136 4173 4184 4189 4198 4214 4186 4203 4203 4191 4179 4179 4166 4175 4186 4167 4160 4158 4168 4186 4226
-1 -1 -1 -1 -1 -1 -1 -1 -1 -1 -1 -1 -1 -1 -1 -1 -1 -1 -1 -1 -1 -1 -1 -1 -1 -1 -1 -1 -1 -1 -1 -1 -1 -1 -1 -1 -1 -1 3976 -1 -1 -1 -1 -1 -1 -1 -1 -1 -1 3986 3993 4013 4013 4032 4059 4052 4033 4044 4055 4058 4058 4063 4074 4089 4100 4101 4119 4120 4148 4148 4122 4149 4149 4150 4170 4154 4162 4176 4177 4173 4225 4198 4198 4182 4190 4182 4194 4176 4186 4165 4160 4160 4134 4159 4198 4214
-1 -1 -1 -1 -1 -1 -1 -1 -1 -1 -1 -1 -1 -1 -1 -1 -1 -1 -1 -1 -1 -1 -1 -1 -1 -1 -1 -1 -1 -1 -1 -1 -1 -1 -1 -1 -1 -1 -1 -1 3962 -1 -1 -1 -1 -1 -1 -1 -1 3965 3993 4002 4032 4018 4032 4059 4037 4046 4047 4051 4058 4057 4062 4074 4097 4100 4152 4175 4175 4132 4160 4165 4177 4141 4181 4181 4189 4187 4173 4169 4225 4171 4182 4190 4185 4194 4176 4166 4176 4176 4169 4149 4148 4158 4180 4169
-1 -1 -1 -1 -1 -1 -1 -1 -1 -1 -1 -1 -1 -1 -1 -1 -1 -1 -1 -1 -1 -1 -1 -1 -1 -1 -1 -1 -1 -1 -1 -1 -1 -1 -1 -1 -1 -1 -1 -1 -1 -1 4003 -1 -1 -1 -1 -1 3964 3973 3981 4001 4018 4022 4054 4049 4047 4046 4060 4051 4067 4079 4062 4086 4097 4097 4135 4152 4164 4112 4160 4132 4148 4177 4176 4154 4187 4200 4200 4185 4169 4171 4184 4169 4169 4196 4196 4176 4176 4181 4170 4154 4148 4165 4180 4197
-1 -1 -1 -1 -1 -1 -1 -1 -1 -1 -1 -1 -1 -1 -1 -1 -1 -1 -1 -1 -1 -1 -1 -1 -1 -1 -1 -1 -1 -1 -1 -1 -1 -1 -1 -1 -1 -1 -1 -1 -1 -1 3987 4014 -1 -1 -1 -1 -1 3973 -1 3977 4010 4015 4026 4054 4049 4047 4063 4071 4071 4079 4075 4086 4090 4125 4125 4163 4156 4157 4148 4134 4148 4149 4176 4166 4194 4194 4173 4172 4172 4172 4211 4211 4200 4179 4193 4177 4181 4181 4181 4176 4176 4176 4196 4236
-1 -1 -1 -1 -1 -1 -1 -1 -1 -1 -1 -1 -1 -1 -1 -1 -1 -1 -1 -1 -1 -1 -1 -1 -1 -1 -1 -1 -1 -1 -1 -1 -1 -1 -1 -1 -1 -1 -1 -1 -1 -1 -1 3987 4014 3996 -1 -1 -1 -1 -1 -1 3978 3999 4026 4042 4047 4074 4074 4077 4088 4088 4086 4088 4125 4152 4152 4163 4136 4111 4123 4121 4134 4165 4166 4166 4182 4154 4144 4144 4160 4181 4184 4174 4174 4168 4179 4204 4196 4199 4203 4203 4199 4182 4199 4208
-1 -1 -1 -1 -1 -1 -1 -1 -1 -1 -1 -1 -1 -1 -1 -1 -1 -1 -1 -1 -1 -1 -1 -1 -1 -1 -1 -1 -1 -1 -1 -1 -1 -1 -1 -1 -1 -1 -1 -1 -1 -1 -1 -1 3974 3985 3996 3997 3997 3994 3992 3982 3971 3999 4026 4024 4029 4041 4051 4070 4070 4061 4061 4116 4141 4119 4152 4136 4136 4111 4100 4094 4108 4126 4155 4139 4147 4144 4156 4156 4170 4181 4184 4202 4202 4190 4204 4180 4207 4204 4199 4192 4177 4199 4222 4195
-1 -1 -1 -1 -1 -1 -1 -1 -1 -1 -1 -1 -1 -1 -1 -1 -1 -1 -1 -1 -1 -1 -1 -1 -1 -1 -1 -1 -1 -1 -1 -1 -1 -1 -1 -1 -1 3937 -1 -1 -1 3855 -1 -1 -1 -1 -1 3973 3985 3994 4003 3993 -1 3986 4008 4036 4036 4040 4040 4052 4059 4061 4076 4088 4104 4108 4124 4108 4108 4096 4100 4089 4085 4114 4114 4130 4148 4158 4150 4162 4171 4182 4193 4193 4190 4181 4190 4207 4180 4204 4203 4204 4210 4211 4222 4212
-1 -1 -1 -1 -1 -1 -1 -1 -1 -1 -1 -1 -1 -1 -1 -1 -1 -1 -1 -1 -1 -1 -1 -1 -1 -1 -1 -1 -1 -1 -1 -1 -1 -1 -1 -1 -1 -1 -1 -1 -1 -1 -1 -1 -1 -1 3973 3973 3979 3976 3993 4003 3972 -1 3997 4008 4013 4013 4029 4029 4050 4061 4077 4088 4084 4093 4087 4087 4081 4108 4090 4093 4102 4121 4134 4145 4158 4160 4160 4162 4171 4179 4189 4189 4178 4181 4169 4180 4176 4192 4198 4198 4182 4210 4212 4201
-1 -1 -1 -1 -1 -1 -1 -1 -1 -1 -1 -1 -1 -1 -1 -1 -1 -1 -1 -1 -1 -1 -1 -1 -1 -1 -1 -1 -1 -1 -1 -1 -1 -1 -1 -1 -1 -1 -1 -1 -1 -1 3943 -1 3953 3961 -1 -1 3973 4028 4000 4028 3987 3988 3981 3987 4001 4013 4017 4040 4034 4034 4066 4066 4061 4075 4059 4059 4062 4067 4074 4102 4141 4152 4145 4130 4132 4157 4157 4146 4171 4171 4179 4167 4164 4169 4169 4162 4173 4173 4186 4194 4194 4198 4237 4226
-1 -1 -1 -1 -1 -1 -1 -1 -1 3748 3777 3761 -1 -1 -1 -1 -1 -1 -1 -1 -1 -1 -1 -1 -1 -1 -1 -1 -1 -1 -1 -1 -1 -1 -1 -1 -1 -1 -1 -1 -1 -1 3943 -1 -1 3966 -1 -1 3973 3989 4028 4055 3999 3999 3995 3987 3987 3983 4012 4022 4040 4038 4038 4038 4039 4047 4056 4049 4059 4065 4076 4125 4152 4118 4119 4118 4130 4130 4144 4144 4160 4151 4156 4164 4140 4163 4141 4148 4163 4163 4159 4183 4183 4237 4210 4191
-1 -1 -1 -1 -1 -1 -1 3689 3716 3732 3788 3788 3761 -1 -1 -1 -1 -1 -1 -1 -1 -1 -1 -1 -1 -1 -1 -1 -1 -1 -1 -1 -1 -1 -1 -1 -1 -1 -1 -1 -1 -1 -1 -1 3966 -1 -1 -1 3973 4000 3991 4055 4044 4006 4006 4014 4014 3963 3992 4003 4025 4033 4039 4031 4038 4039 4047 4056 4076 4083 4082 4087 4125 4097 4118 4111 4122 4122 4117 4117 4121 4127 4167 4167 4152 4163 4152 4148 4152 4159 4148 4172 4181 4189 4197 4183
-1 -1 -1 -1 -1 -1 -1 3716 3716 -1 -1 -1 -1 -1 -1 -1 -1 -1 -1 -1 -1 -1 -1 -1 -1 -1 -1 -1 -1 -1 -1 -1 -1 -1 -1 -1 -1 -1 -1 -1 -1 -1 -1 -1 -1 -1 -1 -1 3949 3980 4000 3999 4015 4016 4027 4027 4003 3975 3991 4024 4033 4039 4029 4029 4031 4039 4052 4058 4076 4094 4087 4125 4102 4118 4097 4095 4095 4117 4105 4105 4117 4129 4141 4140 4136 4138 4137 4145 4146 4146 4135 4139 4178 4189 4206 4183
-1 -1 -1 -1 -1 -1 3732 3744 -1 3702 3672 -1 -1 -1 -1 -1 -1 -1 -1 -1 -1 -1 -1 -1 -1 -1 -1 -1 -1 -1 -1 -1 -1 -1 -1 -1 -1 -1 -1 -1 -1 -1 -1 -1 -1 -1 -1 -1 -1 3958 3993 3993 3989 3999 4016 4015 3987 4012 4002 4020 4020 4028 4026 4029 4041 4054 4058 4058 4087 4073 4094 4118 4129 4107 4102 4088 4095 4087 4094 4105 4117 4113 4141 4113 4140 4113 4145 4133 4135 4135 4150 4177 4177 4222 4233 4206
-1 -1 -1 -1 -1 3718 3744 3722 3703 -1 -1 -1 -1 -1 -1 -1 -1 -1 -1 -1 -1 -1 -1 -1 -1 -1 -1 -1 -1 -1 -1 -1 -1 -1 -1 -1 -1 -1 -1 -1 -1 -1 -1 -1 -1 -1 -1 -1 -1 -1 3966 3966 3978 3978 4005 3978 3981 4011 4002 4009 3993 4015 4026 4029 4041 4057 4081 4114 4103 4102 4131 4129 4118 4102 4090 4088 4097 4097 4114 4124 4113 4108 4121 4114 4115 4113 4113 4110 4123 4133 4133 4150 4177 4233 4206 4221
-1 -1 -1 -1 3726 3750 3739 3724 3722 3684 -1 -1 -1 -1 -1 -1 -1 -1 -1 -1 -1 -1 -1 -1 -1 -1 -1 -1 -1 -1 -1 -1 -1 -1 -1 -1 -1 -1 -1 -1 -1 -1 -1 -1 -1 -1 -1 -1 -1 -1 3944 3966 3989 3989 4005 -1 3990 4017 4000 4000 4011 4003 4023 4029 4068 4070 4081 4087 4147 4158 4158 4119 4119 4108 4092 4092 4087 4087 4114 4135 4135 4108 4121 4114 4115 4088 4110 4099 4102 4122 4122 4150 4181 4179 4193 4209
-1 -1 -1 -1 3757 3750 3771 3760 3744 3712 -1 -1 -1 -1 -1 -1 -1 -1 -1 -1 -1 -1 -1 -1 -1 -1 -1 -1 -1 -1 -1 -1 3895 -1 -1 -1 -1 -1 -1 -1 -1 -1 -1 -1 -1 -1 -1 -1 -1 -1 -1 -1 -1 3989 3989 3979 4017 4006 3979 4025 4027 4051 4035 4041 4041 4068 4064 4076 4103 4103 4131 4131 4122 4119 4092 4091 4076 4094 4095 4119 4119 4108 4093 4109 4103 4087 4115 4087 4071 4086 4081 4142 4154 4181 4195 4206
-1 -1 -1 -1 3757 3771 3762 3771 3751 3724 -1 -1 -1 -1 -1 -1 -1 -1 -1 -1 -1 -1 -1 -1 -1 -1 -1 -1 -1 -1 -1 -1 3911 3951 3951 -1 -1 -1 -1 -1 -1 -1 -1 -1 -1 -1 -1 -1 -1 -1 -1 3952 -1 -1 3979 4010 4009 3994 3995 4026 4027 4039 4051 4037 4044 4064 4053 4037 4076 4076 4091 4103 4122 4110 4122 4109 4093 4094 4094 4110 4092 4092 4110 4122 4102 4115 4142 4131 4075 4081 4086 4154 4154 4170 4206 4186
-1 -1 -1 -1 3745 3774 3802 3790 3774 3724 -1 -1 -1 -1 -1 -1 -1 -1 -1 -1 -1 -1 -1 -1 -1 -1 -1 -1 -1 -1 -1 -1 3895 3923 3923 3939 3916 -1 -1 -1 -1 -1 -1 -1 -1 -1 -1 -1 -1 -1 -1 -1 3952 -1 -1 3993 4006 4033 4021 4021 4012 4023 4023 4030 4037 4044 4058 4048 4037 4040 4048 4067 4066 4092 4122 4123 4149 4122 4122 4094 4086 4092 4094 4122 4138 4142 4133 4121 4137 4085 4073 4126 4132 4166 4186 4159
-1 -1 3716 -1 -1 3749 3774 3802 3781 3754 -1 -1 -1 -1 -1 -1 -1 -1 -1 -1 -1 -1 -1 -1 -1 -1 -1 -1 -1 -1 -1 -1 -1 -1 -1 3923 3932 3933 -1 -1 -1 -1 -1 -1 -1 -1 -1 -1 -1 -1 -1 -1 -1 -1 3987 4021 4049 4033 4033 3999 4023 4024 4027 4039 4053 4064 4069 4069 4042 4056 4067 4043 4065 4092 4111 4122 4138 4149 4134 4122 4102 4086 4122 4149 4149 4133 4109 4121 4148 4092 4085 4112 4144 4154 4159 4147
-1 -1 3715 -1 -1 3780 3769 3747 3781 3754 -1 -1 -1 -1 -1 -1 -1 -1 -1 3835 3851 3882 -1 -1 -1 -1 -1 -1 -1 -1 -1 -1 -1 -1 3824 -1 3913 -1 3931 3931 -1 -1 -1 -1 -1 -1 -1 -1 -1 -1 -1 -1 -1 -1 4005 4005 4061 4061 4014 3999 4025 4024 4024 4039 4041 4064 4045 4045 4045 4083 4095 4067 4067 4047 4095 4095 4107 4134 4123 4122 4095 4113 4107 4109 4106 4122 4106 4121 4148 4110 4112 4112 4134 4140 4128 4136
-1 -1 -1 -1 -1 3780 -1 3754 -1 -1 -1 -1 -1 -1 -1 -1 -1 -1 -1 3835 3881 -1 -1 -1 -1 -1 -1 -1 -1 -1 -1 -1 -1 -1 -1 -1 -1 -1 -1 3947 3963 -1 -1 -1 -1 -1 -1 -1 -1 -1 -1 -1 -1 3979 4012 4005 3984 3998 3998 4025 4008 4008 4035 4035 4041 4056 4032 4057 4045 4073 4095 4078 4078 4118 4102 4083 4079 4079 4107 4122 4111 4095 4107 4096 4075 4106 4093 4093 4108 4110 4115 4123 4140 4140 4167 4167
-1 -1 -1 -1 -1 3774 3774 -1 -1 -1 -1 -1 -1 -1 -1 -1 -1 -1 -1 3835 3851 -1 3766 -1 -1 -1 -1 -1 -1 -1 -1 -1 -1 -1 -1 -1 3906 -1 -1 3975 3975 3978 3960 -1 -1 -1 -1 -1 -1 -1 -1 3905 -1 -1 -1 4012 3993 3984 3983 3998 3996 3987 3998 4030 4029 4056 4032 4047 4068 4073 4088 4088 4076 4086 4129 4129 4102 4079 4095 4107 4082 4075 4076 4072 4064 4066 4093 4053 4098 4082 4132 4134 4150 4167 4156 4174
-1 -1 -1 3805 -1 -1 -1 -1 -1 -1 -1 -1 -1 -1 -1 -1 -1 3788 3833 3844 3836 3806 -1 -1 -1 -1 -1 -1 -1 -1 -1 -1 -1 -1 -1 -1 -1 -1 -1 -1 3958 3966 3978 3959 -1 -1 -1 -1 -1 -1 -1 -1 -1 -1 3984 4000 3978 3981 3970 4014 4011 3999 3987 4026 4053 4053 4021 4047 4068 4048 4060 4060 4086 4074 4090 4102 4073 4056 4072 4073 4076 4046 4083 4083 4087 4075 4062 4074 4082 4086 4163 4179 4190 4195 4179 4158
-1 -1 -1 -1 3805 -1 -1 3760 3772 -1 -1 -1 -1 -1 -1 -1 -1 3804 3844 3863 3834 3822 3806 3795 -1 -1 -1 -1 -1 -1 -1 -1 -1 -1 -1 -1 -1 -1 -1 -1 -1 -1 3962 3962 -1 -1 -1 -1 -1 -1 -1 -1 -1 -1 4002 3991 -1 3981 3986 4014 4011 3983 3983 3978 4026 4042 4051 4062 4046 4037 4035 4060 4058 4058 4074 4074 4057 4063 4084 4061 4073 4073 4101 4068 4087 4087 4102 4086 4143 4131 4123 4190 4163 4206 4206 4140
-1 -1 -1 -1 3804 -1 -1 -1 3772 -1 -1 -1 -1 -1 -1 -1 -1 -1 3852 3863 3836 3834 3806 3779 -1 -1 -1 -1 -1 -1 -1 -1 -1 -1 -1 -1 -1 -1 -1 -1 -1 -1 -1 3951 -1 -1 -1 -1 -1 -1 -1 -1 -1 -1 4002 3981 -1 -1 4002 3986 3982 3982 -1 3982 4011 4026 4062 4035 4035 4046 4047 4058 4058 4047 4074 4078 4063 4084 4056 4063 4101 4101 4128 4117 4114 4114 4159 4170 4143 4143 4122 4135 4163 4139 4150 4179
-1 -1 -1 -1 3804 -1 -1 -1 -1 -1 -1 -1 -1 -1 -1 -1 -1 -1 3833 3864 3836 3850 3861 3795 -1 -1 -1 -1 -1 -1 -1 -1 -1 -1 -1 -1 -1 -1 -1 -1 3881 -1 -1 3941 3952 -1 -1 -1 -1 -1 -1 -1 -1 3977 3981 3993 -1 -1 3986 -1 -1 -1 4038 4038 4027 4022 4007 4035 4019 4026 4058 4055 4047 4056 4051 4067 4078 4073 4083 4083 4090 4099 4128 4111 4122 4114 4170 4115 4115 4143 4138 4127 4119 4150 4179 4151
-1 -1 -1 -1 3777 3793 -1 -1 -1 3712 -1 -1 -1 -1 -1 -1 3761 -1 3817 3863 3830 3861 3834 3811 3764 -1 -1 -1 -1 -1 -1 -1 -1 -1 -1 -1 -1 -1 -1 -1 -1 -1 -1 3951 3994 3978 -1 -1 -1 -1 -1 -1 -1 -1 4033 3977 -1 -1 -1 -1 -1 3998 3983 4011 3983 4003 4007 4019 4030 4030 4044 4055 4047 4056 4047 4055 4045 4073 4089 4083 4110 4130 4119 4122 4100 4097 4088 4088 4116 4143 4138 4111 4119 4123 4123 4124
-1 -1 -1 -1 3793 3804 -1 -1 -1 -1 -1 -1 -1 -1 -1 -1 3777 3789 3833 3833 3844 3844 3875 3791 3764 -1 -1 -1 -1 -1 -1 -1 -1 -1 -1 -1 -1 -1 -1 -1 -1 -1 -1 -1 3978 4006 -1 -1 -1 -1 -1 -1 -1 4006 4033 -1 -1 -1 -1 -1 -1 -1 3983 4011 3999 3991 4003 4026 4026 4019 4051 4036 4045 4075 4048 4075 4061 4100 4099 4110 4108 4103 4130 4111 4095 4097 4077 4088 4116 4139 4132 4084 4083 4095 4095 4123
-1 -1 -1 -1 3798 3804 -1 -1 -1 -1 3718 -1 -1 -1 -1 -1 3789 3809 3836 3813 3844 3874 3810 3792 3791 -1 -1 -1 -1 -1 -1 -1 -1 -1 -1 -1 -1 -1 -1 -1 3885 -1 -1 -1 -1 3978 4006 3966 -1 -1 -1 -1 -1 4006 4022 -1 -1 -1 -1 -1 -1 -1 -1 -1 3955 3975 3975 3999 4015 4044 4035 4062 4075 4091 4102 4074 4073 4100 4099 4081 4108 4103 4111 4093 4092 4092 4070 4070 4116 4127 4139 4084 4068 4068 4095 4088
-1 -1 -1 -1 -1 3798 -1 -1 -1 -1 3724 3740 3731 -1 -1 -1 3817 3846 3836 3809 3828 3828 3801 3793 3735 -1 -1 -1 -1 -1 -1 -1 -1 -1 -1 -1 -1 -1 -1 -1 -1 -1 -1 -1 -1 -1 -1 3950 -1 -1 -1 -1 -1 4006 -1 -1 -1 -1 -1 -1 -1 -1 -1 -1 -1 3979 3979 3975 4016 4028 4056 4062 4067 4102 4085 4067 4086 4086 4073 4087 4092 4092 4093 4082 4081 4065 4065 4058 4094 4100 4111 4077 4072 4068 4076 4060
-1 -1 -1 -1 -1 3817 -1 -1 -1 3732 3751 3751 3790 3798 -1 3802 3829 3857 3857 3809 3828 3817 3801 3785 3746 3734 -1 -1 -1 3847 3892 3865 -1 3808 3777 -1 3754 -1 -1 -1 -1 -1 -1 -1 -1 -1 -1 -1 -1 -1 -1 -1 3974 -1 3991 -1 -1 -1 -1 -1 -1 -1 -1 -1 -1 3975 3975 4005 4000 4056 4046 4061 4083 4094 4067 4085 4087 4075 4070 4070 4066 4066 4081 4066 4038 4047 4065 4050 4046 4084 4111 4055 4055 4046 4037 4034
-1 -1 -1 -1 3806 3817 -1 -1 -1 3751 3767 3772 3792 3801 3798 3829 3818 3830 3830 3797 3788 3801 3789 3773 -1 3741 3733 -1 3836 3892 3907 3892 3891 3836 3824 3794 -1 -1 -1 -1 -1 -1 -1 -1 -1 -1 -1 -1 -1 -1 -1 -1 -1 -1 -1 -1 -1 -1 -1 -1 -1 -1 -1 -1 -1 -1 -1 3978 4005 4033 4057 4057 4094 4055 4054 4087 4076 4060 4059 4049 4060 4060 4066 4049 4047 4057 4074 4023 4042 4082 4082 4055 4054 4028 4030 4030
-1 -1 -1 -1 3785 3785 -1 -1 3761 3769 3779 3773 3793 3825 3809 3809 3790 3802 3830 3802 3775 3770 3761 3739 3740 3756 3773 3801 3864 3920 3920 3947 3910 3878 3830 3795 3794 3766 -1 -1 -1 -1 -1 -1 -1 -1 -1 -1 -1 -1 3855 -1 -1 -1 -1 -1 -1 -1 -1 -1 -1 -1 -1 -1 -1 -1 -1 -1 4033 4033 4060 4066 4055 4054 4060 4054 4060 4056 4043 4033 4033 4033 4041 4041 4069 4074 4047 -1 4019 4061 4054 4054 4044 4028 4019 4003
-1 -1 -1 -1 -1 3785 -1 -1 3769 3761 3779 3780 3804 3835 3836 3809 3781 3780 3775 3802 3787 3775 3771 3760 3756 3757 3787 3807 3864 3920 3947 3950 3950 3862 3831 -1 3802 3782 -1 -1 -1 -1 -1 -1 -1 -1 -1 -1 -1 -1 -1 -1 -1 -1 -1 -1 -1 -1 -1 -1 -1 -1 -1 -1 -1 3886 3971 3982 4030 4049 4060 4066 4039 -1 4027 4043 4032 4048 4043 4046 4033 4020 -1 4030 4069 4063 4022 -1 4061 4034 4043 4027 4027 -1 -1 3983
-1 -1 -1 -1 -1 -1 -1 -1 3773 3774 3790 3780 3805 3836 3835 3819 3808 3780 3772 3761 3787 3776 3771 3776 3792 3818 3819 3823 3880 3936 3895 3922 3922 3938 3893 3865 -1 -1 -1 -1 -1 -1 -1 -1 -1 -1 -1 -1 -1 -1 -1 -1 -1 -1 -1 -1 -1 -1 -1 -1 -1 -1 -1 -1 -1 -1 -1 3982 4038 4041 4041 4040 -1 4027 4015 4015 4019 4019 4046 4035 4032 4032 -1 4013 4033 4029 -1 -1 4050 4034 4006 4027 4008 -1 -1 3994
