output/arrival.asc
NCOLS 638
NROWS 825
XLLCORNER -2985163.8955
YLLCORNER -3022031.214
CELLSIZE 10000
NODATA_value -1
[rows 165 to 219 of 825, columns 384 to 479 of 638]
3666 3721 3749 3709 3683 3655 3639 3653 3626 3636 3643 3654 -1 3655 -1 -1 -1 -1 -1 3642 3625 3625 3626 3633 3622 3613 3622 3622 3595 3584 3563 3535 3537 3532 3532 3545 3556 3559 3531 3523 3523 3524 3523 3535 3535 -1 -1 -1 -1 -1 -1 -1 -1 -1 -1 -1 -1 -1 -1 -1 -1 -1 -1 -1 -1 -1 -1 -1 -1 -1 -1 -1 -1 -1 -1 -1 -1 -1 -1 -1 -1 -1 -1 -1 -1 -1 -1 -1 -1 -1 -1 -1 -1 -1 -1 -1
3721 3749 3737 3718 3680 3671 3661 3650 3653 3664 3657 3654 3661 3655 -1 -1 -1 -1 -1 -1 3677 3632 3633 3634 3625 3641 3641 3612 3612 3595 3564 3551 3535 3539 3560 3548 3556 3547 3559 3519 3517 3522 3522 3524 3523 3513 -1 -1 -1 -1 -1 -1 -1 -1 -1 -1 -1 -1 -1 -1 -1 -1 -1 -1 -1 -1 -1 -1 -1 -1 -1 -1 -1 -1 -1 -1 -1 -1 -1 -1 -1 -1 -1 -1 -1 -1 -1 -1 -1 -1 -1 -1 -1 -1 -1 -1
3679 3689 3721 3701 3687 3676 3655 3661 3664 3668 3657 3668 3661 3672 3672 -1 -1 3693 3665 3688 3688 3658 3646 3637 3634 3629 3628 3613 3600 3580 3570 3567 3550 3539 3549 3560 3532 3544 3545 3543 3543 3523 3552 3524 3540 3501 -1 -1 -1 -1 -1 -1 -1 -1 -1 -1 -1 -1 -1 -1 -1 -1 -1 -1 -1 -1 -1 -1 -1 -1 -1 -1 -1 -1 -1 -1 -1 -1 -1 -1 -1 -1 -1 -1 -1 -1 -1 -1 -1 -1 -1 -1 -1 -1 -1 -1
3673 3673 3673 3673 3687 3679 3664 3664 3669 3656 3668 3668 3678 3694 3706 -1 -1 3681 3693 3661 3646 3658 3658 3646 3637 3628 3617 3613 3602 3570 3561 3567 3548 3527 3549 3537 3533 3533 3544 3532 3525 3539 3551 3552 3521 3510 -1 -1 -1 -1 -1 -1 -1 -1 -1 -1 -1 -1 -1 -1 -1 -1 -1 -1 -1 -1 -1 -1 -1 -1 -1 -1 -1 -1 -1 -1 -1 -1 -1 -1 -1 -1 -1 -1 -1 -1 -1 -1 -1 -1 -1 -1 -1 -1 -1 -1
3677 3662 3690 3690 3707 3691 3719 3709 3698 3685 3677 3677 3689 3706 3688 -1 3672 3672 3672 3662 3657 3658 3658 3674 3645 3630 3614 3609 3600 3593 3584 3560 3560 3522 3521 3521 3517 3522 3544 3535 3525 3551 3554 3561 3549 3533 -1 -1 -1 -1 -1 -1 -1 3450 -1 -1 -1 -1 -1 -1 -1 -1 -1 -1 -1 -1 -1 -1 -1 -1 -1 -1 -1 -1 -1 -1 -1 -1 -1 -1 -1 -1 -1 -1 -1 -1 -1 -1 -1 -1 -1 -1 -1 -1 -1 -1
3733 3717 3690 3692 3708 3719 3747 3735 3706 3696 3696 3700 3700 3728 -1 -1 3682 3728 3697 3660 3643 3670 3685 3685 3657 3641 3614 3614 3620 3611 3588 3577 3549 3538 3513 3521 3517 3521 3512 3531 3535 3547 3566 3566 3565 -1 -1 -1 -1 -1 3481 3496 3485 3470 3454 -1 -1 3372 -1 -1 -1 -1 -1 -1 -1 -1 -1 -1 -1 -1 -1 -1 -1 -1 -1 -1 -1 -1 -1 -1 -1 -1 -1 -1 -1 -1 -1 -1 -1 -1 -1 -1 -1 -1 -1 -1
3717 3745 3692 3692 3720 3775 3775 3744 3712 3706 3720 3720 3728 3700 3697 3701 3728 3682 3704 3664 3691 3713 3713 3684 3669 3657 3641 3648 3620 3620 3595 3593 3577 3549 3549 3521 3514 3519 3512 3563 3552 3579 3581 3593 3593 -1 -1 -1 -1 3504 3504 3498 3496 3481 3454 3459 3432 -1 3394 3376 -1 -1 -1 -1 -1 -1 -1 -1 -1 -1 -1 -1 -1 -1 -1 -1 -1 -1 -1 -1 -1 -1 -1 -1 -1 -1 -1 -1 -1 -1 -1 -1 -1 -1 -1 -1
3700 3717 3745 3720 3763 3747 3741 3768 3740 3730 3728 3709 3716 3735 3704 3717 3701 3676 3704 3665 3691 3685 3740 3713 3684 3669 3648 3646 3636 3619 3619 3604 3577 3549 3549 3537 3519 3539 3591 3563 3563 3603 3610 3599 -1 -1 -1 -1 3492 3509 3509 3482 3482 3481 3470 3459 3448 3427 3403 3383 3384 -1 -1 -1 -1 -1 -1 -1 -1 -1 -1 -1 -1 -1 -1 -1 -1 -1 -1 -1 -1 -1 -1 -1 -1 -1 -1 -1 -1 -1 -1 -1 -1 -1 -1 -1
3700 3727 3715 3733 3757 3768 3747 3768 3761 3728 3717 3724 3735 3720 3704 3701 3676 3673 3692 3676 3664 3700 3729 3740 3709 3697 3644 3644 3646 3619 3606 3604 3595 3579 3547 3563 3547 3551 3591 3591 3630 3619 3583 3610 -1 -1 -1 3533 3517 3521 3510 3497 3509 3497 3470 3458 3454 3427 3403 3392 3387 3377 3377 3377 3373 -1 -1 -1 -1 -1 -1 -1 -1 -1 -1 -1 -1 -1 -1 -1 -1 -1 -1 -1 -1 -1 -1 -1 -1 -1 -1 -1 -1 -1 -1 -1
3727 3743 3755 3764 3752 3752 3768 3761 3756 3736 3736 3696 3708 3708 3732 3732 3692 3668 3669 3676 3669 3697 3712 3712 3709 3681 3670 3638 3635 3642 3629 3615 3606 3590 3574 3574 3602 3592 3607 3647 3630 3603 3603 -1 -1 -1 3544 3572 3572 3521 3525 3517 3509 3497 3470 3483 3454 3443 3399 3402 3387 3393 3430 3441 3385 -1 -1 -1 -1 -1 -1 -1 -1 -1 -1 -1 -1 -1 -1 -1 -1 -1 -1 -1 -1 -1 -1 -1 -1 -1 -1 -1 -1 -1 -1 -1
3734 3755 3764 3753 3732 3724 3740 3749 3733 3733 3709 3696 3696 3708 3676 3676 3670 3675 3669 3669 3697 3724 3693 3684 3709 3681 3678 3669 3665 3654 3642 3630 3608 3602 3607 3629 3629 3628 3644 3647 3635 3619 -1 -1 -1 -1 3572 3544 3599 3532 3561 3572 3517 3506 3494 3482 3466 3439 3415 3413 3413 3404 3414 3441 3414 3385 3362 3362 -1 3362 3373 -1 -1 -1 -1 -1 -1 -1 -1 -1 -1 -1 -1 -1 -1 -1 -1 -1 -1 -1 -1 -1 -1 -1 -1 -1
3748 3750 3759 3759 3732 3701 3684 3712 3706 3706 3690 3690 3676 3676 3676 3668 3675 3670 3697 3670 3724 3697 3684 3684 3674 3681 3678 3658 3669 3665 3638 3617 3608 3607 3629 3634 3657 3673 3684 3657 3629 3619 -1 -1 3587 3560 3560 3599 3588 3542 3572 3545 3545 3510 3521 3494 3466 3466 3416 3419 3403 3414 3402 3403 3385 3380 3417 3428 3379 3373 3352 3363 3332 -1 -1 -1 -1 -1 -1 -1 -1 -1 -1 -1 -1 -1 -1 -1 -1 -1 -1 -1 -1 -1 -1 -1
3790 3759 3747 3733 3716 3711 3707 3712 3706 3685 3674 3679 3667 3667 3668 3663 3668 3668 3686 3697 3675 3713 3657 3673 3663 3651 3667 3651 3642 3642 3648 3620 3607 3613 3634 3657 3657 3684 3657 3629 3602 -1 -1 3575 3587 3587 3568 3559 3562 3546 3542 3533 3517 3545 3521 3494 3468 3441 3441 3430 3430 3419 3403 3396 3407 3380 3428 3401 3401 3361 3363 3336 3328 3328 -1 -1 -1 -1 -1 -1 -1 -1 -1 -1 -1 -1 -1 -1 -1 -1 -1 -1 -1 -1 -1 -1
3779 3734 3733 3733 3722 3722 3707 3695 3685 3674 3658 3657 3659 3659 3657 3658 3658 3668 3657 3648 3657 3664 3645 3657 3625 3611 3651 3642 3623 3614 3626 3648 3636 3627 3617 3615 3601 3616 3629 3602 -1 -1 3572 3560 3615 3615 3603 3579 3573 3573 3573 3531 3531 3542 3523 3496 3468 3457 3453 3484 3431 3431 3403 3407 3372 3380 3393 3389 3401 3373 3363 3391 3373 3326 -1 3345 -1 -1 -1 -1 -1 -1 -1 -1 -1 -1 -1 -1 -1 -1 -1 -1 -1 -1 -1 -1
3761 3789 3789 3749 3733 3699 3690 3679 3655 3644 3630 3657 3658 3658 3630 3647 3661 3661 3668 3636 3628 3619 3639 3625 3614 3592 3598 3598 3588 3595 3598 3620 3609 3599 3627 -1 3598 -1 -1 3571 -1 3584 3556 3559 3575 3567 3551 3571 3571 3601 3601 3571 3542 3523 3512 3496 3496 3464 3437 3472 3484 3429 3429 3397 3372 3404 3404 3404 3385 3371 3391 3385 3379 3357 3345 3353 -1 3359 -1 -1 -1 -1 -1 -1 -1 -1 -1 -1 -1 -1 -1 -1 -1 -1 -1 -1
3777 3761 3761 3733 3719 3730 3703 3679 3655 3650 3630 3631 3631 3647 3627 3634 3650 3636 3638 3637 3612 3639 3619 3625 -1 3598 -1 -1 -1 3568 3595 3620 -1 -1 3654 3654 -1 -1 -1 3570 3584 3581 3576 3536 3564 3575 3544 3543 3559 3589 3598 3598 3542 3538 3526 3510 3492 3480 3464 3456 3456 3429 3421 3398 3435 3426 3442 3432 3402 3381 3402 3385 3357 3353 3369 3353 3386 3370 3350 -1 -1 -1 -1 -1 -1 -1 -1 -1 -1 -1 -1 -1 -1 -1 -1 -1
3740 3734 3734 3706 3730 3703 3675 3660 3651 3623 3618 3630 3631 3600 3601 3612 3636 3641 3641 3638 3627 3620 3620 -1 3598 -1 3571 3548 3568 -1 -1 3588 3588 3627 3643 -1 -1 3519 3539 3554 3581 3576 3565 3541 3548 3544 3548 3548 3536 3571 3571 3587 3565 3538 3510 3509 3508 3492 3464 3431 3456 3448 3437 3447 3463 3475 3453 3432 3413 3402 3429 3373 3362 3381 3381 3397 3397 3362 3348 -1 -1 -1 -1 -1 -1 -1 -1 -1 -1 -1 -1 -1 -1 -1 -1 -1
3713 3729 3734 3691 3703 3675 3649 3648 3623 3620 3614 3598 3599 3597 3597 3628 3640 3640 3631 3627 3616 3609 3609 3597 3587 3571 3552 3548 3575 3564 3561 3588 3577 3582 3593 -1 -1 3519 3528 3523 3554 3554 3549 3530 3533 3548 3520 3520 3493 3512 3543 3543 3554 3565 3538 3488 3519 3519 3476 3460 3477 3478 3448 3448 3475 3480 3469 3453 3439 3437 3429 3373 3373 3356 3357 3389 3389 3370 3358 3315 3303 -1 -1 3280 3259 -1 -1 -1 -1 -1 -1 -1 -1 -1 -1 -1
3706 3731 3731 3675 3666 3666 3648 3648 3620 3596 3598 3598 3601 3602 3598 3612 3620 3631 3630 3625 3609 3598 3591 3597 3570 3552 3553 3570 3564 3575 3549 3561 3550 3566 -1 -1 3542 3538 3529 3522 3526 3515 3526 3537 3530 3519 3519 3511 3492 3524 3543 3552 3547 3547 3522 3480 3492 3463 3460 3461 3447 3431 3448 3448 3480 3496 3496 3468 3465 3439 3413 3368 3386 3374 3356 3378 3370 3362 3342 3302 3287 -1 3291 3291 -1 -1 -1 -1 -1 -1 -1 -1 -1 -1 -1 -1
3694 3703 3719 3693 3638 3654 3615 3616 3596 3571 3587 3601 3602 3629 3630 3599 3604 3630 3625 3614 3593 3591 3580 3578 3567 3542 3570 3564 3567 3567 3548 3575 3550 3564 3563 3551 3542 3569 3522 3512 3504 3526 3537 3525 3514 3518 3511 3500 3492 3513 3524 3552 3524 3535 3491 3480 3469 3462 3461 3450 3431 3420 3412 3449 3468 3468 3457 3484 3476 3465 3425 3398 3386 3370 3370 3353 3342 3342 3315 -1 -1 -1 3298 3287 3271 -1 -1 -1 -1 -1 -1 -1 -1 -1 -1 -1
3692 3694 3703 3682 3625 3595 3595 3593 3583 3543 3576 3588 3629 3630 3618 3622 3603 3619 3625 3614 3585 3565 3578 3567 3556 3542 3558 3559 3555 3557 3585 3550 3592 3604 3548 3569 3569 3558 3522 3510 3509 3509 3515 3514 3503 3492 3510 3484 3483 3502 3502 3497 3496 3492 3491 3491 3489 3462 3450 3444 3430 3430 3421 3428 3441 3441 3413 3425 3436 3476 3453 3425 3398 3370 3343 3326 3321 3316 3300 3297 -1 3298 3271 3271 3296 3296 -1 -1 -1 -1 -1 -1 -1 -1 -1 -1
3672 3672 3671 3672 3640 3589 3593 3584 3582 3543 3542 3560 3601 3617 3602 3622 3611 3603 3625 3598 3569 3561 3565 3567 3542 3531 3571 3571 3543 3557 3612 3601 3604 3576 3565 3597 3597 3542 3520 3520 3511 3510 3515 3487 3492 3486 3483 3510 3499 3491 3491 3485 3492 3481 3465 3480 3489 3449 3445 3424 3419 3421 3410 3399 3413 3441 3413 3413 3449 3453 3449 3425 3398 3382 3348 3337 3328 3316 3299 3300 3304 3297 -1 -1 3268 3312 3323 3332 3305 -1 -1 -1 -1 -1 -1 -1
3661 3662 3662 3671 3625 3573 3573 3537 3518 3533 3533 3533 3560 3555 3569 3595 3603 3602 3602 3597 3579 3576 3572 3554 3531 3518 3543 3543 3530 3557 3585 3612 3603 3576 3576 3585 3557 3517 3506 3511 3510 3505 3485 3485 3486 3481 3474 3483 3483 3490 3489 3482 3482 3461 3453 3478 3462 3443 3424 3418 3418 3394 3397 3442 3388 3414 3387 3371 3409 3449 3437 3421 3394 3366 3348 3340 3340 3338 3331 3320 3313 3304 -1 -1 -1 3296 3323 3332 3305 -1 -1 -1 -1 -1 -1 -1
3651 3650 3651 3631 3600 3573 3545 3518 3507 3505 3505 3517 3517 3544 3567 3575 3583 3590 3597 3585 3576 3572 3545 3531 3529 3503 3516 3516 3540 3567 3585 3591 3603 3575 3569 3551 3545 3517 3517 3500 3504 3499 3478 3497 3508 3481 3481 3490 3483 3494 3470 3463 3454 3446 3437 3427 3432 3432 3413 3397 3407 3397 3408 3405 3442 3414 3403 3397 3386 3390 3398 3421 3394 3366 3366 3349 3349 3335 3331 3348 3329 3301 -1 -1 -1 3294 3305 3321 -1 -1 -1 -1 -1 -1 -1 -1
3620 3604 -1 -1 3589 3545 3545 3491 3505 3489 3489 3489 3517 3523 3542 3542 3568 3575 3575 3569 3569 3565 3561 3530 3529 3507 3516 3520 3548 3540 3567 3575 3572 3569 3551 3545 3540 3498 3490 3491 3491 3482 3481 3493 3508 3469 3490 3478 3466 3494 3482 3466 3447 3437 3435 3427 3424 3424 3404 3396 3396 3408 3413 3436 3469 3458 3414 3397 3385 3381 3381 3398 3386 3372 3361 3346 3346 3335 3364 3375 3320 3285 -1 -1 -1 3275 3283 -1 -1 -1 -1 -1 -1 -1 -1 -1
-1 -1 -1 -1 3555 3539 -1 3476 3489 3505 -1 3505 3490 3517 3523 3542 3548 3548 3548 3556 3558 3525 3530 3522 3522 3507 3495 3509 3520 3548 3575 3556 3561 3545 3519 3519 3508 3490 3485 3512 3482 3454 3470 3480 3493 3468 3462 3462 3453 3447 3466 3447 3436 3432 3426 3414 3413 3414 3387 3368 3384 3424 3436 3469 3497 3442 3402 3374 3380 3370 3389 3397 3397 3381 3372 3351 3346 3373 3375 3348 3313 -1 -1 -1 3302 -1 -1 -1 -1 3334 -1 -1 -1 -1 -1 -1
-1 -1 -1 -1 3567 3567 -1 -1 -1 -1 3505 -1 3516 3517 3516 3528 3540 3540 3533 3556 3545 3524 3524 3519 3511 3491 3486 3493 3520 3507 3548 3564 3533 3512 3519 3500 3492 3485 3512 3477 3472 3458 3465 3461 3480 3462 3440 3447 3447 3455 3450 3439 3432 3426 3421 3398 3371 3414 3374 3368 3369 3408 3436 3485 3497 3469 3391 3396 3380 3380 3368 3389 3390 3421 3409 3408 3364 3392 3362 3348 3320 3295 -1 3313 3302 3293 3304 -1 3334 -1 -1 -1 -1 -1 -1 -1
-1 -1 -1 -1 -1 -1 -1 -1 -1 -1 -1 -1 -1 3516 3506 3516 3521 3533 3541 3541 3539 3508 3512 3511 3500 3484 3506 3522 3533 3492 3508 3517 3503 3495 3512 3484 3479 3490 3501 3456 3469 3476 3476 3456 3468 3452 3436 3439 3439 3439 3430 3450 3424 3424 3398 3371 3371 3403 3387 3400 3389 3345 3385 3452 3463 3441 3452 3436 3407 3380 3378 3362 3393 3393 3421 3420 3420 3365 3333 3308 3313 3320 3313 3302 -1 3291 3304 -1 3302 -1 -1 -1 -1 -1 -1 -1
-1 -1 -1 -1 -1 -1 -1 -1 -1 -1 -1 -1 -1 -1 3489 3510 3505 3521 3530 3539 3528 3499 3491 3484 3484 3478 3494 3506 3490 3533 3477 3484 3484 3484 3506 3479 3473 3463 3490 3462 3445 3469 3456 3457 3456 3424 3428 3448 3432 3412 3419 3418 3418 3413 3397 3386 3402 3387 3373 3400 3345 3369 3412 3423 3439 3439 3463 3463 3436 3407 3380 3340 3375 3393 3382 3392 3392 3339 3353 3310 3304 3325 3325 3286 -1 -1 -1 -1 -1 -1 -1 -1 -1 -1 -1 -1
-1 -1 -1 -1 -1 -1 -1 -1 3595 -1 -1 -1 -1 -1 -1 -1 -1 3490 3512 3518 3518 3491 3480 3480 3456 3478 3505 3505 3507 3496 3502 3476 3484 3482 3473 3506 3467 3450 3462 3435 3437 3459 3438 3459 3448 3438 3447 3443 3443 3412 3401 3407 3396 3418 3368 3386 3413 3413 3371 3373 3373 3373 3400 3411 3411 3411 3424 3436 3408 3380 3367 3338 3366 3366 3367 3367 3370 3365 3337 3304 3298 3331 3297 3304 3303 3314 3310 3299 -1 -1 -1 -1 -1 -1 -1 -1
-1 -1 -1 -1 -1 -1 -1 -1 3620 3591 3501 -1 -1 -1 -1 -1 -1 -1 -1 -1 3490 3463 3479 3469 3449 3450 3478 3480 3480 3507 3476 3501 3482 3471 3466 3461 3461 3434 3434 3435 3460 3429 3432 3459 3438 3420 3458 3431 3431 3411 3367 3368 3376 3396 3356 3386 3386 3387 3357 3371 3345 3357 3391 3407 3419 3391 3411 3408 3381 3353 3346 3338 3326 3366 3353 3370 3397 3370 3337 3337 3356 3372 3332 3332 -1 3321 3314 3310 -1 -1 -1 -1 -1 -1 -1 3302
-1 -1 -1 -1 -1 -1 -1 3660 3629 3604 -1 -1 -1 -1 -1 -1 -1 -1 -1 -1 -1 -1 3425 3425 3423 3450 3452 3480 3486 3509 3490 3501 3463 3474 3459 3448 3432 3432 3435 3407 3423 3425 3441 3455 3444 3447 3458 3431 3403 3369 3345 3376 3368 3349 3346 3374 3358 3347 3398 3398 3345 3351 3380 3391 3419 3390 3408 3381 -1 -1 3316 3324 3338 3344 3353 3386 3397 3383 3372 3357 3383 3356 3343 3343 3315 3321 3310 -1 -1 -1 -1 -1 -1 3334 3334 3328
-1 -1 -1 -1 -1 -1 3660 3648 3604 3576 -1 -1 -1 -1 -1 -1 -1 -1 -1 -1 -1 -1 -1 -1 3423 3438 3450 3470 3486 3516 3540 3513 3474 3471 3460 3459 3436 3436 3404 3407 3425 3397 3452 3452 3455 3428 3407 3403 3400 3376 3338 3357 3341 -1 -1 3336 3336 3371 3342 3358 3342 -1 3364 3383 3371 3362 3390 3381 -1 -1 3324 3326 3326 3333 3344 3342 3356 3383 3385 3386 3358 3383 3356 3343 3331 3293 3298 -1 3306 3306 -1 -1 -1 3335 3329 3328
-1 -1 -1 -1 -1 3632 3632 -1 -1 -1 -1 -1 -1 -1 -1 -1 -1 -1 -1 -1 -1 -1 -1 -1 -1 -1 3438 3459 3470 3517 3529 3540 3479 3471 3463 3463 3436 3403 3403 3397 3413 3425 3419 3428 3428 3416 3403 3400 3376 3373 3324 3341 -1 -1 -1 -1 3326 -1 -1 -1 -1 3328 3355 3355 -1 3328 -1 -1 -1 -1 -1 -1 -1 -1 3312 3328 3356 3373 3385 3386 3359 3358 3352 3325 3346 3330 -1 -1 -1 3352 3296 -1 3335 3329 3326 3326
-1 -1 -1 -1 -1 -1 -1 -1 -1 -1 -1 -1 -1 -1 -1 -1 -1 -1 -1 -1 -1 -1 -1 -1 -1 -1 -1 -1 -1 3513 3513 3514 3463 3490 3490 3452 3423 3408 3408 3386 3397 3410 3410 3407 3396 3396 3389 3373 3373 -1 -1 -1 -1 -1 -1 -1 -1 -1 -1 -1 3292 3328 3328 -1 -1 -1 -1 -1 -1 -1 -1 -1 -1 -1 3305 3309 3328 3356 3356 3359 3375 3359 3328 3321 3357 3357 3330 -1 3364 3336 3301 3323 3317 3357 3346 3315
-1 -1 -1 -1 -1 -1 -1 -1 -1 -1 -1 -1 -1 -1 -1 -1 -1 -1 -1 -1 -1 -1 -1 -1 -1 -1 -1 -1 -1 3487 3514 3503 3487 3463 3450 3434 3434 3403 3397 3377 3378 3385 3398 3387 3396 3385 3369 3345 -1 -1 -1 -1 -1 -1 -1 -1 -1 -1 -1 -1 3272 3300 -1 -1 -1 -1 -1 -1 -1 -1 -1 -1 -1 -1 3297 3305 3333 3360 3345 3356 3349 3338 3341 3333 3330 -1 -1 3364 3336 3336 3309 3281 -1 3357 3330 3330
-1 -1 -1 -1 -1 -1 -1 -1 -1 -1 -1 -1 -1 -1 -1 -1 -1 -1 -1 -1 -1 -1 -1 -1 -1 -1 -1 -1 -1 -1 3483 3487 3463 3435 3435 3435 3407 3378 3350 3355 3386 3346 3355 3356 3341 3352 3341 -1 -1 -1 -1 -1 -1 -1 -1 -1 -1 -1 -1 -1 -1 -1 -1 -1 -1 -1 -1 -1 -1 -1 -1 3332 -1 -1 3299 3305 3333 3349 3360 3356 3349 3352 3344 3344 3330 3319 3308 3308 3324 3299 3309 3297 -1 -1 3330 3302
-1 -1 -1 -1 -1 -1 -1 -1 -1 -1 -1 -1 -1 -1 -1 -1 -1 -1 -1 -1 -1 -1 -1 -1 -1 -1 -1 -1 -1 -1 -1 3459 3459 3432 3420 3408 3372 3354 3370 3349 3325 3329 3337 3337 3353 3364 3355 3366 3339 -1 -1 -1 -1 -1 -1 -1 -1 -1 -1 -1 -1 -1 -1 -1 -1 -1 -1 -1 -1 -1 -1 -1 3343 -1 -1 3308 3333 3321 3384 3372 3356 3350 3352 3359 3319 3330 3303 3308 3285 3288 3281 3269 -1 -1 -1 -1
-1 -1 -1 -1 -1 -1 -1 -1 -1 -1 -1 -1 -1 -1 -1 -1 -1 -1 -1 -1 -1 -1 -1 -1 -1 -1 -1 -1 -1 -1 3434 3462 3459 3378 3356 3345 3325 3354 3381 3381 3356 3336 3364 -1 3364 3337 3366 3339 -1 -1 -1 -1 -1 -1 -1 -1 -1 -1 -1 -1 -1 -1 -1 -1 -1 -1 -1 -1 -1 -1 -1 3316 3343 3316 3288 3308 3324 3352 3356 3384 3362 3362 3331 3359 3347 3331 3303 3303 3288 3288 3281 3253 -1 -1 -1 -1
-1 -1 -1 -1 -1 -1 -1 -1 -1 -1 -1 -1 -1 -1 -1 -1 -1 -1 -1 -1 -1 -1 -1 -1 -1 -1 -1 -1 -1 -1 3462 3434 3434 3394 3348 -1 3326 3357 3354 3346 3356 3361 3392 3392 3380 3335 -1 3324 -1 -1 -1 -1 -1 -1 -1 -1 -1 -1 -1 -1 -1 -1 -1 -1 -1 -1 -1 -1 -1 -1 -1 -1 3310 3304 3316 3317 3364 3364 3362 3362 3344 3334 3328 3316 3331 3304 3304 3275 3278 3261 3243 -1 -1 -1 -1 -1
-1 -1 -1 -1 -1 -1 -1 -1 -1 -1 -1 -1 -1 -1 -1 -1 -1 -1 -1 -1 -1 -1 -1 -1 -1 -1 -1 -1 -1 3404 3450 3407 3407 3397 3356 -1 -1 3326 3357 3342 3345 3352 3336 3336 -1 -1 -1 3312 -1 -1 -1 -1 -1 -1 -1 -1 -1 -1 -1 -1 -1 -1 -1 -1 -1 -1 -1 -1 -1 -1 -1 -1 -1 3285 3285 3327 3336 3336 3336 3335 3306 3302 3317 3327 3316 3304 3282 3267 3278 3251 3242 -1 -1 -1 -1 -1
-1 -1 -1 -1 -1 -1 -1 -1 -1 -1 -1 -1 -1 -1 -1 -1 -1 -1 -1 -1 -1 -1 -1 -1 -1 -1 -1 -1 -1 3431 3407 -1 3409 3409 3367 3340 -1 3330 3330 3330 -1 -1 3324 3308 -1 -1 -1 -1 -1 -1 -1 -1 -1 -1 -1 -1 -1 -1 -1 -1 -1 -1 -1 -1 -1 -1 -1 -1 -1 -1 -1 -1 -1 -1 3299 3327 3333 3333 3325 3305 3306 3302 3299 3316 3327 3322 3301 3295 3295 3264 3239 -1 -1 -1 -1 -1
-1 -1 -1 -1 -1 -1 -1 -1 -1 -1 -1 -1 -1 -1 -1 -1 -1 -1 -1 -1 -1 -1 -1 -1 -1 -1 -1 -1 -1 3404 3431 3391 3381 3385 3367 3370 3345 3342 -1 -1 3306 -1 -1 3222 -1 -1 -1 -1 -1 -1 -1 -1 -1 -1 -1 -1 -1 -1 -1 -1 -1 -1 -1 -1 -1 -1 -1 -1 -1 -1 -1 -1 -1 3296 3296 3306 3315 3322 3302 3286 3297 3297 3299 3300 3312 3312 3322 3295 3267 3249 3276 -1 -1 -1 -1 -1
-1 -1 -1 -1 -1 -1 -1 -1 -1 -1 -1 -1 -1 -1 -1 -1 -1 -1 -1 -1 -1 -1 -1 -1 -1 -1 -1 -1 -1 -1 3375 3400 3373 3385 3373 3370 3370 3345 -1 -1 -1 3298 -1 -1 -1 -1 -1 -1 -1 -1 -1 -1 -1 -1 -1 -1 -1 -1 -1 -1 -1 -1 -1 -1 -1 -1 -1 -1 -1 -1 -1 -1 -1 -1 3285 3280 3299 3283 3282 3274 3282 3286 3297 3305 3316 3327 3311 3267 3267 3249 3276 3255 -1 -1 -1 -1
-1 -1 -1 -1 -1 -1 -1 -1 -1 -1 -1 -1 -1 -1 -1 -1 -1 -1 -1 -1 -1 -1 -1 -1 -1 -1 -1 -1 -1 -1 3400 3389 3373 3376 3386 3397 3372 -1 -1 -1 -1 -1 -1 -1 -1 -1 -1 -1 -1 -1 -1 -1 -1 -1 -1 -1 -1 -1 -1 -1 -1 -1 -1 -1 -1 -1 -1 -1 -1 -1 -1 -1 -1 -1 -1 3279 3249 3255 3274 3282 3282 3284 3297 3305 3327 3327 3300 -1 -1 3249 3265 -1 -1 -1 -1 -1
-1 -1 -1 -1 -1 -1 -1 -1 -1 -1 -1 -1 -1 -1 -1 -1 -1 -1 -1 -1 -1 -1 -1 -1 -1 -1 -1 -1 -1 -1 3351 3378 3376 3376 3397 3372 -1 -1 -1 -1 -1 -1 -1 -1 -1 -1 -1 -1 -1 -1 -1 -1 -1 -1 -1 -1 -1 -1 -1 -1 -1 -1 -1 -1 -1 -1 -1 -1 -1 -1 -1 -1 -1 -1 -1 -1 -1 -1 3263 3271 3278 3284 3294 3299 3316 3327 -1 -1 3217 3224 3218 -1 -1 -1 -1 -1
-1 -1 -1 -1 -1 -1 -1 -1 -1 -1 -1 -1 -1 -1 -1 -1 -1 -1 -1 -1 -1 -1 -1 -1 -1 -1 -1 -1 -1 -1 -1 3378 3351 3403 3392 3362 -1 -1 -1 -1 -1 -1 -1 -1 -1 3308 3319 -1 -1 -1 -1 -1 -1 -1 -1 -1 -1 -1 -1 -1 -1 -1 -1 -1 -1 -1 -1 -1 -1 -1 -1 -1 -1 -1 -1 -1 -1 -1 -1 3251 3267 3278 3287 3299 3300 3300 -1 -1 -1 -1 -1 -1 -1 -1 -1 -1
-1 -1 -1 -1 -1 -1 -1 -1 -1 -1 -1 -1 -1 -1 -1 -1 -1 -1 -1 -1 -1 -1 -1 -1 -1 -1 -1 -1 -1 -1 -1 3348 3350 3403 3389 3378 3334 -1 -1 -1 -1 -1 -1 3322 3322 -1 3319 -1 -1 -1 -1 -1 -1 -1 -1 -1 -1 -1 -1 -1 -1 -1 -1 -1 -1 -1 -1 -1 -1 -1 -1 -1 -1 -1 -1 -1 -1 -1 -1 -1 3266 3267 3271 3297 3300 -1 -1 -1 -1 -1 -1 -1 -1 -1 -1 -1
-1 -1 -1 -1 -1 -1 -1 -1 -1 -1 -1 -1 -1 -1 -1 -1 -1 -1 -1 -1 -1 -1 -1 -1 -1 -1 -1 -1 -1 -1 -1 -1 3363 3370 3425 3389 3372 -1 -1 -1 -1 -1 -1 3338 3350 -1 -1 -1 -1 -1 -1 -1 -1 -1 -1 -1 -1 -1 -1 -1 -1 -1 -1 -1 -1 -1 -1 -1 -1 -1 -1 -1 -1 -1 -1 -1 -1 -1 -1 -1 -1 3255 3266 3286 3297 -1 -1 -1 -1 -1 -1 -1 -1 -1 -1 -1
-1 -1 -1 -1 -1 -1 -1 -1 -1 -1 -1 -1 -1 -1 -1 -1 -1 -1 -1 -1 -1 -1 -1 -1 -1 -1 -1 -1 -1 -1 -1 -1 3395 3397 3452 3425 3372 -1 -1 -1 -1 -1 3302 3322 3350 -1 3318 -1 -1 -1 -1 -1 -1 -1 -1 -1 -1 -1 -1 -1 -1 -1 -1 -1 -1 -1 -1 -1 -1 -1 -1 -1 -1 -1 -1 -1 -1 -1 -1 -1 -1 -1 -1 -1 3270 3270 -1 -1 -1 -1 -1 -1 -1 -1 -1 -1
3633 -1 -1 -1 -1 -1 -1 -1 -1 -1 -1 -1 -1 -1 -1 -1 -1 -1 -1 -1 -1 -1 -1 -1 -1 -1 -1 -1 -1 -1 -1 -1 3407 3407 3452 3441 3425 3373 3348 -1 -1 -1 -1 -1 -1 3318 -1 -1 -1 -1 -1 -1 -1 -1 -1 -1 -1 -1 -1 -1 -1 -1 -1 -1 -1 -1 -1 -1 -1 -1 -1 -1 -1 -1 -1 -1 -1 -1 -1 -1 -1 -1 -1 -1 -1 -1 -1 -1 -1 -1 -1 -1 -1 -1 -1 -1
3622 -1 -1 -1 -1 -1 -1 -1 -1 -1 -1 -1 -1 -1 -1 -1 -1 -1 -1 -1 -1 -1 -1 -1 -1 -1 -1 -1 -1 -1 -1 -1 3379 3412 3421 3408 3400 3376 3373 3345 3314 -1 -1 -1 -1 -1 -1 -1 -1 -1 -1 -1 -1 -1 -1 -1 -1 -1 -1 -1 -1 -1 -1 -1 -1 -1 -1 -1 -1 -1 -1 -1 -1 -1 -1 -1 -1 -1 -1 -1 -1 -1 -1 -1 -1 -1 -1 -1 -1 -1 -1 -1 -1 -1 -1 -1
3633 3606 -1 -1 -1 -1 -1 -1 -1 -1 -1 -1 -1 -1 -1 -1 -1 -1 -1 -1 -1 -1 -1 -1 -1 -1 -1 -1 -1 -1 -1 -1 3375 3402 3408 3400 3396 3389 3376 3345 3341 3314 3309 3325 3321 -1 -1 -1 -1 -1 -1 -1 -1 -1 -1 -1 -1 -1 -1 -1 -1 -1 -1 -1 -1 -1 -1 -1 -1 -1 -1 -1 -1 -1 -1 -1 -1 -1 -1 -1 -1 -1 -1 -1 -1 -1 -1 -1 -1 -1 -1 -1 -1 -1 -1 -1
3642 3622 3626 3600 -1 -1 -1 -1 -1 -1 -1 -1 -1 -1 -1 -1 -1 -1 -1 -1 -1 -1 -1 -1 -1 -1 -1 -1 -1 -1 -1 -1 3375 3402 3391 3378 3374 3374 3345 3347 3341 3330 3328 3314 3325 3352 3344 3340 -1 -1 -1 -1 -1 -1 -1 -1 -1 -1 -1 -1 -1 -1 -1 -1 -1 -1 -1 -1 -1 -1 -1 -1 -1 -1 -1 -1 -1 -1 -1 -1 -1 -1 -1 -1 -1 -1 -1 -1 -1 -1 -1 -1 -1 -1 -1 -1
3654 3626 3614 3600 -1 -1 -1 -1 -1 -1 -1 -1 -1 -1 -1 -1 -1 -1 -1 -1 -1 -1 -1 -1 -1 -1 -1 -1 -1 -1 -1 -1 3378 3406 3406 3378 3377 3377 3364 3348 3347 3337 3340 3340 3342 3379 3352 3366 3357 -1 -1 -1 -1 -1 -1 -1 -1 -1 -1 -1 -1 -1 -1 -1 -1 -1 -1 -1 -1 -1 -1 -1 -1 -1 -1 -1 -1 -1 -1 -1 -1 -1 -1 -1 -1 -1 -1 -1 -1 -1 -1 -1 -1 -1 -1 -1
