output/arrival.asc
NCOLS 638
NROWS 825
XLLCORNER -2985163.8955
YLLCORNER -3022031.214
CELLSIZE 10000
NODATA_value -1
[rows 220 to 274 of 825, columns 192 to 287 of 638]
-1 -1 -1 -1 -1 -1 -1 -1 -1 -1 -1 -1 -1 -1 3247 3252 3261 3255 3265 3282 3278 3269 3280 3257 3292 3308 3321 3313 3300 3284 3267 3261 3261 3250 -1 -1 -1 -1 -1 3235 3277 3255 3281 3311 3281 3290 3278 3307 3320 3320 3303 3303 3292 3292 3284 3257 3241 3253 3270 3240 3266 3254 3253 3253 3242 3236 3209 3213 3198 3212 3210 3240 3291 3301 3320 3269 3259 3233 3218 3235 3235 3236 3279 3250 3228 3225 3210 3242 3240 3232 3214 3261 3210 3202 3194 3190
-1 -1 -1 -1 -1 -1 -1 -1 -1 -1 -1 -1 -1 -1 3247 3250 3252 3252 3282 3290 3277 3284 3286 3298 3321 3334 3326 3313 3294 3271 3255 -1 -1 -1 3250 3252 3235 3222 3222 -1 3239 3285 3298 3298 3281 3287 3287 3270 3262 3269 3263 3290 3303 3286 3255 3226 3241 3254 3241 3230 3259 3289 3276 3260 3246 3228 3219 3207 3222 3225 3225 3205 3232 3307 3288 3242 3229 3233 3225 3241 3241 3266 3279 3250 3221 3213 3216 3224 3227 3227 3248 3197 3202 3189 3178 3174
-1 -1 -1 3219 -1 -1 -1 -1 -1 -1 -1 -1 -1 -1 3237 3250 3252 3272 3269 3290 3268 -1 3301 3303 3334 3326 3305 3307 3265 3256 -1 -1 3218 3261 3252 3233 3225 3225 3233 -1 -1 3269 3292 3252 3262 3268 3274 3258 3262 3250 3246 3274 3250 3235 3242 3255 3250 3241 3241 3235 3259 3289 3280 3280 3267 3245 3214 3241 3265 3265 3230 3197 3232 3258 3242 3237 3207 3225 3254 3254 3264 3264 3237 3221 3215 3178 3197 3199 3199 3199 3210 3185 3179 3181 3174 3175
-1 -1 3219 3212 -1 -1 -1 -1 -1 -1 -1 -1 -1 -1 3225 3239 3256 3268 3285 3268 3262 3301 3303 3297 3297 3309 3305 3273 3290 3252 -1 3234 3248 3261 3232 3239 3238 3238 3243 3232 -1 3282 3295 3311 3305 3300 3282 3266 3263 3267 3280 3274 3261 3247 3238 3273 3260 3263 3235 3242 3238 3272 3263 3251 3247 3234 3229 3240 3236 3252 3217 3238 3225 3225 3237 3228 3228 3211 3237 3247 3241 3260 3251 3232 3204 3174 3184 3197 3190 3196 3196 3179 3173 3181 3173 3157
3217 3230 3230 3217 -1 -1 -1 -1 -1 -1 -1 -1 -1 -1 3229 3242 3243 3256 3285 3246 3267 3288 3290 3304 3288 3278 3276 3265 3273 3244 3244 3227 3234 3232 3219 3252 3239 3240 3253 3253 3266 3295 3324 3342 3329 3313 3296 3298 3285 3255 3257 3280 3257 3246 3249 3264 3273 3263 3234 3232 3224 3246 3251 3243 3238 3218 3225 3233 3236 3223 3213 3238 3227 3220 3220 3209 3209 3224 3237 3254 3264 3257 3260 3232 3203 3190 3174 3180 3177 3190 3183 3167 3173 3174 3168 3150
3230 3224 3230 -1 -1 -1 -1 -1 -1 -1 -1 -1 -1 -1 3242 3258 3256 3259 -1 3258 3275 3280 3304 3277 3291 3271 3263 3276 3259 3257 3257 3226 3228 3215 3223 3252 3225 3234 3256 3253 3266 3288 3324 3342 3319 3306 3284 3269 3298 3255 3263 3290 3251 3249 3268 3251 3264 3246 3234 3232 3232 3237 3250 3234 3230 3220 3233 3216 3219 3207 3207 3227 3214 3209 3209 3198 3212 3225 3254 3261 3286 3273 3240 3231 3202 3203 3191 3189 3172 3171 3158 3167 3159 3163 3155 3142
3226 3224 3213 -1 -1 -1 -1 -1 -1 -1 -1 -1 -1 3217 3232 3259 3256 3259 -1 -1 3278 3281 3287 3287 3279 3264 3258 3242 3247 3234 3244 3228 3215 3216 3216 3223 3217 3226 3243 3256 3266 3283 3312 3325 3325 3319 3304 3290 3281 3281 3290 3277 3255 3251 3268 3255 3248 3248 3230 3220 3222 3232 3250 3237 3218 3206 3214 3200 3213 3190 3194 3190 3184 3196 3210 3209 3201 3225 3237 3237 3260 3286 3244 3231 3214 3204 3206 3200 3177 3182 3159 3164 3159 3155 3146 3142
3226 3226 3211 -1 -1 -1 -1 -1 -1 -1 -1 -1 3213 3216 3224 3243 -1 -1 -1 3265 3278 3294 3282 3279 3259 3246 3246 3242 3234 3247 3235 3222 3204 3204 3217 3230 3222 3227 3243 3256 3283 3295 3312 3325 3312 3317 3317 3300 3273 3255 3261 3261 3248 3255 3255 3253 3254 3254 3241 3220 3226 3239 3233 3226 3231 3206 3206 3193 3213 3190 3177 3182 3183 3184 3188 3192 3196 3214 3217 3243 3269 3269 3248 3223 3223 3204 3217 3206 3193 3182 3169 3164 3171 3158 3138 3129
3227 3240 3211 -1 -1 3214 3214 -1 -1 -1 -1 3200 3213 3200 3206 3204 -1 -1 -1 -1 3292 3294 3281 3261 3259 3233 3246 3246 3246 3229 3235 3213 -1 3205 3230 3247 3239 3244 3256 3269 3269 3299 3266 3282 3296 3283 3288 3266 3261 3247 3244 3244 3242 3254 3253 3254 3255 3237 3235 3216 3229 3239 3226 3224 3224 3207 3195 3195 3184 3178 3169 3179 3182 3191 3183 3205 3234 3226 3243 3259 3259 3243 3227 3222 3210 3233 3246 3217 3204 3196 3187 3173 3171 3152 3136 3136
3218 3240 3217 3200 -1 -1 -1 -1 -1 3211 3211 3212 3241 3212 3211 3193 -1 -1 3257 3263 3292 3279 3259 3274 3274 3256 3256 3233 3224 3217 3215 3215 -1 -1 3213 3234 3247 3256 3257 3243 3240 3240 3266 3253 3245 3296 3275 3288 3271 3261 3251 3246 3246 3254 3254 3255 3250 3242 3209 3203 3229 3255 3242 3211 3214 3214 3171 3167 3182 3166 3164 3165 3179 3204 3204 3208 3221 3234 3230 3242 3246 3200 3227 3222 3227 3227 3246 3203 3190 3188 3186 3158 3165 3146 3144 3129
3203 3204 3206 3217 3228 3215 3201 3185 3187 3198 3212 3228 3241 3186 -1 -1 -1 3262 3263 3274 3290 3277 3258 3246 3256 3256 3243 3237 3222 3216 3199 3199 3216 3209 -1 -1 3240 3257 3241 3230 3243 3251 3264 3279 3279 3279 3279 3271 3259 3259 3251 3238 3248 3260 3261 3261 3250 3237 3221 3201 3212 3255 3227 3222 3201 3198 3198 3168 3183 3183 3160 3173 3187 3204 3205 3208 3217 3222 3222 3221 3208 3200 3242 3222 3214 3203 3232 3232 3203 3186 3174 3158 3145 3144 3133 3124
3208 3227 3210 3223 3223 3228 3211 3200 3188 3205 -1 -1 -1 -1 -1 -1 3222 3245 3275 3290 3274 3271 3243 3244 3245 3243 3227 3237 3222 3200 3187 3199 3194 3209 -1 -1 -1 -1 -1 3241 3272 3272 3264 3266 3253 3250 3237 3245 3242 3246 3238 3235 3256 3260 3269 3260 3233 3221 3229 3200 3216 3244 3235 3205 3197 3185 3169 3169 3170 3161 3161 3173 3229 3229 3212 3210 3205 3209 3222 3222 3209 3213 3242 3225 3205 3192 3219 3219 3189 3174 3171 3157 3130 3143 3143 3127
-1 -1 3226 3230 3231 3210 -1 -1 3194 3203 3205 3214 3213 3203 3186 3229 3256 3273 3275 3273 3261 3261 3243 3226 3218 3227 3214 3217 3194 3191 3200 3193 -1 -1 3185 3185 3200 3204 3228 3270 3270 3259 3255 3249 3249 3250 3238 3237 3239 3226 3226 3255 3255 3269 3277 3252 3225 3232 3258 3229 3202 3244 3235 3205 3182 3184 3169 3166 3178 3165 3161 3202 3220 3239 3226 3212 3210 3212 3200 3193 3184 3229 3211 3203 3202 3189 3218 3198 3185 3171 3161 3142 3129 3123 3152 3140
-1 -1 -1 -1 -1 -1 -1 -1 3221 3222 3239 3215 3216 3236 3245 3260 3273 3246 3244 3258 3261 3255 3242 3218 3210 3201 3198 3185 -1 -1 -1 -1 -1 3191 3203 3235 3213 3217 3239 3251 3257 3253 3238 3238 3232 3236 3238 3226 3239 3213 3199 3242 3257 3277 3253 3248 3232 3245 3258 3215 3219 3231 3218 3206 3187 3183 3166 3176 3177 3182 3185 3170 3202 3220 3239 3222 3212 3229 3219 3200 3196 3211 3196 3203 3202 3173 3173 3169 3156 3158 3142 3125 3117 3139 3140 3152
-1 -1 -1 -1 -1 -1 3222 3232 3232 3220 3210 3239 3240 3253 3253 3232 3230 3246 3231 3244 3240 3220 3220 3222 3218 3201 3198 -1 -1 -1 -1 -1 3185 3191 3222 3213 3235 3218 3216 3238 3251 3236 3227 3225 3211 3207 3207 3212 3230 3240 3228 3240 3264 3259 3266 3247 3244 3261 3248 3219 3211 3205 3220 3193 3181 3169 3166 3179 3177 3182 3177 3189 3206 3212 3212 3222 3229 3201 3219 3206 3194 3196 3198 3189 3185 3147 3160 3155 3155 3138 3132 3104 3117 3129 3141 3144
3165 3165 -1 -1 -1 -1 3203 3221 3215 3219 3216 3216 3224 3224 3210 3215 3227 3202 3198 3190 3203 3207 3220 3205 3193 3182 3187 3187 3189 3188 3177 3190 3190 3192 3199 3206 3218 3220 3223 3224 3234 3234 3203 3205 3205 3211 3212 3231 3233 3253 3237 3244 3254 3266 3276 3234 3247 3261 3248 3235 3206 3233 3216 3184 3181 3168 3175 3186 3179 3182 3169 3193 3206 3226 3226 3197 3216 3209 3213 3202 3194 3183 3172 3154 3160 3148 3144 3144 3142 3113 3111 3115 3128 3138 3141 3153
3152 -1 -1 -1 -1 -1 -1 -1 -1 -1 3203 3195 3204 3207 3211 3201 3198 3176 3188 3188 3191 3191 3191 3193 3186 3182 3223 3201 3214 3191 3192 3180 3197 3207 3212 3212 3206 3242 3220 3225 3224 3211 3203 3219 3241 3214 3223 3233 3244 3252 3253 3254 3249 3263 3276 3241 3230 3254 3248 3240 3198 3233 3224 3211 3176 3175 3173 3186 3182 3170 3164 3189 3195 3220 3233 3204 3204 3207 3213 3200 3192 3161 3150 3141 3149 3131 3131 3128 3126 3113 3111 3118 3128 3139 3150 3146
3148 -1 -1 -1 -1 -1 -1 -1 -1 3177 3195 3203 3190 3190 3201 3172 3172 3192 3198 3192 3199 3186 3191 3184 3187 3189 3210 3223 3214 3196 3196 3209 3210 3210 3220 3220 3229 3236 3242 3230 3223 3223 3219 3241 3212 3228 3248 3240 3244 3252 3239 3230 3237 3254 3212 3218 3241 3254 3247 3227 3204 3225 3224 3195 3175 3164 3169 3183 3170 3174 3174 3204 3208 3208 3233 3198 3207 3204 3194 3170 3179 3149 3150 3141 3135 3118 3128 3117 3115 3113 3123 3127 3118 3137 3143 3150
3147 -1 -1 -1 -1 -1 -1 -1 -1 -1 3178 3177 3161 3173 3177 3178 3186 3198 3205 3205 3222 3203 3199 3187 3232 3213 3215 3206 3206 3200 3209 3236 3268 3268 3251 3250 3237 3236 3225 3230 3227 3210 3224 3228 3228 3233 3235 3248 3240 3227 3223 3223 3196 3225 3204 3225 3235 3234 3247 3205 3204 3225 3212 3195 3182 3166 3175 3182 3183 3157 3186 3203 3204 3213 3216 3206 3204 3204 3175 3170 3153 3140 3135 3135 3128 3116 3111 3108 3117 3113 3123 3129 3128 3143 3156 3169
3138 -1 -1 -1 -1 -1 -1 -1 -1 -1 -1 -1 3168 3168 3178 3183 3186 3195 3201 3223 3239 3274 3232 3216 3219 3232 3272 3243 3204 3222 3223 3223 3239 3255 3251 3234 3250 3245 3245 3217 3227 3214 3203 3215 3211 3220 3233 3227 3199 3206 3199 3202 3216 3216 3217 3235 3225 3222 3218 3201 3200 3208 3196 3183 3166 3175 3175 3183 3170 3162 3174 3203 3208 3213 3206 3204 3193 3191 3191 3152 3135 3118 3132 3134 3112 3116 3107 3106 3111 3111 3128 3141 3129 3146 3156 3170
-1 -1 -1 -1 -1 -1 -1 -1 -1 -1 -1 -1 -1 3158 3166 3173 3183 3212 3231 3257 3274 3245 3261 3228 3222 3222 3259 3272 3243 3251 3236 3236 3239 3245 3245 3228 3233 3221 3232 3217 3218 3223 3213 3214 3214 3216 3219 3204 3206 3199 3219 3245 3245 3216 3231 3239 3227 3226 3218 3187 3200 3209 3182 3196 3174 3175 3179 3180 3166 3163 3190 3208 3221 3221 3200 3192 3199 3170 3158 3131 3132 3135 3132 3114 3112 3109 3109 3106 3111 3124 3137 3137 3141 3145 3154 3151
-1 -1 -1 -1 -1 -1 -1 -1 -1 -1 -1 -1 -1 -1 -1 -1 -1 -1 -1 -1 -1 -1 3210 3202 3209 3209 3218 3255 3255 3251 3252 3265 3265 3248 3232 3216 3208 3221 3202 3208 3218 3205 3236 3236 3219 3202 3192 3194 3204 3236 3274 3274 3232 3215 3244 3240 3239 3220 3209 3189 3189 3209 3196 3161 3179 3179 3180 3180 3165 3173 3190 3204 3204 3208 3198 3182 3199 3157 3146 3133 3135 3122 3119 3113 3118 3108 3105 3115 3111 3137 3137 3149 3137 3145 3165 3154
-1 -1 -1 -1 -1 -1 -1 -1 -1 -1 -1 -1 -1 -1 -1 -1 -1 3162 3181 3182 3171 -1 -1 -1 -1 3209 3226 3229 3229 3238 3234 3217 3222 3206 3210 3203 3200 3204 3208 3195 3184 3189 3193 3207 3190 3185 3192 3197 3229 3242 3261 3231 3215 3227 3244 3240 3235 3218 3210 3183 3180 3192 3186 3168 3168 3180 3184 3171 3170 3178 3191 3202 3202 3198 3209 3185 3198 3185 3146 3129 3127 3112 3112 3113 3108 3118 3118 3117 3115 3113 3136 3149 3137 3145 3165 3152
-1 -1 -1 -1 -1 -1 -1 -1 -1 -1 -1 -1 -1 -1 3134 3151 3162 3181 3182 3184 3190 3190 3209 3196 3196 3186 3200 3215 3221 3229 3213 3213 3199 3193 3226 3213 3229 3229 3202 3200 3198 3205 3194 3193 3207 3221 3221 3227 3240 3242 3223 3215 3210 3239 3239 3235 3224 3222 3218 3205 3173 3192 3181 3170 3167 3174 3184 3187 3171 3171 3178 3189 3182 3209 3196 3186 3198 3179 3166 3137 3127 3114 3108 3111 3113 3114 3127 3127 3114 3111 3124 3132 3132 3148 3167 3150
-1 -1 -1 -1 -1 -1 -1 -1 -1 -1 -1 -1 -1 -1 -1 3152 3162 3169 3184 3187 3177 3195 3195 3209 3206 3206 3215 3202 3188 3184 3216 3215 3215 3214 3226 3216 3212 3215 3215 3211 3199 3211 3222 3214 3227 3216 3208 3198 3240 3237 3208 3213 3238 3226 3232 3225 3224 3222 3214 3183 3167 3179 3192 3181 3175 3174 3187 3176 3176 3200 3184 3195 3192 3198 3192 3181 3171 3170 3162 3150 3121 3124 3108 3129 3120 3121 3123 3123 3110 3108 3108 3136 3128 3151 3167 3145
-1 -1 -1 -1 -1 -1 -1 -1 -1 -1 -1 -1 -1 -1 -1 3158 3158 3171 3187 3185 3186 3182 3180 3178 3191 3193 3198 3212 3212 3199 3242 3229 3195 3201 3214 3197 3197 3197 3211 3201 3209 3222 3228 3227 3216 3187 3203 3224 3237 3223 3220 3225 3238 3232 3225 3224 3222 3211 3205 3197 3168 3167 3175 3188 3183 3178 3187 3185 3196 3187 3200 3195 3198 3192 3185 3166 3172 3144 3145 3147 3137 3131 3131 3137 3129 3120 3112 3110 3106 3118 3123 3136 3138 3151 3154 3130
-1 -1 -1 -1 -1 -1 -1 -1 -1 -1 -1 -1 -1 -1 3145 3155 3167 3168 3172 3178 3178 3180 3174 3187 3191 3183 3199 3212 3183 3199 3242 3200 3186 3196 3209 3192 3197 3186 3186 3194 3200 3215 3228 3199 3198 3199 3198 3211 3194 3206 3206 3235 3235 3232 3232 3223 3211 3209 3198 3197 3180 3172 3185 3215 3188 3198 3187 3189 3190 3196 3188 3193 3193 3182 3193 3179 3172 3159 3152 3148 3137 3138 3136 3141 3137 3119 3112 3130 3118 3105 3118 3146 3134 3147 3147 3140
-1 -1 -1 -1 -1 -1 -1 -1 -1 -1 -1 -1 -1 -1 3142 3168 3155 3169 3172 3169 3169 3162 3158 3187 3183 3194 3193 3212 3183 3187 3213 3191 3178 3209 3170 3192 3179 3173 3186 3186 3174 3193 3199 3186 3185 3198 3188 3197 3193 3193 3230 3222 3227 3240 3227 3219 3197 3194 3204 3167 3168 3185 3186 3215 3219 3198 3186 3203 3202 3189 3189 3193 3193 3193 3182 3179 3175 3162 3152 3152 3144 3149 3149 3141 3141 3134 3113 3147 3118 3109 3121 3146 3130 3157 3157 3140
-1 -1 -1 -1 -1 -1 -1 -1 -1 -1 -1 -1 -1 -1 -1 -1 -1 -1 -1 3159 3156 3147 3147 3158 3165 3181 3194 3193 3171 3213 3200 3170 3167 3178 3180 3171 3167 3171 3184 3173 3180 3182 3193 3188 3188 3181 3181 3205 3210 3210 3230 3217 3211 3240 3227 3219 3202 3190 3164 3204 3211 3168 3179 3186 3206 3219 3202 3199 3203 3202 3175 3189 3177 3176 3172 3180 3180 3175 3158 3153 3157 3151 3154 3154 3150 3160 3147 3176 3163 3125 3120 3122 3133 3130 3144 3128
-1 -1 -1 -1 -1 -1 -1 -1 -1 -1 -1 -1 -1 -1 -1 -1 -1 -1 -1 -1 3140 3160 3160 3161 3185 3186 3186 3171 3184 3200 3196 3161 3162 3169 3169 3167 3161 3184 3155 3161 3168 3176 3187 3184 3184 3175 3209 3222 3222 3216 3216 3213 3197 3198 3209 3206 3176 3179 3173 3198 3204 3211 3194 3237 3205 3208 3208 3199 3210 3197 3185 3176 3177 3172 3159 3165 3167 3167 3166 3166 3166 3157 3151 3154 3167 3167 3173 3176 3169 3150 3146 3127 3124 3140 3117 3121
-1 -1 -1 -1 -1 -1 -1 -1 -1 -1 -1 -1 -1 -1 -1 -1 -1 -1 -1 -1 -1 3151 3159 3172 3182 3185 3173 3157 3184 3187 3183 3172 3172 3162 3158 3158 3158 3152 3155 3155 3167 3187 3174 3171 3155 3167 3184 3213 3210 3207 3216 3216 3203 3193 3186 3196 3167 3173 3173 3224 3224 3182 3182 3224 3237 3218 3218 3209 3210 3191 3178 3155 3155 3143 3161 3152 3165 3166 3179 3166 3162 3155 3155 3157 3184 3190 3175 3173 3169 3163 3157 3147 3140 3117 3111 3121
-1 -1 -1 -1 -1 -1 -1 -1 -1 -1 -1 -1 -1 -1 -1 -1 -1 -1 -1 -1 -1 -1 3151 3158 3169 3182 3168 3170 3187 3175 3174 3149 3159 3155 3153 3153 3152 3152 3154 3162 3166 3166 3160 3154 3155 3184 3176 3213 3210 3207 3194 3199 3198 3181 3182 3168 3177 3173 3177 3211 3225 3195 3195 3194 3220 3220 3225 3225 3209 3191 3162 3152 3140 3148 3144 3161 3156 3166 3179 3179 3167 3167 3158 3179 3183 3190 3177 3175 3143 3157 3163 3169 3151 3122 3122 3128
-1 -1 -1 -1 -1 -1 -1 -1 -1 -1 -1 -1 -1 -1 -1 -1 -1 -1 -1 -1 -1 -1 3157 -1 3153 3153 -1 3145 3174 3177 3165 3149 3136 3140 3139 3140 3144 3146 3152 3152 3162 3160 3165 3154 3169 3181 3170 3181 3200 3194 3192 3170 3181 3185 3157 3182 3166 3169 3178 3207 3212 3225 3196 3196 3201 3203 3212 3196 3182 3175 3162 3153 3140 3146 3140 3139 3157 3156 3167 3180 3179 3166 3160 3164 3178 3175 3175 3162 3143 3148 3148 3169 3156 3151 3138 3123
-1 -1 -1 -1 -1 -1 -1 -1 -1 -1 -1 -1 -1 -1 -1 -1 -1 -1 -1 -1 -1 -1 -1 3157 -1 -1 -1 3158 3194 3181 3152 3136 3132 3139 3139 3133 3133 3144 3146 3152 3152 3165 3183 3183 3182 3181 3163 3187 3194 3192 3185 3179 3171 3159 3165 3182 3169 3174 3194 3181 3187 3208 3208 3191 3197 3210 3193 3168 3173 3156 3157 3144 3153 3147 3140 3144 3150 3143 3150 3167 3179 3167 3167 3160 3181 3181 3168 3146 3141 3135 3128 3126 3127 3127 3133 3137
-1 -1 -1 -1 -1 -1 -1 -1 -1 -1 -1 -1 -1 -1 -1 -1 -1 -1 -1 -1 -1 -1 3139 3141 3148 3148 -1 -1 3194 3157 3136 3132 3136 3143 3133 3130 3131 3131 3138 3151 3152 3164 3163 3170 3182 3168 3174 3158 3187 3185 3175 3168 3160 3160 3168 3181 3165 3174 3177 3194 3187 3175 3175 3182 3198 3210 3181 3165 3173 3169 3156 3144 3143 3140 3139 3150 3138 3137 3125 3164 3154 3162 3154 3159 3171 3180 3159 3159 3146 3143 3146 3133 3129 3122 3133 3121
-1 -1 -1 -1 -1 -1 -1 -1 -1 -1 -1 -1 -1 -1 -1 -1 -1 -1 -1 -1 -1 -1 3139 3140 3157 3156 3131 3130 3156 3151 3133 3118 3126 3135 3143 3126 3127 3131 3138 3134 3130 3147 3149 3165 3155 3153 3158 3163 3170 3170 3172 3160 3162 3165 3165 3168 3165 3174 3177 3186 3177 3176 3182 3182 3197 3181 3167 3156 3165 3160 3169 3145 3140 3144 3143 3140 3133 3132 3141 3164 3151 3153 3159 3159 3171 3180 3167 3162 3146 3143 3143 3146 3132 3120 3122 3127
-1 -1 -1 -1 -1 -1 -1 -1 -1 -1 -1 -1 -1 -1 -1 -1 -1 -1 -1 -1 -1 -1 -1 3140 3140 3127 -1 -1 3154 3137 3113 3106 3109 3128 3128 3111 3112 3130 3131 3131 3156 3143 3149 3155 3142 3153 3162 3162 3153 3160 3163 3163 3162 3161 3166 3170 3170 3170 3173 3186 3161 3177 3193 3181 3168 3164 3163 3163 3143 3147 3145 3140 3132 3140 3140 3134 3124 3141 3145 3145 3135 3153 3158 3152 3141 3153 3139 3145 3149 3132 3130 3132 3124 3123 3116 3127
-1 -1 -1 -1 -1 -1 -1 -1 -1 -1 -1 -1 -1 -1 -1 -1 -1 -1 -1 -1 -1 3093 -1 -1 -1 -1 3127 -1 3154 3129 3104 3105 3106 3115 3110 3111 3114 3118 3123 3123 3156 3118 3131 3138 3129 3136 3149 3162 3167 3159 3159 3152 3161 3157 3164 3166 3170 3173 3185 3172 3171 3171 3177 3193 3180 3143 3134 3150 3142 3130 3136 3136 3127 3139 3139 3134 3123 3129 3142 3142 3130 3139 3152 3141 3138 3139 3136 3130 3130 3130 3119 3124 3123 3116 3114 3122
-1 -1 -1 -1 -1 -1 -1 -1 -1 -1 -1 -1 -1 -1 -1 -1 -1 3089 3094 3094 -1 -1 -1 3142 3142 3159 3154 -1 3142 3125 3112 3108 3103 3104 3118 3131 3109 3107 3110 3113 3114 3114 3116 3128 3128 3133 3143 3143 3167 3154 3157 3152 3158 3158 3157 3164 3173 3182 3185 3169 3179 3164 3163 3167 3160 3149 3134 3128 3129 3123 3131 3130 3126 3127 3131 3131 3123 3123 3130 3131 3126 3126 3133 3125 3128 3138 3121 3118 3117 3113 3108 3110 3115 3115 3113 3111
-1 -1 -1 -1 -1 -1 -1 -1 -1 -1 -1 -1 -1 -1 -1 -1 -1 -1 3099 -1 -1 -1 3152 3143 3172 3172 3153 -1 3142 3125 3125 3096 3096 3111 3131 3126 3107 3094 -1 -1 3101 3101 3102 3111 3120 3130 3133 3143 3143 3138 3144 3157 3145 -1 -1 3155 3169 3169 3182 3179 3166 3163 3155 3155 3160 3131 3135 3128 3116 3129 3117 3123 3123 3114 3127 3122 3118 3124 3123 3130 3122 3122 3115 3105 3109 3109 3109 3104 3111 3095 3108 3102 3104 3098 3094 3098
-1 -1 -1 -1 -1 -1 -1 -1 -1 -1 -1 -1 -1 -1 -1 -1 -1 -1 -1 3133 3133 3152 3143 3135 3142 3142 3136 3129 3129 3113 3100 3096 3096 3097 3098 3126 3113 -1 -1 -1 3109 -1 -1 3098 3111 3107 3130 3126 -1 -1 -1 3114 -1 -1 3120 3152 3152 3152 3156 3155 3152 3142 3142 3147 3138 3118 3135 3123 3117 3099 3116 3117 3110 3107 3114 3122 3109 3110 3119 3118 3117 3093 3093 3082 3096 3096 3088 3109 3111 3094 3095 3091 3082 3069 3080 3065
-1 -1 -1 -1 -1 -1 -1 -1 -1 -1 -1 -1 -1 -1 -1 -1 -1 -1 3120 3144 3143 3139 3113 3129 3130 3131 -1 -1 3116 3113 3084 3089 3102 3088 3087 3096 3099 -1 -1 3109 -1 -1 -1 3090 3102 3102 3127 3113 -1 -1 -1 3096 -1 3113 3126 3133 3138 3139 3142 3152 3155 3135 3133 3129 3113 3113 3123 3122 3106 3099 3097 3099 3100 3094 3094 3095 3096 3109 3095 3112 3111 3085 3087 3088 3094 3088 3085 3102 3098 3094 3089 3093 3070 3080 3071 3083
-1 -1 -1 -1 -1 -1 -1 -1 -1 -1 -1 -1 -1 -1 -1 -1 -1 -1 -1 -1 -1 -1 -1 -1 -1 3079 -1 -1 3096 3096 3096 3089 3102 3085 3084 3096 3093 3093 3096 -1 -1 -1 -1 -1 3090 3114 3127 3126 3105 -1 -1 -1 3086 3126 3155 3142 3125 3138 3136 3139 3122 3126 3114 3133 3120 3117 3112 3110 3095 3097 3080 3097 3097 3081 3093 3093 3095 3095 3082 3078 3085 3087 3080 3088 3094 3085 3092 3102 3089 3078 3091 3102 3093 3083 3083 3082
-1 -1 -1 -1 -1 -1 -1 -1 -1 -1 -1 -1 -1 -1 -1 -1 -1 -1 3097 3098 -1 -1 -1 -1 -1 -1 -1 -1 3083 3095 3106 3093 3090 -1 -1 -1 -1 -1 -1 -1 -1 -1 -1 -1 3093 3110 3126 3114 3134 3117 3105 -1 -1 3104 3155 3109 3121 3120 3126 3115 3126 3122 3113 3097 3104 3114 3117 3113 3095 3095 3084 3084 3083 3083 3080 3079 3082 3095 3071 3072 3085 3074 3080 3081 3071 3079 3092 3097 3088 3075 3091 3102 3085 3078 3095 3095
-1 -1 -1 -1 -1 -1 -1 -1 -1 -1 -1 -1 -1 -1 -1 -1 -1 -1 -1 -1 -1 -1 -1 -1 -1 -1 -1 3082 3113 3122 3106 3090 -1 -1 -1 -1 -1 -1 -1 -1 -1 -1 -1 -1 3095 3100 3114 3121 3124 3134 3137 3128 3101 3112 3098 3109 3113 3120 3108 3109 3109 3097 3097 3084 3084 3096 3101 3114 3087 3082 3078 3079 3070 -1 3079 3070 3080 3080 3058 3071 3066 3062 3064 -1 -1 3084 3084 3097 3088 3060 3081 3081 3073 3067 3066 3066
-1 -1 -1 -1 -1 -1 -1 -1 -1 -1 -1 -1 -1 -1 -1 -1 -1 -1 -1 -1 -1 -1 -1 -1 -1 -1 -1 3110 3118 3135 3135 -1 -1 -1 -1 -1 -1 -1 -1 -1 -1 -1 3090 3089 3094 3100 3115 3124 3158 3145 3137 3127 3113 3112 3107 3115 3115 3113 3095 3101 3092 3084 3084 3077 3071 -1 3078 3088 3085 3085 3071 3066 -1 -1 -1 3066 3053 3067 3058 3066 -1 3064 3062 -1 -1 3083 3091 3074 3068 3069 3068 3068 3073 3066 3066 3056
-1 -1 -1 -1 -1 -1 -1 -1 -1 -1 -1 -1 -1 -1 -1 -1 -1 -1 -1 -1 -1 -1 -1 -1 -1 -1 -1 3104 3109 3100 -1 -1 -1 -1 -1 -1 -1 -1 -1 -1 -1 3090 3102 3111 3124 3124 3111 3115 3158 3129 3129 3113 3112 3107 3112 3112 3109 3102 3099 3099 3093 3084 3065 -1 -1 -1 -1 3070 3072 3064 -1 -1 3070 -1 -1 -1 -1 3049 -1 3058 -1 3049 3051 -1 -1 3084 3090 3086 3074 3068 3064 3064 3055 3059 3059 -1
-1 -1 -1 -1 -1 -1 -1 -1 -1 -1 -1 -1 -1 -1 -1 -1 -1 -1 -1 -1 -1 -1 -1 -1 -1 -1 -1 3117 3117 -1 -1 -1 -1 -1 -1 -1 -1 -1 -1 -1 -1 -1 -1 3085 3095 3095 3099 3099 3112 3116 3109 3110 3100 3099 3095 3109 3098 3096 3092 3094 3082 3067 3052 -1 -1 -1 -1 -1 -1 -1 -1 -1 3065 3070 -1 -1 -1 -1 -1 3049 3062 -1 3051 3080 3074 3087 3084 3087 3072 -1 -1 3051 3051 3051 3046 -1
-1 -1 -1 -1 -1 -1 -1 -1 -1 -1 -1 -1 -1 -1 -1 -1 -1 -1 -1 -1 -1 -1 -1 -1 -1 -1 -1 -1 -1 -1 -1 -1 -1 -1 -1 -1 -1 -1 -1 -1 -1 -1 -1 -1 3082 3086 3099 3099 3099 3112 3097 3097 3085 3090 3092 3080 3067 3091 3065 3071 -1 -1 -1 -1 -1 -1 -1 -1 -1 -1 -1 -1 -1 -1 -1 -1 -1 -1 -1 -1 3062 3051 3063 3080 3087 3071 3066 3072 3061 -1 -1 -1 -1 -1 -1 -1
-1 -1 -1 -1 -1 -1 -1 -1 -1 -1 -1 -1 -1 -1 -1 -1 -1 -1 -1 -1 -1 -1 -1 -1 -1 -1 -1 -1 -1 -1 -1 -1 -1 -1 -1 -1 -1 -1 -1 -1 -1 -1 -1 -1 -1 -1 -1 3093 3096 3096 3078 3084 3090 3085 3080 -1 -1 3065 3082 3071 3080 -1 -1 -1 -1 -1 -1 -1 -1 -1 -1 -1 -1 -1 -1 -1 -1 -1 -1 -1 -1 3066 3067 -1 3067 3058 -1 -1 -1 -1 -1 -1 -1 -1 -1 -1
-1 -1 -1 -1 -1 -1 -1 -1 -1 -1 -1 -1 -1 -1 -1 -1 -1 -1 -1 -1 -1 -1 -1 -1 -1 -1 -1 -1 -1 -1 -1 -1 -1 -1 -1 -1 -1 -1 -1 -1 -1 -1 -1 -1 -1 -1 -1 -1 -1 3083 3065 3078 3077 3066 3063 3068 3068 3082 3068 3069 3079 -1 -1 -1 -1 -1 -1 -1 -1 -1 -1 -1 -1 -1 -1 -1 -1 -1 -1 -1 -1 -1 3066 3067 -1 -1 3072 3065 -1 -1 -1 -1 -1 -1 -1 -1
-1 -1 -1 -1 -1 -1 -1 -1 -1 -1 -1 -1 -1 -1 -1 -1 -1 -1 -1 -1 -1 -1 -1 -1 -1 -1 -1 -1 -1 -1 -1 -1 -1 -1 -1 -1 -1 -1 -1 -1 -1 -1 -1 -1 -1 -1 -1 -1 -1 3082 3082 3074 3073 3067 3065 3058 3055 3069 3068 3056 3069 3066 -1 -1 -1 -1 -1 -1 -1 -1 -1 -1 -1 -1 -1 -1 -1 -1 -1 -1 -1 -1 3049 -1 -1 -1 3071 -1 -1 -1 -1 -1 -1 -1 3043 3056
-1 -1 -1 -1 -1 -1 -1 -1 -1 -1 -1 -1 -1 -1 -1 -1 -1 -1 -1 -1 -1 -1 -1 -1 -1 -1 -1 -1 -1 -1 -1 -1 -1 -1 -1 -1 -1 -1 -1 -1 -1 -1 -1 -1 -1 -1 -1 -1 -1 3069 -1 3086 3069 3081 3059 3053 -1 3062 3050 -1 -1 -1 -1 -1 -1 -1 -1 -1 -1 -1 -1 -1 -1 -1 -1 -1 -1 -1 -1 -1 -1 -1 -1 -1 -1 3047 -1 3054 -1 -1 -1 -1 -1 -1 3043 -1
-1 -1 -1 -1 -1 -1 -1 -1 -1 -1 -1 -1 -1 -1 -1 -1 -1 -1 -1 -1 -1 -1 -1 -1 -1 -1 -1 -1 -1 -1 -1 -1 -1 -1 -1 -1 -1 -1 -1 -1 -1 -1 -1 -1 -1 -1 -1 -1 -1 3062 3086 3085 3080 3071 3071 -1 -1 3049 -1 -1 -1 -1 -1 -1 -1 -1 -1 -1 -1 -1 -1 -1 -1 -1 -1 -1 -1 -1 -1 -1 -1 -1 -1 -1 -1 -1 -1 -1 -1 -1 -1 -1 -1 -1 -1 -1
-1 -1 -1 -1 -1 -1 -1 -1 -1 -1 -1 -1 -1 -1 -1 -1 -1 -1 -1 -1 -1 -1 -1 -1 -1 -1 -1 -1 -1 -1 -1 -1 -1 -1 -1 -1 -1 -1 -1 -1 -1 -1 -1 -1 -1 -1 -1 -1 3062 -1 3073 3085 3072 -1 -1 -1 -1 -1 -1 -1 -1 -1 -1 -1 -1 -1 -1 -1 -1 -1 -1 -1 -1 -1 -1 -1 -1 -1 -1 -1 -1 -1 -1 -1 -1 -1 -1 -1 -1 -1 -1 -1 -1 -1 -1 -1
