output/arrival.asc
NCOLS 638
NROWS 825
XLLCORNER -2985163.8955
YLLCORNER -3022031.214
CELLSIZE 10000
NODATA_value -1
[rows 110 to 164 of 825, columns 192 to 287 of 638]
-1 -1 -1 4050 4100 4087 4100 4137 4149 4150 4150 4150 4150 4641 4671 4654 4649 4636 -1 -1 -1 -1 -1 -1 -1 -1 -1 -1 -1 -1 -1 -1 4557 4557 4556 4150 4150 -1 -1 -1 -1 -1 -1 -1 -1 -1 -1 -1 -1 -1 -1 -1 -1 -1 -1 -1 -1 -1 -1 -1 -1 -1 -1 -1 -1 -1 -1 -1 -1 -1 -1 -1 -1 -1 -1 -1 -1 -1 -1 -1 -1 -1 -1 -1 -1 -1 -1 -1 -1 -1 -1 -1 -1 -1 -1 -1
-1 -1 4046 4100 -1 -1 -1 4149 4149 4150 4150 4150 4137 4657 4650 4644 4642 4633 4620 -1 -1 -1 -1 -1 -1 -1 -1 -1 -1 -1 -1 4556 4599 4557 4510 -1 -1 -1 -1 -1 -1 -1 -1 -1 -1 -1 -1 -1 -1 -1 -1 -1 -1 -1 -1 -1 -1 -1 -1 -1 -1 -1 -1 -1 -1 -1 -1 -1 -1 -1 -1 -1 -1 -1 -1 -1 -1 -1 -1 -1 -1 -1 -1 -1 -1 -1 -1 -1 -1 -1 -1 -1 -1 -1 -1 -1
-1 -1 -1 -1 -1 -1 -1 4150 -1 4150 4150 4149 4632 4640 4650 4643 4642 4633 -1 -1 -1 -1 -1 -1 -1 -1 -1 -1 4150 4538 4556 4586 4599 4570 4448 -1 -1 -1 -1 -1 -1 -1 -1 -1 -1 -1 -1 -1 -1 -1 -1 -1 -1 -1 -1 -1 -1 -1 -1 -1 -1 -1 -1 -1 -1 -1 -1 -1 -1 -1 -1 -1 -1 -1 -1 -1 -1 -1 -1 -1 -1 -1 -1 -1 -1 -1 -1 -1 -1 -1 -1 -1 -1 -1 -1 -1
-1 -1 -1 -1 -1 -1 -1 4124 4150 4149 4125 4150 4632 4622 4650 4643 4625 4616 -1 -1 -1 -1 -1 -1 -1 -1 -1 4544 4551 4551 4600 4600 4570 4553 4523 -1 -1 -1 -1 -1 -1 -1 -1 -1 -1 -1 -1 -1 -1 -1 -1 -1 -1 -1 -1 -1 -1 -1 -1 -1 -1 -1 -1 -1 -1 -1 -1 -1 -1 -1 -1 -1 -1 -1 -1 -1 -1 -1 -1 -1 -1 -1 -1 -1 -1 -1 -1 -1 -1 -1 3600 3750 3750 -1 -1 -1
-1 -1 -1 -1 -1 -1 4137 4150 4150 4150 4150 4200 4614 4614 4615 4671 4658 4632 4614 -1 4608 -1 -1 -1 -1 4566 4566 4557 4557 4580 4600 4569 4569 4552 4540 -1 -1 -1 -1 -1 -1 -1 -1 -1 -1 -1 -1 -1 -1 -1 -1 -1 -1 -1 -1 -1 -1 -1 -1 -1 -1 -1 -1 -1 -1 -1 -1 -1 -1 -1 -1 -1 -1 -1 -1 -1 -1 -1 -1 -1 -1 -1 -1 -1 -1 -1 -1 2800 -1 3600 3750 3800 3800 3800 3850 3850
-1 -1 -1 -1 -1 4150 4143 4125 4150 4187 4200 4200 4614 4615 4628 4671 4642 4642 4650 4621 4621 4604 -1 4564 4600 4578 4583 4599 4615 4616 4556 -1 -1 4540 4511 -1 -1 -1 -1 -1 -1 -1 -1 -1 -1 -1 -1 -1 -1 -1 -1 -1 -1 -1 -1 -1 -1 -1 -1 -1 -1 -1 -1 -1 -1 -1 -1 -1 -1 -1 -1 -1 -1 -1 -1 -1 -1 -1 -1 -1 -1 -1 -1 -1 -1 -1 -1 3700 3750 3800 3800 3850 3850 4050 4050 4050
-1 -1 -1 -1 4150 4150 4150 4187 4187 4200 4200 4596 4597 4623 4623 4629 4620 4650 4649 4650 4638 4637 4624 4611 4595 4599 4582 4573 4573 4567 4536 -1 -1 -1 -1 -1 -1 -1 -1 -1 -1 -1 -1 -1 -1 -1 -1 -1 -1 -1 -1 -1 -1 -1 -1 -1 -1 -1 -1 -1 -1 -1 -1 -1 -1 -1 -1 -1 -1 -1 -1 -1 -1 -1 -1 -1 -1 -1 -1 -1 -1 -1 -1 -1 -1 -1 -1 -1 3800 3850 4050 4050 4100 4100 4149 4145
-1 -1 4143 4150 4200 4200 4200 4200 4200 4200 4572 4589 4606 4580 4594 4610 4599 4650 4641 4638 4650 4650 4650 4624 4607 4596 4583 4567 4538 4554 4566 4553 -1 -1 -1 -1 -1 -1 -1 -1 -1 -1 -1 -1 -1 -1 -1 -1 -1 -1 -1 -1 -1 -1 -1 -1 -1 -1 -1 -1 -1 -1 -1 -1 -1 -1 -1 -1 -1 -1 -1 -1 -1 -1 -1 -1 -1 -1 -1 -1 -1 -1 -1 -1 -1 -1 -1 -1 4050 4050 4100 4145 4144 4153 4178 4162
-1 -1 4199 4200 4199 4199 4200 4250 4250 4409 -1 4550 4564 4581 4583 4611 4633 4633 4625 4621 4640 4650 4640 4633 4612 4596 4584 4584 4596 4600 4599 4583 -1 -1 -1 -1 -1 -1 -1 -1 -1 -1 -1 -1 -1 -1 -1 -1 -1 -1 -1 -1 -1 -1 -1 -1 -1 -1 -1 -1 -1 -1 -1 -1 -1 -1 -1 -1 -1 -1 -1 -1 -1 -1 -1 -1 -1 -1 -1 -1 -1 -1 -1 -1 -1 -1 -1 4094 4147 4181 4140 4137 4144 4157 4191 4191
-1 -1 -1 4200 4200 4250 4249 4250 4426 4442 4482 4551 4564 4566 4577 4577 4599 4612 4625 4604 4586 4610 4624 4624 4650 4642 4583 4599 4613 4600 4583 4540 -1 -1 -1 -1 -1 -1 -1 -1 -1 -1 -1 -1 -1 -1 -1 -1 -1 -1 -1 -1 -1 -1 -1 -1 -1 -1 -1 -1 -1 -1 -1 -1 -1 -1 3600 -1 -1 -1 -1 -1 -1 -1 -1 -1 -1 -1 -1 -1 -1 -1 -1 -1 4040 4140 4154 4154 4147 4141 4180 4144 4137 4157 4199 4173
-1 4200 4200 4250 4250 4250 -1 4409 4416 4426 4440 4479 4540 4554 4551 4567 4579 4608 4596 4596 4570 4573 4607 4609 4626 4650 4600 4613 4642 4600 4590 -1 -1 -1 -1 -1 -1 -1 -1 -1 -1 -1 -1 -1 -1 -1 -1 -1 -1 -1 -1 -1 -1 -1 -1 -1 -1 -1 -1 -1 -1 -1 -1 -1 -1 -1 -1 3800 3800 -1 -1 -1 -1 -1 -1 -1 -1 -1 -1 -1 -1 -1 -1 -1 4100 4140 4148 4162 4147 4138 4173 4161 4166 4179 4200 4208
-1 -1 4250 -1 -1 -1 -1 -1 -1 -1 -1 4475 4537 4538 4538 4525 4515 4553 4537 4537 4548 4561 4590 4600 4613 4615 4628 4642 4629 4600 4600 -1 -1 -1 -1 -1 -1 -1 -1 -1 -1 -1 -1 -1 -1 -1 -1 -1 -1 -1 -1 -1 -1 -1 -1 -1 -1 -1 -1 -1 -1 -1 -1 -1 -1 -1 -1 -1 3800 -1 -1 -1 -1 -1 -1 -1 -1 -1 -1 -1 -1 -1 -1 -1 -1 4148 4176 4205 4192 4159 4190 4177 4150 4179 4208 4191
-1 -1 4250 4295 4419 -1 -1 -1 -1 -1 4475 4492 4521 4515 4532 4532 4508 4508 4520 4500 4525 4544 4561 4600 4583 4600 4628 4620 4620 4608 4599 4583 4544 -1 -1 -1 -1 4550 -1 -1 -1 -1 -1 4100 4150 4500 4150 -1 -1 -1 -1 -1 -1 -1 -1 -1 -1 -1 -1 -1 -1 -1 -1 -1 -1 -1 -1 -1 -1 -1 -1 -1 -1 -1 -1 -1 -1 -1 -1 -1 -1 -1 -1 -1 4169 4169 4147 4176 4205 4177 4190 4160 4148 4150 4157 4156
4300 4300 4300 4439 4419 -1 -1 4468 4481 4473 4473 4486 4509 4503 4528 4521 4495 4494 4522 4523 4525 4537 4554 4570 4583 4600 4599 4592 4592 4608 4591 4557 -1 -1 -1 -1 -1 4550 -1 -1 -1 -1 -1 -1 -1 4500 -1 -1 -1 -1 -1 -1 -1 -1 -1 -1 -1 -1 -1 -1 -1 -1 -1 -1 -1 -1 -1 -1 -1 -1 -1 -1 -1 -1 -1 -1 -1 -1 -1 -1 -1 -1 -1 -1 -1 -1 4150 4165 4165 4194 4160 4159 4147 4147 4133 4151
4395 4420 4437 4426 4439 4448 4456 4481 4481 4481 4486 4490 4503 4528 4521 4508 4478 4466 4480 4496 4496 4525 4519 4550 4566 4549 4565 4563 4579 4595 4590 4557 -1 -1 -1 -1 4550 4573 4561 4561 -1 4555 4543 4543 4525 -1 -1 -1 -1 -1 -1 -1 -1 -1 -1 -1 -1 -1 -1 -1 -1 -1 -1 -1 -1 -1 -1 -1 -1 -1 -1 -1 -1 -1 -1 -1 -1 -1 -1 -1 -1 -1 -1 -1 -1 -1 -1 4167 4194 4197 4184 4179 4176 4176 4175 4159
4408 4414 4413 4437 4449 4452 4464 4498 4498 4503 4520 4490 4499 4511 4504 4474 4453 4459 4467 4496 4482 4504 4504 4549 4558 4571 4563 4554 4573 4577 4582 4553 4553 -1 -1 4550 4552 4590 4580 4597 4584 4586 4599 4540 4527 -1 -1 4510 -1 -1 -1 -1 -1 -1 -1 -1 -1 -1 -1 -1 -1 -1 -1 -1 -1 -1 -1 -1 -1 -1 -1 -1 -1 -1 -1 -1 -1 -1 -1 -1 -1 -1 -1 -1 -1 -1 -1 4167 4181 4197 4169 4192 4208 4193 4188 4188
4443 4444 4453 4466 4466 4466 4481 4497 4500 4550 4533 4504 4504 4499 4492 4470 4459 4456 4443 4470 4476 4516 4533 4554 4588 4588 4571 4566 4565 4561 4569 4582 4595 4595 4603 4603 4590 4578 4566 4568 4597 4556 4599 4570 4540 4561 4528 4527 4511 4499 -1 -1 4490 -1 -1 -1 -1 -1 -1 -1 -1 -1 -1 -1 -1 -1 -1 -1 -1 -1 -1 -1 -1 -1 -1 -1 -1 -1 -1 -1 -1 -1 -1 -1 -1 -1 4177 4193 4193 4183 4173 4221 4221 4204 4210 4203
4460 4461 4495 4478 4496 4494 4494 4500 4549 4550 4533 4516 4475 4475 4470 4458 4458 4455 4452 4472 4511 4473 4549 4550 4557 4587 4565 4554 4566 4565 4543 4552 4566 4590 4574 4577 4586 4595 4582 4567 4566 4547 4570 4557 4574 4574 4545 4532 4516 4511 4516 4502 4479 -1 -1 -1 -1 -1 -1 -1 -1 -1 -1 -1 -1 -1 -1 -1 -1 -1 -1 -1 -1 -1 -1 -1 -1 -1 -1 -1 -1 -1 -1 -1 -1 -1 4194 4210 4209 4199 4182 4211 4240 4227 4222 4210
4482 4524 4480 4510 4500 4483 4483 4483 4469 4489 4474 4474 4462 4457 4457 4459 4472 4476 4455 4480 4489 4511 4550 4550 4550 4552 4548 4554 4597 4549 4552 4566 4553 4537 4561 4574 4560 4569 4595 4566 4554 4553 4569 4569 4591 4591 4557 4545 4528 4519 4532 4532 4479 -1 -1 -1 -1 -1 -1 -1 -1 -1 -1 -1 -1 -1 -1 -1 -1 -1 -1 -1 -1 -1 -1 -1 -1 -1 -1 -1 -1 -1 -1 -1 -1 4175 4191 4184 4181 4200 4176 4198 4211 4240 4239 4239
4524 4540 4550 4500 4500 4482 4482 4470 4454 4461 4457 4445 4445 4454 4444 4472 4464 4476 4493 4493 4482 4489 4541 4550 4550 4550 4548 4536 4596 4570 4527 4536 4591 4537 4552 4565 4557 4544 4556 4549 4541 4554 4554 4556 4562 4578 4574 4540 4528 4532 4528 4545 4545 -1 -1 -1 -1 -1 -1 -1 -1 -1 -1 -1 -1 -1 -1 -1 -1 -1 -1 -1 -1 -1 -1 -1 -1 -1 -1 -1 -1 -1 -1 -1 -1 4208 4213 4207 4193 4193 4176 4181 4181 4188 4189 4220
4534 4550 4507 4494 4479 4467 4467 4441 4436 4430 4447 4447 4454 4427 4430 4430 4473 4487 4532 4506 4513 4528 4536 4541 4527 4528 4520 4522 4514 4553 4553 4541 4578 4591 4574 4565 4544 4531 4531 4538 4525 -1 4537 4541 4544 4548 4537 4514 4512 4515 4528 -1 -1 -1 -1 -1 -1 -1 -1 -1 -1 -1 -1 -1 -1 -1 -1 -1 -1 -1 -1 -1 -1 -1 -1 -1 -1 -1 -1 -1 4217 -1 4220 4224 4208 4213 4200 4208 -1 -1 -1 -1 4164 -1 4194 4195
4499 4491 4494 4465 4448 4436 4421 4423 4413 4426 4434 4435 4427 4422 -1 -1 -1 4490 4504 4533 4518 4526 4524 4536 4535 4535 4528 4511 4522 4537 4540 4562 4574 4548 4549 4549 4536 4519 4522 4525 4512 -1 4511 4499 4528 4508 4524 4520 4511 4512 4499 -1 -1 -1 -1 -1 -1 -1 -1 -1 -1 -1 -1 -1 -1 -1 -1 -1 -1 -1 -1 -1 -1 -1 -1 -1 -1 -1 -1 -1 -1 4229 4237 4237 4237 4195 -1 -1 -1 -1 -1 -1 -1 -1 4187 4208
-1 4445 4451 4465 4436 4429 4429 4434 4431 4418 4410 4426 -1 -1 -1 -1 4475 4475 4490 4504 4526 4499 4506 4507 4519 4522 4520 4515 4520 4524 4537 4533 4541 4541 4536 4520 4536 4521 4508 4504 4496 4467 4453 -1 -1 4495 4508 4524 4524 4505 4462 -1 -1 -1 -1 -1 -1 -1 -1 -1 -1 -1 -1 -1 -1 -1 -1 -1 -1 -1 -1 -1 -1 -1 -1 -1 -1 -1 -1 -1 4230 4237 4226 4226 -1 -1 -1 4197 4210 -1 -1 -1 -1 -1 -1 4224
4447 4462 4433 4446 4452 4442 4433 4434 4431 4413 4406 -1 -1 -1 -1 -1 4462 -1 4491 4468 4497 4509 4488 4494 4507 4520 4515 4507 4520 4536 4536 4534 4533 4528 4524 4532 4521 4504 4492 4482 4496 4483 4454 -1 -1 -1 4494 4495 4505 4492 4470 4459 -1 -1 -1 -1 -1 -1 -1 -1 -1 -1 -1 -1 -1 -1 -1 -1 -1 -1 -1 -1 -1 -1 -1 -1 -1 -1 -1 -1 -1 -1 4224 -1 -1 -1 4196 4223 4236 4236 -1 4212 4211 4216 4216 4228
4462 4447 4446 4429 4433 4436 4479 4466 4421 4414 4406 -1 -1 -1 -1 -1 4453 4466 4480 4497 4498 4484 4483 4508 4502 4502 4491 4486 4494 4507 4523 4521 4534 4513 4512 4506 4532 4508 4485 4492 4482 4464 -1 -1 -1 4493 4495 4478 4482 -1 -1 -1 4459 -1 4429 -1 -1 -1 -1 -1 -1 -1 -1 -1 -1 -1 -1 -1 -1 -1 -1 -1 -1 -1 -1 -1 -1 -1 4205 4217 4204 -1 -1 -1 -1 -1 -1 4197 4205 4207 4219 4222 4232 4245 4245 4256
4419 4449 4430 -1 4427 4440 4479 4450 4449 4408 -1 -1 -1 -1 -1 -1 4437 4466 4469 4480 4498 4485 4476 4499 4507 4495 4507 4498 4486 4507 4516 4517 4524 4521 4508 4515 4503 4486 4498 4490 4478 4465 -1 -1 -1 4491 4491 4476 4463 -1 -1 -1 -1 -1 -1 -1 -1 -1 -1 -1 -1 -1 -1 -1 -1 -1 -1 -1 -1 -1 -1 -1 -1 -1 -1 -1 -1 -1 4223 4232 4217 4215 4191 -1 -1 -1 -1 -1 4231 -1 4215 4239 4239 4252 4265 4256
-1 4426 4439 4403 4398 4440 4450 4449 4407 4404 -1 -1 4425 -1 -1 -1 4419 4449 4454 4478 4491 4491 4465 4482 4499 4495 4494 4507 4511 4503 4516 4528 4532 4524 4521 4504 4503 4498 4488 4507 4494 -1 -1 -1 -1 4478 4489 4462 4462 -1 -1 -1 -1 -1 -1 -1 -1 -1 -1 -1 -1 -1 -1 -1 -1 -1 -1 -1 -1 -1 -1 -1 -1 -1 -1 -1 4227 4223 4231 4236 4232 4219 4206 -1 -1 -1 -1 -1 4232 4241 4230 4241 4228 4229 4265 4239
4410 4422 4426 4456 4469 4432 4424 4436 4406 4386 -1 -1 4447 4476 4460 -1 -1 4440 -1 4452 4462 4462 4474 4482 4482 4498 4498 4511 4502 4516 4545 4532 4515 4511 4503 4516 4516 4488 4493 4519 4507 -1 -1 -1 -1 4464 4506 4506 -1 -1 -1 -1 -1 -1 -1 -1 -1 -1 -1 -1 -1 -1 -1 -1 -1 -1 -1 -1 4321 -1 -1 -1 -1 4270 4257 4253 4236 4231 4236 4236 4236 4224 -1 -1 -1 -1 -1 4230 4242 4243 4243 4243 4247 4249 4243 4236
4403 -1 4432 4469 4419 4418 4411 4411 -1 -1 4396 -1 -1 4460 4475 -1 4378 -1 -1 -1 4449 4438 4455 4481 4494 4495 4508 4511 4532 4545 4554 4541 4508 4511 4498 4493 4533 4504 4523 4536 4536 4477 -1 -1 -1 4493 4477 -1 -1 -1 -1 -1 -1 -1 -1 -1 -1 -1 -1 -1 -1 -1 -1 4406 4411 4405 4398 4369 4308 4304 4285 4294 4311 4299 4270 4253 -1 4207 4237 4250 4224 -1 -1 -1 -1 -1 -1 4221 4243 4252 4260 4260 4273 4286 4257 4240
4389 -1 -1 4410 4397 4400 4398 4398 -1 -1 4396 -1 -1 -1 -1 -1 -1 -1 -1 4416 4421 4450 4450 4479 4494 4508 4489 4518 4528 4532 4554 4525 4496 4511 4494 4494 4533 4487 4517 4487 4485 -1 -1 -1 -1 4448 4448 -1 -1 -1 -1 -1 -1 -1 -1 -1 -1 -1 -1 -1 -1 -1 4448 4435 4431 4440 4427 4382 4368 4344 4328 4311 4328 4299 -1 -1 -1 -1 4250 4253 4236 -1 -1 -1 -1 -1 -1 4235 4294 4265 4265 4269 4283 4286 4257 4207
4410 -1 4406 4393 4395 4391 -1 4401 4407 -1 -1 -1 -1 -1 -1 -1 -1 -1 4398 4430 4419 4414 4464 4475 4479 4489 4478 4505 4518 4549 4548 4525 4499 4496 4489 4499 4520 -1 -1 4487 4474 -1 -1 -1 -1 -1 -1 -1 -1 -1 -1 -1 -1 -1 -1 -1 -1 -1 -1 -1 -1 4419 4445 4461 4457 4457 4440 4415 4386 4373 4340 4328 4314 -1 -1 -1 -1 -1 4253 4240 -1 -1 -1 -1 -1 -1 4235 4251 4294 4281 4269 4271 4283 4270 4244 4213
4410 4406 -1 -1 4395 -1 -1 4414 4414 4407 4436 4419 -1 4439 4398 -1 4398 4427 4404 4406 4431 4439 4471 4486 4488 4495 4471 4465 4485 4497 4522 4506 4503 4490 4489 4499 4481 4464 -1 -1 -1 -1 -1 -1 -1 -1 -1 -1 -1 -1 -1 -1 -1 -1 -1 -1 -1 -1 -1 -1 -1 4423 4474 4474 4457 4456 4438 4423 4398 4386 4357 4343 4327 -1 -1 -1 4229 4258 4247 -1 -1 -1 -1 -1 -1 -1 4238 4251 4276 4277 4271 4272 4285 4256 4243 4227
4436 4449 4449 4433 4433 4404 4404 4429 4423 4423 4436 4455 4456 -1 4429 4410 4427 4414 -1 -1 4423 4469 4481 4488 4498 4528 4499 4453 4479 4493 4499 4524 4503 4497 4485 4481 4468 4464 -1 -1 -1 -1 -1 -1 -1 -1 -1 -1 -1 -1 -1 -1 -1 -1 -1 -1 -1 -1 -1 -1 -1 4423 -1 -1 4430 4440 4440 4423 4400 4381 4369 4352 4340 4327 4310 -1 -1 4260 4258 4245 -1 -1 -1 -1 -1 4245 4236 4252 4263 4263 4263 4285 4266 4256 4259 4240
4403 4432 4390 4420 4420 4411 4406 4422 4428 4426 4442 4455 4422 -1 4427 4415 4402 4410 4402 -1 4423 4481 4495 4499 4483 4541 4512 4465 4478 4486 4537 4537 4508 4497 4485 4472 4477 -1 -1 -1 -1 -1 -1 -1 -1 -1 -1 -1 -1 -1 -1 -1 -1 -1 -1 -1 -1 -1 -1 -1 -1 -1 -1 4403 4416 4423 4423 4423 4412 4393 4395 4369 4369 4340 4310 4268 4268 4270 4260 -1 -1 -1 4249 4259 4262 4254 4253 4244 4244 4250 4252 4247 4266 4263 4276 4247
4403 4403 4407 4420 4428 4411 4432 4419 4426 4438 4455 4415 -1 4414 4427 4415 4407 4420 4449 4426 4435 4470 4483 4512 4512 4541 4541 4482 4465 4467 4494 4508 4495 4484 4479 4477 4460 -1 -1 -1 -1 -1 -1 -1 -1 -1 -1 -1 -1 -1 -1 -1 -1 -1 -1 -1 -1 -1 -1 -1 -1 -1 -1 -1 4387 4401 4385 -1 4372 4411 4377 4378 4356 4317 4322 4293 4276 4273 4270 4244 4241 4246 4259 4262 4292 4279 4263 4252 4263 4250 4256 4269 4276 4276 4276 4247
4402 4402 4403 4415 4415 4428 4448 4462 4475 4475 4438 4428 4423 4423 4431 4419 4426 4436 4449 4425 4427 4467 4483 4482 4524 4524 4541 4482 4464 4454 4465 4478 4478 4466 4478 4470 -1 -1 -1 -1 -1 -1 -1 -1 -1 -1 -1 -1 -1 -1 -1 -1 -1 -1 4463 4434 4434 4431 4358 4388 -1 -1 -1 -1 -1 -1 -1 -1 -1 4346 4385 4355 4297 4306 4289 4276 4286 4275 4275 4257 4252 4269 4275 4271 4284 4292 4267 4253 4263 4263 4269 4268 4268 4263 4268 4268
4409 4415 4431 4425 4438 4465 4428 4422 4432 4446 4458 4429 4428 4425 4432 4455 4439 4432 4440 4440 4454 4467 4469 4465 4477 4499 4528 4453 4440 4449 4458 4465 4490 4507 4494 4470 4457 -1 -1 -1 -1 -1 -1 -1 -1 -1 -1 -1 -1 -1 -1 -1 -1 4427 4450 4463 4446 4431 4405 4388 4447 4374 -1 -1 -1 -1 -1 -1 -1 -1 4301 -1 4310 4293 4289 4286 4276 4287 4304 4295 4295 4288 4269 4294 4280 4284 4284 4280 4254 4273 4314 4301 4274 4287 4255 4244
4415 4418 4435 4431 4465 4452 4436 4428 4411 4446 4407 4411 4418 4425 4432 4442 4455 4439 4449 4438 4444 4464 4477 4448 4469 4512 4483 4461 4453 4465 4458 4469 4474 4465 4507 4453 -1 -1 -1 -1 -1 -1 -1 -1 -1 -1 -1 -1 -1 -1 -1 -1 4419 4420 4446 4449 4449 4432 4418 4434 4388 4447 4362 -1 -1 -1 -1 -1 -1 -1 -1 -1 4281 4293 4277 4283 4285 4304 4300 4253 4259 4288 4337 4295 4322 4309 4293 4280 4276 4288 4285 4314 4287 4258 4246 4246
4416 4446 4435 4425 4421 4436 4423 4399 4407 4417 4407 4405 4407 4418 4415 4430 4438 4432 4440 4449 4457 4506 4477 4454 4448 4483 4470 4444 4449 4445 4508 4474 4457 4464 4437 -1 -1 -1 -1 -1 -1 -1 -1 -1 -1 -1 -1 -1 -1 -1 -1 4402 4419 4430 4443 4420 4420 4397 4402 -1 4376 4418 4430 4389 4375 4360 -1 -1 -1 -1 -1 4281 4284 4284 4288 4321 4321 4300 4278 4266 4286 4337 4308 4324 4371 4322 4297 4293 4301 4330 4317 4285 4271 4258 4245 4267
4416 4433 4446 4417 4419 4407 4399 4394 4383 4407 4399 4395 4401 4419 4432 4431 4437 4454 4458 4457 4465 4493 4506 4482 4454 4467 4454 4451 4449 4457 4508 4495 4457 4450 4437 -1 -1 -1 -1 -1 -1 -1 -1 -1 -1 -1 -1 -1 -1 -1 -1 -1 4406 4421 4407 4443 4432 4403 4389 4402 4385 4389 4418 4401 4389 4372 4347 4258 -1 -1 4270 4292 4279 4296 4298 4338 4334 4326 4292 4265 4278 4300 4320 4384 4338 4304 4332 4301 4311 4330 4272 4266 4253 4249 4239 4233
4406 4429 4417 4413 4413 4407 4372 4383 4390 4390 4379 4400 4402 4389 4415 4432 4454 4457 4461 4465 4478 4489 4489 4455 4481 4486 4480 4469 4461 4469 4470 4479 4479 4462 -1 -1 -1 -1 -1 -1 -1 -1 -1 -1 -1 -1 -1 4389 -1 -1 -1 -1 4368 4392 4414 4426 4432 4419 4447 4434 4418 4405 4360 4359 4330 4372 4355 4330 4317 4281 4281 4310 4292 4302 4323 4338 4334 4326 4303 4288 4278 4289 4295 4308 4384 4367 4345 4333 4288 4290 4277 4268 4266 4257 4256 4227
4417 4418 4420 4404 4384 4417 4385 4379 4381 4403 4400 4387 4380 4384 4418 4430 4441 4448 4461 4465 4478 4482 4482 4469 4479 4492 4486 4480 4486 4478 4466 4453 4466 4462 4449 -1 -1 -1 -1 -1 -1 -1 -1 -1 -1 -1 -1 4390 4389 -1 4338 4350 4363 4401 4400 4414 4403 4396 4417 4447 4430 4418 4372 4360 4359 4342 4316 4338 4330 4313 4310 4326 4339 4336 4336 4342 4355 4364 4334 4318 4289 4283 4279 4308 4355 4367 4350 4328 4281 4277 4264 4281 4281 4274 4256 4243
4417 4420 4418 4407 4396 4404 4417 4381 4392 4403 4390 4380 4406 4388 4429 4436 4449 4432 4458 4470 4487 4474 4465 4453 4463 4475 4492 4473 4486 4478 4466 4453 -1 -1 4439 -1 -1 -1 -1 -1 -1 -1 -1 -1 -1 -1 -1 4419 4406 4402 -1 -1 4363 4401 4372 4397 4397 4403 4396 4391 4388 4388 4401 4375 4337 4342 4325 4308 4313 4301 4296 4339 4355 4368 4341 4371 4394 4407 4407 4348 4335 4331 4296 4312 4315 4355 4341 4312 4301 4266 4252 4267 4274 4261 4261 4235
4403 4407 4420 4384 4377 4400 4400 4388 4386 4392 4386 4371 4406 4411 4419 4419 4449 4458 4470 4487 4474 4482 4469 4453 4446 4463 4444 4440 4435 4465 4448 4465 4503 4503 -1 -1 -1 -1 -1 -1 -1 -1 -1 -1 -1 -1 -1 -1 4419 -1 -1 -1 4350 4401 4384 4380 4386 4385 4379 4379 4359 4375 4371 4345 4337 4313 4301 4308 4297 4288 4301 4342 4368 4359 4342 4380 4397 4414 4401 4390 4348 4319 4319 4302 4302 4315 4325 4296 4284 4272 4259 4257 4267 4261 4264 4243
4374 4383 4420 4371 4384 4383 4388 4381 4376 4395 4376 4376 4398 4411 4419 4415 4420 4432 4470 4474 4482 4456 4486 4451 4450 4427 4411 4372 4366 4368 4407 4460 4490 4474 4444 -1 -1 -1 -1 -1 -1 -1 -1 -1 -1 -1 -1 -1 4360 -1 -1 4257 4299 4355 4388 4363 4363 4369 4362 4329 4359 4342 4301 4345 4329 4296 4273 4284 4274 4298 4329 4342 4372 4359 4343 4343 4329 4335 4414 4349 4327 4310 4306 4290 4299 4312 4313 4308 4296 4272 4249 4257 4257 4248 4264 4247
4366 4403 4391 4403 4373 4377 4381 4380 4395 4409 4380 4377 4394 4402 4402 4420 4407 4431 4436 4457 4463 4465 4499 4440 4427 4414 4395 4366 4361 4361 4369 4452 4423 4474 4461 4445 4415 -1 4368 -1 -1 -1 4350 4367 4428 4357 4354 4354 4360 4347 4325 4312 4276 4286 4334 4346 4352 4351 4335 4345 4329 4342 4296 4287 4271 4279 4279 4287 4270 4279 4313 4340 4359 4372 4355 4330 4326 4343 4385 4368 4327 4284 4280 4272 4290 4312 4313 4300 4282 4279 4257 4249 4244 4237 4251 4236
4386 4391 4377 4362 4372 4377 4380 4373 4381 4409 4396 4380 4382 4385 4403 4403 4418 4431 4455 4463 4449 4470 4499 4440 4411 4411 4394 4346 4355 4356 4390 4419 4419 4457 4457 4458 4458 4431 4401 4406 4368 4350 4341 4415 4428 4367 -1 4345 4354 4343 4325 4269 4275 4278 4329 4318 4335 4321 4335 4322 4307 4325 4316 4296 4279 4271 4287 4281 4281 4308 4290 4316 4346 4355 4364 4321 4320 4307 4356 4356 4306 4314 4275 4272 4285 4285 4316 4316 4274 4260 4254 4240 4233 4243 4236 4232
4361 4364 4374 4360 4364 4364 4374 4360 4372 4392 4392 4389 4392 4393 4399 4410 4423 4442 4446 4455 4470 4482 4448 4414 4417 4404 4377 4363 4363 4377 4390 4419 4406 4431 4428 4445 4458 4457 4449 4436 4381 4393 4371 4399 4411 4411 4369 4356 4349 4337 4326 4308 4274 4267 4278 4305 4318 4305 4318 4318 4306 4308 4308 4295 4279 4266 4294 4294 4295 4308 4282 4296 4296 4319 4351 4364 4305 4305 4339 4283 4267 4284 4280 4344 4344 4286 4333 4274 4261 4257 4254 4246 4253 4233 4231 4227
4381 4371 4360 4362 4363 4373 4360 4357 4385 4385 4387 4387 4394 4399 4406 4423 4413 4430 4459 4459 4453 4453 4449 4417 4407 4394 -1 4350 4363 4360 4360 4385 4402 4403 4416 4452 4444 4449 4420 4415 4412 4399 4386 4385 4399 4394 4377 4369 4352 4315 4320 4303 4286 4277 4284 4284 4297 4305 4302 4315 4298 4313 4304 4308 4324 4307 4309 4296 4295 4291 4291 4284 4303 4306 4335 4318 4279 4292 4276 4268 4268 4267 4274 4331 4286 4333 4320 4304 4252 4262 4246 4280 4279 4223 4228 4225
4365 4371 4358 4347 4363 4374 4374 4388 4404 4404 4395 4394 4416 4399 4406 4422 4422 4416 4430 4446 4438 4436 4449 4420 4420 4394 4381 4382 4363 4364 4364 4365 4396 4386 4399 4439 4452 4444 4432 4420 4417 4416 4405 4400 4383 4382 4377 4356 4352 4326 4318 4303 4295 4314 4300 4332 4315 4328 4314 4329 4331 4318 4320 4337 4337 4323 4349 4309 4311 4313 4297 4309 4326 4303 4335 4292 4303 4290 4263 4285 4272 4287 4303 4290 4295 4302 4272 4304 4291 4275 4252 4259 4254 4228 4234 4225
4352 4342 4342 4335 4339 4373 4374 4387 4398 4412 4411 4416 4403 4399 4405 4409 4393 4401 4417 4438 4424 4453 4453 4439 4410 4423 4395 4396 4381 4377 4365 4396 4412 4412 4479 4423 4435 4435 4427 4417 4429 4418 4400 4387 4383 4365 4356 4360 4343 4335 4318 4313 4327 4339 4309 4339 4331 4329 4335 4339 4336 4331 4334 4353 4366 4366 4353 4348 4324 4324 4326 4326 4326 4313 4318 4305 4304 4303 4281 4285 4296 4300 4303 4315 4282 4290 4283 4287 4295 4282 4247 4276 4263 4261 4234 4220
4328 4342 4329 4343 4347 4361 4372 4382 4385 4398 4388 4399 4416 4409 4403 4393 4390 4392 4405 4424 4419 4440 4482 4452 4452 4424 4407 4395 4395 4394 4394 4400 4429 4427 4466 4479 4450 4437 4421 4448 4445 4429 4418 4401 4375 4348 4360 4363 4354 4342 4342 4364 4343 4356 4368 4381 4364 4352 4352 4399 4358 4336 4363 4396 4383 4379 4368 4361 4354 4341 4341 4329 4318 4319 4318 4316 4317 4332 4315 4314 4296 4296 4300 4332 4289 4290 4274 4283 4284 4295 4273 4276 4261 4244 4227 4221
4315 4330 4330 4346 4356 4365 4369 4380 4382 4388 4394 4388 4409 4416 4392 4398 4388 4388 4399 4401 4411 4424 4482 4469 4453 4435 4424 4381 -1 4371 4400 4395 4396 4429 4436 4462 4462 4450 4448 4435 4445 4432 4412 4389 4389 4377 4406 4406 4371 4385 4385 4376 4372 4386 4381 4408 4409 4416 4416 4387 4390 4377 4375 4376 4396 4381 4391 4378 4362 4349 4342 4330 4319 4329 4317 4329 4317 4329 4332 4314 4301 4312 4319 4332 4278 4291 4278 4291 4297 4297 4273 4290 4267 4255 4238 4218
4331 4328 4334 4346 4363 4364 4365 4379 4387 4387 4388 4394 4403 4384 4385 4388 4398 4405 4399 4413 4440 4453 4465 4465 4440 4453 4436 4411 4371 4378 4391 4396 4416 4458 4458 4448 4441 4433 4433 4419 4402 4386 4376 4372 4360 4372 4377 4393 4387 4400 4415 4415 4416 4398 4386 4382 4352 4366 4403 4357 4387 4390 4362 4375 4354 4367 4381 4391 4362 4356 4359 4342 4330 4335 4329 4329 4328 4319 4318 4318 4289 4300 4299 4335 4283 4291 4262 4291 4306 4319 4290 4277 4273 4242 4232 4235
4331 4317 4328 4334 4350 4363 4353 4358 4372 4375 4374 4379 4381 4378 4378 4381 4405 4391 4391 4426 4424 4424 4453 4439 4437 4436 4428 4410 4426 4396 4395 4408 4415 4435 4445 4441 4448 4428 4376 4386 4419 4399 4339 4343 4360 4347 4364 4383 4400 4393 4429 4429 4356 4356 4381 4369 4357 4366 4357 4357 4361 4373 4373 4358 4358 4364 4367 4374 4374 4369 4364 4359 4335 4336 4323 4324 4312 4302 4305 4289 4276 4287 4310 4352 4293 4293 4275 4313 4313 4319 4268 4268 4264 4264 4258 4222
