output/arrival.asc
NCOLS 638
NROWS 825
XLLCORNER -2985163.8955
YLLCORNER -3022031.214
CELLSIZE 10000
NODATA_value -1
[rows 144 to 191 of 825, columns 288 to 383 of 638]
4457 4450 4427 4423 4414 4409 4406 4405 4401 4380 4360 4373 4376 4376 4347 4345 4352 4334 4316 4306 4282 4271 4271 4275 4279 4302 4273 4254 4270 4279 4265 4266 4271 4265 4255 4254 4254 4265 4294 4299 4322 4322 4329 4329 4350 4330 4321 4282 4289 4260 4319 4290 4263 4269 4290 4290 4260 4226 4226 4206 4229 4201 4200 4200 4191 4180 4180 4147 4143 4156 4167 4149 4141 4137 4127 4112 4103 4103 4135 4164 4171 4193 4211 4221 4219 4218 4217 4209 4191 4162 4135 4133 4131 4143 4148 4171
4450 4449 4422 4421 4401 4409 4395 4401 4394 4394 4384 4373 4367 4350 4347 4347 4341 4341 4316 4316 4312 4300 4300 4276 4283 4293 4302 4294 4280 4270 4278 4266 4261 4243 4251 4246 4243 4255 4288 4288 4322 4322 4311 4300 4338 4311 4329 4321 4308 4263 4292 4308 4290 4269 4290 4279 4236 4239 4255 4239 4210 4218 4207 4200 4183 4184 4182 4153 4158 4138 4157 4167 4141 4137 4127 4116 4101 4103 4112 4126 4164 4171 4192 4210 4218 4208 4206 4196 4167 4157 4133 4135 4143 4149 4166 4162
4449 4439 4438 4421 4428 4401 4390 4374 4374 4384 4371 4362 4350 4335 4342 4336 4321 4321 4322 4322 4312 4301 4270 4275 4291 4307 4322 4322 4294 4299 4293 4268 4253 4248 4247 4250 4266 4265 4255 4264 4264 4272 4311 4338 4311 4319 4337 4319 4310 4292 4281 4297 4290 4280 4280 4261 4261 4226 4255 4239 4210 4210 4200 4184 4171 4182 4171 4182 4182 4137 4138 4126 4116 4123 4137 4123 4123 4118 4122 4105 4113 4142 4163 4192 4194 4207 4197 4196 4167 4167 4150 4139 4142 4149 4164 4166
4428 4438 4423 4428 4410 4392 4382 4372 4355 4389 4367 4362 4349 4326 4322 4332 4321 4331 4306 4301 4305 4287 4275 4280 4278 4291 4307 4293 4275 4299 4270 4293 4257 4226 4237 4240 4246 4244 4259 4280 4251 4263 4282 4311 4327 4316 4337 4310 4311 4299 4260 4261 4261 4268 4251 4222 4251 4261 4232 4198 4198 4194 4184 4183 4179 4166 4167 4167 4138 4138 4137 4134 4134 4145 4124 4126 4125 4122 4119 4113 4113 4114 4125 4163 4192 4194 4189 4186 4186 4161 4161 4149 4132 4142 4157 4164
4420 4427 4417 4399 4399 4392 4386 4382 4389 4371 4367 4362 4349 4346 4345 4342 4331 4320 4316 4316 4316 4312 4283 4277 4278 4278 4293 4285 4285 4302 4270 4270 4236 4232 4229 4229 4231 4246 4280 4284 4283 4251 4248 4309 4309 4326 4304 4306 4311 4288 4253 4234 4261 4254 4245 4232 4232 4250 4203 4211 4211 4213 4184 4168 4179 4177 4177 4138 4109 4130 4163 4163 4134 4145 4145 4141 4125 4125 4129 4118 4106 4101 4105 4134 4142 4165 4165 4165 4154 4157 4153 4132 4124 4132 4138 4157
4434 4430 4409 4399 4399 4397 4392 4386 4378 4371 4359 4359 4351 4349 4346 4342 4342 4346 4347 4324 4324 4312 4307 4294 4277 4299 4282 4271 4295 4302 4287 4273 4257 4258 4253 4247 4236 4269 4269 4273 4306 4277 4262 4309 4315 4308 4308 4306 4285 4257 4256 4228 4225 4225 4243 4241 4241 4214 4203 4199 4218 4218 4213 4196 4177 4162 4157 4130 4124 4113 4130 4111 4122 4124 4145 4141 4126 4117 4118 4129 4118 4106 4106 4118 4127 4142 4136 4136 4136 4125 4124 4097 4098 4109 4138 4147
4411 4430 4401 4399 4397 4393 4364 4389 4367 4361 4360 4359 4359 4348 4346 4342 4348 4357 4357 4348 4332 4331 4323 4307 4307 4308 4305 4295 4300 4315 4291 4288 4287 4258 4258 4247 4230 4268 4268 4268 4302 4306 4277 4280 4298 4293 4308 4295 4285 4274 4269 4240 4224 4229 4240 4225 4243 4214 4199 4199 4233 4233 4225 4206 4177 4168 4133 4127 4124 4124 4126 4121 4122 4122 4137 4131 4115 4100 4100 4113 4118 4105 4089 4096 4118 4113 4113 4144 4144 4133 4115 4114 4097 4092 4092 4123
4401 4412 4401 4392 4399 4393 4392 4389 4360 4360 4348 4330 4332 4335 4338 4335 4332 4348 4343 4346 4348 4361 4323 4336 4336 4307 4301 4305 4300 4303 4315 4308 4287 4282 4253 4250 4250 4241 4258 4253 4257 4302 4280 4251 4280 4287 4284 4297 4279 4269 4258 4240 4240 4240 4218 4223 4243 4224 4191 4214 4239 4239 4210 4225 4186 4168 4145 4139 4153 4153 4138 4138 4125 4137 4145 4131 4115 4103 4103 4098 4113 4117 4105 4084 4096 4085 4113 4125 4150 4150 4115 4102 4073 4073 4098 4098
4418 4412 4400 4392 4390 4392 4388 4365 4360 4335 4334 4348 4332 4327 4331 4351 4361 4350 4328 4328 4340 4361 4332 4325 4355 4344 4317 4330 4299 4305 4296 4304 4308 4282 4285 4254 4255 4251 4251 4247 4251 4273 4291 4270 4253 4281 4281 4286 4279 4279 4264 4256 4256 4272 4243 4243 4225 4224 4214 4214 4228 4228 4215 4197 4197 4156 4168 4157 4152 4154 4154 4143 4127 4146 4148 4160 4160 4133 4133 4133 4098 4102 4094 4093 4092 4083 4095 4083 4121 4121 4110 4102 4073 4069 4074 4079
4424 4418 4383 4400 4390 4388 4381 4365 4336 4331 4315 4324 4317 4317 4318 4351 4361 4340 4332 4332 4321 4340 4332 4355 4325 4326 4326 4304 4330 4304 4312 4302 4302 4297 4284 4294 4254 4254 4254 4236 4246 4247 4273 4280 4281 4282 4299 4284 4270 4270 4266 4264 4293 4294 4272 4243 4214 4224 4225 4243 4219 4215 4199 4198 4167 4156 4146 4154 4152 4130 4142 4133 4159 4159 4169 4169 4162 4165 4151 4136 4104 4104 4099 4093 4093 4083 4088 4092 4121 4107 4081 4060 4071 4070 4059 4074
4406 4406 4392 4391 4386 4377 4363 4363 4306 4315 4331 4325 4321 4317 4310 4317 4342 4322 4322 4303 4306 4306 4306 4322 4325 4326 4315 4304 4308 4319 4312 4285 4286 4291 4294 4283 4274 4266 4256 4256 4240 4260 4244 4273 4269 4282 4310 4295 4273 4273 4244 4242 4293 4296 4294 4265 4236 4236 4245 4243 4219 4221 4221 4197 4185 4165 4155 4136 4121 4142 4130 4119 4133 4145 4156 4156 4156 4162 4165 4136 4136 4107 4104 4099 4096 4096 4088 4096 4110 4104 4075 4070 4053 4066 4070 4059
4410 4392 4391 4386 4366 4360 4363 4334 4305 4303 4320 4324 4321 4310 4299 4312 4343 4342 4322 4293 4293 4286 4293 4322 4299 4299 4315 4319 4319 4308 4314 4314 4287 4287 4283 4283 4266 4238 4238 4227 4240 4249 4259 4262 4244 4258 4310 4279 4266 4250 4244 4242 4235 4265 4296 4265 4236 4218 4245 4232 4203 4203 4192 4215 4215 4185 4165 4136 4135 4166 4131 4111 4111 4128 4138 4156 4120 4145 4153 4153 4125 4107 4100 4099 4099 4106 4125 4107 4104 4104 4098 4076 4076 4066 4061 4048
4421 4402 4376 4368 4366 4342 4359 4334 4314 4311 4309 4302 4314 4319 4306 4335 4315 4342 4313 4311 4257 4250 4291 4291 4280 4270 4297 4297 4296 4296 4296 4285 4256 4253 4266 4265 4265 4254 4259 4235 4241 4278 4278 4270 4251 4250 4265 4266 4250 4244 4235 4225 4218 4237 4285 4258 4238 4216 4232 4216 4198 4186 4186 4192 4186 4170 4155 4136 4135 4165 4112 4115 4128 4138 4124 4127 4127 4124 4127 4133 4117 4107 4123 4123 4142 4162 4113 4125 4138 4164 4138 4134 4134 4076 4077 4070
4405 4421 4402 4376 4358 4349 4334 4328 4340 4314 4302 4294 4298 4327 4319 4335 4310 4315 4296 4296 4267 4267 4249 4261 4238 4268 4269 4297 4267 4267 4278 4256 4237 4231 4231 4231 4265 4270 4270 4259 4264 4270 4278 4307 4248 4265 4262 4237 4237 4260 4235 4225 4217 4229 4267 4267 4238 4226 4216 4199 4187 4186 4185 4168 4170 4184 4155 4153 4153 4155 4115 4114 4114 4109 4109 4124 4098 4114 4126 4122 4133 4134 4134 4132 4191 4183 4162 4112 4153 4167 4165 4138 4105 4078 4085 4077
4380 4380 4376 4376 4376 4333 4338 4340 4328 4311 4294 4291 4305 4305 4327 4339 4310 4310 4304 4301 4285 4278 4267 4249 4261 4250 4262 4258 4241 4267 4270 4278 4256 4226 4249 4243 4232 4242 4241 4264 4264 4318 4299 4307 4259 4262 4301 4262 4266 4260 4241 4225 4217 4229 4245 4267 4238 4209 4226 4205 4199 4175 4175 4169 4159 4184 4155 4133 4124 4105 4122 4137 4093 4109 4085 4098 4105 4138 4138 4127 4139 4139 4154 4132 4191 4212 4212 4153 4133 4142 4167 4134 4109 4077 4085 4070
4373 4370 4365 4373 4343 4362 4333 4333 4311 4294 4295 4295 4311 4311 4339 4313 4284 4306 4301 4359 4336 4291 4278 4256 4246 4244 4250 4251 4266 4270 4273 4273 4267 4249 4243 4238 4232 4241 4236 4241 4253 4318 4273 4259 4254 4301 4300 4291 4282 4266 4254 4240 4225 4217 4232 4245 4211 4209 4234 4222 4193 4188 4191 4167 4179 4179 4149 4133 4105 4122 4138 4111 4093 4093 4093 4096 4105 4144 4144 4122 4151 4135 4125 4154 4183 4132 4123 4133 4124 4133 4124 4123 4109 4109 4089 4089
4346 4347 4370 4376 4372 4372 4339 4310 4310 4300 4284 4282 4282 4284 4313 4280 4284 4328 4330 4359 4307 4307 4273 4246 4244 4244 4241 4250 4242 4266 4244 4249 4264 4236 4246 4249 4249 4231 4223 4235 4259 4307 4289 4272 4272 4290 4300 4291 4251 4281 4260 4254 4231 4203 4215 4232 4215 4205 4234 4222 4211 4185 4192 4167 4170 4178 4149 4117 4112 4112 4107 4119 4093 4093 4096 4097 4130 4147 4146 4133 4151 4124 4172 4183 4154 4123 4103 4111 4113 4122 4123 4124 4098 4093 4093 4103
4328 4328 4357 4376 4372 4372 4339 4310 4298 4286 4296 4297 4255 4284 4295 4295 4277 4277 4328 4348 4337 4307 4273 4273 4269 4265 4273 4265 4241 4255 4255 4264 4265 4257 4246 4246 4249 4241 4231 4240 4257 4289 4289 4260 4272 4289 4298 4255 4245 4238 4277 4260 4233 4216 4216 4234 4205 4215 4216 4216 4211 4199 4187 4187 4178 4174 4149 4120 4148 4107 4119 4143 4114 4109 4097 4096 4108 4134 4147 4136 4125 4124 4130 4154 4134 4140 4129 4127 4111 4104 4104 4104 4124 4095 4095 4122
4354 4357 4360 4347 4347 4343 4309 4309 4281 4281 4266 4254 4254 4274 4277 4284 4280 4277 4300 4329 4330 4300 4284 4262 4269 4273 4294 4273 4265 4251 4251 4265 4303 4275 4275 4274 4220 4241 4241 4257 4257 4257 4260 4278 4281 4284 4298 4282 4234 4248 4277 4262 4244 4233 4222 4234 4199 4199 4204 4191 4189 4200 4195 4176 4174 4153 4123 4106 4132 4148 4143 4132 4114 4114 4103 4085 4108 4118 4121 4147 4119 4125 4125 4130 4125 4134 4140 4111 4098 4085 4087 4075 4084 4095 4093 4122
4354 4338 4360 4347 4343 4325 4309 4284 4282 4268 4279 4279 4274 4309 4303 4280 4266 4277 4306 4300 4329 4300 4271 4284 4277 4297 4302 4294 4285 4251 4251 4262 4307 4303 4292 4278 4267 4241 4268 4239 4239 4230 4243 4243 4281 4282 4287 4282 4263 4266 4248 4243 4233 4232 4208 4211 4205 4186 4189 4193 4191 4197 4196 4168 4161 4161 4132 4132 4106 4089 4137 4119 4106 4100 4100 4100 4106 4106 4121 4119 4125 4125 4114 4105 4105 4101 4087 4082 4082 4085 4087 4080 4066 4066 4073 4066
4356 4338 4331 4331 4324 4318 4344 4298 4282 4257 4252 4252 4268 4303 4309 4251 4255 4271 4277 4306 4307 4300 4271 4273 4278 4297 4302 4285 4294 4265 4262 4272 4293 4307 4296 4296 4278 4270 4270 4268 4239 4232 4252 4252 4270 4277 4282 4271 4248 4238 4248 4225 4233 4224 4199 4204 4205 4194 4189 4210 4220 4209 4197 4194 4181 4148 4132 4103 4102 4101 4108 4106 4103 4099 4090 4090 4099 4092 4101 4100 4105 4112 4112 4111 4089 4087 4084 4074 4053 4082 4080 4058 4058 4055 4037 4037
4367 4338 4308 4302 4353 4353 4345 4314 4282 4253 4253 4252 4273 4280 4274 4242 4255 4286 4301 4305 4306 4296 4278 4260 4277 4277 4314 4312 4294 4265 4265 4272 4272 4293 4296 4278 4288 4287 4277 4281 4281 4241 4224 4252 4259 4277 4273 4253 4253 4248 4256 4227 4227 4224 4224 4204 4207 4184 4191 4196 4210 4220 4208 4194 4177 4170 4148 4119 4119 4112 4119 4100 4100 4091 4098 4079 4079 4080 4076 4076 4105 4098 4100 4111 4100 4084 4073 4068 4043 4024 4029 4028 4030 4047 4055 4044
4367 4323 4312 4308 4324 4314 4312 4311 4253 4271 4267 4267 4273 4275 4254 4271 4271 4272 4290 4301 4305 4306 4302 4275 4274 4285 4312 4314 4283 4306 4277 4254 4243 4264 4264 4258 4287 4287 4258 4257 4252 4247 4230 4242 4252 4273 4244 4244 4253 4249 4249 4256 4253 4227 4219 4213 4207 4184 4196 4191 4206 4210 4207 4183 4177 4170 4141 4141 4141 4130 4118 4118 4107 4116 4105 4092 4080 4066 4077 4081 4089 4089 4098 4100 4095 4095 4068 4033 4025 4025 4015 4028 4029 4040 4069 4049
4325 4325 4312 4313 4324 4314 4312 4283 4261 4261 4253 4253 4269 4240 4271 4271 4300 4300 4285 4284 4274 4284 4302 4283 4298 4284 4313 4313 4306 4295 4277 4277 4264 4214 4216 4235 4235 4258 4229 4240 4252 4253 4253 4247 4252 4237 4227 4227 4244 4242 4235 4235 4245 4253 4248 4236 4226 4184 4199 4199 4206 4210 4207 4195 4186 4166 4159 4144 4144 4147 4092 4092 4108 4134 4115 4111 4092 4079 4074 4077 4081 4066 4069 4071 4071 4066 4066 4039 4039 4032 4024 4024 4040 4040 4069 4074
4344 4326 4295 4322 4321 4304 4302 4295 4275 4241 4238 4242 4258 4269 4270 4258 4271 4264 4264 4274 4255 4273 4284 4273 4283 4298 4284 4254 4264 4264 4263 4271 4266 4248 4242 4235 4222 4207 4215 4229 4224 4241 4235 4247 4237 4225 4208 4224 4224 4230 4224 4226 4227 4234 4248 4236 4226 4187 4176 4189 4181 4180 4180 4186 4195 4169 4155 4145 4148 4147 4119 4119 4134 4136 4119 4111 4092 4074 4067 4059 4059 4066 4064 4042 4023 4042 4044 4066 4039 4032 4034 4034 4034 4053 4094 4113
4333 4315 4295 4315 4315 4313 4302 4296 4276 4241 4238 4230 4240 4242 4269 4247 4248 4277 4277 4273 4244 4255 4273 4265 4255 4287 4284 4231 4219 4235 4234 4253 4271 4260 4248 4242 4228 4211 4207 4221 4223 4230 4226 4236 4228 4225 4228 4228 4225 4235 4235 4237 4226 4234 4227 4219 4204 4204 4200 4182 4189 4186 4178 4175 4167 4169 4176 4158 4147 4147 4148 4128 4138 4136 4120 4100 4092 4079 4054 4053 4043 4032 4034 4033 4042 4052 4055 4057 4050 4052 4041 4063 4063 4039 4065 4113
4315 4317 4307 4324 4324 4324 4302 4296 4277 4275 4250 4250 4242 4240 4242 4241 4243 4248 4273 4273 4244 4265 4264 4262 4269 4276 4269 4237 4237 4235 4225 4228 4262 4262 4242 4237 4231 4228 4221 4222 4236 4236 4254 4254 4243 4257 4249 4249 4245 4267 4267 4238 4237 4240 4227 4233 4233 4229 4204 4200 4171 4184 4186 4178 4167 4142 4176 4165 4158 4147 4128 4148 4138 4126 4107 4089 4085 4079 4054 4033 4037 4028 4049 4049 4052 4066 4058 4050 4050 4042 4052 4050 4027 4036 4065 4086
4326 4317 4346 4328 4337 4325 4294 4282 4282 4277 4268 4254 4254 4231 4254 4246 4240 4249 4273 4244 4266 4270 4281 4280 4280 4269 4266 4266 4237 4226 4224 4233 4233 4212 4223 4226 4235 4237 4217 4222 4255 4255 4254 4254 4243 4257 4245 4274 4274 4237 4250 4256 4245 4242 4240 4251 4248 4229 4229 4214 4189 4183 4175 4159 4159 4159 4154 4154 4147 4129 4117 4129 4129 4126 4097 4085 4068 4063 4035 4034 4038 4036 4045 4044 4053 4065 4060 4079 4079 4067 4037 4050 4021 4027 4036 4054
4350 4310 4340 4346 4341 4336 4294 4294 4271 4272 4268 4254 4262 4343 4343 4255 4240 4250 4259 4254 4266 4270 4281 4267 4251 4235 4235 4242 4242 4226 4229 4233 4219 4240 4240 4222 4235 4237 4213 4215 4226 4226 4225 4234 4243 4243 4245 4231 4236 4231 4244 4238 4233 4242 4269 4269 4251 4248 4229 4197 4199 4183 4177 4164 4160 4148 4147 4135 4135 4128 4108 4100 4117 4117 4074 4069 4062 4053 4053 4057 4057 4068 4048 4052 4056 4056 4061 4071 4096 4096 4042 4042 4025 4021 4036 4039
4350 4321 4339 4339 4339 4341 4312 4283 4283 4265 4265 4257 4262 4314 4314 4284 4269 4269 4259 4283 4254 4259 4270 4255 4247 4251 4246 4213 4226 4229 4236 4237 4219 4221 4250 4250 4221 4213 4215 4206 4205 4226 4222 4220 4234 4223 4235 4235 4236 4246 4257 4257 4215 4213 4240 4255 4255 4222 4214 4197 4183 4174 4168 4176 4172 4175 4157 4157 4128 4128 4100 4129 4089 4088 4058 4056 4067 4076 4075 4074 4071 4057 4049 4048 4045 4060 4060 4069 4096 4125 4056 4037 4037 4031 4022 4030
4345 4316 4321 4347 4309 4312 4283 4254 4272 4265 4243 4254 4285 4303 4314 4284 4271 4252 4283 4254 4254 4241 4252 4252 4254 4251 4245 4258 4235 4221 4210 4210 4206 4207 4221 4221 4239 4221 4216 4195 4196 4196 4212 4200 4205 4210 4225 4225 4228 4228 4230 4230 4230 4230 4207 4226 4226 4211 4207 4203 4193 4168 4174 4172 4166 4188 4175 4186 4157 4149 4129 4115 4101 4071 4067 4067 4076 4105 4105 4100 4100 4087 4071 4045 4069 4040 4055 4049 4069 4066 4125 4066 4037 4038 4051 4040
4345 4345 4316 4347 4312 4260 4248 4232 4240 4254 4254 4251 4251 4275 4285 4271 4281 4244 4252 4254 4243 4241 4220 4252 4241 4245 4259 4247 4258 4227 4213 4211 4210 4208 4207 4190 4197 4228 4226 4221 4221 4212 4220 4205 4202 4202 4209 4199 4199 4201 4201 4201 4215 4219 4231 4269 4226 4211 4197 4178 4174 4193 4164 4178 4188 4159 4159 4186 4178 4162 4133 4130 4130 4101 4088 4090 4105 4076 4098 4105 4089 4086 4076 4069 4074 4055 4040 4040 4040 4047 4038 4066 4069 4051 4023 4032
4332 4288 4316 4336 4289 4289 4261 4232 4232 4240 4241 4251 4275 4279 4300 4293 4281 4247 4247 4247 4247 4230 4223 4223 4230 4234 4259 4248 4262 4239 4239 4213 4210 4188 4207 4196 4205 4197 4203 4226 4228 4228 4220 4226 4205 4197 4199 4188 4200 4190 4207 4207 4212 4212 4219 4219 4269 4210 4196 4178 4189 4165 4178 4171 4186 4186 4185 4184 4178 4163 4144 4144 4130 4119 4103 4093 4090 4098 4093 4076 4076 4089 4092 4074 4084 4058 4040 4040 4047 4047 4063 4063 4069 4085 4051 4055
4337 4310 4318 4325 4318 4318 4289 4261 4240 4240 4240 4241 4241 4271 4293 4300 4310 4281 4252 4258 4244 4236 4229 4221 4222 4223 4236 4262 4273 4268 4243 4239 4210 4208 4186 4197 4188 4205 4197 4202 4197 4199 4214 4227 4226 4215 4200 4206 4200 4204 4204 4223 4232 4223 4241 4241 4258 4210 4196 4176 4177 4189 4165 4157 4186 4175 4190 4170 4163 4152 4152 4133 4116 4103 4089 4092 4094 4093 4098 4076 4087 4094 4092 4094 4084 4079 4060 4069 4069 4081 4073 4073 4085 4062 4056 4071
4326 4317 4314 4325 4325 4263 4278 4262 4262 4255 4250 4247 4247 4261 4290 4290 4310 4260 4270 4252 4258 4247 4236 4219 4210 4207 4219 4236 4251 4273 4268 4243 4228 4210 4208 4197 4194 4197 4183 4192 4192 4196 4199 4215 4227 4216 4224 4208 4219 4208 4222 4232 4203 4212 4223 4240 4240 4199 4210 4190 4187 4177 4170 4158 4186 4190 4186 4184 4179 4163 4143 4133 4116 4104 4089 4081 4092 4097 4106 4097 4094 4094 4093 4094 4094 4079 4089 4089 4104 4081 4074 4074 4080 4071 4076 4086
4328 4328 4303 4314 4302 4263 4267 4263 4267 4255 4250 4256 4250 4261 4271 4261 4289 4280 4280 4277 4277 4253 4253 4236 4218 4209 4207 4233 4233 4244 4262 4245 4217 4186 4199 4197 4224 4211 4186 4195 4205 4194 4196 4204 4204 4208 4224 4213 4208 4219 4203 4239 4210 4215 4214 4215 4240 4210 4203 4216 4190 4194 4189 4170 4215 4215 4208 4208 4184 4168 4143 4131 4122 4119 4115 4105 4097 4106 4114 4109 4123 4124 4123 4086 4094 4083 4103 4104 4103 4103 4087 4091 4069 4076 4071 4065
4333 4357 4374 4328 4327 4302 4278 4267 4262 4259 4259 4256 4251 4271 4285 4294 4294 4309 4309 4295 4277 4253 4243 4224 4225 4226 4226 4233 4226 4221 4244 4244 4221 4203 4186 4192 4196 4224 4213 4218 4195 4188 4193 4185 4188 4194 4207 4198 4208 4200 4224 4203 4239 4210 4214 4229 4215 4210 4216 4203 4194 4195 4208 4188 4204 4204 4188 4179 4185 4170 4160 4137 4121 4119 4115 4106 4118 4120 4114 4123 4109 4105 4105 4097 4097 4092 4103 4088 4075 4087 4091 4069 4053 4047 4047 4047
4366 4342 4363 4374 4327 4298 4286 4277 4267 4263 4267 4284 4284 4285 4290 4274 4283 4306 4306 4298 4287 4272 4258 4246 4246 4247 4255 4255 4234 4233 4222 4234 4232 4221 4192 4183 4197 4200 4202 4213 4218 4189 4188 4188 4194 4194 4198 4223 4223 4203 4214 4206 4198 4228 4214 4211 4211 4205 4212 4212 4197 4208 4195 4196 4196 4188 4177 4179 4174 4185 4147 4160 4136 4124 4131 4130 4119 4118 4107 4118 4115 4105 4105 4089 4088 4074 4074 4074 4063 4045 4053 4053 4055 4055 4047 4031
4342 4345 4345 4316 4315 4315 4308 4275 4271 4263 4273 4280 4269 4284 4289 4265 4256 4265 4255 4280 4280 4269 4272 4252 4251 4247 4255 4255 4259 4259 4256 4256 4232 4214 4214 4197 4189 4189 4199 4207 4213 4190 4192 4192 4194 4193 4194 4198 4212 4214 4202 4219 4210 4198 4186 4193 4211 4205 4189 4197 4194 4193 4183 4188 4189 4177 4159 4157 4157 4171 4163 4147 4134 4143 4143 4131 4130 4107 4118 4106 4115 4086 4089 4081 4081 4088 4067 4067 4045 4045 4023 4041 4026 4026 4031 4018
4374 4345 4333 4327 4307 4298 4307 4307 4286 4271 4257 4273 4280 4269 4284 4284 4260 4242 4255 4280 4251 4254 4251 4231 4230 4230 4226 4230 4232 4260 4260 4245 4234 4226 4218 4218 4200 4195 4200 4199 4190 4202 4206 4206 4196 4198 4198 4206 4213 4208 4201 4219 4190 4177 4164 4186 4182 4189 4178 4178 4177 4170 4170 4163 4158 4162 4170 4167 4167 4171 4153 4163 4149 4160 4140 4141 4129 4125 4114 4106 4060 4077 4048 4062 4062 4054 4038 4038 4016 4009 4016 4027 4044 4044 4033 4022
4374 4358 4345 4336 4309 4309 4307 4296 4297 4277 4257 4269 4262 4251 4251 4273 4284 4255 4225 4242 4251 4231 4220 4220 4220 4207 4226 4227 4227 4233 4236 4236 4243 4234 4226 4229 4222 4216 4216 4199 4219 4201 4201 4219 4188 4196 4198 4211 4206 4201 4207 4192 4192 4181 4164 4176 4171 4160 4160 4160 4147 4145 4156 4156 4158 4162 4170 4154 4154 4142 4142 4153 4160 4149 4147 4129 4124 4120 4114 4085 4077 4052 4033 4038 4054 4033 4025 4008 4038 4016 4026 4012 4005 4027 4027 4015
4377 4363 4353 4336 4327 4291 4309 4298 4286 4277 4277 4269 4272 4255 4255 4255 4262 4273 4255 4227 4242 4219 4219 4211 4209 4208 4207 4201 4206 4206 4223 4231 4243 4248 4232 4229 4201 4222 4191 4191 4190 4219 4220 4230 4201 4196 4196 4219 4211 4240 4195 4193 4168 4168 4191 4159 4160 4165 4147 4145 4145 4130 4130 4145 4147 4164 4164 4141 4142 4125 4138 4138 4137 4147 4132 4132 4120 4104 4103 4081 4052 4047 4023 4033 4020 4020 4009 4008 3998 4027 4016 3989 3998 3998 3998 4016
4348 4366 4367 4353 4338 4320 4320 4314 4280 4285 4266 4258 4258 4272 4280 4256 4256 4264 4262 4244 4230 4221 4211 4209 4210 4201 4202 4200 4200 4213 4221 4223 4231 4248 4225 4225 4220 4220 4209 4198 4194 4220 4230 4189 4193 4225 4225 4219 4229 4195 4240 4193 4189 4191 4174 4175 4176 4174 4165 4147 4174 4149 4149 4146 4169 4175 4140 4135 4123 4125 4135 4135 4137 4118 4116 4116 4103 4091 4081 4073 4073 4044 4016 4023 4010 4013 4009 3997 3997 3998 4015 3989 3993 3998 3998 3998
4319 4348 4358 4367 4349 4338 4302 4314 4285 4288 4274 4256 4257 4280 4285 4293 4264 4253 4259 4251 4233 4230 4201 4211 4225 4207 4203 4203 4213 4221 4208 4228 4219 4219 4237 4228 4229 4229 4218 4200 4193 4192 4219 4188 4193 4193 4191 4190 4211 4207 4222 4199 4199 4189 4180 4167 4167 4181 4175 4174 4140 4145 4134 4169 4175 4158 4140 4123 4125 4125 4110 4109 4118 4103 4089 4093 4087 4052 4047 4047 4044 4028 4016 4011 4013 4009 3984 3986 4006 4004 4001 3997 3996 3996 3994 3994
4333 4333 4344 4358 4356 4349 4306 4296 4303 4288 4274 4264 4264 4256 4285 4293 4264 4227 4235 4259 4248 4230 4226 4200 4207 4225 4228 4228 4211 4250 4250 4228 4257 4228 4246 4243 4228 4209 4199 4200 4200 4191 4188 4193 4193 4189 4214 4191 4187 4198 4191 4191 4187 4178 4177 4170 4169 4181 4176 4149 4138 4138 4145 4145 4174 4147 4133 4123 4126 4108 4091 4087 4078 4089 4064 4064 4067 4082 4064 4035 4035 4028 4011 4005 4009 3997 3977 4006 4003 4003 4003 4001 4002 4001 3985 3997
4322 4304 4308 4347 4350 4338 4306 4300 4296 4292 4280 4280 4272 4258 4243 4243 4234 4227 4227 4245 4248 4237 4227 4227 4229 4228 4239 4239 4211 4259 4246 4257 4228 4257 4243 4235 4209 4199 4188 4211 4222 4221 4215 4222 4222 4203 4214 4199 4199 4187 4186 4188 4182 4177 4160 4157 4149 4164 4177 4148 4131 4138 4134 4145 4174 4149 4120 4133 4127 4108 4087 4083 4076 4071 4042 4038 4067 4090 4064 4019 4027 4024 4021 4003 3997 4017 4017 3994 3994 3981 3994 3994 3990 3989 3985 3991
4293 4322 4329 4321 4336 4350 4334 4300 4300 4313 4297 4259 4269 4272 4286 4286 4226 4226 4256 4248 4263 4234 4257 4240 4228 4244 4244 4230 4259 4275 4275 4228 4257 4230 4230 4221 4198 4180 4185 4204 4211 4215 4215 4199 4199 4203 4182 4199 4189 4186 4175 4182 4181 4181 4167 4157 4155 4153 4164 4167 4138 4131 4140 4153 4177 4149 4120 4129 4115 4103 4083 4079 4076 4062 4033 4037 4052 4081 4090 4035 4006 4032 4006 4003 4006 3981 3981 3997 3981 3981 3965 3965 3983 3965 3951 3962
4264 4293 4303 4329 4300 4307 4296 4271 4284 4313 4287 4297 4268 4334 4345 4345 4256 4256 4232 4234 4292 4263 4281 4263 4246 4228 4230 4215 4279 4246 4257 4257 4228 4229 4229 4221 4204 4214 4214 4204 4212 4215 4208 4195 4195 4182 4172 4189 4182 4179 4179 4175 4169 4168 4167 4155 4158 4151 4143 4167 4133 4126 4140 4152 4177 4148 4124 4129 4115 4103 4094 4079 4072 4062 4033 4060 4060 4061 4081 4061 4032 3983 4003 3988 3988 3963 3952 3964 3961 3948 3936 3947 3940 3949 3951 3940
