output/arrival.asc
NCOLS 638
NROWS 825
XLLCORNER -2985163.8955
YLLCORNER -3022031.214
CELLSIZE 10000
NODATA_value -1
[rows 110 to 164 of 825, columns 288 to 383 of 638]
-1 -1 -1 -1 -1 -1 -1 -1 -1 -1 -1 -1 -1 -1 -1 -1 -1 -1 -1 -1 3304 3315 3315 3331 3301 -1 3323 3342 3353 3343 3343 3368 3355 3342 3357 3328 3344 3316 3296 3300 3305 3272 3280 3293 -1 -1 -1 -1 3238 3267 3267 3259 3249 3246 3253 3240 3240 3244 3244 3212 3228 -1 3222 3222 3241 3254 3247 3247 3290 3260 3241 3259 3283 3240 3204 3222 3218 3222 3222 3222 3201 3192 3199 3192 3192 3215 3214 3161 -1 -1 3121 3124 3137 3125 3159 3143
-1 -1 -1 -1 -1 -1 -1 -1 -1 -1 -1 -1 -1 -1 -1 -1 -1 -1 -1 -1 -1 -1 -1 -1 -1 -1 3320 3333 3343 3360 3360 3341 3368 3343 3335 3340 3341 3324 3295 3295 3285 3272 3264 -1 -1 -1 -1 -1 -1 -1 3248 3248 3242 3235 3241 3235 -1 3227 3224 3231 3200 -1 3215 3222 3251 3241 3254 3237 3234 3237 3254 3254 3227 -1 3235 3235 -1 3202 3206 3222 3214 3199 3188 3183 3183 3190 3188 3158 3125 -1 3121 -1 3123 3172 3172 3155
-1 -1 -1 -1 -1 -1 -1 -1 -1 -1 -1 -1 -1 -1 -1 -1 -1 -1 -1 -1 -1 -1 -1 -1 -1 -1 3321 3338 3333 3332 3341 3328 3356 3385 3385 3340 3341 3324 3311 3300 3293 3280 -1 -1 -1 -1 -1 -1 -1 -1 3252 3231 3256 3232 -1 -1 -1 -1 3215 3228 -1 -1 3218 3251 3238 3234 3259 3259 3222 3217 3225 3225 -1 -1 3219 3206 3219 3235 3231 3225 3214 3201 3186 3162 3170 3177 3190 3130 3125 -1 -1 -1 -1 -1 3139 3155
-1 -1 -1 -1 -1 -1 -1 -1 -1 -1 -1 -1 -1 -1 -1 -1 -1 -1 -1 -1 -1 -1 3313 -1 -1 -1 3321 3338 3330 3333 3312 3324 3327 3372 3332 3319 3323 3316 3313 3313 3293 3278 -1 -1 -1 -1 -1 -1 -1 3233 3269 3269 3276 3234 -1 -1 -1 -1 3227 3201 -1 3205 3218 3230 3230 3227 3230 3246 3216 3208 -1 -1 -1 -1 3206 3219 3248 3244 3244 3226 3206 3201 3181 3165 3162 3159 3159 3130 -1 -1 -1 -1 -1 -1 3127 3156
-1 -1 3205 3216 3217 -1 -1 -1 -1 -1 -1 -1 -1 -1 -1 -1 -1 -1 -1 -1 -1 -1 3313 -1 3290 3304 3321 3330 3325 3317 3299 3317 3327 3346 3332 3323 3323 3312 3316 3305 3292 3287 3278 3265 -1 -1 -1 -1 -1 3233 3247 3263 3276 3251 -1 -1 -1 3226 3226 -1 -1 3201 3203 3217 3227 3230 3233 3235 3233 3232 3220 3224 3230 3218 3213 3231 3248 3248 3215 3215 3206 3194 3184 3164 3148 3146 3140 3130 3117 -1 -1 -1 -1 -1 3127 3114
3217 -1 3206 3223 3223 -1 -1 -1 -1 -1 -1 -1 -1 -1 -1 -1 -1 -1 -1 -1 -1 3295 3296 -1 3290 3308 3296 3301 3313 3321 3312 3314 3317 3354 3346 3332 3331 3318 3312 3305 3295 3287 3274 3265 -1 -1 -1 -1 3215 -1 -1 3247 3251 3238 -1 -1 -1 3225 3226 -1 3200 3204 3212 3220 3221 3216 3204 3233 3248 3237 3237 3243 3249 3247 3234 3237 3248 3235 3202 3193 3198 3194 3164 3152 3147 3142 3140 3130 -1 -1 -1 -1 -1 -1 3110 3143
3234 3234 3246 3232 3231 -1 -1 -1 -1 -1 -1 -1 -1 -1 -1 -1 -1 -1 3250 3263 3270 3299 3299 3295 3300 3296 3288 3297 3301 3321 3312 3318 3318 3320 3371 3371 3331 3317 3300 3295 3282 3263 3251 -1 -1 -1 -1 -1 -1 -1 -1 -1 -1 -1 -1 -1 -1 3216 -1 -1 3200 3227 3229 3216 3203 3204 3216 3237 3237 3248 3266 3266 3243 3230 3247 3252 3254 3241 -1 -1 -1 3177 3155 3155 3159 3156 3169 3169 3125 3115 -1 -1 -1 3102 3117 3130
3250 3263 3221 3227 3237 3219 -1 -1 -1 -1 -1 -1 -1 -1 -1 -1 -1 -1 3263 -1 3252 3256 3286 3295 3291 3283 3262 3297 3310 3318 3308 3305 3311 3329 3329 3358 3328 3304 3302 3292 3284 3284 3258 -1 -1 -1 -1 -1 -1 -1 -1 -1 -1 -1 -1 -1 -1 -1 -1 -1 3202 3214 3227 3229 3197 3210 3224 3220 3231 3232 3240 3253 3247 3232 3252 3235 3254 3233 3201 -1 3164 3126 3171 3177 3184 3171 3149 3136 3152 3125 -1 -1 -1 -1 3130 3144
3273 3263 3220 3236 3220 3232 -1 3244 3235 3241 3241 3259 3249 3249 3237 3234 -1 -1 3251 -1 -1 -1 3249 3282 3291 3268 3268 3280 3314 3331 3318 3305 3303 3316 3316 3342 3329 3326 3313 3297 3292 3293 3283 3257 3256 -1 -1 -1 -1 -1 -1 -1 -1 -1 -1 -1 -1 -1 -1 3181 3203 3199 3199 3198 3210 3214 3210 3204 3208 3227 3232 3240 3234 3239 3228 3215 3231 3244 3215 3177 3156 3160 3158 3188 3194 3184 -1 3111 3128 -1 -1 -1 -1 -1 3099 3142
3258 3256 3250 3226 3236 3245 3245 3244 3247 3243 3266 3272 3272 3237 3236 -1 -1 -1 -1 -1 -1 -1 3241 3279 3281 3294 3276 3276 3289 3331 3322 3318 3303 3313 3313 3315 3343 3330 3326 3313 3297 3293 3283 3282 3258 -1 -1 -1 -1 -1 -1 -1 -1 -1 -1 -1 -1 -1 -1 3181 3198 3187 3187 3191 3198 3201 3197 3205 3194 3222 3222 3215 3223 3228 3215 3215 3208 3244 3202 3181 3177 3212 3181 3194 3188 3175 -1 -1 -1 -1 -1 -1 -1 -1 3097 3129
3291 3265 3255 3248 3261 3261 3262 3272 3285 3261 3255 3274 3287 -1 -1 -1 -1 -1 -1 -1 -1 -1 3245 3266 3279 3294 3281 3273 3302 3318 3322 3309 3301 3300 3298 3315 3328 3343 3326 3326 3308 3308 3295 3292 3271 3236 -1 3242 -1 -1 -1 -1 -1 -1 -1 -1 -1 -1 -1 3198 3185 -1 -1 3190 3200 3200 3196 3181 3194 3203 3193 3205 3198 3203 3193 3190 3197 3201 3208 3174 3225 3171 3173 3160 -1 -1 -1 -1 -1 -1 -1 -1 -1 -1 -1 3101
3280 3263 3261 3261 3263 3274 3276 3285 3262 3256 3270 3287 3249 -1 -1 -1 -1 -1 -1 -1 -1 -1 -1 3258 3262 3272 3282 3285 3302 3305 3318 3301 3286 3286 3286 3296 3315 3328 3302 3297 3300 3300 3292 3291 3271 3249 3233 3259 3259 -1 -1 -1 -1 -1 -1 -1 -1 -1 -1 -1 -1 -1 -1 3183 3199 3187 3189 3195 3192 3192 3185 3175 3186 3199 3183 3182 3188 3201 3183 3225 3174 -1 3154 3154 -1 -1 -1 -1 -1 -1 -1 -1 3100 3105 3105 3113
3267 3251 3244 3251 3237 3276 3274 3259 3256 3243 3258 3244 -1 -1 -1 -1 -1 -1 -1 -1 -1 -1 -1 -1 3265 3272 3301 3288 3276 3272 3289 3283 3266 3273 3279 3286 3302 3311 3315 3315 3301 3292 3282 3274 3275 3249 3246 3250 3250 3248 -1 -1 -1 -1 -1 -1 -1 -1 -1 -1 -1 -1 3185 3186 3199 3180 -1 3190 3181 3179 3175 3163 3173 3166 3166 3188 3215 3200 3171 3171 3196 3196 3167 3155 3150 3160 3172 3167 3163 3154 3123 -1 -1 -1 -1 3099
3228 3238 3234 3251 3251 3263 3257 3245 3245 3245 3258 3230 -1 -1 -1 -1 -1 -1 -1 -1 -1 -1 -1 -1 3259 3265 3301 3267 3255 -1 3283 3270 3243 3257 3267 3268 3283 3285 3286 3314 3314 3294 3283 3278 3278 3276 3233 3235 3248 3237 -1 -1 -1 -1 -1 -1 -1 -1 -1 -1 -1 3198 3203 3190 3181 -1 -1 -1 3180 3154 3164 3163 -1 3157 3166 3186 3239 3202 3200 3196 3176 3184 3180 3167 3176 3189 3179 3176 3167 3163 -1 -1 -1 -1 -1 3099
3246 3253 3252 3263 3280 3267 3232 3232 3240 3247 3247 3230 -1 -1 -1 -1 -1 -1 -1 -1 -1 -1 -1 -1 -1 3249 3251 -1 -1 3254 3266 3260 3243 -1 -1 3247 3268 3274 3285 3281 3294 3300 3277 3265 3265 3261 3233 -1 3227 3227 -1 -1 -1 -1 -1 -1 -1 -1 -1 -1 3194 3202 3198 3182 3190 -1 -1 -1 -1 -1 -1 -1 -1 3157 3186 3173 3226 3239 3222 3217 3197 3197 3196 3190 3180 3193 3189 3196 3183 3157 3141 -1 -1 -1 -1 -1
3287 3270 3275 3280 3280 3254 3225 3232 3240 3234 3230 3217 3211 -1 -1 -1 -1 -1 -1 -1 -1 -1 -1 -1 -1 -1 3251 -1 -1 3254 3257 3240 3217 -1 -1 -1 3264 3272 3275 3270 3271 3300 3284 3255 3261 3248 3233 -1 -1 -1 -1 -1 -1 -1 -1 -1 -1 -1 -1 -1 3181 3194 -1 -1 -1 -1 -1 -1 -1 -1 -1 -1 -1 3158 3171 3169 3197 3210 3217 3211 3224 3211 3196 3195 3193 3218 3201 3197 3196 3175 -1 -1 -1 -1 -1 -1
3302 3275 3283 3285 3267 3225 -1 -1 3222 3227 3214 3214 -1 -1 -1 -1 -1 -1 -1 -1 -1 -1 -1 -1 -1 -1 -1 -1 -1 -1 3240 3257 3250 -1 -1 -1 3235 3271 3271 3275 3270 3287 3284 3271 3255 3236 3221 -1 -1 -1 -1 -1 -1 -1 -1 -1 -1 -1 -1 -1 -1 -1 -1 -1 -1 -1 -1 -1 -1 -1 -1 -1 3127 3170 3171 3171 3176 3210 3197 3194 3211 3224 3208 3219 3219 3211 3218 3197 3225 3175 -1 -1 -1 -1 3087 -1
3304 3302 3298 3283 3266 3227 -1 -1 -1 -1 -1 -1 -1 -1 -1 -1 -1 -1 -1 -1 -1 -1 -1 -1 -1 -1 3250 -1 -1 -1 -1 3263 3234 -1 -1 3232 3245 3248 3275 3283 3283 3279 3276 3256 3255 3235 3222 -1 -1 -1 -1 -1 -1 -1 -1 -1 -1 -1 -1 -1 -1 -1 -1 -1 -1 -1 -1 -1 -1 -1 -1 -1 3157 3170 3171 3169 3176 3181 3175 3177 3195 3207 3207 3208 3206 3205 3211 3208 3212 3225 -1 -1 3114 -1 -1 3105
3297 3291 3298 3281 3252 3240 -1 -1 -1 -1 -1 -1 -1 -1 -1 -1 3275 3227 -1 3228 -1 -1 -1 -1 -1 -1 3250 -1 -1 -1 -1 3263 3234 -1 -1 3216 3245 3253 3265 3292 3292 3289 3289 3268 3256 3239 3231 3223 3217 -1 -1 -1 -1 -1 -1 -1 -1 -1 -1 -1 -1 -1 -1 -1 -1 -1 -1 -1 -1 -1 -1 -1 3141 3153 3156 3170 3169 3187 3181 3182 3195 3197 3197 3202 3191 3206 3182 3187 3153 3204 3168 3116 3116 3127 3118 3118
3326 3283 3269 -1 -1 3212 -1 -1 -1 3212 3212 -1 -1 -1 3249 3275 -1 3262 -1 -1 -1 -1 -1 -1 -1 -1 -1 -1 -1 -1 -1 3246 3234 3208 -1 3237 3266 3266 3278 3291 3281 3281 3278 3270 3270 3249 3231 3246 3233 3228 -1 -1 -1 -1 -1 -1 -1 -1 -1 -1 -1 -1 -1 -1 -1 -1 -1 -1 -1 -1 -1 -1 -1 3141 3152 3158 3158 3187 3174 3178 3190 3190 3190 3190 3219 3219 3186 3154 3181 3174 3145 3132 3129 3129 3127 3131
3294 -1 3269 -1 -1 -1 -1 -1 -1 -1 -1 -1 -1 -1 -1 3258 3246 3246 3246 -1 -1 -1 -1 -1 -1 -1 -1 -1 -1 -1 -1 3216 3208 3215 3224 3219 3238 3250 3265 3291 3268 3262 3295 3282 3262 3258 3258 3246 3228 -1 -1 -1 -1 -1 -1 -1 -1 -1 -1 -1 -1 -1 -1 -1 -1 -1 -1 -1 -1 -1 -1 -1 -1 -1 3140 3146 3145 3147 3157 3170 3177 3172 3177 3181 3182 3199 3199 3164 3152 3174 3161 3155 3159 3145 3132 3144
3281 3294 3266 -1 -1 -1 -1 -1 -1 -1 3209 3219 -1 3219 3232 -1 3246 -1 -1 -1 -1 -1 -1 -1 -1 -1 -1 -1 -1 -1 3215 3216 3220 3208 3237 3244 3236 3236 3248 3265 3262 3249 3245 3295 3266 3262 3260 3246 3231 -1 -1 -1 -1 -1 -1 -1 -1 -1 -1 -1 -1 -1 -1 -1 -1 -1 -1 -1 -1 -1 -1 -1 -1 -1 -1 -1 -1 3134 3143 3170 3172 3165 3165 3163 3182 3170 3170 3158 3141 3152 3172 3172 3143 3145 3142 3115
3323 3307 -1 -1 -1 -1 -1 -1 -1 -1 3208 3219 3206 -1 -1 -1 3232 -1 -1 -1 -1 -1 -1 -1 -1 -1 -1 -1 -1 3199 3200 3190 3216 3237 3244 3231 -1 3223 3230 3236 3252 3234 3237 3237 3253 3275 3273 3256 3244 3227 -1 -1 -1 -1 -1 -1 -1 -1 -1 -1 -1 -1 -1 -1 -1 -1 -1 -1 -1 -1 -1 -1 -1 -1 -1 3113 -1 -1 3143 3148 3165 3152 3152 3150 3163 3147 3158 3145 3107 3118 3129 3143 3130 3131 3142 3129
3324 3295 3278 -1 -1 -1 -1 -1 -1 -1 -1 -1 -1 3222 3222 -1 -1 -1 -1 -1 -1 -1 -1 -1 -1 -1 -1 -1 3228 3228 3213 -1 -1 3202 3229 3216 -1 -1 -1 3231 3236 3234 3224 3208 3232 3262 3275 3273 3244 3236 -1 -1 -1 -1 -1 -1 -1 -1 -1 -1 -1 -1 -1 -1 -1 -1 -1 -1 -1 -1 -1 -1 -1 -1 -1 -1 3114 3125 3143 3143 3135 -1 -1 -1 3135 3146 3115 3106 -1 -1 3118 3101 3107 3118 3131 3125
3295 -1 -1 -1 -1 -1 -1 -1 -1 -1 -1 -1 3216 -1 -1 -1 -1 -1 -1 -1 -1 -1 -1 -1 -1 -1 -1 -1 3215 3213 3196 -1 -1 -1 3229 -1 -1 -1 3218 3207 -1 -1 -1 -1 3219 3232 3242 3262 3279 3279 3232 -1 -1 -1 -1 -1 -1 3157 -1 -1 -1 -1 -1 -1 -1 -1 -1 -1 -1 -1 -1 -1 -1 -1 -1 -1 -1 3114 3130 -1 -1 -1 3128 3128 -1 3117 3121 3119 3102 -1 3098 3096 3107 3102 3142 3114
-1 -1 -1 3236 -1 -1 -1 -1 -1 -1 -1 -1 -1 -1 -1 -1 -1 -1 -1 -1 -1 -1 -1 -1 -1 -1 -1 -1 -1 -1 -1 -1 -1 -1 -1 -1 -1 3205 3218 -1 -1 -1 -1 -1 -1 -1 -1 -1 3266 3250 3216 3216 3208 -1 3187 -1 -1 3156 -1 -1 -1 -1 -1 -1 -1 -1 -1 -1 -1 -1 -1 -1 -1 -1 -1 -1 -1 -1 -1 -1 -1 3115 3132 3132 3115 3121 3148 3148 3135 3098 3098 3124 3125 3112 3125 3141
3293 -1 3219 3236 -1 -1 -1 -1 -1 -1 -1 -1 -1 -1 -1 -1 -1 -1 -1 -1 -1 -1 -1 -1 -1 -1 -1 -1 -1 -1 -1 -1 -1 3212 -1 -1 -1 -1 -1 -1 -1 -1 -1 -1 -1 -1 -1 -1 -1 -1 -1 -1 -1 3208 3191 3216 3170 3153 3166 -1 -1 -1 -1 -1 -1 -1 -1 -1 -1 -1 -1 -1 -1 -1 -1 -1 -1 -1 -1 -1 -1 3083 3089 3119 3104 3123 3151 3138 3111 3111 3105 3124 3125 3099 3114 3131
3303 3290 3277 3265 -1 -1 -1 -1 -1 -1 -1 -1 -1 -1 -1 -1 -1 -1 -1 -1 -1 -1 -1 -1 -1 -1 -1 -1 -1 -1 -1 -1 -1 3212 -1 -1 -1 -1 -1 -1 -1 -1 -1 -1 -1 3202 -1 -1 -1 -1 -1 -1 -1 -1 3190 3216 3203 3173 3166 3153 -1 -1 -1 -1 -1 -1 -1 -1 -1 3113 -1 -1 -1 -1 -1 -1 -1 -1 -1 -1 -1 3101 3114 3103 3119 3146 3166 3151 3122 3122 3095 3096 3111 3105 3089 3083
3306 3303 3288 3294 3259 3234 -1 -1 -1 -1 -1 -1 -1 -1 -1 -1 -1 -1 -1 -1 -1 -1 -1 -1 -1 -1 -1 -1 -1 -1 -1 -1 -1 -1 -1 -1 -1 -1 -1 -1 -1 -1 -1 -1 3224 3219 3219 -1 3197 -1 -1 -1 -1 3167 3184 3206 3219 3187 3154 3149 3137 -1 -1 -1 -1 -1 3114 -1 -1 -1 -1 -1 -1 -1 -1 3097 -1 -1 3096 3101 3089 3118 3149 3131 3145 3153 3166 3146 3134 3109 3083 -1 3096 3125 3138 3113
3315 3305 3294 3276 -1 -1 -1 -1 -1 -1 -1 -1 -1 -1 -1 -1 -1 -1 -1 -1 -1 -1 -1 -1 -1 -1 -1 -1 -1 -1 -1 -1 -1 -1 -1 -1 -1 -1 -1 -1 -1 -1 3201 -1 3211 3224 3241 3210 3210 -1 -1 -1 -1 3155 3184 3219 3181 3158 3157 3146 3123 3120 3099 3086 -1 -1 3114 -1 -1 -1 -1 -1 -1 -1 -1 -1 3102 3101 3125 3125 3141 3154 3150 3123 3135 3137 3137 3145 3119 3108 3092 3080 3121 3164 3164 3138
3312 3305 3292 -1 -1 -1 -1 -1 -1 -1 -1 -1 -1 -1 -1 -1 -1 -1 -1 -1 -1 -1 -1 -1 -1 -1 -1 -1 -1 -1 -1 -1 -1 -1 -1 -1 -1 -1 -1 -1 -1 3211 3239 3201 3207 3240 3249 3197 3220 -1 -1 3164 3177 3169 3192 3202 3190 3181 3164 3145 3141 3112 3106 3106 3096 -1 -1 -1 -1 -1 -1 -1 -1 -1 -1 -1 -1 3078 3112 3126 3154 3168 3155 3135 3140 3124 3124 3124 3096 3109 3080 3091 3106 3151 3135 3121
3309 3296 3267 3247 3254 3241 -1 -1 -1 -1 -1 -1 -1 -1 -1 -1 -1 -1 -1 -1 -1 -1 -1 -1 -1 -1 -1 -1 -1 -1 -1 -1 -1 -1 -1 -1 3199 3228 3228 3235 3206 3229 3238 3232 3207 3236 3249 3198 3237 3204 -1 3177 3260 3260 3231 3218 3190 3177 3164 3138 3141 3128 3112 3139 3098 3090 -1 -1 -1 -1 -1 -1 -1 -1 -1 3096 3096 3090 3101 3105 3139 3168 3169 3182 3153 3153 3131 3125 3109 -1 -1 -1 3093 3106 3118 3135
3312 3309 3280 3280 3290 3277 -1 -1 -1 -1 -1 -1 -1 -1 -1 -1 -1 -1 -1 -1 -1 -1 -1 -1 -1 -1 -1 -1 -1 -1 -1 -1 -1 -1 -1 -1 -1 -1 3215 3222 3235 3232 3242 3249 3220 3236 3220 3208 3237 3238 -1 3165 3207 3247 3243 3231 3202 3202 3163 3050 3124 3122 3126 3139 3111 3111 3094 -1 -1 -1 -1 -1 -1 -1 -1 -1 -1 -1 3107 3119 3125 3151 3164 3168 3182 3167 3138 3138 3122 3122 3099 -1 -1 3075 3109 3138
3318 3312 3290 3280 3290 3276 3260 3235 -1 -1 -1 -1 -1 3222 3222 -1 -1 -1 -1 -1 -1 -1 -1 -1 -1 -1 -1 -1 -1 -1 -1 -1 -1 -1 -1 -1 -1 -1 -1 3218 3219 3232 3234 3250 3249 3263 3220 3207 3224 3237 3195 3182 3185 3207 3226 3217 3214 3159 3049 -1 -1 3117 3122 3122 3110 3107 3087 -1 -1 -1 -1 -1 -1 -1 -1 -1 -1 -1 -1 3107 3136 3136 3155 3165 3168 3167 3154 3151 3145 3128 3116 -1 -1 3088 3091 3125
3319 3303 3303 3286 3276 3273 3263 3236 3224 -1 -1 -1 3211 -1 -1 -1 -1 -1 -1 -1 -1 -1 -1 -1 -1 -1 -1 -1 -1 -1 -1 -1 -1 -1 -1 -1 -1 -1 -1 3189 3205 3221 3234 3225 3263 3246 3234 3205 3205 3192 3211 3227 3190 3190 3201 3209 3187 3143 -1 -1 3050 3125 3113 3110 3107 3097 -1 -1 -1 -1 -1 -1 -1 -1 -1 -1 -1 -1 -1 -1 3123 3133 3150 3179 3166 3166 3151 3148 3145 3116 3093 -1 3073 3091 3101 3117
3319 3311 3295 3274 3266 3273 3265 3248 3236 3244 3244 3211 -1 -1 -1 -1 -1 -1 -1 -1 -1 -1 -1 -1 -1 -1 -1 -1 -1 -1 -1 -1 -1 -1 -1 -1 -1 -1 -1 3187 3187 3205 3190 3202 3220 3207 3207 3234 3217 3180 3198 3227 3214 3181 3201 3195 3160 3173 3156 3114 3124 3125 3124 3113 3050 3101 3091 -1 -1 -1 -1 -1 -1 -1 -1 -1 -1 -1 -1 -1 -1 3121 3137 3150 3179 3166 3153 3161 3132 3103 -1 3080 3075 3097 3131 3101
3324 3307 3295 3282 3274 3265 3256 3248 3225 3234 3231 3211 -1 -1 -1 -1 -1 -1 -1 -1 -1 -1 -1 -1 -1 -1 -1 -1 -1 -1 -1 -1 -1 -1 -1 -1 -1 -1 -1 -1 -1 -1 3215 3252 3239 3209 3217 3220 3233 3202 3204 3210 3210 3199 3195 3182 3157 3130 3156 3130 3113 3098 3108 3108 3050 3101 3118 3118 -1 -1 -1 -1 -1 -1 -1 -1 -1 -1 -1 -1 -1 -1 -1 3137 3137 3161 3161 3161 3132 3115 3081 3075 3084 3097 3118 3131
3327 3324 3306 3306 3281 3268 3252 3238 3240 3247 3229 3219 -1 -1 -1 -1 -1 -1 -1 -1 -1 -1 -1 -1 -1 -1 -1 -1 -1 -1 -1 -1 -1 -1 -1 -1 -1 -1 -1 -1 -1 -1 3198 3215 3252 3235 3241 3229 3233 3204 3165 3178 3184 3191 3183 3166 3166 3142 3141 3108 3104 3104 3103 3097 3099 3092 3105 3091 -1 -1 -1 -1 -1 -1 -1 -1 -1 -1 -1 -1 -1 -1 -1 -1 3118 3141 3148 3144 3144 3132 3118 3091 3064 3082 3089 3102
3327 3328 3316 3293 3281 3278 3259 3257 3257 3247 3236 3236 3223 3214 3207 -1 -1 -1 -1 -1 -1 -1 -1 -1 -1 -1 -1 -1 -1 -1 -1 -1 -1 -1 -1 -1 -1 -1 -1 3144 3158 -1 -1 3201 3223 3241 3212 3228 3229 3216 3187 3175 3165 3174 3166 3149 3153 3156 3115 3105 3107 3116 3103 3099 3102 3094 3091 -1 -1 -1 -1 -1 -1 -1 -1 -1 -1 -1 -1 -1 -1 -1 -1 -1 -1 3108 3120 3128 3124 3118 3117 -1 -1 3069 3082 3088
3356 3345 3316 3303 3291 3290 3275 3272 3272 3253 3245 3244 3231 3215 3214 3214 3243 3243 3253 3229 3215 -1 -1 -1 -1 -1 -1 -1 -1 3167 -1 -1 -1 -1 -1 -1 -1 -1 -1 3153 3185 3171 3188 3210 3224 3223 3224 3216 3212 3200 3187 -1 3141 3152 3172 3185 3156 3127 3127 3105 3118 3124 3116 3102 3089 -1 -1 -1 -1 -1 -1 -1 -1 -1 -1 -1 -1 -1 -1 -1 -1 -1 -1 -1 -1 -1 -1 -1 -1 3103 3090 -1 -1 -1 3074 3075
3339 3345 3307 3307 3291 3291 3274 3275 3270 3265 3252 3243 3244 3244 3215 3220 3257 3272 3272 3255 3248 3232 3228 -1 -1 -1 -1 -1 3180 3180 3171 3160 -1 -1 -1 -1 -1 -1 3147 3151 3171 3184 3172 3198 3206 3206 3215 3216 3208 3203 3200 3157 3125 3142 3160 3149 3185 3143 3116 3109 3131 3131 3123 3123 3089 -1 -1 -1 -1 -1 -1 -1 -1 -1 -1 -1 -1 -1 -1 -1 -1 -1 -1 -1 -1 -1 -1 3080 3086 3074 3067 -1 -1 -1 -1 3074
3323 3332 3319 3301 3294 3291 3284 3276 3271 3265 3243 3223 3220 3234 3235 3237 3244 3267 3272 3261 3261 3252 3239 3241 3241 3225 3209 3209 3192 3184 3184 3200 3173 3171 3158 -1 -1 -1 3146 3135 3158 3172 3159 3164 3180 3202 3215 3220 3208 3203 3190 3171 3158 3160 3147 3131 3168 3126 3118 3130 3151 3151 3106 3122 3096 -1 -1 -1 -1 -1 -1 -1 -1 -1 3068 -1 -1 -1 -1 -1 -1 -1 -1 -1 -1 -1 -1 -1 3079 3074 3067 -1 -1 -1 -1 3040
3328 3336 3336 3323 3301 3297 3297 3283 3271 3254 3236 3236 3227 3237 3249 3265 3280 3298 -1 3235 3252 3255 3268 3239 3251 3234 3218 3218 3201 3196 3186 3187 3200 3172 3171 3154 3141 3145 3137 3133 3143 3155 3164 3148 3177 3190 3198 3220 3207 3186 3174 3161 3171 3170 3169 3143 3142 3126 3118 3131 3144 3138 3122 3106 3088 -1 -1 -1 -1 -1 -1 -1 -1 -1 3086 3082 3080 3079 -1 -1 -1 -1 -1 -1 -1 -1 -1 -1 -1 3072 3071 3054 -1 -1 -1 -1
3341 3341 3336 3336 3310 3302 3300 3271 -1 -1 3226 3227 3222 3225 3243 3266 3299 3280 3263 3251 3245 3244 3232 3268 3243 3230 3217 3205 3214 3197 3197 3186 3198 3195 3170 3183 3166 3154 3154 3133 3132 3147 3147 3158 3161 3173 3203 3191 3187 3174 3161 3161 3190 3174 3174 3156 3118 3134 3147 3144 3131 3122 3096 3095 -1 -1 -1 -1 -1 -1 -1 -1 -1 3099 3099 3093 3093 3091 3078 3064 -1 -1 -1 -1 -1 -1 -1 -1 -1 -1 -1 -1 -1 -1 -1 -1
3337 3337 3324 3323 3315 3300 3287 3258 -1 -1 3214 3239 3226 3226 3239 3256 3266 3253 3251 3234 3244 3232 3227 3247 3251 3242 3226 3214 3210 3210 3197 3193 3198 3208 3196 3186 3183 3167 3167 3149 3133 3133 3145 3158 3161 3177 3191 3178 3170 3169 3160 3160 3173 3190 3177 3165 3146 3147 3157 3144 3131 3122 3122 3103 3096 -1 -1 -1 -1 -1 -1 -1 -1 -1 3083 3070 3082 3082 3091 3073 3064 -1 -1 -1 -1 -1 -1 -1 3024 -1 -1 -1 -1 -1 -1 -1
3342 3332 3330 3317 3307 3275 3264 3257 -1 -1 3224 3241 3239 3228 -1 3256 3295 3295 3242 -1 -1 -1 3215 3247 3225 3230 3216 3209 3212 3212 3206 3206 3208 3195 3196 3183 3187 3154 3154 3136 3125 3122 3147 3144 3149 3162 3181 3168 3163 3161 3148 3150 3148 3174 3191 3162 3133 3135 3157 3148 3120 3119 3100 3105 3103 3096 -1 -1 -1 -1 -1 -1 -1 -1 -1 3082 -1 3078 3080 3079 3072 -1 -1 -1 3050 3066 3053 3049 3032 3043 -1 -1 -1 -1 -1 -1
3342 3346 3330 3307 3293 3264 3264 3254 3263 3237 3229 3216 3241 3258 3245 3258 3252 3282 3232 3219 -1 -1 -1 3224 -1 3191 3198 3199 3189 3189 3195 3191 3182 3179 3195 3178 3170 3161 3161 3143 3140 3148 3159 3163 3155 3155 3162 3181 3162 3161 3158 3147 3136 3148 3191 3162 3145 3134 3148 3119 3119 3106 3105 3099 3099 3096 -1 -1 -1 -1 -1 -1 -1 -1 -1 -1 -1 -1 3078 3072 3075 3072 3057 3060 3069 3069 3066 3052 3059 3072 3056 3043 3043 -1 -1 -1
3342 3359 3359 3322 3280 3293 3271 3276 3276 3259 3229 3206 3226 3271 3253 3264 3234 3255 3232 3220 -1 -1 -1 -1 -1 -1 3182 3189 3168 3176 3177 3167 -1 -1 -1 3166 3152 3170 3173 3160 3156 3162 3163 3172 3155 3174 3167 3153 3154 3163 3158 3147 3134 3136 3178 3171 3149 3129 3134 3119 3106 3106 3090 3096 -1 3096 -1 -1 -1 -1 -1 -1 -1 -1 -1 -1 -1 -1 -1 3076 3072 3074 3070 3070 3103 3095 3082 3052 3072 3085 3085 3056 3030 3021 3026 -1
3314 3336 3336 3322 3305 3283 3284 3284 3266 3247 3220 3224 3228 3248 3271 3277 3242 3227 3238 3262 3249 3219 -1 -1 -1 -1 3174 3170 3163 3168 3189 3189 3160 3147 3166 3153 3145 3157 3144 3173 3163 3175 3175 3172 3155 3190 3196 3167 3181 3168 3149 3149 3131 3135 3158 3161 3142 3122 3135 3122 3118 3107 3107 3096 -1 3050 3050 -1 -1 -1 -1 -1 -1 -1 -1 -1 -1 3085 3089 3089 3084 3084 3072 3067 3090 3103 3095 3065 3048 3068 3072 3042 3039 3020 3027 3022
3327 3327 3309 3310 3292 3290 3279 3279 3259 3234 3230 3224 3248 3254 3277 3260 3229 3239 3245 3301 3288 3259 3230 -1 -1 -1 3170 3174 3168 3176 3185 3185 3172 3160 3153 3151 3151 3149 3144 3147 3147 3176 3171 3155 3166 3203 3203 3196 3181 3175 3150 3150 3116 3129 3148 3161 3132 3119 3135 3129 3118 3125 3125 3094 3050 3099 3086 -1 -1 -1 -1 -1 -1 -1 -1 -1 -1 3093 3085 3076 3085 3073 3072 3094 3077 3074 3061 3065 3048 3055 3068 3064 3030 3034 3033 3037
3309 3303 3319 3362 3333 3304 3280 3267 3259 3246 3198 -1 -1 3226 3248 -1 3219 3256 3273 3301 3272 3272 3243 -1 -1 3197 3164 3163 3160 3168 3168 3173 3189 3159 3167 3166 3166 3137 3137 3140 3159 3176 3170 3165 3178 3205 3213 3200 3178 3175 3162 3151 3132 3126 3142 3144 3132 3127 3141 3142 3129 3124 3112 3101 3096 3099 -1 -1 -1 -1 -1 -1 -1 -1 -1 -1 3080 3080 3093 3085 3090 3082 3094 3098 3085 3074 3031 3042 3052 3048 3051 3064 3035 3035 3043 3060
3296 3309 3321 3362 3349 3333 3304 3268 3251 3241 3240 -1 -1 -1 3235 3248 -1 -1 3256 3286 3286 3269 3236 3243 3226 3200 3192 3160 3176 3168 3173 3185 3202 3186 3183 3170 3183 3145 3140 3157 3170 3176 3176 3168 3192 3205 3213 3191 3169 3153 3172 3168 3139 3128 3128 3143 3127 3127 3132 3132 3131 3123 3114 3114 3096 3105 -1 -1 -1 -1 -1 -1 -1 -1 -1 -1 -1 3080 3093 3090 3082 3065 3081 3098 3085 3085 3082 3069 3051 3048 3042 3053 3052 3044 3057 3064
3305 3317 3334 3291 3304 3304 3275 3255 -1 -1 -1 -1 -1 3215 3216 3231 3198 3213 3243 3278 3278 3257 3249 3214 3226 3209 3200 3187 3183 3161 3168 3202 3212 3209 3203 3190 3161 3166 3157 3175 3174 3170 3168 3180 3188 3188 3196 3186 3162 3159 3172 3168 3142 3139 3139 3143 3126 3120 3130 3123 3126 3131 3115 3110 3105 3097 -1 -1 -1 -1 -1 -1 -1 -1 -1 -1 -1 3063 3080 3093 3077 3083 3063 3076 3059 3082 3072 3031 3031 3016 3041 -1 3028 3057 3051 3064
3301 3305 3334 3293 3291 3291 3275 -1 -1 -1 -1 -1 3207 3226 3215 3199 3195 3211 3254 3235 3265 3257 3244 3232 3215 3230 3217 3200 3183 3170 3197 3199 3210 3212 3203 3212 3195 3199 3176 3170 3153 3141 3167 3167 3180 3187 3193 3186 3186 3173 3155 3150 3142 3139 3128 3130 3120 3117 3123 3130 3126 3128 3124 3113 3110 3095 -1 -1 -1 -1 -1 -1 -1 -1 -1 -1 3059 3059 3057 3074 3096 3096 3079 3053 3053 3039 3026 -1 -1 -1 3015 -1 3028 3015 3030 3017
3310 3298 3292 3309 3293 3280 3294 3260 -1 -1 -1 -1 -1 3207 3225 -1 -1 3192 3225 3267 3267 3250 3246 3242 3209 3226 3230 3201 3213 3200 3197 3210 3223 3223 3229 3213 3212 3199 3205 3189 3175 3160 3160 3163 3183 3187 3193 3186 3169 3155 3162 3151 3165 3141 3127 3127 3136 3125 3125 3146 3146 3137 3128 3115 3113 -1 -1 -1 -1 -1 -1 -1 -1 -1 -1 -1 -1 -1 -1 -1 3073 3079 3066 3060 3040 3026 3022 -1 -1 -1 -1 -1 -1 -1 -1 -1
