output/arrival.asc
NCOLS 638
NROWS 825
XLLCORNER -2985163.8955
YLLCORNER -3022031.214
CELLSIZE 10000
NODATA_value -1
[rows 165 to 219 of 825, columns 96 to 191 of 638]
-1 -1 -1 -1 -1 -1 -1 -1 -1 -1 -1 -1 -1 -1 -1 -1 -1 -1 -1 -1 -1 -1 -1 -1 -1 -1 -1 -1 -1 -1 -1 4035 4051 4056 4059 4081 4098 4114 4127 4139 4132 4148 4147 4135 4134 4129 4117 4127 4115 -1 -1 -1 -1 -1 -1 -1 -1 4213 -1 4228 4253 4240 4210 4195 4207 4222 4220 4247 4230 4230 4235 4235 4260 4261 4274 4288 4275 4296 4296 4325 4328 4319 4323 4329 4329 4343 4360 4368 4361 4348 4362 4391 4364 4363 4362 4354
-1 -1 -1 -1 -1 -1 -1 -1 -1 -1 -1 -1 -1 -1 -1 -1 -1 -1 -1 -1 -1 -1 -1 -1 -1 -1 -1 -1 -1 -1 -1 -1 4052 4061 4073 4074 4089 4098 4127 4156 4148 4149 4148 4147 4155 4143 4129 4123 4127 -1 -1 -1 -1 -1 -1 -1 -1 -1 4213 4228 4245 4236 -1 4208 4221 4227 4246 4244 4214 4217 4226 4262 4261 4260 4272 4278 4291 4304 4305 4308 4327 4319 4323 4336 4341 4357 4368 4355 4327 4362 4332 4330 4340 4379 4350 4355
-1 -1 -1 -1 -1 -1 -1 -1 -1 -1 -1 -1 -1 -1 -1 -1 -1 -1 -1 -1 -1 -1 -1 -1 -1 -1 -1 -1 -1 -1 -1 -1 4057 4061 4071 4089 4091 4085 4097 4143 4156 4160 4177 4176 4163 4163 4144 4135 -1 -1 -1 -1 -1 -1 -1 -1 4188 4217 4223 4245 4228 4249 4202 4208 4221 4230 4244 4231 4252 4235 4252 4265 4265 4263 4278 4287 4304 4305 4316 4311 4321 4307 4336 4341 4339 4356 4351 4351 4338 4332 4325 4322 4333 4379 4350 4391
-1 -1 -1 -1 -1 -1 -1 -1 -1 -1 -1 -1 -1 -1 -1 -1 -1 -1 -1 -1 -1 -1 -1 -1 -1 -1 -1 -1 -1 -1 -1 -1 -1 4058 -1 4095 4096 4108 4097 4114 4134 4136 4164 4177 4176 4164 4135 -1 -1 -1 -1 -1 -1 -1 -1 -1 4200 4217 4232 4233 4261 4262 4204 4221 4226 4227 4241 4254 4266 4252 4256 4260 4267 4276 4276 4287 4302 4315 4316 4323 4323 4320 4326 4324 4340 4357 4357 4344 4331 4327 4326 4326 4366 4408 4408 4411
-1 -1 -1 -1 -1 -1 -1 -1 -1 -1 -1 -1 -1 -1 -1 -1 -1 -1 -1 -1 -1 -1 -1 -1 -1 -1 -1 -1 -1 -1 -1 -1 -1 -1 -1 4070 4108 4097 4086 4101 4114 4123 4133 4129 4130 4122 -1 4108 4121 4121 4131 4129 4133 4172 4198 4202 4204 4247 4246 4246 4278 4275 4209 4225 4236 4219 4238 4254 4266 4253 4273 4256 4270 4280 4280 4286 4315 4298 4282 4310 4318 4310 4324 4339 4340 4360 4364 4350 4343 4356 4367 4384 4400 4413 4411 4394
-1 -1 -1 -1 -1 -1 -1 -1 -1 -1 -1 -1 -1 -1 -1 -1 -1 -1 -1 -1 -1 -1 -1 -1 -1 -1 -1 -1 -1 -1 -1 -1 -1 -1 -1 -1 -1 4086 4103 4086 -1 -1 -1 -1 -1 -1 -1 -1 -1 -1 -1 4131 4146 4142 4186 4215 4223 4248 4261 4265 4275 4278 4232 4231 4249 4247 4260 4249 4256 4273 4266 4276 4275 4283 4286 4298 4298 4302 4282 4287 4318 4322 4339 4336 4347 4360 4364 4358 4350 4356 4367 4371 4370 4413 4418 4410
-1 -1 -1 -1 -1 -1 -1 3977 -1 -1 -1 -1 -1 -1 -1 -1 -1 -1 -1 -1 -1 -1 -1 -1 -1 -1 -1 -1 -1 -1 -1 -1 -1 -1 -1 -1 -1 -1 -1 4120 -1 -1 -1 -1 -1 -1 -1 -1 -1 -1 -1 -1 4117 -1 -1 4169 4201 4257 4265 4274 4222 4265 4199 4222 4249 4260 4232 4265 4256 4266 4263 4259 4277 4270 4283 4296 4302 4312 4325 4296 4305 4322 4336 4344 4357 4361 4371 4365 4391 4408 4366 4354 4354 4396 4418 4423
-1 -1 -1 -1 -1 -1 -1 3990 3990 -1 -1 -1 -1 -1 -1 -1 -1 -1 -1 -1 -1 -1 -1 -1 -1 -1 -1 -1 -1 -1 -1 -1 -1 -1 -1 -1 -1 -1 -1 4120 -1 -1 -1 -1 -1 -1 -1 -1 -1 -1 -1 -1 -1 -1 -1 4149 4193 4236 4274 4215 4231 4186 4209 4222 4232 4243 4244 4252 4265 4262 4277 4273 4289 4277 4278 4290 4296 4296 4325 4314 4314 4319 4333 4357 4374 4374 4371 4374 4395 4408 4379 4367 4365 4354 4405 4423
-1 -1 -1 -1 -1 -1 -1 -1 -1 -1 -1 -1 -1 -1 -1 -1 -1 -1 -1 -1 -1 -1 -1 -1 -1 -1 -1 -1 -1 -1 -1 -1 -1 -1 -1 -1 -1 -1 -1 -1 -1 -1 -1 -1 -1 -1 -1 -1 -1 -1 -1 -1 4104 -1 -1 4161 4207 4219 4215 4245 4232 4189 4207 4219 4232 4232 4233 4244 4251 4276 4272 4293 4306 4322 4303 4303 4296 4293 4321 4321 4333 4335 4323 4336 4345 4342 4357 4349 4354 4347 4367 4365 4377 4394 4381 4406
-1 -1 -1 -1 -1 -1 -1 -1 -1 -1 -1 -1 -1 -1 -1 -1 -1 -1 -1 -1 -1 -1 -1 -1 -1 -1 -1 -1 -1 -1 -1 -1 -1 -1 -1 -1 -1 -1 -1 -1 -1 -1 -1 -1 -1 -1 -1 -1 -1 -1 -1 4104 4133 4133 4137 4162 4163 4207 4190 4199 4245 4228 4211 4219 4238 4235 4234 4251 4255 4272 4286 4335 4335 4294 4292 4293 4314 4318 4331 4331 4333 4347 4335 4345 4342 4332 4335 4335 4349 4350 4360 4360 4377 4373 4388 4405
-1 -1 -1 -1 -1 -1 -1 -1 -1 -1 -1 -1 -1 -1 -1 -1 -1 -1 -1 -1 -1 -1 -1 -1 -1 -1 -1 -1 -1 -1 -1 -1 -1 -1 -1 -1 -1 -1 -1 -1 -1 -1 -1 4100 -1 -1 -1 -1 -1 -1 4109 4116 -1 4120 4136 4163 4165 4179 4183 4187 4187 4228 4206 4219 4225 4238 4237 4241 4255 4269 4318 4276 4292 4294 4301 4301 4316 4331 4343 4376 4349 4360 4360 4336 4328 4327 4338 4338 4338 4360 4352 4352 4343 4359 4362 4376
-1 -1 -1 -1 -1 -1 -1 -1 -1 -1 -1 -1 -1 -1 -1 -1 -1 -1 -1 -1 -1 4019 -1 -1 -1 -1 -1 -1 -1 -1 -1 -1 -1 -1 -1 -1 -1 -1 -1 -1 -1 -1 -1 -1 -1 4098 -1 -1 4124 4112 4109 4120 4125 4117 4140 4145 4164 4178 4186 4196 4196 4191 4190 4200 4216 4224 4241 4237 4248 4266 4276 4279 4283 4288 4284 4303 4316 4302 4343 4360 4389 4362 4375 4347 4329 4340 4340 4338 4343 4343 4339 4343 4330 4350 4359 4379
-1 -1 -1 -1 -1 -1 -1 -1 -1 -1 -1 -1 -1 -1 -1 -1 -1 -1 -1 -1 -1 4006 4019 -1 -1 -1 -1 -1 -1 -1 -1 -1 -1 -1 -1 -1 -1 -1 -1 -1 -1 -1 -1 -1 -1 4136 4136 4128 4131 4141 -1 4135 4118 4126 4143 4158 4175 4182 4199 4199 4199 4199 4199 4199 4216 4223 4237 4237 4249 4266 4266 4279 4295 4295 4315 4328 4302 4313 4360 4372 4389 4390 4390 4375 4358 4346 4349 4346 4340 4341 4326 4318 4314 4333 4350 4367
-1 -1 -1 -1 -1 -1 -1 -1 -1 -1 -1 -1 -1 -1 -1 -1 -1 -1 -1 -1 -1 -1 -1 -1 -1 -1 -1 -1 -1 -1 -1 -1 -1 4119 -1 -1 -1 -1 -1 -1 -1 -1 -1 -1 -1 -1 4123 4119 4141 4148 4148 4125 4135 4154 4158 4162 4175 4169 4182 4187 4189 4202 4212 4212 4217 4217 4229 4241 4249 4263 4271 4271 4282 4307 4328 4290 4313 4326 4326 4330 4335 4361 4377 4332 4346 4349 4344 4346 4333 4328 4324 4314 4311 4325 4354 4367
-1 -1 -1 -1 -1 -1 -1 -1 -1 -1 -1 -1 -1 -1 -1 -1 -1 -1 -1 -1 -1 -1 -1 -1 -1 -1 -1 -1 -1 -1 -1 -1 -1 -1 4136 -1 -1 -1 -1 -1 -1 -1 -1 -1 -1 -1 -1 -1 4144 4157 4152 4165 4152 4161 4167 4167 4174 4186 4186 4202 4202 4208 4210 4211 4217 4230 4230 4245 4258 4264 4267 4275 4267 4295 4307 4287 4299 4311 4317 4318 4348 4361 4360 4352 4336 4337 4344 4331 4328 4324 4311 4314 4309 4321 4338 4353
-1 -1 -1 -1 -1 -1 -1 -1 -1 -1 -1 -1 -1 -1 -1 -1 -1 -1 -1 -1 -1 -1 -1 -1 -1 -1 -1 -1 -1 -1 -1 -1 -1 -1 -1 4136 4123 -1 -1 -1 -1 -1 -1 -1 -1 -1 -1 -1 4128 4157 4165 4172 4165 4162 4168 4174 4186 4187 4186 4215 4216 4210 4227 4210 4214 4220 4236 4254 4258 4267 4275 4276 4274 4295 4294 4284 4284 4298 4302 4331 4344 4360 4347 4329 4310 4305 4305 4305 4315 4331 4331 4314 4321 4338 4323 4340
-1 -1 -1 -1 -1 -1 -1 -1 -1 -1 -1 -1 -1 -1 -1 -1 -1 -1 -1 -1 -1 -1 -1 -1 -1 -1 -1 -1 -1 -1 -1 -1 -1 -1 -1 4127 4140 -1 -1 -1 -1 4107 -1 -1 -1 -1 -1 4101 4127 4149 4183 4200 4185 4185 4174 4178 4187 4199 4198 4215 4216 4223 4226 4227 4233 4233 4249 4265 4261 4275 4276 4276 4278 4294 4277 4276 4276 4285 4288 4302 4331 4312 4329 4316 4292 4305 4297 4297 4314 4318 4310 4310 4321 4321 4315 4338
-1 -1 -1 -1 -1 -1 -1 -1 -1 -1 -1 -1 -1 -1 -1 -1 -1 -1 -1 -1 -1 -1 -1 -1 -1 -1 -1 -1 -1 -1 -1 -1 -1 -1 -1 -1 4140 4124 -1 -1 -1 -1 4113 -1 -1 -1 -1 4101 4130 4149 4171 4200 4214 4197 4180 4177 4190 4192 4199 4217 4217 4223 4225 4227 4244 4249 4252 4265 4274 4274 4276 4294 4282 4281 4275 4277 4288 4288 4294 4294 4295 4312 4300 4295 4293 4298 4291 4304 4304 4302 4297 4304 4313 4319 4320 4332
-1 -1 -1 -1 -1 -1 -1 -1 -1 -1 -1 -1 -1 -1 -1 -1 -1 -1 -1 -1 -1 -1 -1 -1 -1 -1 -1 -1 -1 -1 -1 -1 -1 -1 -1 -1 4137 -1 -1 -1 -1 -1 4113 4114 -1 -1 -1 4117 4130 4139 4169 4187 4187 4214 4190 4190 4192 4192 4204 4208 4220 4225 4231 4237 4244 4245 4248 4248 4273 4277 4281 4294 4282 4277 4276 4275 4290 4310 4297 4314 4309 4302 4302 4300 4299 4293 4282 4288 4297 4294 4294 4292 4305 4330 4332 4334
-1 -1 -1 -1 -1 -1 -1 -1 -1 -1 -1 -1 -1 -1 -1 -1 -1 -1 -1 -1 -1 -1 -1 -1 -1 -1 -1 -1 -1 -1 -1 -1 -1 -1 -1 -1 -1 4137 -1 -1 -1 -1 -1 -1 -1 -1 -1 4125 4138 4139 4156 4169 4174 4187 4201 4195 4185 4193 4196 4208 4220 4226 4237 4244 4249 4249 4259 4260 4273 4278 4286 4278 4278 4273 4277 4277 4290 4310 4314 4325 4338 4309 4331 4318 4303 4303 4301 4297 4284 4299 4299 4305 4301 4317 4330 4346
-1 -1 -1 -1 -1 -1 -1 -1 -1 -1 -1 -1 -1 -1 -1 -1 -1 -1 -1 -1 -1 -1 -1 -1 -1 -1 -1 -1 -1 -1 -1 -1 -1 -1 -1 -1 -1 -1 4120 -1 -1 -1 -1 -1 -1 -1 -1 4122 4138 4147 4150 4165 4173 4190 4209 4195 4182 4185 4196 4209 4216 4231 4231 4239 4236 4236 4246 4259 4260 4277 4277 4286 4282 4293 4285 4290 4278 4294 4289 4295 4338 4323 4331 4302 4294 4306 4306 4301 4295 4289 4289 4301 4300 4288 4359 4359
-1 -1 -1 -1 -1 -1 -1 -1 -1 -1 -1 -1 -1 -1 -1 -1 -1 -1 -1 -1 -1 -1 -1 -1 -1 -1 -1 -1 -1 -1 -1 -1 -1 -1 -1 -1 -1 -1 4086 4094 4130 4130 4119 -1 -1 -1 -1 4122 4125 4137 4150 4166 4186 4186 4190 4209 4193 4193 4197 4203 4218 4216 4226 4236 4239 4259 4272 4288 4288 4264 4289 4306 4306 4289 4314 4302 4307 4300 4288 4288 4323 4306 4294 4314 4299 4307 4293 4290 4284 4295 4284 4283 4290 4278 4316 4312
-1 -1 -1 -1 -1 -1 -1 -1 -1 -1 -1 -1 -1 -1 -1 -1 -1 -1 -1 -1 -1 -1 -1 -1 -1 -1 -1 -1 -1 -1 -1 -1 -1 -1 -1 -1 -1 -1 -1 -1 4117 4145 4158 4125 -1 -1 -1 4116 4125 4142 4146 4161 4173 4177 4192 4197 4198 4203 4203 4219 4221 4221 4209 4223 4246 4247 4273 4272 4284 4255 4277 4260 4272 4331 4318 4290 4307 4317 4316 4310 4281 4297 4310 4299 4292 4308 4307 4294 4289 4291 4283 4290 4278 4291 4312 4325
-1 -1 -1 -1 -1 -1 -1 -1 -1 -1 -1 -1 -1 -1 -1 -1 -1 -1 -1 -1 -1 -1 -1 -1 -1 -1 -1 -1 -1 -1 -1 -1 -1 -1 4092 -1 -1 -1 -1 -1 -1 4129 4158 4173 4125 -1 4126 4120 4133 4141 4127 4145 4160 4172 4185 4204 4204 4207 4223 4223 4236 4238 4221 4225 4239 4272 4255 4297 4280 4277 4264 4268 4281 4272 4331 4292 4317 4316 4303 4299 4286 4281 4310 4321 4321 4303 4311 4289 4298 4305 4285 4285 4275 4294 4309 4343
-1 -1 -1 -1 -1 -1 -1 -1 -1 -1 -1 -1 -1 -1 -1 -1 -1 -1 -1 -1 -1 -1 -1 -1 -1 -1 -1 -1 -1 -1 -1 -1 -1 4112 -1 -1 -1 -1 -1 4047 -1 -1 4129 4147 4174 4154 4137 4126 4133 4142 4127 4142 4149 4176 4185 4191 4197 4226 4226 4236 4249 4250 4238 4237 4250 4279 4279 4297 4254 4248 4259 4252 4264 4281 4288 4279 4304 4282 4273 4278 4278 4301 4304 4292 4302 4298 4294 4318 4318 4318 4347 4314 4314 4294 4311 4330
-1 -1 -1 -1 -1 -1 -1 -1 -1 -1 -1 -1 -1 -1 -1 -1 -1 -1 -1 -1 -1 -1 -1 -1 -1 -1 -1 -1 -1 -1 -1 -1 -1 4099 4112 4096 -1 4084 -1 -1 -1 -1 -1 4131 4145 4145 4154 4155 4155 4162 4155 4146 4141 4170 4175 4180 4183 4197 4207 4224 4224 4211 4216 4250 4262 4266 4268 4268 4251 4249 4240 4242 4252 4259 4272 4264 4272 4260 4273 4284 4288 4301 4306 4315 4315 4314 4314 4294 4331 4347 4334 4304 4307 4311 4349 4306
-1 -1 -1 -1 -1 -1 -1 -1 -1 -1 -1 -1 -1 -1 -1 -1 -1 -1 -1 -1 -1 -1 -1 -1 -1 -1 -1 -1 -1 -1 -1 -1 -1 -1 -1 -1 -1 4097 -1 -1 4081 4153 -1 4118 4131 4141 4138 4148 4149 4162 4163 4155 4136 4157 4170 4187 4187 4184 4197 4197 4201 4205 4206 4211 4233 4233 4239 4239 4232 4229 4233 4239 4242 4259 4259 4272 4272 4287 4273 4297 4301 4302 4317 4306 4313 4316 4323 4331 4296 4332 4332 4319 4310 4320 4336 4349
-1 -1 -1 -1 -1 -1 3929 3930 -1 -1 -1 -1 -1 -1 -1 -1 -1 -1 -1 -1 -1 -1 -1 -1 -1 -1 -1 -1 -1 -1 -1 -1 -1 -1 -1 -1 -1 -1 4097 4094 4110 4153 4140 4124 4114 4119 4148 4152 4148 4148 4161 4163 4149 4145 4145 4158 4160 4173 4183 4188 4201 4203 4207 4220 4233 4228 4228 4226 4222 4229 4246 4246 4260 4268 4268 4272 4274 4287 4284 4297 4302 4301 4304 4317 4310 4323 4316 4306 4302 4315 4303 4309 4303 4320 4320 4315
-1 -1 -1 -1 -1 -1 3938 3947 3957 -1 -1 -1 -1 -1 -1 -1 -1 -1 -1 -1 -1 -1 -1 -1 -1 -1 -1 -1 -1 -1 -1 -1 -1 -1 -1 -1 -1 -1 -1 4091 4136 4111 4137 4124 4145 4132 4116 4130 4165 4165 4165 4178 4150 4162 4139 4146 4158 4170 4183 4188 4194 4196 4216 4216 4225 4226 4218 4215 4220 4228 4241 4249 4262 4260 4272 4269 4269 4272 4272 4273 4286 4289 4288 4299 4286 4303 4287 4285 4293 4302 4303 4295 4312 4312 4341 4328
-1 -1 -1 -1 -1 -1 3939 3947 3956 3988 4001 3992 -1 -1 -1 -1 -1 -1 -1 -1 -1 -1 -1 -1 -1 -1 -1 -1 -1 -1 -1 -1 -1 -1 -1 -1 -1 -1 -1 -1 -1 4108 4137 4123 4123 4145 4116 4122 4148 4156 4178 4204 4175 4164 4158 4159 4163 4166 4170 4187 4196 4225 4212 4199 4201 4218 4208 4213 4222 4224 4241 4263 4266 4265 4259 4256 4267 4267 4268 4268 4286 4269 4273 4274 4270 4274 4264 4281 4278 4278 4285 4283 4299 4341 4324 4302
-1 -1 -1 -1 -1 -1 -1 3952 3958 3976 4001 4005 4005 3944 -1 -1 -1 -1 -1 -1 -1 -1 -1 -1 -1 -1 -1 -1 -1 -1 -1 -1 -1 -1 -1 -1 -1 -1 -1 -1 -1 -1 4095 4119 4132 4132 4116 4125 4143 4156 4157 4204 4187 4175 4171 4176 4176 4166 4170 4183 4186 4198 4225 4195 4202 4208 4213 4222 4224 4228 4237 4237 4266 4260 4265 4247 4248 4254 4255 4257 4269 4268 4274 4273 4270 4270 4264 4268 4281 4274 4266 4283 4276 4294 4307 4293
-1 -1 -1 -1 -1 -1 3940 3971 3959 3958 3976 -1 -1 3944 3936 3937 -1 -1 -1 -1 -1 -1 -1 -1 -1 -1 -1 -1 -1 4068 -1 -1 -1 -1 -1 -1 -1 -1 -1 -1 -1 -1 -1 -1 4115 -1 -1 4114 4142 4153 4161 4174 4191 4176 4189 4189 4172 4170 4170 4183 4215 4215 4202 4195 4199 4205 4208 4224 4236 4241 4241 4253 4243 4247 4260 4242 4244 4244 4244 4251 4257 4268 4268 4257 4270 4253 4254 4265 4264 4275 4263 4276 4275 4291 4304 4288
-1 -1 -1 -1 -1 -1 3969 3971 3947 3963 3949 -1 -1 -1 -1 -1 -1 -1 -1 -1 -1 -1 -1 -1 -1 -1 -1 -1 -1 4069 -1 -1 -1 -1 -1 -1 -1 -1 -1 -1 -1 -1 -1 -1 -1 -1 -1 4114 4129 4142 4157 4157 4158 4161 4181 4180 4170 4171 4171 4171 4173 4186 4186 4194 4209 4222 4213 4228 4241 4236 4241 4247 4247 4243 4230 4235 4242 4243 4243 4240 4250 4240 4268 4255 4257 4247 4253 4254 4254 4247 4258 4275 4279 4304 4305 4305
-1 -1 -1 -1 -1 3970 3969 3956 3954 3948 3957 3949 -1 -1 -1 -1 -1 -1 -1 -1 -1 -1 -1 -1 -1 -1 -1 -1 -1 -1 -1 -1 -1 -1 -1 -1 -1 -1 -1 -1 -1 -1 -1 -1 -1 4108 -1 -1 4099 4117 4144 4145 4157 4146 4171 4158 4161 4170 4171 4168 4163 4173 4173 4185 4217 4222 4230 4245 4241 4228 4241 4257 4254 4231 4230 4248 4248 4252 4252 4252 4243 4240 4251 4240 4246 4245 4245 4248 4248 4247 4257 4266 4279 4305 4292 4305
-1 -1 -1 -1 3970 3977 3961 3965 3959 3957 3958 3957 -1 -1 -1 -1 -1 -1 -1 -1 -1 -1 -1 -1 -1 -1 -1 -1 -1 -1 -1 4102 -1 -1 -1 -1 -1 -1 -1 -1 -1 -1 -1 -1 -1 4121 4121 -1 -1 4113 4131 4157 4158 4161 4171 4148 4161 4170 4179 4179 4180 4174 4177 4178 4220 4230 4245 4238 4253 4270 4270 4255 4245 4231 4226 4228 4241 4241 4253 4253 4252 4243 4240 4246 4253 4237 4243 4241 4241 4240 4237 4264 4277 4277 4292 4310
-1 -1 -1 -1 3999 3986 3977 3978 3978 3959 3957 3958 3946 -1 -1 -1 -1 -1 3950 -1 -1 -1 -1 -1 -1 -1 -1 -1 -1 -1 -1 -1 4102 4103 -1 -1 -1 4102 4114 -1 -1 -1 -1 -1 -1 -1 -1 -1 -1 -1 -1 4131 4144 4158 4161 4148 4166 4162 4166 4180 4184 4191 4178 4207 4220 4226 4238 4225 4218 4235 4248 4258 4258 4258 4229 4225 4224 4212 4224 4240 4239 4229 4237 4252 4240 4237 4243 4231 4231 4224 4250 4234 4260 4282 4300 4300
-1 -1 -1 -1 3976 3999 3990 3983 3963 3959 3953 3955 3955 -1 -1 -1 -1 -1 -1 -1 -1 -1 -1 -1 -1 -1 -1 -1 -1 -1 -1 -1 4103 4116 4116 -1 -1 4102 -1 4114 -1 -1 -1 4101 -1 -1 -1 -1 -1 -1 -1 4141 4129 4148 4149 4166 4161 4153 4171 4184 4181 4181 4191 4179 4192 4208 4195 4187 4195 4216 4229 4248 4257 4255 4246 4221 4213 4213 4217 4224 4228 4228 4237 4246 4240 4234 4255 4244 4233 4231 4233 4227 4233 4275 4317 4304
-1 -1 -1 -1 3975 3990 4007 3994 3980 3973 3954 3951 3956 3954 -1 -1 -1 -1 -1 -1 -1 -1 -1 -1 -1 -1 -1 -1 -1 -1 -1 -1 4103 4113 4113 4127 4127 4099 -1 4101 -1 4077 -1 -1 -1 -1 -1 -1 -1 -1 -1 4116 4142 4129 4157 4161 4161 4166 4163 4175 4156 4168 4174 4178 4191 4192 4222 4183 4182 4187 4196 4231 4219 4231 4256 4263 4273 4244 4231 4215 4219 4232 4233 4257 4260 4255 4242 4234 4251 4221 4221 4239 4227 4285 4317 4271
-1 -1 3964 -1 -1 3978 3978 4007 3986 3980 3973 3960 3956 3965 3972 3965 -1 -1 -1 4024 3995 3985 3970 -1 -1 -1 -1 -1 -1 -1 -1 -1 4090 4100 4098 4114 4128 4128 -1 -1 4107 4107 4120 -1 -1 -1 -1 -1 -1 -1 -1 -1 4126 4148 4161 4178 4182 4162 4175 4168 4168 4194 4172 4179 4208 4221 4235 4235 4200 4200 4212 4187 4205 4219 4234 4256 4263 4273 4244 4253 4240 4219 4253 4270 4270 4261 4227 4235 4264 4230 4217 4243 4256 4285 4272 4258
-1 -1 3964 -1 -1 3981 3971 3974 3984 3984 3973 -1 -1 -1 3965 3972 3964 -1 -1 4037 4053 4066 3969 3981 -1 -1 -1 -1 -1 -1 -1 -1 4074 4084 4098 4081 4115 4099 4124 4124 -1 -1 4120 4101 -1 -1 -1 -1 -1 -1 -1 -1 4126 4134 4168 4168 4195 4195 4190 4158 4207 4170 4169 4182 4192 4221 4195 4206 4206 4245 4258 4199 4199 4190 4202 4221 4238 4260 4249 4253 4224 4244 4241 4241 4232 4232 4222 4235 4264 4230 4220 4218 4256 4270 4257 4244
-1 -1 -1 -1 -1 3981 3972 3974 3971 -1 -1 -1 -1 3952 -1 -1 -1 -1 -1 4043 4066 4023 3981 3968 3967 -1 -1 -1 -1 -1 -1 -1 4079 4079 4083 4070 4086 4111 4115 4126 4126 -1 -1 -1 4114 4114 -1 -1 -1 4108 4108 4124 4147 4155 4176 4163 4152 4158 4165 4207 4149 4164 4165 4169 4182 4204 4197 4212 4206 4229 4258 4215 4222 4210 4216 4221 4200 4209 4236 4249 4245 4224 4237 4228 4219 4210 4211 4205 4213 4247 4241 4253 4270 4273 4279 4257
-1 -1 -1 -1 -1 3972 3973 3971 3969 -1 3952 -1 -1 -1 -1 -1 -1 -1 4027 4043 4069 4010 4014 4006 4005 3984 -1 -1 -1 -1 -1 4062 4078 4079 4083 4087 4087 4103 4113 4132 4137 4137 4132 -1 -1 -1 -1 4099 -1 -1 4137 4137 4118 -1 4147 4176 4150 4145 4161 4178 4149 4148 4159 4169 4169 4186 4193 4210 4212 4219 4229 4239 4210 4226 4243 4242 4218 4212 4211 4220 4232 4237 4243 4224 4214 4211 4228 4205 4217 4213 4247 4260 4273 4278 4270 4278
-1 -1 -1 4001 -1 -1 3958 3971 3969 -1 -1 -1 -1 -1 -1 3981 -1 4040 4040 4087 4056 4021 4010 3997 3985 3984 3967 -1 -1 3982 -1 4027 4066 4069 4069 4074 4086 4074 4081 4119 4132 4145 4145 4132 -1 -1 -1 -1 -1 -1 -1 -1 -1 -1 4147 4154 4155 4150 4144 4178 4152 4146 4159 4166 4179 4181 4181 4210 4219 4197 4188 4210 4239 4201 4201 4218 4205 4189 4215 4213 4220 4220 4243 4230 4223 4211 4215 4228 4217 4221 4262 4264 4275 4280 4270 4248
-1 -1 -1 -1 4001 -1 -1 3989 3989 3960 -1 3974 -1 -1 3963 -1 3998 4058 4074 4087 4051 4034 4022 4040 3988 3985 3971 3954 -1 -1 -1 3995 4027 4001 4056 4060 4074 4095 4095 4079 4119 4132 4136 4136 4119 -1 -1 -1 -1 -1 -1 -1 4126 4142 4155 4154 4142 4155 4149 4152 4150 4137 4142 4155 4163 4179 4212 4199 4202 4190 4189 4196 4193 4193 4193 4201 4195 4202 4215 4195 4202 4216 4246 4210 4223 4200 4213 4206 4219 4227 4241 4275 4264 4293 4293 4241
-1 -1 -1 -1 3991 -1 -1 -1 3976 3960 -1 -1 -1 -1 3957 3974 4011 4015 4070 4070 4050 4039 4039 4014 3997 3987 3971 3962 3958 -1 -1 3997 4001 4010 -1 4031 4059 4088 4104 4117 4094 4123 4121 4123 4117 -1 -1 -1 -1 -1 -1 4109 -1 4120 4155 4154 4141 4136 4149 4147 4139 4150 4136 4154 4167 4177 4212 4189 4183 4184 4190 4202 4202 4187 4202 4202 4212 4212 4193 4201 4230 4230 4259 4254 4252 4239 4253 4266 4233 4239 4239 4234 4251 4221 4242 4250
-1 -1 -1 -1 3991 -1 -1 -1 3968 3963 -1 -1 -1 -1 3971 4011 4000 4029 4044 4053 4042 4046 4059 4047 4014 3997 3992 3971 -1 -1 -1 -1 3999 4006 4019 4059 4048 4075 4088 4117 4123 4094 4120 4123 4117 -1 -1 -1 -1 -1 -1 4109 -1 4138 4154 4159 4134 4132 4147 4120 4130 4120 4179 4179 4167 4177 4189 4183 4172 4172 4204 4205 4190 4201 4189 4212 4212 4199 4201 4193 4217 4217 4259 4248 4254 4252 4266 4209 4234 4276 4258 4258 4249 4249 4236 4234
-1 -1 -1 -1 3987 4000 -1 -1 3963 3968 3968 3968 -1 3966 -1 3971 4007 4000 4029 4041 4058 4059 4046 4030 4017 3988 4005 4005 3994 -1 -1 3991 4036 4009 4031 4048 4042 4065 4080 4106 4118 4118 4110 4123 4146 4146 4121 -1 -1 -1 4096 -1 -1 4129 4176 4147 4147 4125 4124 4120 4120 4166 4139 4166 4164 4175 4176 4178 4179 4187 4178 4191 4184 4201 4187 4199 4183 4191 4191 4193 4234 4242 4235 4248 4242 4242 4237 4218 4247 4276 4263 4245 4231 4221 4206 4233
-1 -1 -1 -1 4000 4029 -1 -1 -1 -1 -1 3971 -1 -1 3972 -1 4007 4007 4037 4050 4045 4058 4045 4030 3981 3988 3981 3994 4006 4016 4001 4017 4035 4029 4012 4031 4048 4064 4089 4089 4105 4097 4094 4106 4133 4148 4121 4105 -1 -1 -1 -1 -1 4158 4176 4133 -1 -1 -1 -1 4102 4123 4165 4147 4147 4162 4175 4178 4179 4174 4187 4178 4178 4203 4188 4205 4191 4220 4217 4234 4226 4226 4232 4232 4229 4237 4224 4213 4247 4260 4253 4231 4218 4202 4207 4219
-1 -1 -1 -1 4012 4029 -1 -1 -1 -1 3973 3971 3963 -1 3975 3990 4019 4036 4050 4023 4013 4028 4032 4045 4013 3985 4002 3981 4019 4027 4048 4061 4034 4032 4029 4045 4058 4075 4092 4092 4105 4094 4102 4119 4119 4135 4148 4124 4094 -1 4112 -1 -1 4145 4163 4115 -1 -1 -1 -1 4102 4123 4129 4138 4138 4140 4138 4145 4166 4178 4194 4216 4216 4217 4218 4188 4191 4220 4207 4208 4218 4228 4228 4219 4220 4220 4194 4200 4247 4253 4260 4220 4202 4218 4219 4206
-1 -1 -1 -1 3992 4016 -1 -1 -1 3974 3986 3986 3969 3964 3964 3993 4019 4036 4036 4021 4011 4015 4028 4018 4013 3990 4002 4019 4027 4048 4044 4060 4048 4041 4032 4058 4084 4075 4079 -1 -1 4105 4102 -1 4104 -1 -1 4123 4097 4112 -1 -1 -1 4152 4139 -1 -1 -1 -1 -1 -1 -1 -1 4113 4122 4160 4160 4137 4157 4165 4199 4207 4204 4218 4217 4186 4208 4208 4212 4212 4218 4205 4215 4213 4205 4180 4178 4185 4185 4236 4243 4220 4207 4218 4205 4194
-1 -1 -1 -1 3999 4028 -1 -1 -1 3987 3987 3986 3986 3977 3988 4001 4036 4044 4044 4021 4008 4001 4018 3997 4014 4014 4015 4026 4031 4056 4069 4061 4060 4074 4075 4057 4083 4064 4059 4054 4092 -1 4080 -1 -1 -1 -1 -1 -1 4092 -1 -1 4135 4128 4152 -1 -1 -1 -1 -1 -1 -1 -1 -1 4121 4142 4147 4149 4149 4190 4194 4194 4207 4215 4202 4200 4203 4199 4206 4206 4204 4204 4213 4205 4200 4173 4185 4176 4172 4205 4224 4203 4195 4191 4192 4192
-1 -1 -1 -1 4015 4028 -1 -1 -1 3985 4001 3996 3990 3990 4001 4040 4027 4031 4015 4004 4000 4001 3997 3997 4001 4015 4027 4044 4073 4074 4086 4082 4066 4078 4079 4081 4067 4059 4046 4027 4019 4054 -1 -1 4035 4064 4051 -1 -1 -1 -1 -1 4126 -1 -1 -1 -1 -1 -1 -1 -1 -1 -1 4108 4143 4125 4142 4142 4162 4175 4189 4198 4215 4190 4177 4203 4198 4199 4197 4193 4190 4191 4188 4176 4163 4173 4202 4159 4176 4199 4205 4195 4190 4189 4176 4179
-1 -1 -1 -1 3999 3999 -1 -1 3985 4001 4009 3996 3997 4023 4040 4027 3998 4002 4003 4010 4011 4002 4001 4001 4030 4015 4027 4060 4073 4086 4094 4107 4095 4095 4091 4091 4082 4082 4047 4045 -1 -1 -1 -1 -1 4064 4047 4073 -1 -1 4109 -1 4126 -1 -1 -1 -1 -1 -1 -1 -1 -1 -1 4111 -1 -1 4129 -1 4175 4174 4195 4208 4186 4186 4190 4190 4199 4198 4197 4184 4175 4190 4177 4164 4189 4202 4160 4159 4163 4199 4192 4175 4189 4164 4163 4157
-1 -1 -1 -1 3970 3986 -1 -1 3988 4001 4009 4014 4007 4023 4023 4011 3993 3989 4002 4003 4014 4018 4002 4017 4030 4036 4049 4056 4074 4087 4107 4116 4116 4078 4078 4064 4081 4081 4064 4044 -1 -1 -1 -1 4051 4052 4081 4074 -1 -1 4109 -1 -1 -1 -1 -1 -1 -1 -1 -1 -1 -1 4111 -1 -1 4135 4135 4163 4182 4190 4203 4208 4179 4166 4177 4178 4178 4186 4181 4189 4177 4177 4149 4160 4189 4189 4159 4157 4182 4182 4170 4162 4172 4160 4155 4156
-1 -1 -1 3970 3953 -1 -1 -1 3999 4007 4020 4014 4007 4023 4019 4011 3998 4007 4003 3993 4014 4031 4031 4028 4025 4049 4039 4061 4074 4090 4087 4087 4103 4103 4090 4078 4080 4063 4047 4044 4012 -1 -1 -1 4052 4068 4081 -1 4079 -1 -1 -1 -1 -1 -1 -1 -1 -1 -1 -1 -1 -1 -1 -1 -1 -1 4134 4150 4199 4203 4200 4200 4171 4179 4177 4169 4173 4176 4176 4189 4180 4180 4167 4160 4170 4169 4153 4153 4182 4180 4167 4170 4160 4132 4147 4167
