output/arrival.asc
NCOLS 638
NROWS 825
XLLCORNER -2985163.8955
YLLCORNER -3022031.214
CELLSIZE 10000
NODATA_value -1
[rows 165 to 219 of 825, columns 384 to 479 of 638]
4047 4106 4119 4106 4090 4047 4054 4040 4037 4050 4066 4081 -1 4053 -1 -1 -1 -1 -1 4073 4086 4075 4075 4086 4085 4063 4077 4064 4057 4020 4007 4004 4026 3969 4010 3968 3993 3987 3961 3945 3945 3932 3935 3952 3952 -1 -1 -1 -1 -1 -1 -1 -1 -1 -1 -1 -1 -1 -1 -1 -1 -1 -1 -1 -1 -1 -1 -1 -1 -1 -1 -1 -1 -1 -1 -1 -1 -1 -1 -1 -1 -1 -1 -1 -1 -1 -1 -1 -1 -1 -1 -1 -1 -1 -1 -1
4106 4106 4106 4119 4077 4060 4048 4039 4050 4052 4052 4081 4068 4036 -1 -1 -1 -1 -1 -1 4069 4062 4077 4086 4073 4072 4063 4057 4047 4044 4020 4003 3986 3971 3997 4010 3981 3969 3988 3945 3945 3914 3935 3946 3946 3939 -1 -1 -1 -1 -1 -1 -1 -1 -1 -1 -1 -1 -1 -1 -1 -1 -1 -1 -1 -1 -1 -1 -1 -1 -1 -1 -1 -1 -1 -1 -1 -1 -1 -1 -1 -1 -1 -1 -1 -1 -1 -1 -1 -1 -1 -1 -1 -1 -1 -1
4034 4089 4063 4068 4102 4061 4046 4046 4050 4063 4089 4064 4065 4066 4079 -1 -1 4073 4056 4062 4062 4064 4057 4077 4072 4059 4046 4047 4040 4020 4008 4003 3990 3980 3988 3993 3976 3981 3968 3956 3956 3927 3961 3930 3942 3937 -1 -1 -1 -1 -1 -1 -1 -1 -1 -1 -1 -1 -1 -1 -1 -1 -1 -1 -1 -1 -1 -1 -1 -1 -1 -1 -1 -1 -1 -1 -1 -1 -1 -1 -1 -1 -1 -1 -1 -1 -1 -1 -1 -1 -1 -1 -1 -1 -1 -1
4065 4047 4055 4048 4097 4084 4061 4047 4063 4046 4076 4089 4065 4078 4079 -1 -1 4060 4073 4056 4049 4057 4048 4060 4060 4043 4030 4030 4019 4014 3990 3986 3980 3968 3988 3975 3967 3972 3985 3943 3932 3945 3959 3962 3937 3917 -1 -1 -1 -1 -1 -1 -1 -1 -1 -1 -1 -1 -1 -1 -1 -1 -1 -1 -1 -1 -1 -1 -1 -1 -1 -1 -1 -1 -1 -1 -1 -1 -1 -1 -1 -1 -1 -1 -1 -1 -1 -1 -1 -1 -1 -1 -1 -1 -1 -1
4049 4032 4042 4055 4097 4064 4064 4049 4046 4047 4060 4072 4072 4078 4065 -1 4047 4055 4055 4056 4038 4038 4048 4061 4048 4048 4019 4019 4006 4017 4003 3988 3981 3967 3940 3962 3962 3961 3985 3945 3928 3958 3959 3975 3954 3945 -1 -1 -1 -1 -1 -1 -1 3892 -1 -1 -1 -1 -1 -1 -1 -1 -1 -1 -1 -1 -1 -1 -1 -1 -1 -1 -1 -1 -1 -1 -1 -1 -1 -1 -1 -1 -1 -1 -1 -1 -1 -1 -1 -1 -1 -1 -1 -1 -1 -1
4086 4073 4027 4057 4080 4080 4063 4049 4036 4047 4048 4060 4056 4061 -1 -1 4047 4060 4060 4042 4025 4030 4048 4078 4051 4035 4020 4020 4019 4017 4004 3987 3981 3962 3951 3951 3961 3961 3948 3945 3948 3971 3977 3988 3988 -1 -1 -1 -1 -1 3910 3904 3903 3893 3877 -1 -1 3838 -1 -1 -1 -1 -1 -1 -1 -1 -1 -1 -1 -1 -1 -1 -1 -1 -1 -1 -1 -1 -1 -1 -1 -1 -1 -1 -1 -1 -1 -1 -1 -1 -1 -1 -1 -1 -1 -1
4076 4086 4057 4040 4040 4068 4068 4051 4037 4039 4043 4048 4056 4043 4044 4030 4047 4031 4043 4022 4032 4053 4052 4077 4058 4052 4036 4027 4006 4005 4000 3997 3988 3964 3973 3960 3949 3945 3934 3934 3971 3984 3985 3990 3990 -1 -1 -1 -1 3910 3917 3917 3916 3895 3892 3879 3861 -1 3837 3822 -1 -1 -1 -1 -1 -1 -1 -1 -1 -1 -1 -1 -1 -1 -1 -1 -1 -1 -1 -1 -1 -1 -1 -1 -1 -1 -1 -1 -1 -1 -1 -1 -1 -1 -1 -1
4014 4081 4081 4064 4061 4055 4039 4063 4034 4050 4043 4031 4039 4048 4035 4026 4020 4027 4040 4026 4032 4044 4061 4057 4052 4039 4036 4026 4006 4019 3998 3991 3989 3978 3973 3967 3961 3956 3951 3951 3959 3989 4002 3991 -1 -1 -1 -1 3929 3933 3933 3916 3905 3905 3896 3870 3871 3853 3835 3835 3825 -1 -1 -1 -1 -1 -1 -1 -1 -1 -1 -1 -1 -1 -1 -1 -1 -1 -1 -1 -1 -1 -1 -1 -1 -1 -1 -1 -1 -1 -1 -1 -1 -1 -1 -1
4012 4023 4068 4064 4048 4061 4039 4046 4063 4034 4025 4031 4048 4031 4020 4020 4013 4016 4040 4025 4019 4045 4045 4074 4061 4047 4044 4023 4019 4010 4015 4004 4002 3989 3976 3996 3983 3959 3963 3963 4014 4002 3990 3991 -1 -1 -1 3938 3929 3938 3920 3911 3916 3916 3896 3883 3871 3858 3858 3840 3832 3825 3826 3822 3814 -1 -1 -1 -1 -1 -1 -1 -1 -1 -1 -1 -1 -1 -1 -1 -1 -1 -1 -1 -1 -1 -1 -1 -1 -1 -1 -1 -1 -1 -1 -1
4023 4034 4039 4052 4047 4032 4044 4019 4019 4020 4020 4020 4019 4025 4032 4032 4019 4015 4028 4028 4025 4034 4035 4074 4064 4051 4032 4013 4010 4027 4031 4015 4005 3989 3996 3973 4002 3972 3972 4014 4001 3992 3990 -1 -1 -1 3951 3951 3951 3951 3918 3918 3915 3903 3899 3900 3900 3863 3862 3845 3845 3839 3839 3842 3829 -1 -1 -1 -1 -1 -1 -1 -1 -1 -1 -1 -1 -1 -1 -1 -1 -1 -1 -1 -1 -1 -1 -1 -1 -1 -1 -1 -1 -1 -1 -1
4016 4033 4040 4027 4035 4029 4032 4018 4010 4019 4019 4010 4018 4019 4018 4018 4004 4015 4013 4020 4025 4038 4051 4038 4064 4049 4036 4027 4019 4027 4044 4044 4011 3998 3990 3989 4002 3980 4009 4010 4018 4001 -1 -1 -1 -1 3951 3951 3960 3947 3952 3944 3915 3911 3911 3912 3887 3875 3875 3884 3845 3836 3851 3842 3853 3840 3826 3826 -1 3820 3820 -1 -1 -1 -1 -1 -1 -1 -1 -1 -1 -1 -1 -1 -1 -1 -1 -1 -1 -1 -1 -1 -1 -1 -1 -1
4024 4020 4033 4040 4023 4021 4015 4017 4009 4014 4014 4018 4010 4006 4009 4009 4007 4013 4023 4019 4038 4032 4039 4051 4033 4050 4049 4037 4036 4029 4029 4017 4017 4011 4003 4019 4011 4022 4023 4005 3993 4018 -1 -1 3985 3986 3977 3960 3952 3952 3952 3944 3931 3923 3923 3912 3895 3888 3888 3883 3854 3851 3838 3838 3829 3853 3859 3872 3829 3818 3820 3816 3829 -1 -1 -1 -1 -1 -1 -1 -1 -1 -1 -1 -1 -1 -1 -1 -1 -1 -1 -1 -1 -1 -1 -1
4029 4016 4016 4011 4011 4008 4021 4017 4009 4006 4005 4008 4008 4000 4000 4006 4007 4020 4020 4023 4020 4032 4022 4039 4026 4021 4050 4019 4023 4036 4046 4033 4016 4012 4015 4032 4032 4023 4022 3993 3989 -1 -1 3985 3987 3990 3986 3957 3957 3946 3945 3935 3930 3943 3914 3914 3903 3890 3888 3888 3879 3867 3850 3838 3842 3837 3872 3833 3831 3814 3814 3799 3800 3829 -1 -1 -1 -1 -1 -1 -1 -1 -1 -1 -1 -1 -1 -1 -1 -1 -1 -1 -1 -1 -1 -1
4025 4011 3999 4012 4012 4011 4011 4008 4006 3996 3995 3998 3998 3998 3995 4000 4006 4007 4014 4014 4020 4036 4019 4023 4009 4008 4007 4007 4006 4002 4033 4046 4033 4006 4002 4002 4006 4007 4006 3989 -1 -1 3975 3975 3990 4004 4004 3991 3982 3947 3947 3943 3919 3943 3924 3917 3903 3909 3917 3917 3892 3892 3867 3842 3824 3837 3853 3843 3840 3831 3817 3837 3824 3812 -1 3808 -1 -1 -1 -1 -1 -1 -1 -1 -1 -1 -1 -1 -1 -1 -1 -1 -1 -1 -1 -1
4021 4022 4011 4004 4008 4008 4008 3995 3989 3985 3985 3990 3998 3990 3995 4002 4002 4009 4015 4011 4011 4007 4036 4001 3999 3996 4012 3999 4003 3996 3996 4020 4001 3993 4006 -1 3992 -1 -1 3990 -1 3988 3945 3973 3975 3961 3961 3961 3969 3976 3976 3943 3930 3924 3924 3917 3909 3896 3888 3904 3892 3863 3863 3825 3834 3866 3866 3853 3841 3837 3841 3846 3837 3822 3807 3808 -1 3809 -1 -1 -1 -1 -1 -1 -1 -1 -1 -1 -1 -1 -1 -1 -1 -1 -1 -1
4022 4011 4005 4004 3997 3998 3997 3989 3976 3972 3974 3987 3987 3989 3995 3995 3998 3997 4009 4015 4014 4007 3994 4004 -1 4012 -1 -1 -1 3985 3985 4014 -1 -1 4035 4035 -1 -1 -1 3972 3988 3983 3983 3937 3962 3966 3953 3943 3936 3963 3973 3973 3944 3931 3930 3924 3904 3896 3888 3892 3879 3849 3827 3838 3858 3834 3866 3854 3854 3854 3864 3832 3811 3822 3829 3820 3822 3822 3794 -1 -1 -1 -1 -1 -1 -1 -1 -1 -1 -1 -1 -1 -1 -1 -1 -1
4000 4000 4003 3990 3997 3985 3979 3979 3968 3961 3973 3986 3985 3994 3995 3995 3996 4011 4011 4014 4002 4002 3994 -1 4005 -1 3998 3998 3985 -1 -1 3995 3995 4009 4022 -1 -1 3944 3967 3967 3970 3971 3966 3936 3949 3949 3966 3943 3943 3937 3939 3960 3944 3942 3946 3926 3906 3902 3890 3896 3906 3883 3846 3845 3858 3870 3874 3866 3851 3864 3883 3840 3824 3833 3833 3846 3846 3803 3793 -1 -1 -1 -1 -1 -1 -1 -1 -1 -1 -1 -1 -1 -1 -1 -1 -1
3990 4003 4003 3993 3993 3982 3985 3972 3961 3964 3974 3974 3986 3984 3994 3989 3996 3999 3999 3994 4001 3989 3988 3988 3982 3982 3981 3969 3998 3956 3974 3982 3980 3980 4009 -1 -1 3960 3956 3953 3955 3959 3928 3938 3946 3953 3942 3942 3930 3930 3942 3929 3956 3956 3959 3959 3926 3915 3915 3908 3925 3919 3862 3837 3887 3887 3880 3872 3885 3883 3870 3843 3824 3824 3821 3828 3833 3812 3803 3793 3757 -1 -1 3753 3752 -1 -1 -1 -1 -1 -1 -1 -1 -1 -1 -1
3992 4001 4003 3990 3983 3979 3978 3965 3957 3970 3970 3975 3975 3978 3978 3989 3988 3988 3995 3986 3979 3979 3976 3986 3986 3969 3958 3985 3969 3998 3946 3974 3959 3966 -1 -1 3973 3973 3952 3936 3953 3925 3938 3944 3933 3931 3931 3930 3924 3925 3921 3955 3943 3956 3956 3913 3903 3886 3886 3925 3919 3875 3850 3854 3897 3897 3902 3915 3886 3885 3856 3823 3827 3834 3810 3815 3812 3803 3799 3751 3751 3757 3768 3767 3741 3729 3732 -1 -1 -1 -1 -1 -1 -1 -1 -1
3988 3992 4001 3986 3966 3979 3978 3955 3950 3957 3962 3972 3973 3978 3978 3976 3975 3996 3973 3966 3962 3971 3976 3973 3963 3953 3955 3965 3959 3981 3947 3963 3959 3983 3970 3960 3930 3964 3952 3931 3925 3940 3944 3931 3918 3920 3921 3917 3917 3926 3938 3955 3942 3943 3913 3905 3902 3887 3912 3902 3882 3875 3848 3876 3876 3884 3871 3915 3886 3880 3868 3856 3834 3821 3810 3808 3808 3795 3777 3768 3745 3751 3765 3746 3746 3743 3744 -1 -1 -1 -1 -1 -1 -1 -1 -1
3983 3983 3984 3985 3968 3966 3966 3955 3944 3946 3957 3956 3971 3972 3965 3972 3963 3992 3992 3972 3970 3950 3957 3962 3953 3940 3954 3965 3955 3959 3959 3958 3963 3983 3959 3973 3964 3951 3935 3922 3932 3920 3925 3920 3917 3917 3917 3912 3909 3917 3926 3904 3942 3914 3913 3922 3909 3887 3887 3868 3862 3862 3863 3865 3865 3870 3856 3864 3869 3897 3868 3848 3839 3817 3803 3795 3791 3786 3786 3779 3753 3778 3742 3742 3757 3757 3743 -1 -1 -1 -1 -1 -1 -1 -1 -1
3974 3976 3976 3981 3972 3963 3955 3942 3946 3948 3961 3968 3968 3963 3962 3974 3972 3961 3962 3960 3954 3950 3939 3943 3938 3938 3972 3972 3952 3954 3975 4001 3988 3972 3973 3980 3980 3938 3935 3931 3931 3923 3925 3912 3902 3904 3904 3917 3908 3907 3913 3909 3914 3906 3897 3900 3922 3880 3868 3860 3854 3854 3844 3852 3844 3856 3845 3852 3869 3897 3868 3855 3848 3835 3809 3796 3791 3791 3779 3771 3778 3761 3749 3740 3744 3773 3773 3772 3755 -1 -1 -1 -1 -1 -1 -1
3963 3974 3966 3981 3973 3950 3951 3940 3940 3945 3961 3967 3967 3951 3952 3957 3974 3954 3954 3962 3960 3955 3939 3939 3943 3929 3959 3943 3939 3952 3953 3984 4001 3963 3972 3967 3951 3934 3923 3933 3923 3922 3922 3905 3892 3894 3904 3904 3904 3901 3901 3902 3910 3901 3898 3893 3893 3876 3860 3850 3847 3825 3829 3837 3836 3839 3828 3856 3874 3884 3854 3854 3837 3813 3809 3799 3808 3808 3791 3780 3783 3770 3750 -1 3736 3744 3760 3772 3762 -1 -1 -1 -1 -1 -1 -1
3958 3957 3966 3956 3964 3944 3940 3940 3940 3940 3945 3953 3954 3950 3942 3952 3954 3953 3953 3952 3949 3949 3936 3928 3936 3925 3943 3938 3935 3949 3946 3989 3989 3950 3963 3955 3951 3923 3927 3927 3934 3910 3909 3910 3923 3894 3899 3904 3903 3903 3890 3890 3902 3898 3885 3876 3876 3863 3847 3843 3830 3845 3836 3837 3854 3848 3825 3853 3836 3838 3841 3863 3830 3816 3813 3812 3812 3800 3791 3793 3783 3766 3750 -1 3736 3749 3759 3762 3749 -1 -1 -1 -1 -1 -1 -1
3945 3953 -1 3943 3956 3939 3930 3930 3927 3932 3934 3938 3952 3942 3944 3945 3950 3949 3952 3939 3939 3936 3936 3928 3937 3925 3938 3936 3949 3939 3969 3982 3976 3960 3954 3954 3929 3910 3914 3920 3920 3907 3902 3919 3923 3900 3897 3896 3891 3895 3895 3883 3877 3885 3884 3885 3860 3860 3847 3815 3846 3822 3823 3852 3865 3854 3841 3853 3825 3825 3837 3864 3839 3822 3818 3800 3800 3795 3801 3793 3779 3762 3727 3737 3740 3756 3745 -1 -1 -1 -1 -1 -1 -1 -1 -1
-1 -1 -1 3933 3940 3929 3924 3924 3924 3929 3920 3926 3924 3936 3944 3936 3945 3933 3933 3939 3927 3926 3914 3923 3915 3928 3929 3938 3921 3945 3982 3946 3960 3947 3941 3911 3900 3900 3898 3914 3914 3901 3892 3906 3919 3894 3894 3887 3889 3889 3891 3883 3868 3868 3867 3858 3851 3853 3840 3811 3824 3839 3839 3865 3894 3863 3828 3834 3812 3807 3835 3852 3852 3831 3818 3805 3794 3834 3802 3783 3779 3754 -1 3740 3769 3735 3732 -1 -1 3789 -1 -1 -1 -1 -1 -1
-1 -1 3949 3945 3930 3939 -1 -1 3923 3917 3930 3911 3924 3931 3933 3936 3928 3932 3920 3923 3926 3924 3910 3906 3914 3928 3934 3911 3932 3921 3945 3953 3953 3938 3925 3907 3895 3895 3911 3897 3892 3892 3895 3891 3899 3892 3892 3887 3878 3891 3894 3881 3867 3868 3854 3837 3836 3853 3832 3814 3825 3824 3845 3881 3894 3880 3838 3850 3834 3807 3810 3843 3860 3860 3847 3830 3805 3847 3799 3783 3770 3760 3746 3769 3758 3745 3761 -1 3789 -1 -1 -1 -1 -1 -1 -1
-1 3962 3962 -1 -1 3918 -1 -1 -1 3897 3917 3902 3911 3912 3932 3923 3924 3924 3920 3923 3924 3913 3910 3897 3905 3915 3934 3921 3922 3905 3928 3940 3938 3924 3924 3895 3895 3909 3911 3894 3899 3905 3905 3891 3899 3886 3879 3875 3869 3870 3866 3894 3864 3854 3843 3831 3823 3840 3832 3842 3829 3820 3836 3858 3880 3851 3872 3863 3863 3816 3823 3809 3831 3831 3818 3830 3847 3799 3786 3768 3768 3773 3773 3763 3752 3758 3762 -1 3771 -1 -1 -1 -1 -1 -1 -1
-1 3918 3916 -1 -1 -1 -1 -1 -1 -1 -1 -1 3902 3894 3911 3903 3907 3917 3918 3918 3910 3911 3896 3896 3904 3928 3928 3921 3916 3922 3916 3925 3903 3888 3911 3882 3892 3883 3909 3882 3886 3899 3888 3889 3890 3870 3866 3883 3856 3868 3870 3866 3864 3851 3841 3826 3852 3840 3823 3842 3813 3840 3853 3867 3873 3872 3885 3885 3867 3850 3825 3807 3814 3814 3814 3807 3810 3797 3781 3765 3765 3782 3781 3763 3748 3763 -1 -1 -1 -1 -1 -1 -1 -1 -1 -1
-1 3913 3918 -1 -1 -1 -1 -1 3945 -1 -1 -1 -1 -1 -1 -1 3903 3908 3916 3905 3901 3900 3884 3894 3898 3904 3915 3921 3916 3921 3933 3904 3890 3885 3889 3889 3870 3866 3896 3882 3882 3899 3884 3893 3880 3866 3872 3884 3868 3862 3863 3857 3864 3865 3830 3823 3865 3865 3814 3823 3816 3843 3843 3842 3846 3856 3856 3867 3838 3838 3821 3809 3811 3811 3801 3808 3810 3804 3777 3771 3762 3795 3766 3766 3767 3780 3780 3779 -1 -1 -1 -1 -1 -1 -1 -1
-1 -1 -1 -1 -1 -1 -1 -1 3944 3924 3916 -1 -1 -1 -1 -1 -1 3898 3897 3890 3883 3880 3893 3894 3883 3899 3908 3921 3921 3950 3904 3907 3894 3885 3876 3860 3860 3864 3866 3870 3899 3884 3879 3893 3865 3864 3872 3859 3855 3861 3862 3838 3838 3825 3825 3836 3836 3823 3802 3816 3803 3814 3841 3841 3842 3837 3854 3825 3824 3809 3809 3798 3788 3800 3817 3804 3822 3804 3777 3771 3795 3811 3777 3774 3769 3783 3780 3780 -1 -1 -1 -1 -1 -1 -1 3767
-1 -1 -1 -1 -1 -1 3912 3925 3928 3924 -1 -1 -1 -1 -1 -1 -1 -1 -1 -1 3860 -1 3893 3898 3885 3899 3908 3908 3921 3950 3907 3907 3872 3878 3864 3860 3851 3860 3871 3869 3870 3879 3880 3882 3869 3871 3871 3858 3854 3831 3835 3838 3831 3818 3812 3825 3819 3809 3829 3829 3801 3814 3828 3839 3838 3824 3837 3807 3797 3792 3763 3796 3793 3788 3793 3817 3822 3809 3791 3784 3824 3777 3787 3787 3774 3783 3770 -1 -1 -1 -1 -1 -1 3796 3796 3779
3923 -1 -1 -1 3891 -1 3925 3925 3925 3911 3890 -1 -1 -1 -1 -1 -1 -1 -1 -1 -1 -1 -1 3876 3898 3900 3884 3895 3908 3928 3937 3911 3876 3864 3868 3852 3852 3858 3869 3872 3888 3871 3893 3893 3882 3854 3845 3854 3831 3825 3825 3823 3821 3813 3795 3797 3795 3816 3793 3812 3800 3804 3821 3820 3818 3818 3824 3797 -1 3779 3772 3779 3779 3792 3792 3791 3791 3794 3835 3835 3793 3824 3796 3796 3779 3766 3766 -1 3766 3766 3723 3728 -1 3783 3790 3779
3906 -1 -1 -1 -1 3908 3912 3907 -1 3908 3894 -1 -1 -1 3882 -1 -1 -1 -1 -1 -1 -1 -1 -1 -1 -1 3884 3890 3890 3915 3924 3924 3876 3872 3881 3881 3839 3856 3859 3875 3888 3871 3864 3866 3866 3853 3844 3841 3812 3813 3808 3823 3797 -1 -1 3786 3808 3780 -1 -1 3800 3813 3813 3805 -1 3809 3801 -1 -1 3763 3762 3766 3750 3763 3779 3778 3778 3785 3805 3822 3818 3807 3807 3787 3789 3779 -1 -1 -1 3771 3735 3728 3784 3790 3775 3775
-1 -1 -1 -1 -1 -1 -1 -1 -1 -1 -1 -1 -1 -1 -1 -1 -1 -1 -1 -1 -1 -1 -1 -1 -1 -1 -1 -1 3880 3895 3895 3905 3876 3889 3889 3860 3838 3843 3863 3863 3859 3864 3860 3860 3849 3823 3822 3818 3818 3796 -1 3798 3799 -1 3788 -1 3785 3754 3772 3782 3800 3803 3803 -1 -1 -1 -1 -1 -1 -1 3763 3762 3752 3752 3763 3757 3785 3792 3801 3805 3805 3795 3790 3786 3802 3802 3762 -1 3788 3760 3737 3764 3758 3801 3788 3772
-1 -1 -1 -1 -1 -1 -1 -1 -1 -1 -1 -1 -1 -1 -1 -1 -1 -1 -1 -1 -1 -1 -1 -1 -1 -1 -1 -1 -1 3882 3905 3892 3869 3866 3847 3831 3860 3846 3850 3853 3853 3859 3848 3847 3820 3815 3805 3792 3792 3782 -1 -1 3780 3788 3775 3771 3765 3776 3789 3789 3789 3790 3774 -1 -1 -1 -1 -1 -1 -1 -1 3744 3745 3750 3751 3772 3817 3819 3825 3812 3805 3805 3788 3794 3781 -1 -1 3788 3760 3759 3747 3729 3742 3801 3771 3771
-1 -1 -1 -1 -1 -1 -1 -1 -1 -1 -1 -1 -1 -1 -1 -1 -1 -1 -1 -1 -1 -1 -1 -1 -1 -1 -1 -1 -1 3865 3864 3862 3845 3845 3840 3831 3831 3825 3836 3841 3841 3840 3847 3821 3794 3817 3795 3787 -1 -1 -1 -1 -1 -1 -1 -1 -1 -1 -1 3786 3786 3774 -1 -1 -1 -1 -1 -1 -1 -1 -1 3770 3746 3745 3759 3760 3769 3830 3819 3825 3808 3808 3795 3797 3794 3777 3772 3754 3775 3743 3746 3742 3728 3758 3769 3769
-1 -1 -1 -1 -1 -1 -1 -1 -1 -1 -1 -1 -1 -1 -1 -1 -1 -1 -1 -1 -1 -1 -1 -1 -1 -1 -1 -1 -1 3838 3848 3853 3847 3832 3830 3818 3824 3825 3838 3824 3822 3822 3829 3813 3830 3830 3808 3808 3803 3793 -1 -1 -1 -1 -1 -1 -1 -1 -1 -1 -1 -1 -1 -1 -1 -1 -1 -1 -1 -1 3759 3757 3770 3746 3747 3760 3822 3822 3830 3821 3808 3803 3808 3797 3784 3789 3776 3742 3730 3737 3731 3725 3713 3756 -1 -1
-1 -1 -1 -1 -1 -1 -1 -1 -1 -1 -1 -1 -1 -1 -1 -1 -1 -1 -1 -1 -1 -1 -1 -1 -1 -1 -1 -1 -1 -1 3835 3854 3848 3830 3817 3813 3815 3815 3826 3838 3833 3815 3825 3809 3809 3821 3809 3803 3797 3797 -1 -1 -1 -1 -1 -1 3780 -1 -1 -1 -1 -1 -1 -1 -1 -1 -1 -1 -1 -1 3759 3763 3763 3753 3753 3779 3795 3827 3814 3813 3821 3804 3791 3797 3797 3789 3746 3730 3731 3731 3722 3722 3707 3699 -1 -1
-1 -1 -1 -1 -1 -1 -1 -1 -1 -1 -1 -1 -1 -1 -1 -1 -1 -1 -1 -1 -1 -1 -1 -1 -1 -1 -1 -1 -1 -1 3855 3840 3842 3833 3813 -1 3808 3826 3821 3821 3821 3850 3850 3838 3838 3809 3801 3805 -1 3785 -1 -1 -1 -1 -1 -1 -1 -1 -1 -1 -1 -1 -1 -1 -1 -1 -1 -1 -1 -1 -1 3762 3764 3760 3766 3773 3808 3808 3827 3810 3798 3787 3787 3785 3785 3779 3728 3721 3733 3731 3729 3709 -1 -1 3716 -1
-1 -1 -1 -1 -1 -1 -1 -1 -1 -1 -1 -1 -1 -1 -1 -1 -1 -1 -1 -1 -1 -1 -1 -1 -1 -1 -1 -1 -1 3827 3846 3829 3833 3842 3816 -1 -1 3808 3815 3792 3798 3837 3793 3795 3796 3783 3788 3805 -1 -1 -1 -1 -1 -1 -1 -1 -1 -1 -1 -1 -1 -1 -1 -1 -1 -1 -1 -1 -1 -1 -1 -1 3743 3760 3749 3787 3800 3800 3792 3798 3785 3781 3774 3776 3776 3772 3721 3733 3744 3729 3716 3700 -1 3703 3716 -1
-1 -1 -1 -1 -1 -1 -1 -1 -1 -1 -1 -1 -1 -1 -1 -1 -1 -1 -1 -1 -1 -1 -1 -1 -1 -1 -1 -1 -1 3859 3842 -1 3853 3852 3825 3802 3789 3802 3792 3815 3793 3786 3799 3793 -1 -1 -1 -1 3792 -1 -1 -1 -1 -1 -1 -1 -1 -1 -1 -1 -1 -1 -1 -1 -1 -1 -1 -1 -1 -1 -1 -1 -1 3747 3763 3776 3789 3791 3791 3792 3774 3764 3770 3770 3793 3780 3720 3731 3744 3736 3717 -1 3700 -1 -1 -1
-1 -1 -1 -1 -1 -1 -1 -1 -1 -1 -1 -1 -1 -1 -1 -1 -1 -1 -1 -1 -1 -1 -1 -1 -1 -1 -1 -1 -1 3823 3859 3830 3832 3832 3826 3815 3797 3789 -1 3788 3806 3789 -1 3799 -1 -1 -1 -1 3764 -1 -1 -1 -1 -1 -1 -1 -1 -1 -1 -1 -1 -1 -1 -1 -1 -1 -1 -1 -1 -1 -1 -1 -1 3755 3763 3760 3789 3780 3791 3791 3773 3757 3764 3761 3761 3793 3747 3746 3724 3724 3753 3721 -1 -1 -1 -1
-1 -1 -1 -1 -1 -1 -1 -1 -1 -1 -1 -1 -1 -1 -1 -1 -1 -1 -1 -1 -1 -1 -1 -1 -1 -1 -1 -1 -1 3812 3830 3844 3820 3822 3819 3818 3798 3796 -1 -1 3788 3806 -1 -1 -1 3781 3795 -1 -1 -1 -1 -1 -1 -1 -1 -1 -1 -1 -1 -1 -1 -1 -1 -1 -1 -1 -1 -1 -1 -1 -1 -1 -1 3742 3755 3750 3751 3773 3780 3757 3744 3740 3751 3761 3762 3775 3746 3733 3717 3711 3753 3721 3708 -1 -1 -1
-1 -1 -1 -1 -1 -1 -1 -1 -1 -1 -1 -1 -1 -1 -1 -1 -1 -1 -1 -1 -1 -1 -1 -1 -1 -1 -1 -1 -1 -1 3844 3832 3831 3821 3831 3831 3814 3785 -1 -1 -1 -1 3792 3786 -1 3781 -1 3794 -1 -1 -1 -1 -1 -1 -1 -1 -1 -1 -1 -1 -1 -1 -1 -1 -1 -1 -1 -1 -1 -1 -1 -1 -1 -1 3726 3738 3726 3734 3738 3763 3734 3734 3750 3751 3762 3775 3736 3724 3707 3710 3740 3687 -1 -1 -1 -1
-1 -1 -1 -1 -1 -1 -1 -1 -1 -1 -1 -1 -1 -1 -1 -1 -1 -1 -1 -1 -1 -1 -1 -1 -1 -1 -1 -1 -1 -1 3827 3849 3815 3824 3837 3814 3801 -1 -1 -1 -1 -1 -1 3792 -1 -1 -1 -1 3784 -1 -1 -1 -1 -1 -1 -1 -1 -1 -1 -1 -1 -1 -1 -1 -1 -1 -1 -1 -1 -1 -1 -1 -1 -1 -1 3719 -1 3712 3714 3727 3732 3734 3734 3750 3751 3753 3732 3711 3721 3730 3717 -1 -1 -1 -1 -1
3874 -1 -1 -1 -1 -1 -1 -1 -1 -1 -1 -1 -1 -1 -1 -1 -1 -1 -1 -1 -1 -1 -1 -1 -1 -1 -1 -1 -1 -1 -1 3849 3814 3843 3837 3808 3778 -1 -1 -1 -1 -1 -1 3774 3775 3788 3788 -1 -1 -1 -1 -1 -1 -1 -1 -1 -1 -1 -1 -1 -1 -1 -1 -1 -1 -1 -1 -1 -1 -1 -1 -1 -1 -1 -1 -1 -1 -1 3714 3726 3733 3735 3737 3746 3753 3738 3724 3696 3721 3708 3702 3701 -1 -1 -1 -1
-1 -1 -1 -1 -1 -1 -1 -1 -1 -1 -1 -1 -1 -1 -1 -1 -1 -1 -1 -1 -1 -1 -1 -1 -1 -1 -1 -1 -1 -1 -1 3836 3806 3843 3830 3821 3808 3781 -1 -1 -1 -1 -1 3780 3778 3776 3777 3775 -1 -1 -1 -1 -1 -1 -1 -1 -1 -1 -1 -1 -1 -1 -1 -1 -1 -1 -1 -1 -1 -1 -1 -1 -1 -1 -1 -1 -1 -1 3715 3717 3726 3726 3726 3746 3740 -1 -1 -1 3696 -1 -1 -1 -1 -1 -1 -1
-1 -1 -1 -1 -1 -1 -1 -1 -1 -1 -1 -1 -1 -1 -1 -1 -1 -1 -1 -1 -1 -1 -1 -1 -1 -1 -1 -1 -1 -1 -1 3805 3834 3813 3865 3839 3821 3792 -1 -1 -1 -1 -1 3793 3795 -1 -1 -1 -1 -1 -1 -1 -1 -1 -1 -1 -1 -1 -1 -1 -1 -1 -1 -1 -1 -1 -1 -1 -1 -1 -1 -1 -1 -1 -1 -1 -1 -1 -1 3711 3716 3713 3717 3735 3739 -1 -1 -1 -1 -1 -1 -1 -1 -1 -1 -1
3880 -1 -1 -1 -1 -1 -1 -1 -1 -1 -1 -1 -1 -1 -1 -1 -1 -1 -1 -1 -1 -1 -1 -1 -1 -1 -1 -1 -1 -1 -1 3805 3834 3838 3865 3852 3826 -1 -1 -1 -1 -1 3776 3793 3795 3782 3789 -1 -1 -1 -1 -1 -1 -1 -1 -1 -1 -1 -1 -1 -1 -1 -1 -1 -1 -1 -1 -1 -1 -1 -1 -1 -1 -1 -1 -1 -1 -1 -1 -1 3711 3701 3701 3722 3739 3728 -1 -1 -1 -1 -1 -1 -1 -1 -1 -1
3893 3883 3866 3883 -1 -1 -1 -1 -1 -1 -1 -1 -1 -1 -1 -1 -1 -1 -1 -1 -1 -1 -1 -1 -1 -1 -1 -1 -1 -1 -1 3791 3823 3836 3848 3848 3824 3792 3792 3774 -1 -1 3758 -1 3764 3789 3765 -1 -1 -1 -1 -1 -1 -1 -1 -1 -1 -1 -1 -1 -1 -1 -1 -1 -1 -1 -1 -1 -1 -1 -1 -1 -1 -1 -1 -1 -1 -1 -1 -1 -1 -1 3694 -1 3726 3728 -1 -1 -1 -1 -1 -1 -1 3728 -1 -1
3892 3883 3885 3883 3870 -1 -1 -1 -1 -1 -1 -1 -1 -1 -1 -1 -1 -1 -1 -1 -1 -1 -1 -1 -1 -1 -1 -1 -1 -1 -1 -1 3802 3831 3836 3824 3816 3811 3802 3801 3788 -1 -1 -1 -1 -1 -1 -1 -1 -1 -1 -1 -1 -1 -1 -1 -1 -1 -1 -1 -1 -1 -1 -1 -1 -1 -1 -1 -1 -1 -1 -1 -1 -1 -1 -1 -1 -1 -1 -1 -1 -1 -1 -1 3676 3711 -1 -1 -1 -1 -1 -1 -1 -1 3728 3725
3894 3898 3885 3871 -1 -1 -1 -1 -1 -1 -1 -1 -1 -1 -1 -1 -1 -1 -1 -1 -1 -1 -1 -1 -1 -1 -1 -1 -1 -1 -1 -1 3813 3822 3819 3819 3807 3816 3802 3789 3801 3780 3781 3779 3776 3770 3764 -1 -1 -1 -1 -1 -1 -1 -1 -1 -1 -1 -1 -1 -1 -1 -1 -1 -1 -1 -1 -1 -1 -1 -1 -1 -1 -1 -1 -1 -1 -1 -1 -1 -1 -1 -1 -1 -1 3682 -1 -1 -1 -1 -1 -1 3723 -1 -1 3725
3899 3876 3897 3881 3855 -1 -1 -1 -1 -1 -1 -1 -1 -1 -1 -1 -1 -1 -1 -1 -1 -1 -1 -1 -1 -1 -1 -1 -1 -1 -1 3780 3809 3822 3819 3806 3799 3809 3799 3791 3784 3784 3781 3776 3779 3770 3778 3769 3763 -1 -1 -1 -1 -1 -1 -1 -1 -1 -1 -1 -1 -1 -1 -1 -1 -1 -1 -1 -1 -1 -1 -1 -1 -1 -1 -1 -1 -1 -1 -1 -1 -1 -1 -1 -1 -1 -1 -1 -1 -1 -1 -1 -1 -1 -1 -1
3899 3886 3883 3872 -1 -1 -1 -1 -1 -1 -1 -1 -1 -1 -1 -1 -1 -1 -1 -1 -1 -1 -1 -1 -1 -1 -1 -1 -1 -1 -1 3776 3805 3806 3806 3804 3811 3811 3809 3792 3779 3782 3791 3781 3784 3782 3782 3794 3781 -1 -1 -1 -1 -1 -1 -1 -1 -1 -1 -1 -1 -1 -1 -1 -1 -1 -1 -1 -1 -1 -1 -1 -1 -1 -1 -1 -1 -1 -1 -1 -1 -1 -1 -1 -1 -1 -1 -1 -1 -1 -1 -1 -1 -1 -1 -1
