output/arrival.asc
NCOLS 638
NROWS 825
XLLCORNER -2985163.8955
YLLCORNER -3022031.214
CELLSIZE 10000
NODATA_value -1
[rows 165 to 219 of 825, columns 96 to 191 of 638]
-1 -1 -1 -1 -1 -1 -1 -1 -1 -1 -1 -1 -1 -1 -1 -1 -1 -1 -1 -1 -1 -1 -1 -1 -1 -1 -1 -1 -1 -1 -1 -1 -1 4030 4072 4073 4084 4106 4117 4130 4105 4101 4095 4102 4102 4093 4082 4079 -1 -1 -1 -1 -1 -1 -1 -1 -1 -1 -1 -1 4220 4209 4190 -1 -1 4173 4173 4185 4179 4184 4183 4193 4199 4226 4222 4222 4233 4243 4250 4280 4262 4262 4254 4263 4283 4283 4283 4326 4313 4290 4312 4329 4306 4280 4306 4314
-1 -1 -1 -1 -1 -1 -1 -1 -1 -1 -1 -1 -1 -1 -1 -1 -1 -1 -1 -1 -1 -1 -1 -1 -1 -1 -1 -1 -1 -1 -1 -1 -1 -1 4054 4072 4072 4101 4107 4130 4133 4105 4108 4108 4102 4110 4097 -1 -1 -1 -1 -1 -1 -1 -1 -1 -1 -1 4175 4179 4222 4204 -1 -1 4178 4178 4185 4185 4172 4192 4194 4206 4206 4225 4228 4226 4242 4245 4251 4263 4263 4255 4254 4283 4308 4316 4312 4333 4309 4300 4265 4261 4286 4323 4282 4282
-1 -1 -1 -1 -1 -1 -1 -1 -1 -1 -1 -1 -1 -1 -1 -1 -1 -1 -1 -1 -1 -1 -1 -1 -1 -1 -1 -1 -1 -1 -1 -1 -1 -1 -1 -1 4064 -1 4101 4107 4133 4150 4150 4137 4115 4115 4110 -1 -1 -1 -1 -1 -1 -1 -1 -1 -1 4193 4205 4222 4174 4190 -1 4177 4177 4187 4194 4185 4198 4214 4205 4210 4223 4223 4228 4233 4233 4246 4245 4258 4271 4264 4277 4295 4295 4329 4333 4320 4290 4278 4265 4265 4281 4323 4299 4335
-1 -1 -1 -1 -1 -1 -1 -1 -1 -1 -1 -1 -1 -1 -1 -1 -1 -1 -1 -1 -1 -1 -1 -1 -1 -1 -1 -1 -1 -1 -1 -1 -1 -1 -1 -1 4046 4088 -1 4069 4103 4121 4121 4144 4144 4115 4097 -1 -1 -1 -1 -1 -1 -1 -1 -1 -1 4197 4207 4205 4216 4223 -1 4183 4177 4193 4187 4198 4214 4201 4215 4218 4224 4225 4228 4249 4246 4252 4254 4271 4260 4277 4266 4278 4316 4329 4330 4316 4308 4282 4281 4287 4310 4352 4352 4339
-1 -1 -1 -1 -1 -1 -1 -1 -1 -1 -1 -1 -1 -1 -1 -1 -1 -1 -1 -1 -1 -1 -1 -1 -1 -1 -1 -1 -1 -1 -1 -1 -1 -1 -1 -1 4055 -1 -1 -1 -1 -1 -1 -1 -1 -1 -1 -1 -1 -1 -1 -1 -1 4137 4146 4159 4197 4220 4223 4219 4242 4236 4193 4184 4196 4174 4181 4197 4197 4208 4218 4216 4222 4228 4229 4248 4252 4239 4243 4244 4258 4262 4275 4278 4291 4330 4317 4300 4300 4307 4312 4329 4343 4356 4356 4341
-1 -1 -1 -1 -1 -1 -1 -1 -1 -1 -1 -1 -1 -1 -1 -1 -1 -1 -1 -1 -1 -1 -1 -1 -1 -1 -1 -1 -1 -1 -1 -1 -1 -1 -1 -1 -1 -1 4044 -1 -1 -1 -1 -1 -1 -1 -1 -1 -1 -1 -1 -1 4136 -1 -1 4184 4209 4226 4226 4229 4236 4242 4213 4213 4204 4191 4194 4194 4195 4208 4220 4221 4222 4223 4232 4240 4245 4252 4265 4256 4269 4265 4275 4291 4301 4313 4313 4310 4305 4305 4312 4316 4341 4358 4370 4359
-1 -1 -1 -1 -1 -1 -1 -1 -1 -1 -1 -1 -1 -1 -1 -1 -1 -1 -1 -1 -1 -1 -1 -1 -1 -1 -1 -1 -1 -1 -1 -1 -1 -1 -1 -1 -1 -1 -1 -1 -1 -1 -1 -1 -1 -1 -1 -1 -1 -1 -1 -1 -1 -1 -1 -1 -1 4222 4226 4239 -1 4225 4191 4200 4196 4204 4191 4216 4207 4207 4211 4222 4227 4233 4239 4254 4254 4262 4265 4269 4269 4271 4278 4288 4289 4301 4318 4310 4315 4332 4308 4285 4306 4353 4358 4387
-1 -1 -1 -1 -1 -1 -1 -1 -1 -1 -1 -1 -1 -1 -1 -1 -1 -1 -1 -1 -1 -1 -1 -1 -1 -1 -1 -1 -1 -1 -1 -1 -1 -1 -1 -1 -1 -1 -1 -1 -1 -1 -1 -1 -1 -1 -1 -1 -1 -1 -1 -1 -1 -1 -1 -1 4170 4183 4239 4213 4196 4170 4207 4178 4178 4191 4203 4207 4216 4213 4224 4224 4233 4232 4238 4241 4253 4249 4262 4269 4271 4278 4272 4289 4302 4302 4331 4331 4319 4332 4341 4342 4335 4319 4345 4387
-1 -1 -1 -1 -1 -1 -1 -1 -1 -1 -1 -1 -1 -1 -1 -1 -1 -1 -1 -1 -1 -1 -1 -1 -1 -1 -1 -1 -1 -1 -1 -1 -1 -1 -1 -1 -1 -1 -1 -1 -1 -1 -1 -1 -1 -1 -1 -1 -1 -1 -1 -1 -1 -1 -1 -1 4166 4180 4180 4210 4197 4176 4176 4190 4186 4189 4194 4199 4213 4220 4213 4243 4256 4272 4245 4255 4255 4271 4271 4271 4277 4277 4272 4285 4289 4279 4295 4290 4289 4285 4325 4289 4306 4326 4344 4380
-1 -1 -1 -1 -1 -1 -1 -1 -1 -1 -1 -1 -1 -1 -1 -1 -1 -1 -1 -1 -1 -1 -1 -1 -1 -1 -1 -1 -1 -1 -1 -1 -1 -1 -1 -1 -1 -1 -1 -1 -1 -1 -1 -1 -1 -1 -1 -1 -1 -1 -1 -1 -1 -1 -1 -1 4132 4144 4167 4163 4210 4193 4177 4186 4186 4198 4202 4204 4212 4221 4226 4285 4285 4235 4239 4245 4267 4284 4284 4276 4298 4285 4286 4299 4282 4282 4295 4297 4303 4301 4303 4302 4303 4302 4369 4363
-1 -1 -1 -1 -1 -1 -1 -1 -1 -1 -1 -1 -1 -1 -1 -1 -1 -1 -1 -1 -1 -1 -1 -1 -1 -1 -1 -1 -1 -1 -1 -1 -1 -1 -1 -1 -1 -1 -1 -1 -1 -1 -1 -1 -1 -1 -1 -1 -1 -1 -1 -1 -1 -1 -1 4123 4121 4143 4151 4153 4167 4193 4177 4186 4191 4197 4202 4212 4217 4222 4268 4226 4239 4242 4249 4254 4267 4284 4327 4327 4300 4298 4307 4299 4291 4304 4310 4303 4336 4307 4314 4302 4316 4316 4356 4369
-1 -1 -1 -1 -1 -1 -1 -1 -1 -1 -1 -1 -1 -1 -1 -1 -1 -1 -1 -1 -1 -1 -1 -1 -1 -1 -1 -1 -1 -1 -1 -1 -1 -1 -1 -1 -1 -1 -1 -1 -1 -1 -1 -1 -1 -1 -1 -1 -1 -1 -1 -1 -1 -1 -1 4123 4125 4138 4149 4153 4154 4159 4168 4178 4179 4196 4209 4217 4219 4223 4245 4232 4239 4249 4236 4255 4271 4258 4314 4300 4329 4296 4307 4294 4293 4310 4304 4323 4336 4314 4307 4299 4294 4287 4318 4352
-1 -1 -1 -1 -1 -1 -1 -1 -1 -1 -1 -1 -1 -1 -1 -1 -1 -1 -1 -1 -1 -1 -1 -1 -1 -1 -1 -1 -1 -1 -1 -1 -1 -1 -1 -1 -1 -1 -1 -1 -1 -1 -1 -1 -1 4123 -1 -1 -1 4095 -1 -1 -1 -1 -1 4127 4135 4138 4149 4153 4161 4168 4168 4172 4180 4194 4207 4209 4219 4224 4232 4244 4243 4243 4256 4268 4259 4283 4304 4304 4312 4329 4316 4297 4297 4305 4305 4319 4319 4317 4304 4290 4282 4311 4298 4311
-1 -1 -1 -1 -1 -1 -1 -1 -1 -1 -1 -1 -1 -1 -1 -1 -1 -1 -1 -1 -1 -1 -1 -1 -1 -1 -1 -1 -1 -1 -1 -1 -1 4089 -1 -1 -1 -1 -1 -1 -1 -1 -1 -1 -1 -1 -1 -1 4104 4097 -1 -1 -1 -1 4128 4135 4132 4132 4140 4148 4153 4161 4172 4193 4193 4192 4196 4207 4211 4224 4225 4233 4233 4257 4268 4246 4275 4275 4291 4269 4273 4286 4326 4286 4292 4294 4294 4302 4317 4305 4279 4282 4269 4268 4311 4340
-1 -1 -1 -1 -1 -1 -1 -1 -1 -1 -1 -1 -1 -1 -1 -1 -1 -1 -1 -1 -1 -1 -1 -1 -1 -1 -1 -1 -1 -1 -1 -1 -1 -1 4102 -1 -1 -1 -1 -1 -1 -1 -1 -1 -1 -1 -1 -1 -1 4117 4114 4114 -1 4118 4131 4136 4139 4144 4157 4165 4165 4161 4167 4180 4192 4199 4200 4213 4220 4219 4222 4225 4233 4245 4251 4252 4262 4272 4272 4274 4313 4326 4299 4293 4283 4290 4290 4288 4305 4292 4270 4270 4263 4259 4297 4315
-1 -1 -1 -1 -1 -1 -1 -1 -1 -1 -1 -1 -1 -1 -1 -1 -1 -1 -1 -1 -1 -1 -1 -1 -1 -1 -1 -1 -1 -1 -1 -1 -1 -1 -1 4102 -1 -1 -1 -1 -1 -1 -1 -1 -1 -1 -1 -1 -1 4117 4134 4121 4120 4131 4137 4139 4137 4139 4147 4170 4170 4168 4174 4174 4196 4199 4213 4203 4213 4223 4225 4223 4233 4245 4240 4240 4252 4244 4259 4270 4282 4299 4293 4283 4279 4277 4271 4276 4276 4274 4276 4276 4275 4272 4292 4321
-1 -1 -1 -1 -1 -1 -1 -1 -1 -1 -1 -1 -1 -1 -1 -1 -1 -1 -1 -1 -1 -1 -1 -1 -1 -1 -1 -1 -1 -1 -1 -1 -1 -1 -1 -1 -1 -1 -1 -1 -1 -1 -1 -1 -1 -1 -1 -1 -1 4121 4134 4163 4150 4137 4139 4146 4147 4139 4164 4164 4174 4175 4175 4183 4196 4199 4200 4213 4220 4225 4226 4236 4236 4239 4232 4239 4239 4244 4253 4257 4270 4280 4270 4279 4266 4271 4259 4263 4274 4272 4272 4268 4275 4292 4278 4308
-1 -1 -1 -1 -1 -1 -1 -1 -1 -1 -1 -1 -1 -1 -1 -1 -1 -1 -1 -1 -1 -1 -1 -1 -1 -1 -1 -1 -1 -1 -1 -1 -1 -1 -1 -1 4090 -1 -1 -1 -1 -1 -1 -1 -1 -1 -1 -1 -1 4121 4134 4163 4165 4152 4139 4145 4147 4151 4160 4174 4171 4177 4190 4181 4208 4199 4207 4220 4234 4226 4230 4248 4248 4239 4228 4239 4249 4251 4251 4255 4255 4257 4262 4262 4255 4272 4256 4273 4273 4259 4247 4255 4268 4263 4279 4310
-1 -1 -1 -1 -1 -1 -1 -1 -1 -1 -1 -1 -1 -1 -1 -1 -1 -1 -1 -1 -1 -1 -1 -1 -1 -1 -1 -1 -1 -1 -1 -1 -1 -1 -1 -1 -1 -1 -1 -1 -1 -1 -1 -1 -1 -1 -1 -1 -1 4121 4134 4152 4152 4165 4148 4145 4149 4147 4159 4169 4171 4179 4190 4207 4209 4209 4216 4221 4226 4234 4247 4248 4248 4243 4236 4236 4249 4266 4266 4279 4273 4267 4267 4264 4272 4263 4250 4260 4257 4247 4260 4251 4263 4278 4284 4323
-1 -1 -1 -1 -1 -1 -1 -1 -1 -1 -1 -1 -1 -1 -1 -1 -1 -1 -1 -1 -1 -1 -1 -1 -1 -1 -1 -1 -1 -1 -1 -1 -1 -1 -1 -1 -1 4126 -1 -1 -1 -1 -1 -1 -1 -1 -1 -1 4094 4105 4122 4121 4136 4152 4162 4162 4147 4147 4164 4169 4179 4179 4191 4200 4220 4220 4221 4227 4232 4232 4247 4247 4243 4242 4246 4242 4253 4266 4279 4286 4286 4282 4304 4277 4277 4263 4254 4257 4253 4260 4249 4246 4256 4273 4295 4298
-1 -1 -1 -1 -1 -1 -1 -1 -1 -1 -1 -1 -1 -1 -1 -1 -1 -1 -1 -1 -1 -1 -1 -1 -1 -1 -1 -1 -1 -1 -1 -1 -1 -1 -1 -1 -1 -1 4127 -1 -1 -1 -1 -1 -1 -1 -1 -1 -1 4105 4120 4133 4133 4144 4165 4155 4148 4148 4163 4168 4179 4190 4191 4200 4193 4207 4216 4221 4233 4237 4239 4255 4260 4255 4255 4253 4250 4257 4257 4256 4299 4291 4304 4275 4262 4266 4262 4257 4257 4253 4249 4242 4242 4265 4308 4308
-1 -1 -1 -1 -1 -1 -1 -1 -1 -1 -1 -1 -1 -1 -1 -1 -1 -1 -1 -1 -1 -1 -1 -1 -1 -1 -1 -1 -1 -1 -1 -1 -1 -1 -1 -1 -1 -1 -1 -1 4090 -1 -1 -1 -1 -1 -1 -1 -1 4087 4120 4129 4146 4157 4157 4170 4156 4163 4164 4168 4175 4186 4189 4193 4201 4216 4245 4250 4250 4232 4268 4268 4260 4249 4266 4263 4268 4281 4255 4255 4299 4270 4262 4275 4266 4274 4262 4255 4255 4257 4244 4236 4235 4235 4283 4279
-1 -1 -1 -1 -1 -1 -1 -1 -1 -1 -1 -1 -1 -1 -1 -1 -1 -1 -1 -1 -1 -1 -1 -1 -1 -1 -1 -1 -1 -1 -1 -1 -1 -1 -1 -1 -1 -1 -1 -1 -1 -1 4124 -1 -1 -1 -1 -1 4106 4106 4096 4112 4146 4140 4183 4162 4166 4156 4167 4179 4185 4192 4182 4189 4203 4219 4235 4245 4245 4219 4261 4225 4243 4266 4263 4250 4263 4284 4281 4286 4252 4262 4278 4262 4262 4283 4274 4257 4257 4257 4245 4235 4231 4223 4270 4283
-1 -1 -1 -1 -1 -1 -1 -1 -1 -1 -1 -1 -1 -1 -1 -1 -1 -1 -1 -1 -1 -1 -1 -1 -1 -1 -1 -1 -1 -1 -1 -1 -1 -1 -1 -1 -1 -1 -1 -1 -1 -1 4112 4141 -1 -1 -1 -1 -1 4093 -1 4104 4138 4141 4154 4183 4179 4179 4183 4182 4192 4197 4184 4195 4198 4224 4232 4248 4245 4261 4248 4232 4237 4237 4249 4249 4284 4271 4269 4264 4262 4249 4291 4291 4283 4270 4266 4248 4261 4268 4264 4245 4244 4244 4285 4328
-1 -1 -1 -1 -1 -1 -1 -1 -1 -1 -1 -1 -1 -1 -1 -1 -1 -1 -1 -1 -1 -1 -1 -1 -1 -1 -1 -1 -1 -1 -1 -1 -1 -1 -1 -1 -1 -1 -1 -1 -1 -1 -1 4121 4141 4122 -1 -1 -1 -1 -1 -1 4130 4139 4154 4166 4167 4196 4196 4204 4221 4221 4208 4195 4210 4241 4241 4248 4244 4228 4222 4223 4224 4237 4237 4241 4248 4256 4233 4233 4249 4270 4266 4257 4252 4254 4266 4295 4274 4268 4277 4273 4273 4257 4300 4315
-1 -1 -1 -1 -1 -1 -1 -1 -1 -1 -1 -1 -1 -1 -1 -1 -1 -1 -1 -1 -1 -1 -1 -1 -1 -1 -1 -1 -1 -1 -1 -1 -1 -1 -1 -1 -1 -1 -1 -1 -1 -1 -1 -1 4128 4108 4131 4144 4144 4145 4132 4122 4114 4139 4152 4150 4153 4167 4179 4190 4190 4173 4178 4210 4228 4224 4237 4237 4231 4224 4206 4198 4208 4219 4225 4219 4225 4225 4250 4250 4261 4266 4270 4281 4268 4279 4279 4265 4308 4284 4277 4265 4260 4270 4322 4278
-1 -1 -1 -1 -1 -1 -1 -1 -1 -1 -1 -1 -1 -1 -1 -1 -1 -1 -1 -1 -1 -1 -1 -1 -1 -1 -1 -1 -1 -1 -1 -1 -1 -1 -1 -1 -1 4110 -1 -1 -1 4115 -1 -1 -1 -1 -1 4127 4137 4145 4140 4127 -1 4127 4135 4152 4154 4152 4166 4179 4177 4168 4184 4184 4197 4198 4220 4208 4195 4193 4206 4195 4208 4214 4238 4238 4235 4248 4237 4252 4265 4274 4274 4281 4272 4270 4291 4308 4267 4284 4278 4278 4278 4291 4309 4322
-1 -1 -1 -1 -1 -1 -1 3941 -1 -1 -1 -1 -1 -1 -1 -1 -1 -1 -1 -1 -1 -1 -1 -1 -1 -1 -1 -1 -1 -1 -1 -1 -1 -1 -1 -1 -1 -1 -1 -1 -1 -1 -1 -1 -1 -1 4108 4137 4124 4116 4128 4140 4111 -1 4127 4135 4123 4151 4152 4157 4174 4174 4185 4189 4185 4198 4190 4190 4191 4192 4202 4210 4215 4231 4231 4241 4241 4248 4241 4258 4265 4269 4269 4272 4260 4270 4270 4261 4271 4271 4271 4271 4262 4291 4293 4281
-1 -1 -1 -1 -1 -1 -1 3953 3957 -1 -1 -1 -1 -1 -1 -1 -1 -1 -1 -1 -1 -1 -1 -1 -1 -1 -1 -1 -1 -1 -1 -1 -1 -1 -1 -1 -1 -1 -1 -1 -1 -1 4104 -1 4104 4104 -1 -1 4121 4122 4132 4132 4115 4112 4119 4119 4123 4138 4151 4156 4161 4172 4185 4185 4185 4180 4177 4180 4180 4185 4210 4215 4232 4228 4231 4229 4229 4228 4236 4245 4258 4256 4259 4260 4249 4257 4257 4244 4253 4265 4265 4262 4288 4288 4316 4303
-1 -1 -1 -1 -1 -1 -1 -1 3970 3970 3986 3973 -1 -1 -1 -1 -1 -1 -1 -1 -1 -1 -1 -1 -1 -1 -1 -1 -1 -1 -1 -1 -1 -1 -1 -1 -1 -1 -1 -1 -1 -1 4105 -1 -1 4116 -1 -1 4097 4120 4132 4175 4133 4124 4121 4121 4124 4132 4149 4149 4167 4184 4174 4174 4168 4172 4173 4174 4185 4195 4198 4215 4228 4218 4216 4216 4216 4220 4235 4236 4249 4236 4248 4242 4229 4235 4231 4245 4247 4252 4259 4259 4275 4316 4299 4279
-1 -1 -1 -1 -1 -1 -1 3940 3929 3956 3999 3999 3973 -1 -1 -1 -1 -1 -1 -1 -1 -1 -1 -1 -1 -1 -1 -1 -1 -1 -1 -1 -1 -1 -1 -1 -1 -1 -1 -1 -1 -1 -1 -1 4116 -1 -1 -1 4097 4119 4124 4175 4162 4129 4129 4146 4146 4133 4145 4149 4155 4162 4184 4171 4168 4172 4173 4186 4189 4201 4195 4202 4224 4207 4204 4203 4211 4218 4219 4236 4236 4223 4248 4243 4229 4235 4244 4244 4247 4241 4238 4246 4264 4287 4287 4274
-1 -1 -1 -1 -1 -1 -1 3940 3932 -1 -1 -1 -1 -1 -1 -1 -1 -1 -1 -1 -1 -1 -1 -1 -1 -1 -1 -1 -1 -1 -1 -1 -1 -1 -1 -1 -1 -1 -1 -1 -1 -1 -1 -1 -1 -1 -1 -1 4101 4117 4130 4135 4158 4146 4152 4151 4135 4135 4145 4155 4175 4175 4164 4167 4166 4169 4177 4193 4206 4211 4208 4224 4211 4205 4202 4201 4203 4212 4207 4207 4219 4224 4243 4224 4224 4222 4220 4234 4241 4237 4235 4245 4258 4273 4290 4277
-1 -1 -1 -1 -1 -1 3950 3950 -1 3931 3931 -1 -1 -1 -1 -1 -1 -1 -1 -1 -1 -1 -1 -1 -1 -1 -1 -1 -1 -1 -1 -1 -1 -1 -1 -1 -1 -1 -1 -1 -1 -1 -1 -1 -1 -1 -1 -1 -1 4101 4130 4130 4129 4131 4143 4143 4132 4138 4137 4148 4149 4157 4156 4167 4178 4182 4182 4194 4206 4198 4211 4221 4226 4204 4194 4196 4207 4201 4200 4200 4211 4201 4224 4211 4220 4217 4227 4227 4226 4222 4235 4233 4258 4290 4302 4278
-1 -1 -1 -1 -1 3952 3967 3954 3942 -1 -1 -1 -1 -1 -1 -1 -1 -1 -1 -1 -1 -1 -1 -1 -1 -1 -1 -1 -1 -1 -1 -1 -1 -1 -1 -1 -1 -1 -1 -1 -1 -1 -1 -1 -1 -1 -1 -1 -1 -1 4130 4117 4129 4130 4131 4131 4132 4138 4136 4135 4135 4131 4154 4167 4170 4191 4198 4211 4211 4197 4215 4227 4221 4208 4195 4207 4213 4214 4214 4219 4220 4207 4220 4220 4216 4207 4214 4226 4213 4204 4220 4233 4251 4302 4277 4289
-1 -1 -1 -1 3965 3981 3967 3958 3954 3941 -1 -1 -1 -1 -1 -1 -1 -1 -1 -1 -1 -1 -1 -1 -1 -1 -1 -1 -1 -1 -1 -1 -1 -1 -1 -1 -1 -1 -1 -1 -1 -1 -1 -1 -1 -1 -1 -1 -1 -1 4101 4113 4112 4118 4131 -1 4127 4140 4149 4149 4148 4132 4149 4166 4170 4191 4198 4204 4223 4240 4240 4227 4224 4208 4194 4188 4200 4213 4216 4229 4229 4212 4220 4207 4216 4200 4205 4201 4202 4203 4204 4240 4273 4260 4285 4290
-1 -1 -1 -1 3985 3994 3994 3975 3954 3954 -1 -1 -1 -1 -1 -1 -1 -1 -1 -1 -1 -1 -1 -1 -1 -1 -1 -1 -1 -1 -1 -1 4092 -1 -1 -1 -1 -1 -1 -1 -1 -1 -1 -1 -1 -1 -1 -1 -1 -1 -1 -1 -1 4103 4119 4115 4140 4129 4125 4139 4161 4161 4149 4166 4174 4187 4187 4185 4181 4202 4215 4236 4237 4237 4201 4197 4184 4197 4210 4220 4220 4209 4211 4211 4211 4200 4205 4201 4197 4199 4215 4218 4244 4273 4263 4280
-1 -1 -1 -1 3977 4002 3984 3975 3962 3954 -1 -1 -1 -1 -1 -1 -1 -1 -1 -1 -1 -1 -1 -1 -1 -1 -1 -1 -1 -1 -1 -1 4092 4098 4099 -1 -1 -1 -1 -1 -1 -1 -1 -1 -1 -1 -1 -1 -1 -1 -1 4106 -1 -1 4113 4132 4132 4124 4129 4152 4152 4158 4158 4153 4172 4182 4174 4152 4160 4168 4193 4215 4236 4219 4213 4207 4197 4193 4190 4203 4209 4207 4211 4212 4198 4197 4210 4210 4197 4198 4218 4215 4231 4250 4280 4263
-1 -1 -1 -1 3973 4002 3989 3980 3972 3952 -1 -1 -1 -1 -1 -1 -1 -1 -1 -1 -1 -1 -1 -1 -1 -1 -1 -1 -1 -1 -1 -1 4072 4079 4079 4100 4104 -1 -1 -1 -1 -1 -1 -1 -1 -1 -1 -1 -1 -1 -1 -1 4106 -1 -1 4131 4128 4137 4136 4141 4129 4138 4145 4156 4160 4172 4196 4170 4166 4159 4168 4198 4194 4207 4224 4226 4226 4209 4199 4184 4187 4200 4198 4211 4240 4215 4202 4197 4215 4195 4207 4224 4211 4253 4253 4236
-1 -1 3955 -1 -1 3973 3967 3980 3972 3956 -1 -1 -1 -1 -1 -1 -1 -1 -1 -1 -1 -1 -1 -1 -1 -1 -1 -1 -1 -1 -1 -1 -1 -1 -1 4097 4117 4117 -1 -1 -1 -1 -1 -1 -1 -1 -1 -1 -1 -1 -1 -1 -1 -1 4131 4160 4149 4136 4137 4141 4147 4151 4151 4167 4173 4192 4209 4209 4170 4172 4181 4173 4186 4195 4211 4224 4227 4240 4212 4212 4201 4187 4216 4227 4240 4215 4186 4199 4228 4185 4195 4208 4224 4242 4240 4210
-1 -1 3954 -1 -1 3975 3962 3960 3973 3959 -1 -1 -1 -1 -1 -1 -1 -1 -1 3994 4040 4053 -1 -1 -1 -1 -1 -1 -1 -1 -1 -1 -1 -1 4069 -1 4097 -1 4097 4089 -1 -1 -1 -1 -1 -1 -1 -1 -1 -1 -1 -1 -1 -1 4160 4153 4166 4166 4143 4131 4160 4150 4150 4160 4166 4185 4172 4180 4172 4221 4234 4175 4175 4174 4182 4197 4204 4240 4211 4217 4188 4216 4203 4203 4189 4189 4181 4199 4228 4195 4183 4212 4229 4242 4233 4216
-1 -1 -1 -1 -1 3975 -1 3973 -1 -1 -1 -1 -1 -1 -1 -1 -1 -1 -1 3994 4053 -1 -1 -1 -1 -1 -1 -1 -1 -1 -1 -1 -1 -1 -1 -1 -1 -1 -1 4097 4103 -1 -1 -1 -1 -1 -1 -1 -1 -1 -1 -1 -1 4108 4154 4141 4125 4127 4133 4160 4131 4137 4142 4156 4171 4185 4167 4180 4182 4198 4234 4191 4192 4224 4220 4191 4182 4198 4211 4217 4204 4188 4199 4189 4189 4180 4176 4177 4183 4211 4196 4224 4225 4241 4245 4233
-1 -1 -1 -1 -1 3958 3958 -1 -1 -1 -1 -1 -1 -1 -1 -1 -1 -1 -1 4024 4036 -1 3946 -1 -1 -1 -1 -1 -1 -1 -1 -1 -1 -1 -1 -1 4077 -1 -1 4102 4103 4115 4106 -1 -1 -1 -1 -1 -1 -1 -1 4086 -1 -1 -1 4154 4125 4125 4139 4146 4127 4122 4138 4151 4156 4184 4167 4178 4185 4195 4205 4205 4178 4196 4237 4237 4208 4187 4187 4194 4182 4195 4202 4194 4176 4176 4197 4168 4170 4188 4212 4225 4249 4262 4262 4247
-1 -1 -1 3982 -1 -1 -1 -1 -1 -1 -1 -1 -1 -1 -1 -1 -1 3975 3988 4024 4011 3982 -1 -1 -1 -1 -1 -1 -1 -1 -1 -1 -1 -1 -1 -1 -1 -1 -1 -1 4102 4115 4123 4110 -1 -1 -1 -1 -1 -1 -1 -1 -1 -1 4120 4133 4122 4139 4110 4146 4127 4123 4138 4151 4184 4167 4161 4176 4195 4176 4157 4188 4197 4178 4195 4208 4179 4174 4179 4180 4195 4185 4211 4202 4189 4186 4184 4197 4172 4195 4210 4240 4253 4249 4233 4220
-1 -1 -1 -1 3982 -1 -1 3948 3948 -1 -1 -1 -1 -1 -1 -1 -1 3988 4017 4017 3995 3995 3966 3951 -1 -1 -1 -1 -1 -1 -1 -1 -1 -1 -1 -1 -1 -1 -1 -1 -1 -1 4111 4123 -1 -1 -1 -1 -1 -1 -1 -1 -1 -1 4133 4131 -1 4128 4117 4129 4123 4101 4116 4132 4150 4155 4179 4166 4176 4159 4163 4163 4157 4165 4178 4179 4166 4179 4180 4167 4171 4198 4211 4197 4203 4190 4206 4179 4209 4201 4199 4253 4226 4262 4262 4202
-1 -1 -1 -1 3969 -1 -1 -1 3940 -1 -1 -1 -1 -1 -1 -1 -1 -1 4033 4060 4002 3989 3978 3967 -1 -1 -1 -1 -1 -1 -1 -1 -1 -1 -1 -1 -1 -1 -1 -1 -1 -1 -1 4111 -1 -1 -1 -1 -1 -1 -1 -1 -1 -1 4132 4122 -1 -1 4127 4117 4101 4110 -1 4132 4155 4156 4179 4166 4166 4160 4161 4156 4159 4160 4166 4166 4169 4186 4169 4164 4199 4199 4240 4240 4223 4212 4239 4252 4194 4223 4197 4192 4208 4203 4211 4219
-1 -1 -1 -1 3961 -1 -1 -1 -1 -1 -1 -1 -1 -1 -1 -1 -1 -1 4059 4063 4028 4002 3995 3993 -1 -1 -1 -1 -1 -1 -1 -1 -1 -1 -1 -1 -1 -1 -1 -1 4078 -1 -1 4103 4101 -1 -1 -1 -1 -1 -1 -1 -1 4104 4122 4129 -1 -1 4102 -1 -1 -1 4161 4161 4148 4156 4143 4150 4148 4148 4161 4157 4163 4165 4153 4173 4186 4169 4178 4169 4186 4193 4227 4223 4227 4223 4252 4194 4194 4236 4226 4226 4216 4217 4218 4209
-1 -1 -1 -1 3952 3952 -1 -1 -1 3944 -1 -1 -1 -1 -1 -1 3941 -1 4034 4063 4050 4012 4011 4029 3964 -1 -1 -1 -1 -1 -1 -1 -1 -1 -1 -1 -1 -1 -1 -1 -1 -1 -1 4101 4116 4116 -1 -1 -1 -1 -1 -1 -1 -1 4146 4117 -1 -1 -1 -1 -1 4144 4118 4132 4127 4135 4136 4140 4150 4144 4142 4157 4154 4163 4158 4172 4155 4173 4186 4191 4217 4234 4221 4226 4204 4204 4201 4193 4207 4236 4231 4216 4209 4203 4175 4202
-1 -1 -1 -1 3964 3964 -1 -1 -1 -1 -1 -1 -1 -1 -1 -1 3947 4020 4046 4052 4044 4018 4028 3995 3960 -1 -1 -1 -1 -1 -1 -1 -1 -1 -1 -1 -1 -1 -1 -1 -1 -1 -1 -1 4104 4121 -1 -1 -1 -1 -1 -1 -1 4141 4146 -1 -1 -1 -1 -1 -1 -1 4126 4132 4119 4127 4140 4143 4143 4141 4156 4144 4153 4160 4158 4171 4168 4197 4186 4201 4201 4196 4234 4200 4191 4194 4193 4190 4207 4232 4219 4205 4184 4175 4184 4197
-1 -1 -1 -1 3964 3964 -1 -1 -1 -1 3946 -1 -1 -1 -1 -1 3991 4025 4051 4041 4042 4024 4002 3985 3977 -1 -1 -1 -1 -1 -1 -1 -1 -1 -1 -1 -1 -1 -1 -1 4092 -1 -1 -1 -1 4108 4121 4093 -1 -1 -1 -1 -1 4133 4141 -1 -1 -1 -1 -1 -1 -1 -1 -1 4103 4127 4101 4114 4130 4138 4146 4173 4173 4178 4191 4158 4184 4197 4192 4188 4195 4203 4203 4195 4186 4194 4177 4178 4198 4206 4206 4187 4174 4173 4184 4176
-1 -1 -1 -1 -1 3969 -1 -1 -1 -1 3973 3972 3940 -1 -1 -1 3995 4035 4025 4032 4033 4006 3998 3978 3960 -1 -1 -1 -1 -1 -1 -1 -1 -1 -1 -1 -1 -1 -1 -1 -1 -1 -1 -1 -1 -1 -1 4093 -1 -1 -1 -1 -1 4109 -1 -1 -1 -1 -1 -1 -1 -1 -1 -1 -1 4113 4116 4120 4133 4145 4159 4163 4162 4191 4170 4169 4194 4194 4185 4192 4195 4194 4195 4190 4181 4165 4151 4177 4177 4187 4193 4174 4160 4173 4171 4167
-1 -1 -1 -1 -1 3986 -1 -1 -1 3971 3996 3983 3956 3962 -1 3966 4009 4018 4018 4016 4011 4012 3998 3969 3969 3965 -1 -1 -1 3989 3993 4004 -1 4031 4037 -1 4041 -1 -1 -1 -1 -1 -1 -1 -1 -1 -1 -1 -1 -1 -1 -1 4092 -1 4109 -1 -1 -1 -1 -1 -1 -1 -1 -1 -1 4107 4113 4133 4119 4162 4158 4171 4187 4200 4162 4170 4182 4181 4179 4185 4181 4182 4194 4190 4161 4152 4173 4164 4170 4182 4187 4170 4157 4165 4154 4167
-1 -1 -1 -1 3973 3986 -1 -1 -1 3971 3996 3983 3958 3974 3975 4009 3996 4002 4002 3998 3995 3994 3981 3981 -1 3965 3972 -1 3999 4038 4038 4013 4030 4044 4060 4054 -1 -1 -1 -1 -1 -1 -1 -1 -1 -1 -1 -1 -1 -1 -1 -1 -1 -1 -1 -1 -1 -1 -1 -1 -1 -1 -1 -1 -1 -1 -1 4122 4149 4162 4166 4171 4200 4157 4153 4182 4169 4169 4169 4168 4166 4177 4165 4152 4148 4161 4186 4157 4165 4182 4178 4161 4157 4154 4150 4150
-1 -1 -1 -1 3973 3973 -1 -1 3958 4000 4000 3987 3983 3991 3992 3980 3973 3973 3989 3984 3978 3977 3983 3999 4026 4000 4006 4017 4033 4047 4049 4064 4054 4053 4070 4086 4087 4071 -1 -1 -1 -1 -1 -1 -1 -1 -1 -1 -1 -1 4098 -1 -1 -1 -1 -1 -1 -1 -1 -1 -1 -1 -1 -1 -1 -1 -1 -1 4151 4151 4178 4183 4158 4153 4165 4156 4156 4168 4168 4153 4149 4155 4165 4136 4169 4186 4157 -1 4140 4178 4169 4152 4152 4141 4135 4132
-1 -1 -1 -1 -1 3954 -1 -1 3967 3987 3989 4004 4004 4033 3982 3980 3967 3955 3971 3974 3961 3969 3992 4007 4025 4018 4029 4032 4058 4065 4076 4075 4080 4041 4032 -1 4052 4044 -1 -1 -1 -1 -1 -1 -1 -1 -1 -1 -1 -1 -1 -1 -1 -1 -1 -1 -1 -1 -1 -1 -1 -1 -1 -1 -1 4115 4115 4119 4138 4161 4178 4183 4154 -1 4146 4152 4155 4160 4160 4167 4154 4149 -1 4136 4163 4163 4144 -1 4165 4165 4142 4136 4139 -1 -1 4132
-1 -1 -1 -1 -1 -1 -1 -1 3973 3985 4002 4014 4020 4033 4009 3967 3965 3964 3968 3974 3990 4003 3992 4027 4034 4042 4042 4047 4060 4071 4065 4071 4072 4081 4074 4075 -1 -1 -1 -1 -1 -1 -1 -1 -1 -1 -1 -1 -1 -1 -1 -1 -1 -1 -1 -1 -1 -1 -1 -1 -1 -1 -1 -1 -1 -1 -1 4120 4132 4165 4170 4161 -1 4154 4152 4140 4143 4154 4154 4167 4159 4160 -1 4120 4143 4143 -1 -1 4165 4152 4126 4136 4123 -1 -1 4132
