output/arrival.asc
NCOLS 638
NROWS 825
XLLCORNER -2985163.8955
YLLCORNER -3022031.214
CELLSIZE 10000
NODATA_value -1
[rows 384 to 431 of 825, columns 288 to 383 of 638]
3531 3531 3535 3525 3541 3546 3528 3524 3531 3512 3527 3510 3505 3501 3507 3493 3505 3507 3507 3502 3502 3491 3493 3505 3510 3520 3500 3500 3529 3510 3509 3492 3489 3484 3468 3468 3483 3495 3442 3431 -1 3447 3476 3466 3471 3500 3471 3480 3469 3465 3476 3458 3451 3434 3422 3447 3443 -1 3412 3426 3444 3455 3438 3428 -1 -1 -1 -1 -1 -1 3343 -1 -1 3376 3405 3409 3437 3441 3439 3420 3452 3404 3404 3400 3393 3402 3399 3416 3381 3362 3362 3344 3342 3322 3333 3338
3531 3535 3524 3525 3541 3528 3535 3506 3505 3520 3502 3516 3505 3496 3501 3493 3487 3493 3493 3487 3488 3503 3505 3492 3510 3510 3509 3518 3518 3510 3491 3490 3489 3460 3458 3466 3466 3495 3466 3437 -1 3447 3465 3495 3495 3478 3471 3454 3465 3458 3441 3458 3434 3422 3422 3451 3448 3418 3432 3446 3446 3442 3442 3404 -1 -1 -1 -1 -1 -1 -1 -1 -1 -1 3408 3408 3434 3469 3440 3428 3452 3400 3381 3393 3389 3392 3391 3390 3405 3374 3361 3355 3339 3340 3339 3340
3553 3539 3510 3512 3530 3545 3516 3498 3498 3502 3509 3502 3501 3494 3493 3491 3486 3484 3485 3487 3489 3503 3506 3506 3511 3510 3508 3498 3498 3527 3492 3490 3470 3460 3458 3455 3443 3437 3466 3439 3447 -1 3447 3466 3474 3478 3474 3465 3445 3467 3456 3444 3424 -1 3417 3451 3447 3432 3433 3434 3435 3431 3425 -1 -1 -1 -1 -1 -1 -1 3322 -1 3388 3387 3384 3382 3411 3434 3469 3441 3423 3394 3392 3394 3382 3384 3382 3387 3394 3387 3361 3355 3341 3339 3355 3340
3535 3542 3539 3512 3522 3545 3516 3493 3484 3487 3482 3498 3491 3484 3493 3491 3496 3484 3485 3489 3489 3492 3519 3521 3511 3508 3485 3479 3478 3527 3495 3492 3470 3459 3451 3441 3441 3456 3466 3445 -1 -1 3436 3450 3462 3474 3474 3445 3438 3467 3456 3454 3424 -1 3418 3437 3447 3434 3408 3425 3424 3422 3413 -1 -1 -1 -1 -1 -1 -1 -1 -1 3417 3381 3388 3384 3387 3435 3435 3458 3440 3423 3394 3392 3383 3372 3384 3376 3387 3385 3376 3363 3358 3392 3392 3355
3498 3498 3505 3510 3512 3522 3522 3522 3493 3493 3476 3478 3496 3492 3483 3477 3483 3496 3491 3489 3492 3515 3520 3521 3498 3485 3457 3456 3477 3466 3498 3495 3464 3459 3451 3456 3485 3449 3444 3440 3437 -1 3425 3429 3440 3462 3462 3433 3417 3438 3455 3442 3429 -1 -1 3437 3415 3414 3411 3440 3425 3421 -1 -1 -1 -1 -1 -1 -1 -1 3387 3386 3422 3417 3388 3388 3387 3409 3412 3447 3440 3440 3394 3380 3381 3373 3375 3386 3375 3400 3385 3376 3363 3363 3372 3372
3479 3498 3505 3488 3487 3501 3490 3479 3493 3476 3473 3474 3478 3496 3492 3477 3483 3491 3498 3492 3515 3521 3521 3499 3487 3465 3456 3456 3463 3496 3493 3469 3464 3463 3456 3448 3485 3449 3440 3440 3440 -1 -1 3433 3433 3455 3455 3433 3423 3417 3438 3436 3436 3407 3414 3414 3414 3422 3440 3429 3418 3394 -1 -1 -1 -1 -1 -1 3378 3386 3386 3370 3422 3411 3395 3375 3389 3425 3425 3436 3429 3411 3401 3364 3369 3370 3375 3386 3400 3393 3421 3374 3374 3379 3379 3384
3472 3480 3487 3494 3477 3483 3483 3459 3468 3473 3475 3478 3478 3473 3495 3495 3484 3498 3507 3507 3506 3496 3496 3492 3474 3453 3473 3463 3486 3496 3468 3478 3463 3460 3477 3476 3451 3426 3438 3438 -1 -1 -1 3414 3437 3437 3433 3425 3425 3421 3432 3432 3429 3429 3415 3396 3415 3422 3451 3440 3424 3411 3400 3382 -1 -1 3348 -1 3353 3378 -1 3370 3393 3363 3355 3384 3374 3388 3396 3411 3425 3418 3391 3390 3379 3368 3365 3371 3393 3421 3403 3377 3363 3368 3380 3399
3477 3476 3487 3476 3483 3466 3483 3448 3459 3468 3469 3463 3467 3473 3480 3502 3502 3505 3505 3506 3489 3477 3479 3467 3467 3458 3453 3473 3473 3485 3485 3471 3460 3455 3476 3475 3445 3451 3438 3437 3415 -1 -1 -1 3432 3432 3419 3419 3422 3420 3421 3424 3403 3400 3416 3396 3426 3422 3451 3453 3440 3411 3411 3400 -1 -1 3337 3349 3349 -1 3349 3359 3377 3427 3374 3374 3373 3378 3378 3410 3411 3414 3407 3381 3381 3372 3365 3354 3392 3410 3396 3383 3377 3380 3409 3380
3466 3476 3476 3487 3479 3472 3456 3472 3454 3454 3457 3468 3463 3479 3479 3479 3480 3476 3476 3477 3489 3460 3460 3458 3458 3448 3472 3472 3472 3490 3475 3472 3465 3451 3455 3452 3452 3452 3450 3443 -1 -1 -1 -1 -1 -1 -1 3408 3418 3422 3420 3424 3398 3394 3416 3398 3427 3426 3453 3441 3436 -1 3414 3400 3371 3342 -1 -1 -1 3350 3380 3379 3351 3382 3427 3358 3355 3347 3367 3378 3400 3403 3407 3396 3381 3389 3375 3369 3377 3392 3392 3396 3383 3409 3389 3360
3461 3458 3476 3499 3476 3479 3461 3454 3461 3464 3464 3458 3471 3474 3468 3473 3473 3480 3469 3476 3477 3467 3452 3466 3476 3465 3468 3473 3473 3474 3501 3464 3454 3464 3452 3456 3439 3450 3450 3443 3416 -1 -1 -1 -1 -1 -1 3415 3418 3430 3408 3408 3403 3399 3398 3389 3396 3426 3441 3436 3412 -1 3411 3414 3386 3371 3343 3329 -1 3350 3366 3369 3351 3352 3398 3416 3398 3348 3348 3382 3382 3389 3392 3407 3394 3389 3382 3375 3369 3363 3381 3387 3401 3401 3383 3389
3455 3450 3465 3465 3499 3468 3470 3457 3450 3450 3465 3465 3471 3474 3468 3465 3454 3465 3476 3467 3498 3497 3487 3487 3466 3468 3470 3470 3482 3511 3499 3501 3470 3470 3446 3442 3450 3423 3445 3445 3437 -1 -1 -1 -1 -1 3410 3415 3430 3420 3411 3404 3379 3399 3375 -1 3376 3397 3397 3389 3377 3382 3410 3411 3386 3362 3349 3342 3339 3344 3350 3351 3358 3352 3398 3405 3398 3398 3369 3349 3371 3380 3383 3396 3412 3394 3382 3368 3361 3358 3363 3374 3401 3401 3383 3354
3449 3444 3447 3454 3465 3488 3471 3470 3456 3456 3457 3454 3465 3465 3465 3449 3439 3476 3478 3505 3493 3472 3468 3468 3456 3465 3470 3470 3481 3511 3487 3499 3474 3446 3451 3451 3443 -1 3423 3438 3421 -1 -1 -1 -1 -1 3410 3416 3420 3411 3411 3382 -1 -1 3375 -1 -1 3377 3397 3409 3390 3390 3382 3411 3390 3373 3357 3357 3343 3344 3345 3342 3352 3345 3369 3387 3394 3387 3349 3369 3353 3356 3382 3383 3412 3386 3397 3368 3368 3353 3350 3379 3403 3379 3372 3339
3442 3442 3445 3447 3470 3471 3477 3466 3459 3457 3447 3447 3436 3460 3460 3439 3464 3477 3505 3493 3464 3464 3464 3451 3452 3465 3471 3481 3502 3482 3489 3503 3474 3449 3452 3447 3441 3438 3438 3442 3432 -1 -1 -1 -1 3400 3416 3420 3420 3391 3411 3382 3390 -1 -1 -1 3349 3379 3381 3407 3421 3422 3403 3392 3382 3390 3373 3362 3346 3343 3345 3370 3357 3369 3376 3369 3383 3388 3382 3356 3353 3353 3356 3353 3386 3375 3371 3397 3371 3348 3353 3379 3403 3379 3356 3348
3446 3445 3445 3447 3448 3454 3453 3453 3456 3456 3440 3440 3441 3434 3437 3437 3476 3493 3493 3476 3452 3453 3450 3450 3441 3458 3470 3502 3473 3482 3489 3503 3474 3442 3442 3451 3447 3441 3442 3432 -1 -1 -1 -1 -1 3403 3400 3409 3392 -1 3382 3390 -1 -1 -1 -1 3348 3350 3379 3407 3421 3422 3404 3385 3331 3373 3379 3373 3351 3345 3339 3369 3374 3347 3358 3368 3372 3388 3382 3371 3356 3343 3353 3353 3357 3365 3365 3365 3400 3363 3363 3384 3384 3373 3350 3348
3425 3425 3416 3434 3436 3448 3442 3445 3445 3427 3440 3440 3440 3433 3445 3458 3486 3476 3465 3447 3446 3445 3445 3441 3447 3458 3459 3465 3473 3469 3480 3463 3449 3439 3455 3455 3430 3426 3431 3413 -1 -1 -1 -1 3403 3409 3409 3421 3392 3356 3361 3361 -1 -1 -1 3335 3355 3368 3378 3397 3410 3411 3414 3403 3373 3361 3373 3368 3362 3368 3393 3373 3394 3347 3367 3371 3377 3380 3391 3379 3353 3343 3343 3355 3353 3347 3351 3351 3371 3400 3375 3375 3373 3355 3337 3330
3413 3416 3416 3419 3419 3430 3419 3442 3421 3416 3418 3418 3428 3429 3433 3445 3458 3486 3457 3457 3436 3431 3441 3431 3458 3459 3464 3464 3464 3473 3480 3452 3449 3440 3439 3440 3440 -1 3426 3415 -1 -1 -1 -1 3409 3409 3424 3421 3363 3363 3362 3361 -1 -1 3330 3354 3364 3362 3385 3397 3400 3404 3426 3393 3373 3344 3349 3373 3357 3368 3375 3393 3393 3381 3367 3371 3375 3391 3408 3384 3361 3353 3344 3355 3342 3324 3336 3336 3341 3371 3371 3362 3346 3357 3357 3338
3409 3413 3415 3414 3405 3405 3432 3432 3416 3422 3424 3425 3428 3428 3420 3431 3429 3447 3457 3436 3431 3438 3440 3441 3454 3458 3443 3454 3465 3479 3479 3450 3440 3439 3429 3426 3411 -1 -1 -1 -1 -1 -1 3374 3418 3409 3424 3395 3392 3363 3361 -1 -1 -1 3331 3344 3384 3373 3374 3386 3402 3418 3426 3403 3376 3347 3350 3362 3363 3357 3364 3382 3383 3371 3359 3375 3360 3408 3410 3384 3370 3361 3342 3344 3365 3350 3337 3345 3348 3371 3360 3344 3344 3330 3330 3338
3406 3395 3413 3413 3405 3406 3409 3410 3417 3422 3424 3424 3426 3421 3411 3424 3399 3395 3418 3424 3429 3429 3438 3439 3409 3454 3437 3469 3476 3476 3466 3458 3435 3459 3411 3410 3417 -1 3361 3361 3370 -1 -1 3386 3389 3418 3395 3387 3387 3358 3352 -1 -1 -1 3330 3333 3355 3384 3373 3402 3407 3406 3418 3415 3413 3397 3370 3359 3352 3381 3364 3371 3382 3372 3361 3365 3374 3381 3410 3389 3373 3360 3360 3365 3351 3350 3336 3345 3363 3363 3352 3344 3334 3313 3319 3319
3377 3384 3395 3389 3400 3408 3409 3410 3412 3417 3413 3424 3421 3418 3388 3382 3382 3415 3400 3400 3424 3427 3427 3429 3433 3436 3462 3462 3469 3487 3492 3458 3430 3459 3407 3426 3417 -1 3399 3399 3370 -1 3366 3389 3386 3389 3395 3358 3363 3361 -1 -1 -1 -1 3329 3322 3358 3373 3373 3391 3380 3396 3397 3407 3404 3413 3386 3368 3341 3357 3381 3367 3371 3382 3378 3382 3365 3374 3360 3402 3373 3373 3354 3349 3347 3346 3358 3358 3372 3372 3343 3334 3320 3308 3297 3311
3374 3378 3390 3376 3387 3400 3409 3402 3412 3408 3411 3413 3418 3399 3377 3372 3384 3391 3415 3400 3395 3395 3427 3432 3436 3432 3449 3465 3477 3492 3487 3458 3424 3418 3418 3425 3406 3400 3403 3395 -1 3357 3366 3378 3366 3384 3358 3366 3362 3362 -1 -1 -1 -1 3325 3341 3345 3357 3359 3389 3388 3385 3389 3394 3396 3411 3402 3391 3368 3357 3364 3370 3359 3378 3382 3385 3385 3406 3406 3402 3391 3352 3352 3349 3354 3354 3362 3366 3410 3364 3363 3343 3320 3308 3288 3287
3383 3391 3384 3372 3376 3363 3378 3383 3402 3408 3411 3417 3417 3399 3365 3359 3362 3401 3401 3404 3398 3398 3416 3427 3432 3436 3433 3451 3454 3477 3481 3448 3422 3422 3426 3426 3401 3403 3411 3380 3361 3356 3371 3402 3373 3373 3366 3350 3337 -1 -1 -1 -1 3317 3326 3329 3340 3345 3359 3376 3391 3386 3377 3385 3394 3384 3411 3424 3424 3377 3363 3367 3363 3362 3358 3360 3377 3377 3377 3396 3396 3373 3372 3372 3358 3362 3363 3410 3371 3348 3333 3333 3333 3316 3292 3288
3383 3376 3385 3373 3372 3377 3402 3402 3393 3393 3382 3388 3388 3388 3353 3335 3326 3355 3386 3390 3393 3399 3405 3416 3421 3433 3433 3451 3451 3463 3466 3463 3432 3403 3400 3400 3400 3411 3384 3382 3356 3371 3402 3403 3374 3393 3372 3349 -1 -1 -1 -1 -1 3316 3319 3329 3330 3351 3359 3366 3379 3391 3386 3374 3384 3383 3382 3382 3407 3413 3395 3378 3363 3362 3366 3358 3348 3348 3348 3367 3367 3343 3352 3343 3329 3363 3399 3371 3352 3342 3324 3324 3316 3302 3302 3292
3369 3354 3375 3369 3372 3358 3350 3373 3373 3380 3369 3364 3334 3353 3335 3330 3326 3336 3372 3374 3399 3403 3403 3417 3416 3419 3423 3433 3455 3472 3463 3419 3403 3403 3400 3387 3419 3404 3400 3382 3382 3373 3402 3400 3393 3375 3371 3357 -1 -1 -1 -1 -1 3308 3319 3338 3342 3342 3350 3358 3373 3379 3380 3375 3373 3412 3383 3390 3396 3407 3402 3395 3378 3366 3357 3353 3341 3341 3338 3347 3347 3352 3351 3345 3329 3381 3388 3351 3328 3319 3315 3315 3288 3288 3290 3290
3339 3345 3354 3342 3369 3340 3347 3349 3373 3362 3351 3344 3334 3331 3331 3330 3320 3347 3347 3370 3374 3399 3416 3414 3414 3437 3437 3447 3441 3452 3472 3443 3416 3416 3409 3416 3419 3408 3403 3382 3371 3373 3400 3392 3389 3389 3361 3346 3328 -1 -1 -1 -1 3308 3309 3338 3339 3338 3341 3341 3358 3373 3362 3369 3371 3412 3401 3383 3378 3365 3365 3391 3384 3363 3357 3347 3353 3329 3340 3340 3329 3340 3340 3351 3370 3380 3351 3351 3328 3306 3305 3286 3286 3286 3268 -1
3327 3327 3327 3326 3315 3310 3322 3321 3349 3338 3344 3333 3331 3331 3331 3360 3381 3380 3350 3370 3396 3411 3411 3416 3402 3403 3437 3436 3447 3447 3443 3444 3443 3409 3382 3416 3418 3418 3390 3387 3382 3389 3401 3401 3372 3360 3341 3328 -1 -1 -1 3296 3308 3309 3309 3331 3338 3339 3338 3328 3344 3361 3362 3357 3358 3363 3370 3355 3342 3342 3355 3369 3369 3363 3334 3347 3353 3327 3327 3319 3353 3341 3341 3370 3380 3374 3350 3333 3327 3316 3305 3287 -1 -1 -1 -1
3298 3298 3298 3287 3281 3305 3304 3294 3320 3320 3322 3332 3337 3337 3326 3360 3360 3369 3370 3370 3390 3395 3400 3402 3405 3408 3408 3426 3436 3447 3443 3418 3419 3409 3380 3401 3407 3396 3376 3357 3371 3372 3372 3391 3355 3341 3360 3331 3328 -1 -1 3309 3310 3314 3327 3331 3337 3338 3328 3331 3317 3346 3361 3352 3357 3363 3370 3354 3343 3340 3340 3344 3361 3352 3334 3338 3327 3331 3346 3327 3335 3353 3378 3383 3374 3355 3350 3327 3326 3313 3316 3305 3280 -1 -1 -1
3268 3244 3269 3269 3258 3271 3287 3282 3291 3293 3304 3322 3322 3348 3337 3353 3358 3358 3369 3384 3390 3392 3392 3395 3395 3395 3408 3418 3418 3420 3449 3433 3413 3408 3374 3374 3378 3407 3376 3353 3362 3374 3391 3376 3338 3331 3349 3337 3326 -1 -1 -1 3309 3309 3314 3327 3328 3337 3343 3330 3330 3332 3346 3346 3352 3359 3354 3339 3343 3317 3345 3347 3355 3361 3337 3337 3337 3337 3337 3346 3354 3378 3383 3368 3355 3340 3324 3326 3297 3313 3334 3305 3288 3275 -1 -1
3219 3236 3232 3222 3228 3258 3253 3264 3264 3282 3293 3304 3314 3333 3348 3353 3353 3347 3366 3366 3384 3386 3381 3385 3387 3394 3407 3414 3418 3420 3449 3423 3413 3398 3398 3352 3378 3366 3353 3354 3374 3393 3378 3376 3328 3321 3331 3338 -1 -1 -1 -1 3298 3306 3307 3309 3322 3326 3330 3342 3332 3328 3335 3335 3350 3350 3341 3339 3315 3317 3345 3326 3348 3374 3342 3342 3342 3341 3349 3349 3367 3372 3357 3328 3326 3324 3326 3317 3317 3314 3334 3312 3287 -1 3275 -1
3247 3236 3232 3235 3228 3229 3229 3235 3235 3204 3187 3275 3274 3300 3324 3353 3343 3361 3366 3369 3386 3378 3385 3387 3387 3397 3390 3407 3418 3416 3434 3420 3413 3402 3370 3345 3341 3338 3338 3353 3362 3392 3377 3347 3361 3329 3350 3323 3323 3332 -1 -1 -1 3306 3305 3300 3309 3321 3325 3320 3319 3328 3335 3317 3324 3325 3325 3333 3333 3338 3320 3317 3342 3371 3374 3347 3347 3341 3354 3356 3354 3357 3328 3321 3324 3295 3346 3346 3317 3314 3316 3290 3312 3283 3283 3283
3254 3237 3237 3251 3223 3229 3224 3235 3213 3204 3195 3193 3275 3300 3324 3341 3354 3361 3366 3383 3383 3378 3386 3387 3395 3395 3397 3407 3416 3418 3445 3418 3409 3401 3370 3340 3312 3309 3338 3350 3362 3377 3382 3362 3350 3330 3350 3351 -1 3331 3331 -1 -1 3299 3299 3299 3317 3317 3306 3294 3294 3308 3335 3324 3332 3317 3332 3304 3309 3320 3338 3342 3343 3389 3371 3363 3357 3357 3354 3342 3344 3332 3328 3320 3324 3317 3317 3324 3325 3324 3316 3303 3302 3301 3299 3287
3254 3253 3256 3251 3224 3213 3218 3213 3193 3195 3217 3246 3246 3290 3307 3354 3357 3361 3363 3368 3372 3377 3377 3386 3392 3397 3400 3407 3440 3445 3450 3391 3397 3396 3371 3341 3334 3338 3351 3346 3351 3392 3362 3362 3351 3337 3351 3330 3340 3331 3321 -1 -1 -1 3299 3288 3277 3289 3288 3288 3302 3274 3308 3306 3306 3333 3304 3332 3321 3336 3324 3343 3358 3360 3389 3363 3357 3346 3352 3344 3342 3344 3331 3332 3330 3338 3338 3340 3340 3324 3322 3302 3302 3292 3298 3288
3274 3253 3242 3256 3215 3213 3207 3202 3189 3217 3224 3241 3270 3274 3281 3334 3357 3360 3369 3363 3368 3367 3367 3368 3375 3392 3397 3400 3425 3440 3450 3426 3396 3371 3370 3366 3340 3350 3355 3355 3392 3355 3363 3362 3355 3380 3357 -1 3322 3322 3320 3302 -1 -1 3258 3308 3276 3272 3278 3288 3291 3302 3297 3296 3295 3331 3302 3303 3303 3326 3336 3358 3360 3378 3363 3381 3357 3352 3346 3330 3345 3351 3351 3332 3331 3344 3344 3340 3320 3321 3313 3309 3307 3307 3307 3311
3286 3273 3261 3232 3211 3212 3206 3217 3211 3211 3223 3246 3261 3285 3300 3332 3334 3338 3359 3368 3357 3365 3359 3359 3368 3373 3398 3409 3411 3421 3421 3426 3397 3385 3380 3366 3373 3374 3355 3381 3363 3363 3361 3362 3355 3380 3357 3328 3333 3310 3311 3309 -1 -1 3276 3276 3308 3286 3295 3295 3296 3292 3296 3283 3302 3316 3331 3334 3302 3307 3326 3360 3363 3367 3381 3352 3352 3324 3330 3323 3323 3322 3322 3322 3321 3321 3340 3320 3311 3295 3296 3296 3307 3318 3329 3329
3286 3273 3261 3234 3223 3216 3211 3222 3217 3213 3246 3261 3285 3279 3323 3332 3354 3354 3346 3359 3358 3352 3365 3362 3357 3372 3397 3397 3409 3416 3421 3420 3397 3393 3393 3396 3380 3373 3373 3363 3370 3361 3361 3370 3370 3356 3346 3320 3333 3313 3296 3310 -1 3258 3265 3307 3307 3297 3299 3309 3308 3298 3292 3290 3315 3304 3309 3334 3337 3316 3326 3350 3363 3334 3330 3352 3324 3323 3323 3296 3294 3294 3307 3293 3311 3311 3282 3311 3291 3272 3273 3290 3290 3300 3300 3333
3292 3292 3251 3239 3223 3216 3222 3222 3224 3235 3237 3256 3274 3315 3323 3301 3338 3338 3345 3346 3348 3358 3352 3354 3362 3386 3372 3387 3393 3395 3410 3420 3425 3396 3395 3385 3380 3375 3370 3369 3361 3361 3380 3380 3355 3345 3343 3331 3324 3313 3284 3296 3279 3245 3278 3278 3310 3310 3294 3294 3278 3278 3290 3305 3305 3305 3314 3323 3323 3337 3350 3362 3333 3328 3317 3311 3294 3294 3294 3265 3266 3260 3294 3256 3275 3282 3282 3291 3280 3269 3269 3262 3271 3271 3300 3295
3307 3295 3263 3239 3239 3220 3202 3209 3222 3227 3239 3263 3266 3294 3315 3312 3321 3338 3335 3345 3338 3339 3347 3343 3351 3372 3386 3376 3393 3392 3392 3399 3425 3403 3391 3423 3434 3419 3388 3388 3378 3379 3374 3351 3351 3343 3335 3340 3309 3284 3285 3282 -1 3253 3260 3255 3276 3276 3265 3274 3283 3276 3285 3309 3309 3307 3307 3306 3323 3326 3356 3333 3362 3322 3311 3311 3319 3318 3296 3290 3280 3266 3260 3256 3256 3258 3264 3262 3258 3257 3235 3237 3242 3271 3290 3266
3307 3281 3263 3249 3231 3205 3204 3196 3193 3227 3228 3228 3232 3283 3294 3304 3301 3321 3327 3335 3334 3338 3339 3336 3357 3372 3375 3364 3364 3379 3392 3396 3396 3403 3405 3376 3434 3390 3408 3390 3390 3374 3345 3360 3351 3332 3340 3329 3311 3309 3300 3283 3282 3271 3255 3269 3273 3276 3274 3276 3276 3282 3277 3286 3315 3315 3311 3312 3315 3321 3334 3355 3337 3337 3340 3319 3337 3325 3332 3319 3301 3280 3272 3264 3263 3248 3251 3272 3246 3246 3239 3224 3231 3261 3290 3263
3285 3284 3263 3260 3231 3231 3220 3203 3199 3199 3227 3232 3244 3321 3293 3290 3286 3310 3315 3316 3324 3327 3328 3354 3353 3357 3357 3366 3364 3380 3363 3380 3380 3385 3403 3405 3390 3382 3387 3387 3372 3353 3360 3354 3344 3345 3345 3326 3311 3311 3284 3282 3283 3258 3272 3268 3273 3275 3274 3300 3276 3276 3273 3286 3305 3305 3310 3322 3322 3343 3347 3347 3345 3340 3341 3341 3337 3325 3331 3321 3319 3281 3272 3264 3263 3248 3240 3273 3251 3222 3239 3231 -1 3234 3252 3239
3286 3284 3265 3260 3231 3235 3206 3201 3203 3210 3216 3226 3239 3321 3306 3265 3257 3292 3298 3315 3313 3314 3341 3341 3332 3323 3330 3346 3366 3350 3379 3369 3367 3374 3403 3374 3382 3390 3372 3372 3358 3372 3343 3333 3354 3344 3336 3329 3306 3309 3328 3271 3269 3273 3275 3280 3304 3310 3300 3277 3277 3273 3294 3286 3297 3277 3309 3310 3323 3336 3343 3331 3331 3325 3312 3312 3312 3312 3312 3310 3309 3287 3304 3278 3249 3241 3239 3251 3253 -1 -1 -1 -1 -1 3226 3234
3291 3286 3281 3265 3242 3232 3230 3229 3203 3214 3210 3239 3239 3310 3295 3291 3254 3245 3264 3301 3304 3314 3320 3324 3350 3350 3339 3336 3347 3349 3349 3349 3358 3367 3380 3380 3389 3363 3370 3362 3396 3367 3356 3333 3348 3338 3337 3312 3329 3328 3307 -1 3266 3269 3284 3304 3311 3303 3278 3298 3298 3302 3294 3275 3286 3297 3297 3314 3326 3336 3317 3316 3302 3292 3283 3291 3291 3283 3284 3285 3310 3309 3307 3304 3278 3246 3246 3247 3253 -1 -1 -1 -1 -1 -1 3225
3275 3281 3271 3271 3261 3261 3230 3229 3210 3224 3234 3253 3292 3292 3299 3291 3262 3264 3240 3286 3287 3293 3295 3309 3320 3321 3326 3329 3347 3333 3343 3351 3357 3363 3363 3379 3389 3373 3380 3370 3396 3367 3375 3348 3338 3338 3321 3311 3318 3317 3307 3266 3251 3269 3287 3284 3303 3286 3287 3286 3302 3273 3302 3300 3291 3312 3301 3326 3314 3330 3303 3303 3283 3273 3269 3276 3268 3258 3262 3276 3276 3278 3307 3323 3293 3275 3271 3246 3247 3238 -1 -1 -1 -1 3223 3226
3291 3295 3275 3279 3261 3290 3242 3238 3238 3234 3253 3255 3292 3277 3288 3280 3262 3262 3269 3250 3271 3290 3289 3291 3317 3320 3326 3329 3338 3322 3351 3352 3356 3358 3357 3378 3371 3384 3391 3362 3349 3346 3367 3375 3338 3332 3321 3310 3316 3307 3306 3296 3278 3277 3270 3287 3286 3274 3257 3264 3267 3264 3271 3302 3312 3296 3315 3317 3317 3330 3301 3289 3289 3261 3268 3276 3264 3258 3229 3243 3276 3263 3283 3323 3294 3275 3275 3239 3238 -1 -1 -1 -1 -1 3223 -1
3299 3275 3295 3292 3290 3283 3257 3248 3257 3277 3270 3281 3256 3252 3274 3277 3262 3262 3250 3242 3271 3284 3289 3289 3317 3317 3317 3332 3338 3351 3351 3340 3351 3356 3357 3353 3382 3361 3384 3391 3362 3387 3346 3356 3338 3324 3332 3312 3316 3308 3296 3285 3278 3277 3269 3269 3256 3263 3257 3262 3267 3276 3275 3272 3297 3313 3315 3312 3341 3312 3283 3272 3264 3260 3261 3276 3264 3241 3241 3233 3243 3263 3283 3295 3294 3294 3280 3268 -1 -1 -1 -1 -1 -1 -1 -1
3299 3298 3298 3306 3292 3283 3306 3288 3277 3277 3259 3263 3263 3256 3274 3262 3233 3242 3232 3234 3255 3256 3284 3283 3288 3305 3305 3323 3332 3334 3335 3338 3337 3353 3353 3351 3382 3382 3360 3352 3373 3387 3344 3342 3342 3338 3324 3312 3321 3312 3308 3291 3278 3278 3277 3277 3260 3256 3253 3262 3276 3283 3283 3285 3285 3313 3314 3313 3341 3312 3291 3264 3270 3256 3253 3275 3256 3239 3239 3228 3233 3249 3264 3283 3295 3289 3280 3275 -1 -1 -1 -1 -1 -1 -1 -1
3270 3277 3277 3306 3309 3309 3280 3306 3295 3281 3268 3268 3263 3260 3251 3248 3264 3242 3232 3227 3230 3240 3278 3279 3278 3288 3296 3323 3309 3325 3334 3327 3327 3327 3331 3351 3361 3411 3352 3359 3376 3368 3347 3347 3329 3329 3345 3330 3321 3312 3319 3291 3290 3278 3254 3266 3265 3260 3265 3266 3268 3276 3274 3294 3285 3314 3324 3331 3342 3291 3283 3257 3270 3248 3253 3256 3253 3234 3224 3224 3226 3233 3260 3263 3261 3269 3289 3275 3246 -1 -1 -1 -1 -1 -1 -1
3243 3254 3277 3277 3251 3280 3286 3286 3295 3295 3281 3279 3268 3260 3253 3264 3248 3243 3232 3232 3233 3230 3248 3249 3278 3273 3288 3296 3296 3300 3325 3323 3326 3329 3331 3340 3361 3411 3359 3365 3368 3358 3344 3344 3373 3373 3345 3330 3326 3326 3296 3319 3312 3282 3278 3263 3269 3265 3267 3266 3272 3268 3274 3273 3294 3324 3334 3341 3311 3301 3283 3270 3249 3242 3248 3277 3241 3236 3234 3224 3212 3260 3231 3261 3261 3266 3266 3295 3266 3235 -1 -1 -1 -1 -1 -1
3233 3243 3254 3260 3277 3262 3283 3283 3282 3282 3308 3270 3279 3254 3265 3281 3263 3258 3235 3234 3234 3233 3244 3249 3251 3259 3267 3267 3279 3296 3309 3316 3326 3325 3329 3337 3352 3363 3364 3357 3358 3363 3363 3362 3328 3328 3326 3326 3355 3355 3322 3321 3313 3312 3260 3260 3263 3269 3267 3272 3325 3296 3296 3273 3283 3307 3334 3330 3322 3272 3272 3268 3265 3249 3277 3259 3242 3245 3236 3230 3224 3231 3213 3232 3261 3239 3239 3295 3293 3264 3237 -1 -1 -1 -1 -1
3251 3233 3231 3231 3237 3246 3262 3257 3271 3279 3288 3308 3259 3265 3262 3292 3263 3263 3245 3249 3249 3256 3238 3249 3256 3252 3250 3262 3272 3295 3296 3309 3316 3308 3325 3326 3337 3363 3386 3364 3352 3338 3334 3333 3351 3341 3342 3326 3322 3351 3332 3321 3312 3319 3287 3287 3258 3256 3262 3267 3279 3325 3296 3278 3301 3307 3330 3322 3292 3275 3266 3268 3265 3251 3266 3249 3259 3249 3245 3238 3230 3212 3225 3235 -1 -1 -1 3266 3293 3264 3264 -1 -1 -1 -1 -1
