output/arrival.asc
NCOLS 638
NROWS 825
XLLCORNER -2985163.8955
YLLCORNER -3022031.214
CELLSIZE 10000
NODATA_value -1
[rows 220 to 274 of 825, columns 288 to 383 of 638]
3480 3480 3492 3483 3483 3488 3500 3508 3491 3497 3481 3479 3470 3470 3479 3483 3465 3464 3453 3441 3422 3421 3421 3417 3416 3398 3396 3389 3390 3391 3400 3380 -1 -1 3376 3382 3394 3410 3410 3418 3408 3389 3376 -1 -1 3347 3354 3368 3367 -1 -1 3396 3393 -1 -1 -1 -1 -1 -1 -1 -1 -1 3353 3349 -1 -1 -1 3370 3374 -1 -1 -1 3418 3419 3400 3372 -1 -1 -1 -1 -1 -1 -1 3358 3327 3344 3344 3348 -1 -1 -1 3347 3358 3357 3353 3356
3480 3479 3478 3480 3476 3486 3492 3500 3479 3491 3480 3467 3459 3461 3461 3465 3464 3460 3460 3441 3421 3422 3428 3414 3416 3397 3389 3396 -1 -1 3392 3379 -1 -1 -1 3395 3404 3423 3423 3407 3407 3393 3382 3363 -1 -1 -1 -1 -1 -1 3393 3393 3393 3364 -1 -1 -1 3363 -1 -1 -1 -1 -1 -1 -1 -1 3391 3370 3378 3404 3405 3390 3404 3400 3420 3391 3362 -1 -1 -1 -1 -1 -1 -1 -1 -1 -1 -1 -1 -1 -1 3362 3347 -1 -1 3353
3479 3478 3478 3477 3476 3485 3487 3491 3506 3480 3477 3467 3456 3459 3458 3463 3460 3449 3448 3429 3421 3427 3417 3414 3426 3397 -1 3397 -1 -1 3391 -1 -1 -1 3369 3394 3404 3399 3399 3378 3384 3383 3393 3383 3364 -1 -1 -1 -1 3364 3379 -1 -1 -1 -1 -1 3397 -1 -1 -1 -1 -1 -1 -1 -1 -1 3392 3372 3386 3407 3419 3404 3380 3385 3440 3440 3391 3393 -1 -1 -1 -1 -1 3344 -1 -1 3345 -1 -1 -1 3347 3348 3362 -1 -1 -1
3474 3471 3471 3476 3476 3476 3485 3483 3507 3477 3466 3461 3456 3458 3453 3460 3461 3432 3432 3429 3413 3408 3418 3417 3414 3426 3397 3393 -1 -1 3376 -1 -1 -1 3381 3385 3396 -1 3370 -1 -1 -1 3373 3373 3363 3363 -1 -1 -1 3354 3379 -1 -1 -1 -1 -1 3397 -1 -1 -1 -1 -1 -1 -1 -1 3366 3370 -1 3386 3407 3419 3409 3382 3386 3429 3401 3391 3393 -1 -1 -1 -1 -1 3344 -1 -1 -1 -1 -1 -1 3363 3362 3363 3362 3329 -1
3466 3469 3469 3473 3476 3476 3483 3484 3494 3476 3461 3456 3456 3454 3454 3453 3460 3440 3424 3423 3419 3393 3408 3417 3397 3414 3397 3393 -1 3398 -1 -1 -1 3375 3382 3396 3407 3381 3369 3370 -1 -1 -1 -1 -1 -1 -1 -1 -1 3354 3354 -1 -1 -1 -1 -1 3372 -1 -1 -1 -1 -1 -1 -1 -1 3370 3390 -1 3370 3402 3409 3382 -1 3384 3411 3411 3372 3364 3366 -1 -1 -1 3338 3356 -1 -1 -1 3356 3357 -1 3338 3366 3366 3364 3335 -1
3466 3463 3469 3474 3476 3483 3490 3490 3494 3465 3461 3460 3442 3453 3454 3429 3426 3440 3430 3419 3414 3405 3405 3399 3399 3403 3422 3422 3424 3424 3424 3398 3376 3382 3404 3414 3406 3380 3359 -1 -1 -1 -1 -1 -1 -1 -1 -1 -1 -1 3355 -1 -1 -1 -1 -1 -1 -1 -1 -1 -1 -1 -1 -1 -1 3367 3390 3394 -1 -1 3402 3380 -1 3395 3411 3424 3415 3386 -1 3425 -1 -1 3367 -1 -1 -1 -1 -1 -1 3336 3352 3372 3372 3364 3359 -1
3460 3463 3469 3468 3475 3479 3480 3478 3478 3465 3446 3460 3437 3441 3429 3428 3429 3429 3411 3414 3412 3403 3406 3420 3403 3403 3437 3437 3451 3457 3432 3427 3407 3425 3425 3404 3396 3377 3368 -1 -1 -1 -1 -1 -1 -1 -1 -1 -1 -1 3355 3354 -1 -1 -1 -1 3359 -1 -1 -1 -1 -1 -1 -1 -1 -1 -1 3384 3394 3387 3416 3380 3361 3395 3424 3432 3415 3386 3396 3425 3396 3367 3367 -1 -1 -1 3362 3338 -1 -1 -1 3356 3385 3381 3359 -1
3463 3463 3469 3468 3479 3484 3500 3480 3465 3461 3436 3446 3426 3437 3431 3423 3423 3414 3402 3412 3412 3383 3403 3406 3420 3404 3410 3422 3451 3447 3458 3461 3454 3454 3404 3403 3370 3367 3378 -1 -1 -1 -1 -1 -1 -1 -1 -1 -1 -1 -1 -1 -1 -1 -1 -1 -1 -1 -1 -1 -1 -1 -1 -1 -1 -1 3378 3384 3387 3387 3416 3409 3395 3367 3403 3432 3403 3374 -1 -1 -1 3396 3385 -1 -1 -1 3361 -1 -1 -1 -1 3356 3385 3381 3352 -1
3462 3463 3464 3469 3479 3500 3484 3476 3460 3459 3433 3430 3422 3431 3424 3423 3396 3415 3391 3412 3417 3401 3392 3403 3415 3414 3410 3425 3410 3435 3447 3461 3432 3425 3403 3373 3369 3359 3366 -1 -1 -1 -1 -1 -1 -1 -1 -1 -1 -1 -1 -1 -1 -1 -1 -1 3383 -1 3372 3371 -1 3368 -1 -1 3375 -1 3398 3407 3407 -1 3385 3414 3409 3381 3396 3425 3403 3374 -1 -1 -1 3387 3385 3384 -1 -1 -1 -1 -1 -1 -1 3361 3371 3371 -1 -1
3461 3461 3461 3476 3479 3487 3483 3475 3459 3433 3420 3438 3438 3422 3408 3408 3396 3402 3402 3417 3418 3401 3405 3418 3408 3419 3425 3426 3436 3418 3429 3432 3414 3403 3386 3369 -1 3370 3379 3365 -1 -1 -1 -1 -1 -1 -1 -1 -1 -1 -1 -1 -1 -1 -1 -1 -1 -1 -1 -1 3387 -1 -1 -1 3376 3398 3403 3406 3394 -1 3385 3414 3356 3381 3396 3425 3377 -1 -1 -1 -1 3358 3387 3364 -1 -1 -1 3336 3336 3344 3344 3360 3360 3352 3352 3344
3456 3457 3466 3476 3487 3494 3483 3468 3456 3430 3427 3435 3435 3408 3400 3401 3401 3413 3413 3415 3418 3405 3418 3418 3424 3437 3448 3448 3426 3405 3419 3428 3414 3380 3379 3369 -1 3370 3379 3360 -1 -1 -1 -1 -1 -1 -1 -1 -1 -1 -1 3363 -1 3379 -1 -1 -1 -1 3386 -1 3387 3374 3373 -1 3376 3403 3386 3406 -1 -1 3355 3385 3374 3404 3386 3386 3391 3377 -1 -1 -1 3363 3377 3363 -1 -1 -1 -1 3338 3357 3360 3331 -1 3366 3395 3373
3462 3466 3477 3483 3484 3495 3467 3456 3447 3427 3410 3417 3417 3401 3407 3400 3410 3410 3419 3415 3419 3407 3406 3419 3437 3424 3443 3419 3419 3415 3419 3421 3395 3385 3389 3389 3387 3356 3359 -1 -1 -1 -1 -1 -1 -1 -1 -1 -1 -1 -1 -1 -1 -1 -1 -1 -1 -1 3386 -1 -1 -1 -1 -1 -1 3387 3386 3392 3372 3353 3361 3396 3375 3375 3404 3383 3391 3362 -1 -1 3349 3378 3347 3367 3347 -1 -1 3337 3357 -1 -1 -1 -1 -1 3366 3395
3462 3467 3477 3483 3484 3481 3466 3460 3447 3418 3398 3413 3428 3400 3400 -1 3423 3419 3420 3434 3423 3420 3420 3423 3423 3429 3443 3435 3406 3415 3421 3423 3414 3380 3407 3416 3389 3360 3366 -1 -1 -1 -1 -1 -1 -1 -1 -1 -1 -1 -1 -1 -1 -1 -1 -1 -1 -1 3360 3388 -1 -1 -1 -1 -1 3387 3375 3389 3392 3360 3396 3367 3362 3362 3393 3383 3396 3389 3366 3365 -1 -1 -1 -1 3347 3325 -1 3328 -1 -1 -1 -1 -1 -1 -1 3337
3478 3467 3477 3481 3481 3466 3459 3442 3429 3399 3391 3413 3428 3399 3391 -1 3420 3423 3434 3443 3444 3441 3432 3423 3400 3423 3429 3435 3406 3406 3416 3423 3414 3407 3416 3412 3389 3365 3376 3366 -1 -1 -1 -1 -1 -1 -1 -1 -1 -1 -1 -1 -1 -1 -1 -1 -1 -1 -1 3396 3387 -1 -1 3372 -1 3404 3404 3409 3389 -1 3367 3367 3362 3391 3391 3375 3389 3397 3367 3365 3336 -1 3328 -1 -1 -1 -1 -1 -1 -1 -1 -1 -1 -1 -1 -1
3484 3477 3480 3468 3468 3455 3447 3442 3423 3414 3399 3403 3403 3399 -1 -1 3412 3420 3425 3435 3445 3444 3441 3431 3401 3394 -1 3386 3386 3397 3395 3416 3403 3393 3416 3412 3393 3379 3359 3376 -1 -1 -1 -1 -1 -1 -1 -1 -1 -1 -1 -1 -1 -1 -1 -1 -1 -1 3366 3397 -1 -1 -1 3401 3401 3410 3409 3402 3402 -1 -1 -1 -1 3403 3403 3374 3374 3384 3367 3394 3394 3359 -1 -1 -1 -1 -1 -1 -1 -1 -1 -1 -1 -1 -1 -1
3480 3483 3482 3453 3454 3447 3442 3427 3414 3417 3410 3410 3404 3399 -1 -1 3395 3412 3425 3434 3448 3445 3444 3421 -1 -1 -1 -1 -1 -1 3405 3451 3422 3422 3417 3404 3415 3393 3386 3362 -1 -1 -1 -1 -1 -1 -1 -1 -1 -1 -1 -1 -1 -1 -1 -1 -1 -1 -1 -1 -1 -1 -1 3394 3410 3399 3381 3380 3374 3374 3357 -1 -1 3374 3396 3374 3355 3355 3384 3365 -1 3335 3358 -1 -1 -1 -1 -1 -1 -1 -1 -1 3323 3351 -1 -1
3466 3490 3482 3468 3453 3437 3453 3427 3428 3428 3416 3403 3401 -1 3385 -1 -1 -1 3421 3421 3443 3448 3421 3421 -1 -1 -1 3425 3428 3428 3428 3451 3433 3404 3404 3394 3437 3415 -1 -1 -1 -1 -1 -1 -1 -1 -1 -1 -1 -1 -1 -1 -1 -1 -1 -1 -1 -1 -1 3333 -1 -1 -1 -1 3414 3403 3381 3381 3359 3361 3361 -1 -1 3358 3374 3396 3367 -1 3360 3341 -1 -1 -1 3325 3349 3349 -1 3348 -1 -1 -1 -1 3322 3380 3351 3321
3466 3467 3490 3482 3468 3454 3437 3453 3447 3429 3415 3402 3401 3385 -1 -1 -1 -1 3395 3423 3443 3444 3444 3415 -1 -1 -1 3428 3434 3434 3428 3457 3457 3433 3412 3410 3417 3437 3388 -1 -1 -1 -1 -1 -1 -1 -1 -1 -1 -1 -1 -1 -1 -1 -1 -1 -1 -1 -1 -1 -1 -1 -1 -1 3385 3414 3403 3388 3369 3359 3348 3349 -1 3363 3367 3392 3368 3367 3380 3360 3340 -1 -1 -1 -1 3333 -1 3364 3348 -1 3331 3331 -1 3351 3380 3341
3474 3474 3496 3496 3466 3454 3431 3431 3447 3421 3420 3403 -1 -1 3387 -1 -1 3394 3394 3414 3423 3415 -1 -1 -1 -1 3419 3419 3426 3451 3455 3451 3446 3446 3444 3414 3408 3417 3408 -1 -1 -1 -1 -1 -1 -1 -1 -1 -1 -1 -1 -1 -1 -1 -1 -1 -1 -1 -1 -1 3395 -1 -1 -1 -1 3375 3369 3369 3388 3340 3340 -1 3349 3363 3392 3397 3368 3357 3380 3409 3380 -1 -1 -1 -1 -1 -1 -1 3364 3360 3331 3343 -1 -1 3346 3328
3488 3488 3501 3497 3466 3455 3424 3444 3443 3428 3417 3399 3394 3388 -1 -1 -1 3389 3394 3408 3407 -1 -1 -1 -1 -1 -1 -1 -1 3455 3451 3446 3451 3444 3448 3429 3400 3408 3398 -1 -1 -1 -1 -1 -1 -1 -1 -1 -1 -1 -1 -1 -1 -1 -1 -1 -1 -1 -1 -1 -1 -1 -1 -1 -1 -1 -1 3375 3398 3369 3369 -1 3349 3378 -1 3397 3368 3351 3356 3365 3409 -1 -1 -1 -1 -1 -1 -1 -1 -1 3360 3343 -1 -1 -1 -1
3481 3491 3501 3496 3466 3458 3432 3448 3448 3436 3428 -1 -1 -1 -1 -1 -1 3383 3383 3395 -1 -1 -1 -1 -1 -1 -1 -1 3442 3442 3445 3419 3445 3445 3448 3469 3429 3414 3409 3380 3370 -1 -1 -1 -1 -1 -1 -1 -1 -1 -1 -1 -1 -1 -1 -1 -1 -1 -1 -1 -1 -1 -1 -1 -1 -1 3375 3400 3398 3369 -1 -1 -1 3378 -1 3353 3352 3356 3344 3350 3376 3353 -1 -1 -1 -1 -1 -1 -1 -1 3343 3344 -1 -1 -1 -1
3476 3491 3500 3482 3459 3448 3445 3470 3467 3459 3441 3410 -1 3403 -1 -1 -1 -1 -1 -1 -1 -1 -1 -1 -1 -1 3420 3420 3413 3434 3435 3419 3426 3427 3438 3438 3468 3438 3414 3403 3384 -1 -1 -1 -1 -1 -1 -1 -1 -1 -1 -1 -1 -1 -1 -1 -1 -1 -1 -1 -1 -1 -1 -1 -1 -1 3400 3371 3380 -1 3365 -1 3351 3326 3326 3337 3362 3361 3361 3363 3363 3376 3353 3333 3332 -1 -1 -1 -1 -1 -1 -1 -1 -1 -1 -1
3484 3484 3500 3487 3481 3460 3470 3470 3484 3465 3458 3440 3410 3410 3403 -1 -1 -1 3395 -1 3386 -1 -1 -1 -1 3420 3420 -1 -1 3411 3418 3418 3425 3438 3436 3416 3438 3438 3432 3403 3374 3374 3367 3374 3374 -1 -1 -1 -1 -1 -1 -1 -1 -1 -1 -1 -1 -1 -1 -1 3373 3380 -1 -1 -1 -1 3388 3380 3352 -1 3365 -1 3351 3322 3336 3353 3362 3362 3361 3352 3351 3356 3347 -1 -1 -1 -1 3326 -1 -1 -1 -1 -1 -1 -1 -1
3470 3474 3474 3487 3493 3493 3499 3489 3484 3465 3460 3444 3428 3411 3405 -1 -1 -1 3399 3401 3386 -1 -1 -1 -1 3391 3391 -1 3425 3445 3438 3409 3425 3425 3430 3424 3438 3432 3416 3403 3374 3369 3368 -1 3371 3357 -1 -1 -1 -1 -1 -1 -1 -1 -1 -1 -1 -1 -1 -1 3373 3379 -1 -1 -1 -1 3363 3388 3364 -1 3365 3350 -1 3344 3344 3353 3331 3340 3339 3339 3376 3347 3345 -1 -1 -1 -1 3345 3345 3350 3357 3342 -1 -1 -1 -1
3470 3447 3455 3463 3470 3494 3493 3499 3489 3461 3444 3429 3410 3405 3411 3398 -1 3399 3408 3402 -1 -1 -1 -1 -1 -1 -1 3420 3426 3445 3438 3426 3425 3401 3426 3430 3424 3416 3398 3398 3390 3367 3373 3375 3371 -1 -1 3361 -1 -1 -1 -1 -1 -1 -1 -1 -1 -1 -1 -1 3353 3353 -1 -1 -1 3363 3392 3366 -1 3364 3336 3350 -1 -1 -1 3319 3339 3346 3360 3339 3338 3376 3347 3344 3344 -1 -1 -1 -1 3328 3351 3357 3342 -1 -1 -1
3459 3436 3433 3455 3464 3470 3467 3480 3480 3455 3444 3439 3410 3391 3418 3398 3399 3428 3428 3408 3395 -1 -1 -1 -1 -1 3421 3448 3448 3440 3430 3408 3426 3426 3431 3426 3426 3426 3411 3399 3393 3390 3379 3372 3375 -1 -1 -1 -1 -1 -1 -1 -1 -1 -1 -1 -1 -1 -1 -1 3347 -1 -1 -1 3366 3392 3366 3348 -1 -1 -1 -1 -1 3343 -1 -1 3346 3356 3361 3357 3357 3363 3365 3356 3363 3355 3342 -1 -1 -1 -1 -1 3337 -1 -1 -1
3447 3445 3445 3444 3444 3467 3454 3467 3471 3456 3451 3439 3417 3418 3424 3427 3426 3424 3413 3395 -1 -1 -1 -1 -1 3449 3421 3433 3440 3430 3419 3412 3426 3426 3460 3431 3421 3421 3411 3399 3393 3380 3387 3360 3367 3375 -1 -1 -1 -1 -1 -1 -1 -1 -1 -1 -1 -1 -1 -1 -1 -1 -1 -1 3363 3367 -1 -1 -1 -1 -1 -1 3343 -1 -1 -1 -1 3356 3368 3367 3381 3352 3362 3356 3354 3363 3342 -1 -1 -1 -1 -1 -1 -1 -1 3319
3455 3453 3430 3446 3446 3461 3454 3454 3467 3471 3455 3451 3440 3439 3452 3453 3424 3400 3395 -1 -1 -1 -1 -1 -1 3450 3448 3433 3411 -1 3418 3412 3412 3426 3460 3450 3411 3411 3419 3385 3385 3375 3387 3361 3351 3368 3376 -1 -1 -1 -1 -1 -1 -1 -1 -1 -1 -1 -1 -1 -1 -1 -1 -1 3350 -1 -1 3331 -1 -1 -1 3355 3356 -1 -1 -1 -1 3352 3377 3381 3387 3358 3358 3363 3353 3366 3356 -1 -1 -1 -1 -1 -1 -1 -1 -1
3465 3455 3453 3446 3447 3461 3454 3438 3457 3474 3471 3447 3448 3452 3453 3442 -1 -1 3379 -1 -1 -1 -1 -1 3421 3450 -1 3418 -1 -1 3436 3432 3412 3418 3450 3431 3421 3419 3392 3392 3367 3375 3381 3377 -1 -1 -1 3345 -1 -1 -1 -1 -1 -1 -1 -1 -1 -1 -1 -1 -1 -1 -1 -1 -1 -1 -1 3331 3327 -1 -1 -1 -1 -1 -1 -1 3351 3371 3378 3385 3378 3387 3358 3364 3353 3366 3355 -1 -1 3353 3344 3344 -1 -1 -1 -1
3479 3464 3447 3435 3446 3452 3453 3437 3456 3465 3474 3470 3461 3443 3442 3414 -1 -1 -1 -1 -1 -1 -1 3421 3435 3449 3418 -1 -1 -1 3432 3436 3419 3409 3418 3426 3422 3404 3392 3376 -1 3365 3377 3381 -1 -1 -1 -1 -1 -1 -1 -1 -1 -1 -1 -1 -1 -1 -1 -1 -1 -1 -1 -1 -1 -1 -1 -1 3330 -1 -1 -1 -1 3328 -1 -1 3354 3372 3396 3390 3388 3378 3365 3365 3363 3345 3346 3344 3353 3373 3332 3341 3333 -1 -1 -1
3479 3474 3464 3447 3446 3452 3452 3437 3437 3461 3464 3461 3460 3463 3443 3447 3425 -1 -1 -1 -1 -1 3406 3435 3448 3418 -1 -1 -1 -1 3409 3435 3435 3419 3426 3426 3455 3407 3382 3364 3375 -1 3365 3366 3357 3358 -1 -1 -1 -1 -1 -1 -1 -1 -1 -1 -1 -1 -1 -1 -1 -1 -1 -1 -1 -1 -1 -1 3330 -1 -1 -1 -1 -1 3329 3347 3355 3396 3383 3388 3390 3380 3351 3359 3340 3364 3373 3373 3384 3383 3353 -1 -1 -1 -1 -1
3482 3474 3461 3453 3460 3460 3442 3441 3444 3461 3461 3457 3457 3463 3459 3459 3447 3427 -1 -1 3432 3425 3426 3437 3407 -1 -1 -1 -1 -1 3409 3406 3407 3406 3416 3444 3436 3455 3407 3393 3365 3377 3376 3378 3373 -1 -1 -1 -1 -1 -1 -1 -1 -1 -1 -1 -1 -1 -1 -1 -1 -1 -1 3340 -1 -1 -1 3321 -1 -1 -1 -1 -1 -1 3352 3355 3360 3366 3380 3380 3381 3380 3351 3340 3358 3362 3362 3344 3370 3375 3375 -1 -1 -1 -1 -1
3482 3461 3460 3453 3451 3451 3438 3444 3432 3454 3453 3440 3434 3441 3440 3459 3458 3457 3428 3398 3409 3432 3436 3445 3416 -1 -1 -1 -1 -1 3380 3406 3406 -1 -1 -1 3380 3407 3383 3396 3393 3399 3399 3378 3378 3372 -1 -1 -1 -1 -1 -1 -1 -1 -1 -1 -1 -1 -1 -1 -1 -1 -1 -1 -1 -1 -1 3332 3333 3333 -1 -1 -1 -1 3353 3354 3359 3359 3366 3377 3382 3381 3351 -1 3334 3355 3356 -1 3380 3351 3351 3322 3320 -1 -1 -1
3490 3491 3461 3426 3422 3427 3437 3418 3423 3423 3440 3411 3411 3436 3436 3454 3460 3448 3429 3408 -1 3428 3463 3445 3416 -1 -1 -1 -1 -1 3380 3387 3387 3400 3395 -1 -1 -1 3355 -1 3378 3428 3399 3407 3407 3381 3377 3377 -1 -1 -1 3353 -1 -1 -1 -1 -1 -1 -1 -1 -1 -1 -1 -1 -1 -1 -1 -1 -1 3333 -1 -1 -1 -1 3381 3384 3370 3392 3370 3377 3378 3382 3360 3346 3324 3333 3325 -1 -1 3380 3346 3351 3345 3337 -1 -1
3490 3490 3476 3447 3418 3427 3413 3413 -1 -1 3396 3411 3403 3407 -1 3448 3454 3448 3423 -1 -1 -1 3432 3462 -1 -1 -1 -1 -1 -1 3387 3387 3372 3400 3403 3410 -1 -1 -1 -1 -1 3391 3428 3410 3410 3410 3401 3401 3390 3380 3374 3369 3394 3365 -1 -1 -1 -1 -1 -1 -1 -1 -1 -1 -1 -1 -1 -1 -1 -1 -1 -1 -1 3346 3384 3381 3392 3366 3381 3372 3377 3378 3360 3346 3323 3322 3310 3322 -1 3330 3330 3348 3359 3359 3337 -1
3484 3484 3476 3447 3447 3425 3425 3418 -1 -1 3387 3396 3392 3389 3389 3425 3449 3457 3443 3412 -1 -1 -1 -1 -1 -1 -1 -1 -1 -1 3372 3401 -1 -1 -1 3403 3410 3398 3407 3389 -1 -1 3383 3410 3414 3414 3403 3404 3409 3390 3396 3394 3395 3383 3377 3363 -1 -1 -1 -1 -1 -1 -1 -1 -1 -1 -1 3335 3364 -1 -1 -1 -1 3344 3345 3368 3362 3363 3363 3372 3377 3372 3360 3343 3323 -1 -1 3325 3338 3338 3336 3337 3330 3335 3326 -1
3482 3483 3456 3442 3438 3421 3412 3418 -1 -1 -1 3386 3392 3404 3412 3418 3441 3457 3458 3442 -1 -1 -1 -1 -1 -1 -1 -1 -1 -1 -1 3401 -1 -1 -1 -1 3383 3398 3418 3417 3408 3394 -1 -1 -1 3425 3425 3423 3412 3412 3402 3396 3395 3391 3391 3376 -1 -1 -1 -1 -1 -1 -1 -1 -1 -1 -1 -1 3361 3364 -1 -1 -1 3323 3345 3350 3357 3363 3369 3368 3382 3383 3372 3360 3342 -1 -1 3325 3354 3354 3352 3352 3335 3353 3353 3331
3455 3454 3456 3442 3438 3409 3421 3411 3403 3388 -1 -1 -1 3420 3418 3441 3435 3438 3438 3458 3429 -1 -1 -1 -1 3394 3394 3393 -1 -1 -1 -1 -1 -1 -1 -1 -1 3384 3418 3417 3408 3414 3405 3405 3418 3418 3423 3398 3398 3389 3393 3413 3402 3401 3401 3392 3363 -1 -1 -1 -1 -1 -1 -1 -1 -1 -1 -1 -1 3362 -1 -1 -1 3337 3364 3363 3350 3359 3368 3369 3372 3371 3367 3359 3342 -1 -1 -1 3331 3331 3346 3345 3324 3360 3360 3345
3454 3441 3459 3443 3442 3434 3409 3403 3400 3388 -1 3382 3393 3393 3421 3423 3435 3412 3409 3429 -1 -1 -1 -1 -1 3389 3389 3392 -1 -1 -1 -1 -1 -1 -1 -1 -1 -1 -1 -1 -1 3414 3434 3434 3427 3427 3425 3425 3414 3399 3399 3393 3413 3403 3411 3392 3377 3365 -1 -1 -1 -1 -1 -1 -1 -1 -1 -1 -1 -1 -1 -1 -1 3338 3341 3349 3353 3360 3361 3362 3362 3367 3358 3358 3358 -1 -1 3308 -1 -1 -1 3318 3312 -1 3344 -1
3441 3442 3460 3471 3458 3436 3407 3401 3390 -1 -1 -1 -1 3390 3398 3423 3411 3401 -1 3395 -1 -1 -1 3379 3420 3388 3388 3388 3387 3387 3371 3372 3369 -1 -1 -1 -1 -1 -1 -1 -1 -1 -1 -1 3398 -1 -1 3396 3414 3413 3422 3422 3398 3406 3411 3411 3392 3391 3370 -1 -1 -1 -1 -1 -1 -1 -1 -1 -1 -1 -1 -1 3329 3328 3341 3343 3352 3352 3359 3361 3360 3362 3343 3343 3337 -1 3336 3326 -1 -1 -1 -1 -1 -1 -1 -1
3432 3432 3442 3471 3458 3437 3426 3406 3390 -1 -1 -1 3366 -1 3410 3409 3407 3408 -1 -1 -1 -1 -1 -1 3406 3420 3391 3386 3388 3386 3379 3375 -1 -1 -1 -1 -1 -1 -1 -1 -1 -1 -1 -1 -1 -1 -1 -1 -1 -1 3393 3393 3406 3417 3412 3411 3396 -1 3382 3382 3353 -1 -1 -1 -1 -1 -1 -1 -1 -1 -1 -1 3333 3335 3337 3343 3330 3359 3358 3358 3362 3360 3331 3337 3314 3331 3326 3335 3327 3305 -1 -1 -1 3302 -1 -1
3431 3430 3437 3437 3455 3455 3425 3395 3392 -1 -1 -1 -1 -1 3394 3399 3411 3396 3395 -1 -1 -1 -1 -1 3380 3388 3409 3391 3393 3380 3379 3390 -1 -1 -1 -1 -1 -1 -1 -1 -1 -1 -1 -1 -1 -1 -1 3379 -1 -1 -1 -1 -1 3412 3417 3396 -1 -1 -1 3353 3371 3353 3345 3341 -1 -1 -1 -1 -1 -1 -1 -1 3333 3334 3337 3344 3353 3354 3355 3354 3347 3346 3334 3331 3332 3328 3331 3316 3326 3315 -1 -1 -1 3314 -1 -1
3424 3424 3413 3437 3437 3437 3421 3404 -1 -1 -1 -1 -1 -1 3395 3396 3411 3404 -1 -1 -1 -1 -1 -1 -1 3388 3391 3392 3400 3390 3379 3390 3356 -1 -1 -1 -1 -1 -1 3332 3360 -1 -1 -1 -1 -1 -1 3388 3380 3358 -1 -1 -1 -1 3383 3383 -1 -1 -1 -1 -1 -1 -1 3344 -1 -1 -1 -1 -1 -1 -1 3326 3332 3336 3341 3343 3348 3348 3354 3366 3347 3322 3333 3321 3332 3330 3328 -1 3316 3317 -1 -1 -1 3301 3313 -1
3402 3413 3414 3441 3438 3426 3404 -1 -1 -1 -1 -1 -1 -1 -1 3395 3404 3382 -1 -1 -1 -1 -1 -1 -1 -1 3382 3382 3400 3390 3379 3374 3374 -1 -1 -1 -1 -1 -1 -1 3360 -1 -1 -1 -1 3353 3378 3388 3390 3387 3361 -1 -1 -1 -1 -1 -1 -1 -1 -1 -1 -1 -1 -1 -1 -1 -1 -1 -1 -1 -1 -1 -1 3332 3337 3341 3337 3336 3336 3336 3366 3331 3330 3315 3321 3330 3301 3308 3315 3316 3299 -1 -1 3307 3309 3303
3402 3413 3431 3441 3437 3425 3395 3371 3380 -1 -1 -1 3382 3396 -1 3386 3395 3377 -1 -1 -1 -1 -1 -1 -1 3366 3366 3382 3383 3392 -1 3369 -1 -1 -1 -1 -1 -1 -1 -1 3353 -1 -1 3346 -1 3360 3359 3378 3387 3390 3391 3360 3358 3352 -1 -1 -1 -1 -1 -1 -1 -1 -1 -1 -1 -1 -1 -1 -1 -1 -1 -1 3324 3324 3335 3337 3324 3339 3340 3339 3336 3330 3325 3335 3335 3310 3300 3330 3307 3316 3300 3300 -1 3306 3315 3309
3408 3408 3430 3415 3436 3406 3392 3380 3372 3387 -1 -1 -1 -1 3396 3386 3396 3383 -1 -1 -1 -1 -1 -1 -1 -1 3371 3371 3392 3392 3369 3353 3365 -1 -1 -1 -1 -1 -1 -1 -1 -1 -1 3359 -1 -1 3359 3364 3365 3387 3387 3390 3359 3368 3357 -1 -1 3333 -1 -1 -1 -1 -1 -1 -1 -1 -1 -1 -1 -1 -1 -1 -1 3330 3330 3334 -1 3339 3341 3342 3330 3302 3325 3336 3313 3310 3326 3327 3329 3326 3326 3301 -1 3315 3321 3312
3390 3397 3414 3426 3426 3405 3392 -1 -1 3387 -1 -1 -1 -1 -1 3395 3382 3385 -1 -1 -1 -1 -1 -1 -1 -1 -1 3363 3364 3392 3374 -1 3365 -1 -1 -1 -1 -1 -1 -1 -1 -1 -1 3359 -1 -1 -1 -1 3372 3372 3358 3360 3355 3369 3386 3391 3362 3349 3349 3335 3335 -1 -1 -1 -1 -1 -1 -1 -1 -1 -1 -1 -1 -1 3301 -1 -1 3326 3341 3341 3315 3316 3316 3335 3323 3314 3310 3336 3336 3336 3309 3314 3314 3328 3322 3311
-1 3381 3409 3415 3434 3414 -1 -1 -1 -1 -1 -1 -1 -1 -1 -1 -1 3385 -1 -1 -1 -1 -1 -1 -1 -1 -1 -1 -1 3374 3374 -1 -1 -1 -1 -1 -1 -1 -1 -1 -1 -1 -1 -1 -1 -1 -1 -1 3345 3350 -1 3340 3341 3355 3357 3386 3391 3380 3363 3357 3346 3342 3341 -1 -1 -1 -1 -1 -1 -1 -1 -1 -1 -1 -1 3310 3325 3312 3337 3337 3309 3294 3305 3316 3325 3306 3306 3351 3340 3322 3327 3319 3319 3327 3321 3292
3411 3415 3410 3416 3435 3414 -1 -1 -1 -1 -1 -1 -1 -1 -1 -1 -1 -1 -1 3386 3387 -1 -1 -1 -1 -1 -1 -1 -1 3373 -1 -1 -1 -1 -1 -1 -1 -1 -1 -1 -1 -1 -1 -1 -1 -1 -1 -1 -1 -1 -1 -1 -1 3328 3328 3357 3362 3387 3388 3363 3356 3345 3344 3343 3337 -1 -1 -1 -1 -1 -1 -1 -1 -1 -1 3322 3335 3334 3308 3312 3308 3293 3304 3305 3322 3321 3350 3351 3322 3298 3322 3327 3319 3321 3317 -1
3410 3416 3415 3434 3434 3405 3380 -1 -1 -1 -1 -1 -1 -1 -1 -1 -1 -1 -1 -1 -1 -1 -1 -1 -1 -1 -1 3365 3383 3377 -1 -1 -1 -1 -1 -1 -1 -1 -1 -1 -1 -1 -1 -1 -1 -1 -1 -1 -1 -1 -1 -1 -1 3338 -1 3336 3349 3372 3372 3369 3355 3355 3353 3350 3344 3337 -1 -1 -1 -1 -1 -1 -1 -1 -1 3310 3322 3324 3324 3313 3311 3303 3294 3293 3321 3322 3350 3321 3309 3309 3311 3319 3290 3316 3280 3286
3398 3415 3427 3426 3422 3405 3405 -1 -1 -1 -1 -1 -1 -1 -1 -1 -1 -1 -1 -1 -1 -1 -1 -1 -1 -1 3365 3365 3394 3377 3361 -1 -1 -1 -1 -1 -1 -1 -1 -1 -1 -1 -1 -1 -1 -1 -1 -1 -1 -1 -1 -1 -1 3369 3368 -1 3343 3359 3350 3370 3348 3355 3350 3353 3340 3316 -1 -1 -1 -1 -1 -1 -1 -1 -1 3299 3310 3321 3324 3304 3302 3296 3303 3303 3331 3350 3347 3328 3319 3321 3321 3308 3311 3311 3306 3286
3412 3413 3414 3422 3415 3398 3390 -1 -1 -1 -1 -1 -1 -1 -1 -1 -1 -1 -1 -1 -1 -1 -1 -1 -1 -1 3357 3394 3379 3362 -1 -1 -1 -1 -1 -1 -1 -1 -1 -1 -1 -1 -1 -1 -1 -1 -1 -1 -1 -1 -1 -1 -1 3406 3389 3355 3367 3388 3359 3359 3358 3366 3354 3353 3339 3330 3331 -1 -1 -1 -1 -1 -1 -1 -1 -1 3292 3311 3313 3313 3325 3315 3315 3332 3331 3350 3347 3328 3319 3309 3310 3302 3307 3306 3304 3301
3406 3406 -1 3414 3415 3386 3389 -1 -1 -1 -1 -1 -1 -1 -1 -1 -1 -1 -1 -1 -1 -1 -1 -1 -1 -1 3358 3363 3362 -1 -1 -1 -1 3343 3368 3368 -1 -1 -1 -1 -1 -1 -1 -1 -1 -1 -1 -1 -1 -1 -1 -1 -1 3377 3406 3377 3388 3366 3360 3377 3377 3357 3355 3349 3349 3332 3331 -1 -1 -1 -1 -1 3301 -1 3292 3301 3293 3305 3310 3346 3325 3326 3326 3332 3348 3348 3321 3318 3314 3299 3298 3302 3292 3293 3304 3290
-1 -1 -1 3407 -1 -1 -1 -1 -1 -1 -1 -1 -1 -1 -1 -1 -1 -1 -1 -1 -1 -1 -1 -1 -1 -1 -1 -1 -1 -1 -1 -1 -1 -1 3355 -1 -1 -1 3354 3360 3371 3372 3355 3354 3350 -1 -1 -1 -1 -1 -1 -1 3377 3390 3395 3384 3366 3356 3356 3356 3343 3344 3324 3337 3337 3362 3331 3301 -1 -1 -1 -1 3300 -1 3302 3292 3303 3304 3311 3346 3346 3325 3328 3338 3377 3377 3328 3319 3316 3314 3299 3297 3291 3291 3292 3286
-1 -1 3407 -1 -1 -1 -1 -1 -1 -1 -1 -1 -1 -1 -1 -1 -1 -1 -1 -1 -1 -1 -1 -1 -1 -1 -1 -1 -1 -1 -1 -1 -1 -1 3356 3343 -1 -1 3353 3354 3359 3352 3352 3350 3329 3329 -1 -1 -1 -1 -1 -1 -1 3389 3396 3384 3368 3357 3343 3327 3327 3319 -1 -1 -1 -1 3361 3301 -1 -1 -1 -1 -1 3302 3301 3302 3302 3313 3318 3312 3346 3335 3329 3338 3348 3328 3326 3318 3316 3310 3309 3307 3298 3292 3291 3285
