output/arrival.asc
NCOLS 638
NROWS 825
XLLCORNER -2985163.8955
YLLCORNER -3022031.214
CELLSIZE 10000
NODATA_value -1
[rows 110 to 164 of 825, columns 192 to 287 of 638]
-1 -1 -1 -1 -1 -1 3675 3709 3709 3717 3724 3728 3725 3719 3749 3749 3748 3691 -1 -1 -1 -1 -1 -1 -1 -1 -1 -1 -1 -1 -1 -1 3756 3745 3745 3695 3683 -1 -1 -1 -1 -1 -1 -1 -1 -1 -1 -1 -1 -1 -1 -1 -1 -1 -1 -1 -1 -1 -1 -1 -1 -1 -1 -1 -1 -1 -1 -1 -1 -1 -1 -1 -1 -1 -1 -1 -1 -1 -1 -1 -1 -1 -1 -1 -1 -1 -1 -1 -1 -1 -1 -1 -1 -1 -1 -1
-1 -1 -1 -1 -1 -1 -1 3683 3688 3717 3719 3719 3728 3739 3749 3749 3748 3719 3719 -1 -1 -1 -1 -1 -1 -1 -1 -1 -1 -1 -1 3756 3785 3779 3755 -1 -1 -1 -1 -1 -1 -1 -1 -1 -1 -1 -1 -1 -1 -1 -1 -1 -1 -1 -1 -1 -1 -1 -1 -1 -1 -1 -1 -1 -1 -1 -1 -1 -1 -1 -1 -1 -1 -1 -1 -1 -1 -1 -1 -1 -1 -1 -1 -1 -1 -1 -1 -1 -1 -1 -1 -1 -1 -1 -1 -1
-1 -1 -1 -1 -1 -1 -1 3688 -1 3693 3713 3713 3720 3720 3750 3749 3720 3720 -1 -1 -1 -1 -1 -1 -1 -1 -1 -1 3753 3752 3756 3785 3785 3784 3717 -1 -1 -1 -1 -1 -1 -1 -1 -1 -1 -1 -1 -1 -1 -1 -1 -1 -1 -1 -1 -1 -1 -1 -1 -1 -1 -1 -1 -1 -1 -1 -1 -1 -1 -1 -1 -1 -1 -1 -1 -1 -1 -1 -1 -1 -1 -1 -1 -1 -1 -1 -1 -1 -1 -1 -1 -1 -1 -1 -1 -1
-1 -1 -1 -1 -1 -1 -1 3687 3688 3694 3692 3698 3702 3720 3750 3749 3720 3715 -1 -1 -1 -1 -1 -1 -1 -1 -1 3782 3782 3811 3811 3814 3784 3755 3726 -1 -1 -1 -1 -1 -1 -1 -1 -1 -1 -1 -1 -1 -1 -1 -1 -1 -1 -1 -1 -1 -1 -1 -1 -1 -1 -1 -1 -1 -1 -1 -1 -1 -1 -1 -1 -1 -1 -1 -1 -1 -1 -1 -1 -1 -1 -1 -1 -1 -1 -1 -1 -1 -1 -1 -1 3455 3445 -1 -1 -1
-1 -1 -1 -1 -1 -1 3695 3697 3696 3692 3694 3698 3700 3708 3720 3751 3749 3749 3738 -1 -1 -1 -1 -1 -1 3781 3811 3782 3811 3812 3814 3811 3782 3726 3697 -1 -1 -1 -1 -1 -1 -1 -1 -1 -1 -1 -1 -1 -1 -1 -1 -1 -1 -1 -1 -1 -1 -1 -1 -1 -1 -1 -1 -1 -1 -1 -1 -1 -1 -1 -1 -1 -1 -1 -1 -1 -1 -1 -1 -1 -1 -1 -1 -1 -1 -1 -1 -1 -1 2750 3484 3484 3467 -1 3480 3462
-1 -1 -1 -1 -1 3717 3697 3695 3697 3696 3714 3713 3714 3726 3726 3751 3749 3749 3784 3784 3814 3755 -1 -1 3814 3843 3843 3826 3819 3812 3785 -1 -1 3726 -1 -1 -1 -1 -1 -1 -1 -1 -1 -1 -1 -1 -1 -1 -1 -1 -1 -1 -1 -1 -1 -1 -1 -1 -1 -1 -1 -1 -1 -1 -1 -1 -1 -1 -1 -1 -1 -1 -1 -1 -1 -1 -1 -1 -1 -1 -1 -1 -1 -1 -1 -1 -1 -1 3475 3480 3462 3467 3496 3485 3467 3480
-1 -1 -1 -1 3715 3717 3694 3704 3712 3712 3704 3715 3726 3744 3755 3722 3755 3783 3785 3814 3821 3832 3843 3814 3843 3861 3848 3841 3812 3803 3812 -1 -1 -1 -1 -1 -1 -1 -1 -1 -1 -1 -1 -1 -1 -1 -1 -1 -1 -1 -1 -1 -1 -1 -1 -1 -1 -1 -1 -1 -1 -1 -1 -1 -1 -1 -1 -1 -1 -1 -1 -1 -1 -1 -1 -1 -1 -1 -1 -1 -1 -1 -1 -1 -1 -1 -1 -1 3476 3482 3480 3466 3466 3496 3509 3498
-1 -1 3689 3713 3726 3735 3726 3719 3721 3721 3733 3733 3733 3714 3726 3755 3783 3783 3792 3815 3842 3857 3868 3843 3872 3860 3859 3843 3841 3812 3814 3812 -1 -1 -1 -1 -1 -1 -1 -1 -1 -1 -1 -1 -1 -1 -1 -1 -1 -1 -1 -1 -1 -1 -1 -1 -1 -1 -1 -1 -1 -1 -1 -1 -1 -1 -1 -1 -1 -1 -1 -1 -1 -1 -1 -1 -1 -1 -1 -1 -1 -1 -1 -1 -1 -1 -1 -1 3482 3490 3490 3488 3499 3526 3539 3509
-1 -1 3719 3726 3746 3726 3717 3719 3692 -1 -1 -1 -1 3744 3785 3792 3809 3820 3815 3842 3842 3844 3861 3879 3889 3872 3871 3841 3870 3872 3890 3814 -1 -1 -1 -1 -1 -1 -1 -1 -1 -1 -1 -1 -1 -1 -1 -1 -1 -1 -1 -1 -1 -1 -1 -1 -1 -1 -1 -1 -1 -1 -1 -1 -1 -1 -1 -1 -1 -1 -1 -1 -1 -1 -1 -1 -1 -1 -1 -1 -1 -1 -1 -1 -1 -1 -1 3474 3503 3503 3488 3481 3481 3510 3568 3568
-1 -1 -1 3753 3755 3746 3719 3711 -1 -1 -1 3697 3754 3756 3756 3785 3803 3813 3831 3831 3814 3843 3872 3872 3890 3900 3871 3870 3901 3901 3872 -1 -1 -1 -1 -1 -1 -1 -1 -1 -1 -1 -1 -1 -1 -1 -1 -1 -1 -1 -1 -1 -1 -1 -1 -1 -1 -1 -1 -1 -1 -1 -1 -1 -1 -1 -1 -1 -1 -1 -1 -1 -1 -1 -1 -1 -1 -1 -1 -1 -1 -1 -1 -1 3451 3470 3530 3529 3497 3497 3494 3481 3475 3510 3539 3530
-1 -1 3753 3755 3744 3744 -1 -1 -1 -1 -1 -1 3756 3783 3756 3785 3785 3814 3820 3814 3842 3814 3842 3872 3872 3901 3900 3901 3926 3908 3872 -1 -1 -1 -1 -1 -1 -1 -1 -1 -1 -1 -1 -1 -1 -1 -1 -1 -1 -1 -1 -1 -1 -1 -1 -1 -1 -1 -1 -1 -1 -1 -1 -1 -1 -1 -1 -1 3200 -1 -1 -1 -1 -1 -1 -1 -1 -1 -1 -1 -1 -1 -1 -1 3453 3478 3499 3499 3484 3470 3496 3494 3510 3531 3560 3539
-1 -1 -1 -1 -1 -1 -1 -1 -1 -1 -1 -1 3756 3783 3780 3751 3756 3814 3783 3813 3809 3842 3871 3871 3871 3901 3930 3937 3930 3871 3841 -1 -1 -1 -1 -1 -1 -1 -1 -1 -1 -1 -1 -1 -1 -1 -1 -1 -1 -1 -1 -1 -1 -1 -1 -1 -1 -1 -1 -1 -1 -1 -1 -1 -1 -1 -1 -1 -1 -1 -1 -1 -1 -1 -1 -1 -1 -1 -1 -1 -1 -1 -1 -1 -1 3499 3500 3529 3500 3484 3508 3496 3502 3531 3560 3531
-1 -1 -1 -1 -1 -1 -1 -1 -1 -1 3671 3727 3727 3724 3751 3745 3756 3756 3813 3783 3782 3811 3813 3842 3842 3842 3900 3930 3948 3908 3842 3842 3813 -1 -1 -1 -1 3661 -1 -1 -1 -1 -1 2100 3639 3646 -1 -1 -1 -1 -1 -1 -1 -1 -1 -1 -1 -1 -1 -1 -1 -1 -1 -1 -1 -1 -1 -1 -1 -1 -1 -1 -1 -1 -1 -1 -1 -1 -1 -1 -1 -1 -1 -1 3494 3494 3471 3500 3529 3497 3509 3478 3473 3473 3502 3502
3655 3668 3693 3692 3663 -1 -1 -1 3655 3659 3682 3686 3727 3722 3740 3743 3756 3754 3812 3812 3726 3778 3811 3807 3785 3843 3872 3900 3959 3901 3871 3842 -1 -1 -1 -1 -1 3725 -1 -1 -1 -1 -1 -1 -1 3657 -1 -1 -1 -1 -1 -1 -1 -1 -1 -1 -1 -1 -1 -1 -1 -1 -1 -1 -1 -1 -1 -1 -1 -1 -1 -1 -1 -1 -1 -1 -1 -1 -1 -1 -1 -1 -1 -1 -1 -1 3471 3481 3481 3492 3478 3491 3478 3473 3476 3483
-1 -1 3692 3663 3692 3681 3663 3684 3684 3682 3693 3693 3722 3722 3732 3742 3754 3753 3723 3753 3723 3716 3748 3756 3778 3764 3843 3872 3900 3959 3871 3812 -1 -1 -1 -1 3754 3756 3756 3727 -1 3679 3695 3695 3695 -1 -1 -1 -1 -1 -1 -1 -1 -1 -1 -1 -1 -1 -1 -1 -1 -1 -1 -1 -1 -1 -1 -1 -1 -1 -1 -1 -1 -1 -1 -1 -1 -1 -1 -1 -1 -1 -1 -1 -1 -1 -1 3474 3492 3497 3489 3496 3491 3491 3483 3476
-1 -1 -1 -1 3629 3663 3670 3685 3686 3723 3723 3693 3711 3721 3731 3724 3724 3695 3753 3723 3694 3698 3720 3754 3754 3784 3831 3807 3871 3871 3871 3812 3812 -1 -1 -1 3754 3787 3776 3745 3734 3725 3754 3696 3698 -1 -1 3715 -1 -1 -1 -1 -1 -1 -1 -1 -1 -1 -1 -1 -1 -1 -1 -1 -1 -1 -1 -1 -1 -1 -1 -1 -1 -1 -1 -1 -1 -1 -1 -1 -1 -1 -1 -1 -1 -1 -1 -1 3475 3497 3488 3497 3498 3520 3512 3510
-1 -1 3626 3626 3642 3659 3679 3684 3711 3769 3740 3712 3701 3694 3695 3686 3724 3671 3656 3694 3698 3720 3727 3754 3813 3813 3820 3831 3842 3812 3860 3842 3842 3831 3820 3809 3798 3783 3754 3734 3734 3708 3754 3725 3727 3727 3727 3716 3715 3717 -1 -1 3722 -1 -1 -1 -1 -1 -1 -1 -1 -1 -1 -1 -1 -1 -1 -1 -1 -1 -1 -1 -1 -1 -1 -1 -1 -1 -1 -1 -1 -1 -1 -1 -1 -1 3473 3482 3481 3480 3475 3499 3520 3518 3533 3529
3613 3626 3655 3644 3677 3679 3688 3701 3740 3769 3740 3711 3694 3685 3657 3666 3657 3666 3660 3665 3683 3663 3691 3720 3726 3784 3784 3802 3831 3842 3783 3783 3801 3813 3784 3753 3783 3783 3754 3725 3725 3705 3725 3749 3778 3756 3756 3775 3746 3775 3753 3746 3724 -1 -1 -1 -1 -1 -1 -1 -1 -1 -1 -1 -1 -1 -1 -1 -1 -1 -1 -1 -1 -1 -1 -1 -1 -1 -1 -1 -1 -1 -1 -1 -1 -1 3469 3498 3487 3480 3493 3517 3534 3522 3533 3533
3642 3655 -1 3677 3678 3678 3681 3681 3710 3710 3681 3681 3684 3665 3654 3648 3666 3664 3660 3665 3672 3691 3715 3726 3726 3755 3773 3784 3820 3783 3783 3783 3753 3753 3813 3784 3726 3754 3754 3725 3715 3724 3724 3755 3778 3786 3780 3775 3780 3782 3782 3753 3737 -1 -1 -1 -1 -1 -1 -1 -1 -1 -1 -1 -1 -1 -1 -1 -1 -1 -1 -1 -1 -1 -1 -1 -1 -1 -1 -1 -1 -1 -1 -1 -1 -1 3498 3498 3469 3476 3477 3504 3517 3535 3562 3562
3684 3710 3710 3666 3649 3649 3652 3652 3673 3652 3652 3639 3624 3634 3633 3654 3655 3665 3665 3673 3657 3663 3667 3687 3695 3712 3725 3723 3809 3783 3725 3754 3772 3754 3753 3773 3755 3719 3715 3697 3697 3724 3742 3753 3755 3782 3786 3780 3809 3809 3774 3766 3753 -1 -1 -1 -1 -1 -1 -1 -1 -1 -1 -1 -1 -1 -1 -1 -1 -1 -1 -1 -1 -1 -1 -1 -1 -1 -1 -1 -1 -1 -1 -1 -1 -1 3527 3527 3480 3454 3466 3488 3504 -1 3504 3540
3739 3710 3681 3651 3648 3637 3641 3652 3640 3640 3640 3652 3638 -1 -1 -1 3637 3653 3682 3673 3644 3656 3667 3694 3694 3695 3723 3753 3723 3753 3772 3754 3754 3761 3762 3755 3696 3672 3697 3697 3668 -1 3724 3726 3753 3782 3769 3769 3803 3803 3780 -1 -1 -1 -1 -1 -1 -1 -1 -1 -1 -1 -1 -1 -1 -1 -1 -1 -1 -1 -1 -1 -1 -1 -1 -1 -1 -1 -1 -1 3548 -1 3548 3550 3542 3545 3527 3514 -1 -1 -1 -1 -1 -1 3503 3506
3681 3651 3650 3649 3649 3633 3607 3616 -1 3611 3618 3618 -1 -1 -1 -1 -1 3653 3653 3682 3662 3660 3661 3686 3731 3742 3753 3696 3714 3725 3754 3761 3750 3725 3725 3725 3695 3671 3678 3663 3657 -1 3724 -1 3695 3742 3753 3776 3776 3780 3774 -1 -1 -1 -1 -1 -1 -1 -1 -1 -1 -1 -1 -1 -1 -1 -1 -1 -1 -1 -1 -1 -1 -1 -1 -1 -1 -1 -1 -1 -1 -1 3581 3580 3556 -1 -1 -1 -1 -1 -1 -1 -1 -1 3497 3499
-1 -1 3687 3649 3616 3606 3604 3626 3615 3609 -1 -1 -1 -1 -1 -1 -1 3637 3626 3644 3659 3631 3660 3661 3694 3724 3724 3696 3696 3703 3719 3724 3724 3713 3703 3696 3674 3661 3659 3656 3653 3648 -1 -1 -1 3713 3742 3778 3778 3774 -1 -1 -1 -1 -1 -1 -1 -1 -1 -1 -1 -1 -1 -1 -1 -1 -1 -1 -1 -1 -1 -1 -1 -1 -1 -1 -1 -1 -1 -1 3548 3550 3550 3556 -1 -1 -1 3513 3514 -1 -1 -1 -1 -1 -1 3526
3706 3746 -1 3657 3657 3606 3615 3634 3626 -1 -1 -1 -1 -1 -1 -1 -1 -1 3656 3633 3636 3659 3628 3636 3665 3694 3676 3676 3696 3695 3692 3724 3695 3665 3695 3692 3674 3660 3656 3660 3669 3649 -1 -1 -1 -1 3749 3766 3767 3763 3745 3745 -1 -1 -1 -1 -1 -1 -1 -1 -1 -1 -1 -1 -1 -1 -1 -1 -1 -1 -1 -1 -1 -1 -1 -1 -1 -1 -1 -1 -1 -1 -1 -1 -1 -1 3542 3542 3531 3520 -1 3521 3521 3516 3516 3526
3729 3717 3746 3657 3627 3626 3662 3644 3624 3620 -1 -1 -1 -1 -1 -1 -1 3629 3633 3656 3645 3637 3636 3654 3683 3647 3661 3662 3669 3669 3695 3695 3698 3669 3669 3674 3681 3660 3664 3685 3669 -1 -1 -1 -1 3720 3749 3736 3745 -1 -1 -1 3734 -1 -1 -1 -1 -1 -1 -1 -1 -1 -1 -1 -1 -1 -1 -1 -1 -1 -1 -1 -1 -1 -1 -1 -1 -1 -1 3560 3559 -1 -1 -1 -1 -1 -1 -1 -1 3521 3519 3529 3529 3539 3537 3547
-1 3729 3717 -1 -1 3626 3673 3644 3625 -1 -1 -1 -1 -1 -1 -1 -1 3629 3629 3639 3642 3641 3637 3654 3691 3683 3675 3661 3654 3670 3671 3671 3691 3687 3674 3669 3664 3664 3685 3656 3656 3640 -1 -1 -1 3727 3736 3707 -1 -1 -1 -1 -1 -1 -1 -1 -1 -1 -1 -1 -1 -1 -1 -1 -1 -1 -1 -1 -1 -1 -1 -1 -1 -1 -1 -1 -1 -1 3561 3565 3560 3558 3557 -1 -1 -1 -1 -1 3548 -1 3519 3526 3537 3550 3566 3546
-1 3670 3717 -1 -1 3673 3644 3626 -1 -1 -1 -1 -1 -1 -1 -1 -1 3600 3650 3650 3650 3650 3648 3654 3672 3691 3690 3679 3683 3670 3685 3685 3691 3687 3692 3692 3693 3693 3690 3683 3660 -1 -1 -1 -1 3727 3698 3697 -1 -1 -1 -1 -1 -1 -1 -1 -1 -1 -1 -1 -1 -1 -1 -1 -1 -1 -1 -1 -1 -1 -1 -1 -1 -1 -1 -1 -1 3570 3579 3586 3565 3557 3538 -1 -1 -1 -1 -1 3550 3548 3537 3538 3531 3550 3566 3513
3651 3651 3646 3673 3702 3615 -1 -1 -1 -1 -1 -1 -1 3632 3629 -1 -1 -1 -1 -1 3625 3625 3654 3648 3662 3680 3679 3690 3679 3683 3688 3682 3687 3689 3678 3710 3710 3690 3690 3719 3693 -1 -1 -1 -1 3722 3756 3756 -1 -1 -1 -1 -1 -1 -1 -1 -1 -1 -1 -1 -1 -1 -1 -1 -1 -1 -1 -1 3606 -1 -1 -1 -1 -1 -1 3559 3590 3590 3590 3590 3586 3561 -1 -1 -1 -1 -1 3550 3566 3566 3563 3543 3565 3568 3550 3520
-1 -1 3648 3702 -1 -1 -1 -1 -1 -1 -1 -1 -1 3629 3631 -1 -1 -1 -1 -1 3625 -1 3628 3653 3666 3682 3692 3692 3683 3688 3692 3682 3671 3681 3689 3688 3706 3717 3719 3722 3722 3664 -1 -1 -1 3727 3697 -1 -1 -1 -1 -1 -1 -1 -1 -1 -1 -1 -1 -1 -1 -1 -1 3602 3636 3607 3608 3617 3588 3588 -1 -1 3593 3593 -1 3543 -1 -1 3561 3569 3561 -1 -1 -1 -1 -1 -1 3546 3568 3568 3568 3572 3572 3601 3579 3542
-1 -1 -1 3643 -1 3604 -1 -1 -1 -1 -1 -1 -1 -1 -1 -1 -1 -1 -1 -1 -1 3629 3637 3677 3682 3689 3678 3677 3683 3692 3692 3683 3671 3681 3688 3688 3710 3659 3717 3693 3664 -1 -1 -1 -1 3693 3693 -1 -1 -1 -1 -1 -1 -1 -1 -1 -1 -1 -1 -1 -1 -1 3631 3636 3636 3646 3646 3632 3622 3632 3632 3622 3611 3593 -1 -1 -1 -1 3557 3570 3545 -1 -1 -1 -1 -1 -1 -1 3626 3597 3572 3589 3601 3608 3579 3532
3614 -1 -1 -1 -1 -1 -1 -1 -1 -1 -1 -1 -1 -1 -1 -1 -1 -1 -1 3636 3636 -1 3657 3686 3689 3696 3666 3677 3678 3693 3703 3683 3680 3659 3681 3681 3710 -1 -1 3682 3635 -1 -1 -1 -1 -1 -1 -1 -1 -1 -1 -1 -1 -1 -1 -1 -1 -1 -1 -1 -1 3631 3660 3665 3665 3675 3675 3646 3650 3661 3651 3613 -1 -1 -1 -1 -1 -1 3570 3557 -1 -1 -1 -1 -1 -1 3524 3567 3626 3597 3597 3600 3618 3608 3571 3571
3615 3615 -1 -1 -1 -1 -1 3629 3616 -1 3661 -1 -1 3638 -1 -1 -1 -1 -1 -1 3646 3657 3659 3686 3689 3715 3666 3662 3677 3685 3703 3693 3680 3659 3652 3681 3652 -1 -1 -1 -1 -1 -1 -1 -1 -1 -1 -1 -1 -1 -1 -1 -1 -1 -1 -1 -1 -1 -1 -1 -1 3660 3660 3689 3716 3715 3685 3659 3659 3661 3661 3651 -1 -1 -1 -1 -1 3571 3565 -1 -1 -1 -1 -1 -1 -1 3549 3578 3589 3629 3629 3629 3658 3600 3579 3542
3645 3674 3674 3647 3647 -1 3614 3629 3629 3632 3661 3639 3656 -1 3638 3616 -1 -1 -1 -1 -1 3659 3704 3697 3715 3744 3718 3696 3696 3674 3693 3704 3697 3674 3672 3652 3640 3611 -1 -1 -1 -1 -1 -1 -1 -1 -1 -1 -1 -1 -1 -1 -1 -1 -1 -1 -1 -1 -1 -1 -1 3601 -1 -1 3656 3685 3705 3694 3690 3690 3690 3690 3680 3620 3576 -1 -1 3589 3566 -1 -1 -1 -1 -1 -1 3556 3549 3557 3578 3587 3587 3658 3599 3599 3600 3562
3645 3615 3618 3618 3618 3627 3625 3629 3639 3639 3645 3656 3614 -1 3628 3627 -1 3617 -1 -1 -1 3668 3715 3715 3696 3744 3718 3718 3668 3664 3722 3722 3715 3685 3672 3643 3637 -1 -1 -1 -1 -1 -1 -1 -1 -1 -1 -1 -1 -1 -1 -1 -1 -1 -1 -1 -1 -1 -1 -1 -1 -1 -1 -1 3656 3705 3705 3696 3719 3719 3749 3709 3709 3680 3602 3581 -1 3593 3590 -1 -1 -1 3551 3553 3556 3557 3558 3561 3561 3579 3587 3580 3609 3599 3621 3592
3628 3645 3618 3623 3626 3619 3631 3654 3654 3663 3663 3652 -1 3623 3684 3628 3617 3637 3637 -1 3636 3673 3697 3726 3696 3733 3747 3725 3688 3663 3683 3726 3697 3696 3667 3666 -1 -1 -1 -1 -1 -1 -1 -1 -1 -1 -1 -1 -1 -1 -1 -1 -1 -1 -1 -1 -1 -1 -1 -1 -1 -1 -1 -1 -1 3676 3676 -1 3691 3749 3720 3738 3680 3631 3631 3635 3635 3620 3593 3564 -1 -1 3564 3563 3557 3557 3565 3561 3590 3569 3579 3627 3609 3618 3621 3592
3628 3631 3634 3625 3625 3631 3660 3660 3683 3683 3670 3665 3682 3684 3684 3651 3666 3651 3655 3636 3636 3684 3697 3696 3726 3755 3747 3725 3672 3657 3668 3726 3726 3685 3696 3666 -1 -1 -1 -1 -1 -1 -1 -1 -1 -1 -1 -1 -1 -1 -1 -1 -1 -1 3587 3593 3593 3593 -1 3589 -1 -1 -1 -1 -1 -1 -1 -1 -1 3691 3720 3691 3630 3649 3723 3664 3635 3624 3620 3591 3564 3553 3565 3564 3557 3565 3582 3582 3590 3608 3618 3638 3618 3604 3612 3612
3631 3633 3635 3635 3640 3658 3634 3654 3658 3670 3671 3681 3673 3685 3713 3695 3710 3666 3657 3649 3666 3696 3696 3665 3755 3755 3762 3666 3659 3687 3705 3714 3744 3733 3696 3636 -1 -1 -1 -1 -1 -1 -1 -1 -1 -1 -1 -1 -1 -1 -1 -1 -1 3607 3622 3646 3616 3594 3587 3600 3649 -1 -1 -1 -1 -1 -1 -1 -1 -1 3662 -1 3660 3682 3723 3712 3664 3624 3638 3627 3591 3580 3562 3564 3564 3568 3588 3591 3591 3608 3667 3649 3638 3663 3604 3583
3633 3637 3650 3639 3658 3655 3655 3634 3658 3659 3651 3662 3673 3685 3695 3713 3710 3680 3678 3695 3695 3695 3725 3666 3695 3773 3754 3724 3716 3725 3725 3755 3697 3667 3722 3666 -1 -1 -1 -1 -1 -1 -1 -1 -1 -1 -1 -1 -1 -1 -1 -1 3588 3617 3646 3676 3677 3646 3605 3619 3619 3650 3599 -1 -1 -1 -1 -1 -1 -1 -1 -1 3652 3717 3694 3653 3694 3659 3620 3590 3590 3569 3576 3591 3620 3602 3602 3612 3620 3620 3648 3667 3663 3634 3593 3604
3637 3657 3652 3650 3638 3639 3638 3630 3641 3653 3653 3644 3662 3673 3681 3681 3699 3685 3695 3724 3724 3754 3725 3725 3725 3784 3772 3724 3727 3716 3759 3755 3697 3676 3666 -1 -1 -1 -1 -1 -1 -1 -1 -1 -1 -1 -1 -1 -1 -1 -1 -1 3617 3617 3661 3616 3616 3608 3612 -1 -1 3619 3628 3618 3640 3640 -1 -1 -1 -1 -1 3635 3664 3711 3717 3706 3688 3649 3606 3548 3590 3579 3576 3599 3620 3602 3612 3612 3641 3649 3638 3634 3605 3634 3572 3593
3652 3657 3673 3665 3652 3638 3644 3630 3622 3641 3646 3648 3662 3691 3691 3681 3685 3703 3724 3753 3753 3753 3754 3813 3754 3784 3783 3775 3734 3727 3770 3756 3726 3696 -1 -1 -1 -1 -1 -1 -1 -1 -1 -1 -1 -1 -1 -1 -1 -1 -1 -1 -1 3597 3583 3661 3639 3612 3602 3620 3620 3626 3628 3669 3669 3698 3609 3580 -1 -1 -1 3664 3664 3694 3737 3737 3695 3688 3606 3565 3564 3577 3576 3605 3605 3602 3602 3625 3641 3649 3598 3596 3579 3576 3567 3564
3651 3673 3665 3656 3653 3634 3634 3645 3652 3644 3644 3646 3678 3663 3664 3693 3703 3714 3736 3753 3772 3768 3779 3784 3813 3842 3842 3783 3745 3755 3785 3781 3755 3726 -1 -1 -1 -1 -1 -1 -1 -1 -1 -1 -1 -1 -1 -1 -1 -1 -1 -1 -1 3619 3597 3632 3650 3639 3641 3649 3626 3626 3596 -1 3611 3669 3698 3639 3742 3617 3620 3713 3658 3680 3700 3726 3684 3658 3658 3595 3577 3571 3599 3605 3634 3637 3657 3656 3625 3591 3598 3598 3596 3570 3569 3565
3642 3654 3656 3653 3638 3656 3660 3652 3662 3685 3681 3676 3685 3691 3692 3693 3702 3736 3725 3748 3753 3771 3761 3790 3801 3871 3842 3804 3813 3803 3792 3755 3753 3744 3726 -1 -1 -1 -1 -1 -1 -1 -1 -1 -1 -1 -1 3590 -1 -1 -1 -1 3609 3620 3627 3631 3632 3609 3641 3649 3655 3655 3609 3591 3611 3610 3610 3639 3716 3742 3731 3713 3751 3689 3680 3708 3708 3673 3658 3628 3570 3599 3570 3588 3634 3666 3666 3643 3605 3592 3592 3657 3657 3628 3570 3570
3642 3657 3657 3657 3653 3656 3660 3659 3685 3692 3681 3676 3691 3685 3712 3719 3711 3722 3748 3749 3812 3753 3738 3783 3812 3812 3871 3784 3813 3814 3843 3753 -1 -1 3726 -1 -1 -1 -1 -1 -1 -1 -1 -1 -1 -1 -1 3590 3598 3588 -1 -1 3609 3638 3609 3631 3619 3632 3615 3604 3596 3603 3603 3598 3599 3600 3610 3614 3716 3650 3651 3720 3691 3751 3684 3708 3679 3679 3662 3647 3629 3629 3599 3595 3637 3637 3643 3605 3626 3592 3580 3599 3628 3599 3594 3570
3623 3657 3659 3657 3657 3658 3659 3659 3674 3692 3669 3680 3687 3712 3719 3718 3720 3742 3749 3812 3753 3807 3754 3783 3707 3812 3718 3724 3784 3784 3814 3843 3872 3872 -1 -1 -1 -1 -1 -1 -1 -1 -1 -1 -1 -1 -1 -1 3599 -1 -1 -1 -1 3638 3609 3620 3623 3623 3621 3615 3603 3596 3587 3592 3587 3599 3599 3614 3679 3626 3657 3683 3740 3684 3684 3697 3679 3668 3651 3636 3629 3600 3606 3614 3614 3640 3669 3611 3638 3609 3609 3585 3628 3599 3588 3570
3629 3629 3659 3631 3658 3660 3661 3663 3663 3693 3669 3678 3689 3701 3718 3720 3713 3742 3750 3757 3801 3753 3807 3729 3719 3718 3684 3695 3724 3724 3724 3783 3843 3813 3813 -1 -1 -1 -1 -1 -1 -1 -1 -1 -1 -1 -1 -1 -1 -1 -1 -1 3588 3598 3605 3617 3631 3627 3610 3603 3604 3593 3582 3584 3587 3592 3596 3596 3614 3679 3668 3683 3722 3729 3692 3692 3655 3655 3650 3625 3600 3571 3595 3605 3614 3642 3669 3640 3638 3609 3586 3571 3585 3583 3599 3580
3634 3656 3635 3648 3650 3665 3661 3661 3666 3693 3678 3689 3690 3707 3709 3713 3721 3731 3750 3783 3790 3753 3796 3729 3719 3673 3651 3631 3636 3636 3695 3784 3696 3813 3783 3724 3695 -1 -1 -1 -1 -1 3632 3661 3712 3659 3659 3617 3633 3608 3617 3617 3597 -1 3598 3631 3656 3627 3604 3603 3586 3619 3585 3584 3587 3592 3623 3625 3636 3621 3662 3683 3718 3722 3692 3634 3655 3626 3650 3621 3600 3571 3586 3586 3613 3642 3644 3640 3611 3611 3586 3571 3563 3556 3572 3567
3627 3656 3632 3632 3637 3650 3665 3637 3666 3682 3678 3679 3689 3696 3698 3721 3721 3744 3783 3779 3773 3778 3785 3729 3700 3660 3637 3631 3627 3666 3695 3784 3725 3725 3802 3791 3754 3724 3664 3665 3665 3632 3632 3683 3712 3683 -1 3628 3660 3666 3628 3608 3615 3631 3597 3602 3656 3645 3627 3604 3601 3619 3612 3597 3583 3593 3622 3609 3608 3646 3633 3662 3683 3681 3711 3634 3644 3626 3626 3621 3597 3589 3566 3595 3615 3615 3644 3630 3601 3604 3590 3568 3553 3563 3567 3554
3612 3601 3627 3625 3624 3636 3637 3636 3664 3671 3669 3668 3685 3694 3698 3709 3728 3754 3772 3773 3778 3764 3748 3707 3712 3649 3619 3637 3637 3695 3695 3773 3755 3784 3725 3784 3780 3769 3754 3665 3636 3659 3659 3692 3701 3690 3683 3659 3687 3667 3637 3616 3663 3663 3606 3620 3626 3626 3634 3623 3619 3623 3612 3612 3597 3609 3627 3612 3620 3635 3620 3633 3663 3672 3693 3693 3606 3606 3621 3592 3558 3565 3595 3613 3624 3615 3630 3601 3590 3590 3604 3574 3574 3552 3554 3542
3649 3627 3598 3624 3625 3637 3617 3627 3636 3669 3665 3674 3694 3721 3732 3743 3754 3761 3762 3767 3753 3737 3724 3712 3683 3649 -1 3620 3655 3624 3665 3687 3762 3755 3784 3773 3755 3724 3695 3666 3688 3695 3724 3692 3696 3690 3690 3686 3668 3686 3667 3653 3663 3663 3634 3634 3649 3689 3655 3663 3670 3736 3641 3641 3656 3627 3638 3626 3663 3630 3630 3620 3654 3625 3693 3664 3606 3595 3577 3562 3592 3564 3583 3624 3606 3626 3626 3624 3612 3602 3590 3633 3633 3534 3562 3550
3620 3620 3602 3597 3598 3617 3627 3651 3671 3671 3672 3683 3710 3694 3725 3725 3750 3744 3751 3756 3749 3735 3726 3713 3701 3649 3627 3620 3662 3633 3658 3667 3751 3726 3744 3755 3762 3755 3695 3695 3695 3726 3695 3724 3719 3719 3694 3676 3666 3668 3686 3656 3653 3652 3652 3732 3675 3689 3660 3677 3736 3721 3706 3669 3656 3646 3667 3655 3638 3663 3634 3602 3604 3600 3664 3635 3606 3595 3564 3577 3568 3602 3631 3602 3601 3612 3612 3641 3624 3619 3619 3608 3604 3562 3568 3561
3598 3591 3596 3582 3583 3616 3645 3651 3651 3671 3689 3700 3695 3695 3696 3696 3691 3714 3714 3719 3719 3731 3720 3705 3701 3690 3649 3661 3662 3662 3667 3676 3726 3726 3733 3732 3744 3751 3697 3702 3726 3713 3667 3666 3690 3694 3685 3695 3665 3675 3657 3645 3641 3642 3635 3644 3732 3675 3703 3686 3725 3721 3692 3692 3685 3675 3675 3667 3656 3645 3652 3634 3608 3605 3639 3653 3624 3624 3577 3584 3602 3602 3602 3631 3590 3604 3638 3641 3648 3648 3613 3619 3590 3591 3579 3549
3574 3598 3577 3582 3612 3607 3616 3645 3651 3642 3647 3658 3700 3695 3696 3691 3656 3656 3685 3692 3665 3719 3709 3705 3705 3701 3667 3661 3691 3691 3690 3697 3715 3711 3722 3733 3740 3726 3697 3715 3713 3713 3683 3661 3663 3674 3683 3695 3665 3664 3657 3657 3640 3661 3669 3654 3721 3703 3715 3715 3714 3707 3710 3708 3695 3696 3692 3685 3667 3658 3646 3641 3622 3622 3642 3624 3635 3664 3635 3635 3584 3591 3613 3627 3598 3604 3614 3638 3643 3644 3623 3619 3561 3590 3549 3561
3564 3574 3571 3589 3598 3612 3611 3615 3622 3640 3640 3658 3661 3669 3661 3662 3662 3656 3685 3665 3662 3675 3708 3698 3694 3690 3659 3650 -1 3661 3697 3690 3693 3697 3722 3725 3725 3729 3718 3702 3704 3685 3683 3654 3666 3673 3684 3676 3672 3654 3646 3640 3661 3669 3683 3703 3710 3725 3725 3707 3707 3703 3692 3699 3708 3697 3696 3692 3670 3667 3665 3637 3630 3631 3625 3653 3664 3637 3635 3606 3588 3608 3613 3627 3598 3604 3636 3648 3646 3657 3627 3648 3589 3589 3551 3528
3573 3572 3583 3589 3601 3587 3611 3615 3627 3628 3629 3639 3632 3661 3615 3633 3651 3645 3636 3654 3660 3690 3697 3690 3676 3683 3679 3659 3638 3632 3661 3686 3693 3711 3704 3725 3697 3696 3695 3684 3667 3667 3667 3624 3636 3666 3666 3676 3661 3657 3685 3690 3690 3683 3698 3698 3679 3696 3696 3686 3693 3696 3678 3688 3688 3691 3696 3696 3681 3665 3666 3638 3631 3654 3653 3654 3654 3637 3614 3625 3596 3607 3608 3625 3598 3603 3614 3636 3657 3686 3657 3619 3648 3560 3536 3540
3577 3545 3554 3583 3583 3588 3584 3591 3597 3603 3606 3614 3614 3632 3633 3633 3636 3636 3631 3649 3643 3660 3690 3668 3672 3672 3648 3642 3639 3650 3639 3668 3696 3696 3700 3667 3666 3662 3655 3638 3684 3667 3619 3616 3637 3637 3647 3655 3665 3657 3714 3714 3655 3656 3669 3679 3692 3698 3696 3685 3669 3678 3685 3688 3694 3694 3691 3695 3695 3684 3666 3666 3654 3666 3637 3636 3637 3637 3608 3596 3585 3607 3625 3625 3603 3614 3607 3658 3658 3686 3627 3584 3580 3551 3564 3526
