output/owners.asc
NCOLS 638
NROWS 825
XLLCORNER -2985163.8955
YLLCORNER -3022031.214
CELLSIZE 10000
NODATA_value 0
[rows 57 to 113 of 825, columns 96 to 191 of 638]
0 0 0 0 0 0 0 0 0 0 0 0 0 0 13174 13174 13219 12430 12789 12702 11415 11054 10133 9847 10903 11235 11235 9996 10406 10406 11074 12435 13949 0 0 0 0 0 0 8866 8148 8148 0 0 0 0 0 0 0 0 0 6763 6763 6626 6556 6556 6553 6553 0 0 0 0 0 0 0 9858 5093 4677 5960 8552 0 0 0 0 0 0 0 0 0 0 0 0 0 0 0 0 0 0 0 0 0 0 0 0 0 0
0 0 0 0 0 0 0 0 0 0 0 0 0 0 13174 13032 13032 12430 12430 11415 11054 9872 9847 10133 10343 10903 9996 9996 9379 9379 11074 12435 13949 0 0 0 0 0 8866 8056 8056 13778 0 0 0 0 0 0 0 0 6830 6441 6308 6308 6100 5995 5957 6553 0 0 0 0 0 0 0 0 4483 4483 4677 5323 0 0 0 0 0 0 0 0 0 0 0 0 0 0 0 0 0 0 0 0 0 0 5284 5991 0 0
0 0 0 0 0 0 0 0 0 0 0 0 0 0 12210 12210 12372 12372 12250 11083 9872 10256 10256 11070 11070 10343 10825 11144 11144 11246 9077 11784 10937 0 0 0 0 8618 7669 7290 9042 9042 0 0 0 0 0 0 0 6830 5670 5670 6441 6732 6100 5957 5995 6592 0 0 0 0 0 0 0 0 4929 4929 4640 4696 5323 0 0 0 0 0 0 0 0 0 0 0 0 0 0 0 0 0 0 0 0 5284 4478 4478 0 0
0 0 0 0 0 0 0 0 0 0 0 0 0 13082 12880 11760 11081 12250 11083 12234 12234 11389 13552 8777 8777 10769 10825 9596 11246 11696 9077 11784 10937 12735 12735 11729 8618 7669 7290 8644 6291 6291 0 0 0 0 0 0 9148 9148 6764 5183 5422 5422 6732 5604 6592 0 0 0 0 0 0 0 0 0 0 5583 4640 4696 4773 7948 0 0 0 0 0 0 0 0 0 0 0 0 0 0 0 0 0 0 5571 4034 4034 3668 3668 3075
0 0 0 0 0 0 0 0 0 0 0 0 12460 13082 11760 12880 11600 11081 12675 12675 11389 12094 11695 10756 8777 10769 10945 9596 11696 10557 10557 10914 10914 11376 11376 11729 8050 7260 8644 8367 6551 6291 13070 0 0 0 0 0 6258 6258 6764 5183 5467 5018 6496 5604 0 0 0 0 0 0 0 0 0 0 0 0 5583 3994 4288 4773 7948 0 4982 4262 0 0 0 0 0 0 0 0 0 0 0 0 0 5571 2757 2842 2842 2969 3075 2233
0 0 0 0 0 0 0 0 0 0 0 0 12460 13876 13157 11505 11505 11600 13436 12675 12176 11695 12094 11694 10756 10945 11688 9712 10915 10299 10299 10315 9711 9711 10114 8693 9039 8050 7623 7577 8367 6551 9293 0 0 0 0 6968 5572 6012 5552 6293 5467 6956 5018 6496 0 0 0 0 0 0 0 0 0 0 0 0 3994 3994 4288 4379 4521 4521 4262 4982 0 0 0 0 0 0 0 0 0 0 0 0 0 3844 2757 2787 2787 2969 2233 3975
0 0 0 0 0 0 0 0 0 0 0 0 0 13157 11496 10955 10955 12279 12746 13436 13367 12176 11694 12574 11397 11290 11688 9712 10915 11392 11104 10315 9188 10114 8693 8057 8057 7623 7559 7269 7577 7988 9293 0 0 0 0 6968 5572 6012 6415 5552 6293 5511 6578 6578 5892 4834 7444 0 0 0 0 0 0 0 0 0 3904 3904 2612 4379 5074 5700 5700 0 0 0 0 0 0 0 0 0 0 0 0 7893 3844 2663 2663 5082 2920 2486 2486 2180
0 0 0 0 0 0 0 0 0 0 0 0 0 12873 11496 10638 11945 12279 13078 12746 13572 13367 12574 13625 10167 11397 11290 11215 11392 11521 12380 11104 9188 9014 9014 7903 7903 6834 7269 7559 7436 7988 8662 0 0 0 7937 6876 6769 6769 5862 6415 5511 5978 6432 6432 4834 5892 7444 0 0 0 0 0 0 0 0 4727 4727 2612 4807 5074 0 0 0 0 0 0 0 0 0 0 0 0 0 4130 4130 3554 3045 2728 5082 2920 2028 2397 2180 1961
0 0 0 0 0 0 0 0 0 0 0 0 0 12873 11623 10638 11945 13283 13729 13572 13127 12566 12566 11449 10167 13043 11680 11215 10326 11521 12380 9133 8506 8506 8113 7292 7292 6927 6834 6917 7436 8662 0 0 0 0 7937 6876 5035 6383 6383 5862 5978 5386 5735 5735 5741 5741 5375 5375 0 0 0 0 0 0 0 4377 4485 4090 4807 0 0 0 0 0 0 0 0 0 0 0 0 3881 3839 3839 3554 3045 2728 3267 3267 2028 2397 1887 1961 1919
0 0 0 0 0 0 0 0 0 0 0 0 0 10482 11071 11623 13283 13283 13296 13127 12704 12704 15035 11350 11449 11680 10232 10326 11898 11898 11025 9133 8065 7701 8113 8803 6274 6631 6927 6917 8568 0 0 0 0 0 0 7268 5697 5035 5787 5528 5439 5386 5673 5521 5521 5344 5344 4837 4551 0 0 0 0 0 4377 3549 4090 4485 0 0 0 0 0 0 0 0 0 0 0 0 4625 3881 3707 3156 3156 3094 3094 3722 2906 1924 1924 1887 1897 1913
0 0 0 0 0 0 0 0 0 0 0 0 0 11772 10482 11071 12712 12747 13296 11925 12810 12810 11350 10378 11355 10545 10232 19427 10577 11025 13250 12601 8065 7014 7701 8803 8622 6274 6631 8568 9157 0 0 0 0 7450 7268 7393 5697 5615 5615 5787 5528 5439 5673 4622 5192 5192 4837 4869 4551 0 0 0 0 0 3549 4151 4937 0 0 0 0 0 0 0 0 0 0 0 0 4625 4076 4076 3249 3707 3594 3594 3074 2318 3722 2906 2275 2275 1897 1816
0 0 0 0 0 0 0 0 0 0 0 0 11772 15804 11706 12712 12462 12747 11902 11925 14228 10356 10378 11355 8746 10545 10321 10214 10214 10577 9747 9747 10977 10977 7014 7813 8622 7405 7672 9157 0 0 0 0 0 7806 7450 7393 6893 6485 6641 6641 6295 6295 5461 4622 5096 5096 4230 4398 4869 4080 0 0 0 0 4151 4937 0 0 0 0 0 0 0 0 0 0 0 5106 4134 4100 3893 3249 4087 3427 3345 3074 2779 2318 2169 1745 1745 1734 1816 1630
0 0 0 0 0 0 0 0 0 0 12166 17064 10940 11976 11706 12373 12373 12462 11647 11902 10356 10594 9811 9811 9770 8746 9816 10321 9516 10170 10170 9130 9149 9149 7813 7515 7405 7672 8076 8076 0 0 0 0 0 7806 7447 6893 6485 5388 5539 6166 6166 5470 5461 4706 4706 4972 4265 4230 4398 4080 3848 4643 6123 6123 0 0 0 0 0 0 0 0 0 0 0 0 5106 4134 4100 3893 3798 4087 3427 3345 3063 3063 2779 2169 1566 1566 1734 1732 1630 1559
0 0 0 0 0 0 0 0 0 12166 10850 11328 11976 10940 11837 11837 12079 12087 11647 20116 12501 10594 11416 8166 8166 9770 9640 9816 9516 9081 9130 8702 7181 7258 7258 6250 7515 8477 10717 0 0 0 0 0 0 7812 7447 6906 6906 5539 5388 6390 6335 5470 3830 3830 5097 4265 4972 4919 4919 3848 4785 4785 4643 0 0 0 0 0 0 0 0 0 0 0 0 4269 3832 3433 3767 2698 3798 3147 3147 3092 2507 2507 1843 1718 1699 1699 1732 1573 1573 1436
0 0 0 0 0 0 0 0 11378 10850 11328 12154 11483 18163 12046 12281 12079 11409 12087 12501 12455 11416 10371 10371 9708 9232 9580 9640 9081 9062 8702 8242 7181 8186 8186 6250 7700 8477 10717 0 0 0 0 0 0 13307 7812 6205 6205 5936 6390 4634 4634 6335 4290 5097 4606 4182 4600 4600 4952 4952 5294 0 0 0 0 0 0 0 0 0 0 0 0 0 4269 3832 3433 2414 2698 3767 3434 3259 3117 3092 2524 1843 1586 1718 1636 1636 1657 1547 1501 1436
0 0 0 0 0 0 0 15876 11378 11604 11604 11483 12154 12046 11790 10381 12281 11409 10251 12455 12388 11613 10134 9864 9708 10075 9232 9580 9062 8347 8242 8673 8217 8217 9632 7134 7134 7700 9548 0 0 0 0 0 0 0 7588 5732 5732 5936 5317 5317 4634 4955 4290 4606 4182 4633 4621 4621 4713 4779 5294 0 0 0 0 0 0 0 0 0 0 0 0 3873 3873 3398 2414 2414 3013 3434 3288 3259 3117 2524 1946 1802 1479 1586 1274 1274 1547 1657 1501 1331
0 0 0 0 0 0 0 11827 12440 12440 11857 12650 12650 11790 11669 11669 10381 10925 10251 12388 11613 10518 10518 10134 9864 10836 10075 8507 8507 8347 9060 8673 9935 9273 9632 6996 8368 8368 8706 9548 0 0 0 0 0 0 7588 6605 6605 6516 5639 5522 5078 4976 4955 4845 4845 4990 4633 4713 4779 8289 0 0 0 0 0 0 0 0 0 0 0 0 4830 3603 3398 3400 3400 3528 3004 3013 3288 2893 2636 1946 1802 1479 1129 1129 1407 1407 1117 1097 1095 1095
0 0 0 0 0 0 0 11827 12048 11857 11280 11280 12406 12756 11419 11419 10925 11537 11640 12367 11546 11546 10307 10307 10836 10538 10538 8988 8988 9060 10106 9726 9935 0 9273 6160 6996 7612 8706 0 0 0 0 0 0 0 0 12660 6516 5363 5639 5522 5078 4976 5292 5292 5301 5301 4990 5143 5143 0 0 0 0 0 0 0 0 0 0 0 0 4830 4088 4088 3603 2568 3185 3528 3004 3193 3193 2893 2636 2067 1491 931 890 890 780 1117 1097 892 1142 1142
0 0 0 0 0 0 0 12048 12766 12669 12669 12284 12284 12406 12756 13635 11537 11640 12367 12367 15192 10714 10933 10933 9692 9692 9595 9595 9227 9227 9726 10106 11508 11508 9555 8835 6160 7612 8334 0 0 0 0 0 0 0 0 0 5983 5363 5728 5927 5927 5496 5533 4991 5426 5426 5651 0 0 0 0 0 0 0 0 0 0 0 0 0 0 4345 3244 3386 2568 3218 3221 3185 2604 3033 2471 2471 2067 1736 1817 1491 931 620 620 780 892 799 1023 1023
0 13279 13279 19534 13291 11891 11891 12766 12819 9034 9034 10968 12164 12164 12853 13635 11833 11833 12898 12898 11975 11975 10714 10445 10139 9854 9854 10160 8771 9873 10350 10350 9238 9555 8835 8008 8008 8334 9387 0 0 0 0 0 0 0 0 0 0 5983 5728 5141 5496 5233 5533 6332 4991 5651 0 0 0 0 0 0 0 0 0 0 0 0 0 0 3081 4345 3386 3244 2894 2894 3218 3221 3033 2604 2341 2291 1736 1817 1368 1368 834 1342 1112 837 837 799 875 875
12792 13109 15516 12200 13291 12158 12158 12665 12550 12819 13751 10968 11187 12853 12390 12390 12633 18009 12690 12690 10867 10061 10445 10139 8786 8786 10160 8771 9873 10745 11084 12182 12182 9238 10651 9092 7130 7888 9387 0 0 0 0 0 0 0 0 0 0 6200 6200 5141 5233 5166 5166 5680 6332 0 0 0 0 0 0 0 0 0 0 0 0 0 0 4719 3081 3081 3569 3569 3219 2828 2762 1989 1989 2341 2115 2115 2291 1562 1198 834 1342 1665 1112 1155 1155 1149 1139 1139
13109 12792 12200 13092 13580 13146 12665 12665 12934 12550 13751 11187 11052 12387 12387 12441 12441 12633 11322 10867 10061 9411 9411 18340 8786 8317 9579 9843 10745 11084 11471 13829 0 14007 10651 9092 7130 7888 8468 8468 0 0 0 0 0 0 0 0 0 0 6200 5771 5644 5644 5680 11676 0 0 0 0 0 0 0 0 0 0 0 0 0 0 5484 4719 3933 4042 3195 3604 3604 3219 2828 2762 2246 2246 1964 1538 1562 1511 1198 1808 1665 1298 1298 1236 1183 1149 1149 902
12063 12286 13092 13147 13555 13580 13146 12934 13018 13018 12433 11052 11038 12214 11847 11834 11834 10732 9678 11322 10230 8802 9169 9169 9355 8317 9843 9579 14699 11471 0 0 0 0 9388 8184 6847 7840 7392 6638 13785 0 0 0 0 0 0 0 0 0 0 5298 5771 0 0 0 0 0 0 0 0 0 0 0 0 0 0 0 0 5484 4760 3933 3744 3195 4042 3749 3749 2858 2858 2109 1974 1964 1538 2240 1511 2087 2900 2900 1808 1275 1275 1236 1183 1241 1241 902
13608 12286 13147 13555 13005 14030 14030 14100 13489 13018 12433 11441 12382 11038 12214 11847 10732 8756 10351 9678 10535 10230 8802 9355 10135 10135 11603 12067 11836 14699 0 0 0 0 9388 8184 6847 7392 7840 7759 6638 0 0 0 0 0 0 0 0 0 0 5825 5298 0 0 0 0 0 0 0 0 0 0 0 0 0 0 5967 4878 4760 4194 4194 3882 3744 3413 3317 3317 2528 2109 1974 2494 2494 2334 2240 2087 1822 1434 1434 908 1275 1480 1480 1116 1116 948 947
0 0 12453 13005 13645 13645 14100 14140 13489 12829 12829 11441 12382 12239 12239 11009 10970 8756 10351 10118 10118 10535 9029 9029 10034 10963 12067 11603 11836 12901 0 0 0 11227 8338 8338 6854 6469 7759 5776 6404 6404 0 0 0 0 0 0 0 0 0 0 5825 0 0 0 0 0 0 0 0 0 0 0 0 4698 5967 4878 3937 3751 4721 4664 3882 3129 3129 3413 2528 2134 2988 2677 2677 2369 2334 2216 1822 1422 1200 908 882 882 861 1392 1392 1569 948 947
0 0 12729 12453 14135 14135 15148 14140 13730 13730 13034 13034 12587 12587 11619 11009 11667 10970 9392 9239 9239 11305 11305 10034 10034 10963 11203 11203 12589 12901 0 0 0 11227 10542 6854 7514 7958 6469 6098 5776 6404 0 0 0 0 0 0 0 0 0 0 0 0 0 0 0 0 0 0 0 0 4967 3908 4698 4698 4092 5061 3937 3751 3751 4721 4664 3971 3971 2363 2363 2134 2988 2196 2369 2476 2216 1629 1422 1512 1200 1047 1194 861 976 1605 1579 1579 1569 1855
0 0 12729 14700 0 0 15148 12811 13730 0 0 0 12587 11816 11619 12865 12865 11667 9392 9392 11372 11372 8935 8935 9768 10844 10844 12589 14756 0 0 0 0 10542 9983 7514 9022 7958 5777 5777 6098 7047 8100 0 0 0 0 0 0 0 0 0 0 0 0 0 0 0 5063 4592 8749 4967 3908 3908 3968 3968 4092 5061 4730 4730 4925 4925 3184 2411 2411 2598 2058 2032 2745 2196 2481 2476 1719 1620 1629 1614 1512 1047 1194 976 1605 1906 2148 2148 779 1362
13235 13269 14052 14700 0 0 0 12811 0 0 0 0 10820 12421 11816 10345 10345 10521 10991 10609 11372 10108 9046 9046 9768 9959 11357 11357 11631 0 0 0 0 9983 9983 9465 9022 7959 6699 6699 6602 7047 8100 0 0 0 0 0 0 0 0 0 0 0 0 0 0 0 5063 4592 4176 3791 3064 3064 3125 3125 3253 3253 3104 3104 3354 3048 3048 3184 2598 2598 2058 2032 2745 2481 2277 1795 1620 1719 1695 1695 1614 1207 1207 1470 1906 1906 1145 779 779 526
13235 13269 13787 14052 0 0 0 17459 0 0 0 0 10820 12421 10495 10495 12268 10991 10521 10552 10609 10144 10108 9853 9853 9959 10664 10891 11947 11631 0 0 0 10816 9655 9465 8399 7959 7713 7713 6602 8119 8119 0 0 0 0 0 0 0 0 0 0 0 0 0 0 0 0 4176 3791 3330 2959 3341 3287 3287 3456 3234 2961 2443 3354 2304 2273 2181 2117 2117 2252 3109 3109 2832 2277 2110 1795 2348 2105 2105 1600 1600 1916 1470 1470 1145 1071 1071 526 784
13853 13853 14003 13787 0 0 0 0 0 0 0 18896 12785 12785 13475 13475 12268 11842 10552 10540 12235 11219 10144 9488 9855 10330 10664 10891 11780 11947 0 0 0 10816 11224 9655 8600 8399 6667 6667 5734 5734 8145 8720 0 0 0 0 0 0 0 0 0 0 0 0 0 0 0 4824 3330 2959 3341 3341 4120 4120 3456 3234 2961 2443 2767 2273 2304 2181 2627 2252 5387 2867 2832 2829 2829 2337 2110 2348 1910 2008 2008 1916 1400 1062 1048 1048 957 957 790 784
14879 14003 14327 14476 14476 0 0 0 0 13830 12942 12334 12334 0 0 0 14863 12140 11842 10540 11843 12235 11219 9488 9855 9855 10330 11041 11780 0 0 0 0 11224 11164 10569 8600 8785 7596 7634 7634 8540 8720 8145 0 0 0 0 0 0 0 0 0 0 0 0 0 0 4824 4683 4279 2989 3493 3515 3515 3761 3761 2986 2986 2767 4017 3469 3469 3444 3444 2627 2867 2671 2393 2271 2337 1894 1880 2099 1910 1450 1555 1555 1400 1140 1062 848 848 754 790 564
14879 14194 14327 14702 0 0 0 0 19244 0 13830 12942 0 0 0 0 0 0 12140 11843 12300 0 11312 11312 11059 11059 11041 12377 0 0 0 13886 0 13738 11164 10569 9427 9264 8785 7596 8540 7358 6782 0 0 0 0 0 0 0 0 0 0 0 0 0 0 0 4683 4279 3113 2989 3493 4567 4347 4347 4488 4488 4832 4832 5665 4017 3393 2971 2913 2913 2542 2671 2393 2271 1894 1880 2099 1518 1311 1450 1259 1233 1233 1040 1140 701 754 681 502 564
13227 15228 14194 14702 15177 0 0 0 0 0 0 0 0 0 0 0 0 0 0 12300 0 0 0 12276 12276 14458 12377 0 0 0 0 13886 13738 12529 12529 10926 9427 8676 9264 10045 10045 7358 6782 0 0 0 0 0 0 0 0 0 0 0 0 0 0 0 4052 4052 3113 4316 5668 5668 4567 4780 4780 4155 3829 3634 3463 3393 2971 3183 3183 2408 2542 1981 1992 1786 1694 1694 1372 1311 1518 1184 1259 1081 1040 963 846 701 803 681 502 452
15263 15228 12458 13772 15177 0 0 0 0 0 0 0 0 0 0 0 0 0 0 0 0 0 0 0 12517 12517 13017 0 0 0 0 0 11978 11617 11617 10926 9728 10043 8676 9218 9203 10152 10152 0 0 0 0 0 0 0 0 0 0 0 0 0 0 0 0 8035 4316 4188 4188 3627 3627 6067 4155 3829 3869 3634 3463 2386 2236 2236 2408 1942 1981 1992 1688 1786 1209 1372 1294 1294 1184 1082 1081 860 963 826 846 803 461 443 443 323
15263 14525 12458 13772 13994 17966 0 0 0 0 0 0 0 0 0 0 0 0 0 0 0 0 0 0 0 0 13017 0 0 0 15144 11726 12261 11978 11802 10693 10043 9728 8957 9218 9203 0 0 0 0 0 0 0 0 0 0 0 0 0 0 0 0 0 0 0 0 4750 4073 3452 4324 4324 4548 4517 3869 2512 3160 2386 1968 1968 1942 1885 1885 1688 1639 1209 1167 1167 1301 1301 1082 1165 1002 860 826 545 468 461 348 443 323 306
15260 15260 14525 13509 12332 13994 0 0 0 0 0 0 0 0 0 0 0 0 0 0 0 0 0 0 0 0 0 0 0 0 12069 11726 12261 11915 11802 10693 10187 8957 9796 10243 11272 11272 0 0 0 0 0 0 0 0 0 0 0 0 0 0 0 0 0 0 0 4750 4750 4073 3452 5275 4548 4517 4278 3311 2512 3160 2139 1945 1945 1771 1771 1639 5354 1328 1182 1182 1163 1163 1165 1002 812 812 847 545 527 468 433 348 306 319
14814 14953 14521 12332 13509 17383 0 0 0 0 0 0 0 0 0 0 0 0 0 0 0 0 0 0 0 0 0 0 0 12708 12069 11288 11288 11915 9242 9761 10187 9796 10243 10342 11272 0 0 0 0 0 0 0 0 0 0 0 0 0 0 0 0 0 0 0 0 0 4871 3511 3511 5275 4631 4278 4149 3311 2370 2251 2294 2139 1721 1815 1303 1381 1381 1036 1328 994 840 840 859 859 933 933 618 847 343 527 385 433 265 265
13723 14930 14953 14521 15194 0 0 0 0 0 0 0 0 0 0 0 0 0 0 0 0 0 0 0 0 0 0 0 0 12708 11835 10747 11202 11202 9242 9761 7503 7503 10342 10949 12308 0 0 0 0 0 0 0 0 0 0 0 0 0 0 0 0 0 0 0 0 0 4871 4189 4189 4631 4519 4472 4149 2370 2251 2142 2294 1721 1815 1226 1226 1303 1088 1036 850 994 702 702 731 731 713 713 471 618 379 343 385 228 228 240
13723 14282 14930 15194 15666 0 0 0 0 0 0 0 0 0 0 0 0 0 0 0 0 0 0 0 0 0 0 0 0 12422 11835 10747 10331 8689 9045 9045 9861 9486 10949 10643 12308 0 0 0 0 0 0 0 0 0 0 0 0 0 0 0 0 0 0 0 0 5148 5148 4031 3838 4519 4472 3536 3132 3132 2142 1849 1915 1405 1405 1173 1173 1088 1064 850 835 835 851 577 577 491 491 471 427 427 379 301 309 309 399 359
14381 14282 15514 15666 13944 0 0 0 0 0 0 0 0 0 0 0 0 0 0 0 0 0 0 0 0 0 0 0 0 12547 12422 10331 7775 8689 8207 9861 9681 9486 10643 13396 0 0 0 0 0 0 0 0 0 0 0 0 0 0 0 0 0 0 0 0 0 5148 4657 4031 3838 3952 3952 3607 3536 2717 2011 1915 1849 1284 1284 1130 1130 1064 1017 1017 833 833 851 552 552 451 314 314 320 320 301 706 362 362 538 399
14680 14381 15514 13578 13944 0 0 0 0 0 0 0 0 0 0 0 0 0 0 0 0 0 0 0 0 0 0 0 0 12547 11182 9951 7775 8207 8601 8601 7519 9681 0 0 0 0 0 0 0 0 0 0 0 0 0 0 0 0 0 0 0 0 0 0 5722 4898 4657 3739 4273 3944 3607 3525 3525 2717 2011 1972 1715 1266 1089 916 916 1118 1118 808 1063 1063 745 950 451 470 470 341 341 486 6213 706 579 579 538 5664
13852 14680 13220 15853 13578 0 0 0 0 0 0 0 0 0 0 0 0 0 0 0 0 0 0 0 0 0 0 0 0 11182 11627 9951 7951 11845 8712 9656 7519 12082 0 0 0 0 0 0 0 0 0 0 0 0 0 0 0 0 0 0 0 0 0 0 5722 4898 4321 4273 3739 3653 3944 3115 2552 2438 1972 1715 8794 1490 1266 1089 1446 1446 955 955 808 747 745 648 950 419 439 818 486 565 565 724 571 571 555 555
16366 13852 13220 15719 15853 0 0 0 0 0 0 0 0 0 0 0 0 0 0 0 0 0 0 0 0 0 0 0 13022 11627 9977 7951 8851 8712 7633 7633 9656 12082 0 0 0 0 0 0 0 0 0 0 0 0 0 0 0 0 0 0 0 0 0 0 0 4738 4321 4025 3653 3790 3115 2690 2552 2298 2438 1918 1490 1256 768 1934 1052 1052 983 983 673 535 747 648 419 439 561 818 842 1008 1008 729 724 583 583 700
20804 16240 15719 15663 17344 0 0 0 0 0 0 0 0 0 0 0 0 0 0 0 0 0 0 0 0 0 12295 0 11638 9748 9977 9615 9615 8851 9788 11018 15794 0 0 0 0 0 0 0 0 0 0 0 0 0 0 0 0 0 0 0 0 0 0 0 5240 4738 5959 4025 3790 2955 2690 2446 2113 2298 1921 1918 1197 768 1256 832 1934 785 711 673 646 535 479 349 447 561 732 732 842 1010 1010 1013 729 748 556 717
0 16553 16240 15663 15980 0 0 0 0 0 0 0 0 0 0 0 0 0 0 0 0 0 0 0 0 0 0 11638 9748 8790 8790 8811 9882 9788 11018 15794 0 0 0 0 0 0 0 0 0 0 0 0 0 0 0 0 0 0 0 0 0 0 0 0 5240 4428 4035 3823 3590 2955 2446 2113 2012 1931 1921 1235 1190 1197 6297 832 785 711 711 646 463 479 349 447 678 678 1309 1473 1247 1247 1013 1156 748 556 740 589
0 0 16553 14245 15980 18533 0 0 0 0 0 0 0 0 0 0 0 0 0 0 0 0 0 0 0 0 0 10956 9839 9839 10724 8811 9882 14313 0 0 0 0 0 0 0 0 0 0 0 0 0 0 0 0 0 0 0 0 0 0 0 0 8248 4465 4428 4035 3823 3590 2774 2774 2825 2280 1931 2012 1399 1190 1235 829 966 966 901 606 606 749 463 572 572 726 986 986 1309 1473 1648 1109 1109 1156 881 881 589 740
0 0 22432 15479 14245 16323 17364 0 0 0 0 0 0 0 0 0 0 0 0 0 0 0 0 0 0 0 0 10956 10282 10475 10724 11000 11000 0 0 0 0 0 0 0 0 0 0 0 0 0 0 0 0 0 0 0 0 0 0 0 0 0 4704 4465 4542 4063 3227 3227 2889 2825 2280 1641 1641 1461 1255 1399 1249 829 816 658 658 901 749 496 703 671 726 1015 1239 1239 1532 1648 1563 1668 1109 1261 1202 959 959 876
0 0 16878 15479 15010 16323 17364 0 0 0 0 0 0 0 0 0 0 0 0 0 0 0 0 0 0 0 13695 10282 9538 10475 10336 10336 12329 0 0 0 0 0 0 0 0 0 0 0 0 0 0 0 0 0 0 0 0 0 0 0 0 4704 4480 4542 4063 3580 3580 2889 2993 2102 1824 2202 2202 1461 1255 1249 868 810 816 7502 499 499 496 703 1439 671 1015 1203 1203 1455 1509 1532 1563 1668 1261 1435 1435 1202 1374 1032
0 0 16878 15924 13599 15010 16389 0 0 0 0 0 0 0 0 0 0 0 0 0 0 0 0 0 0 0 10762 8511 9538 9341 9479 10640 0 0 0 0 0 0 0 0 0 0 0 0 0 0 0 0 0 0 0 0 0 0 0 0 5766 4480 3677 2861 2437 2437 2840 2840 2993 1824 2102 2140 1451 1451 1003 688 863 868 810 543 1066 752 752 1439 1696 1696 1510 1510 1455 1509 1780 1780 1838 1838 1847 1775 1775 1674 1374 1267
0 0 15928 15924 17213 13599 16389 18116 0 0 0 0 0 0 0 0 0 0 0 0 0 0 0 0 0 0 10762 8511 9341 9479 10640 0 0 0 0 0 0 0 0 0 0 0 0 0 0 0 0 0 0 0 0 0 0 0 0 7167 5766 3677 4449 2861 2075 2351 2146 2146 1670 2400 2400 1556 2140 1417 1132 1003 688 863 1029 1171 543 1066 1113 1560 1560 2155 1329 1329 1680 2195 2195 1993 1993 1847 1988 1988 1674 2949 2002 2002
18192 18192 15928 17018 17213 15635 16785 18116 21617 0 0 0 0 0 0 0 0 0 0 0 0 0 0 0 0 0 10310 9406 9582 9582 11105 0 0 0 0 0 0 0 0 0 0 0 0 0 0 0 0 0 0 0 0 0 0 0 7167 5370 3624 3624 4449 2805 2075 2351 2146 1776 1670 1888 1888 1556 1587 1587 1417 1132 559 712 712 1029 1171 1113 1567 1567 1767 2326 2155 1680 1774 1774 2331 2545 2545 2655 2655 2974 2949 3142 3142 2398
18192 18017 17018 16951 15708 15708 15635 16785 16268 0 0 0 0 0 0 0 0 0 0 0 0 0 0 0 0 0 10310 9406 9577 9577 11105 0 0 0 0 0 0 0 0 0 0 0 0 0 0 0 0 0 0 0 0 0 0 5715 5715 3239 5370 4438 4438 2805 6000 2049 1503 1766 1776 1285 1373 1363 1220 1271 1271 1045 830 559 873 1054 1429 1429 1622 1767 2359 2359 2326 2428 2428 2331 2613 2613 3012 3012 2974 3247 2712 2712 3532 3068
0 18994 18017 16951 16681 15393 15369 15369 16268 20272 0 0 0 0 0 0 0 0 0 0 0 0 0 0 0 0 0 10564 9583 10743 10743 0 0 0 0 0 0 0 0 0 0 0 0 0 0 0 0 0 0 0 0 0 5380 5380 3239 4862 4862 2454 2082 2082 2156 1503 2049 5582 1766 1285 1373 1363 949 1220 1045 830 781 873 1054 1477 1700 1622 1683 1683 2245 2245 2508 2508 2538 2538 2729 2729 3394 3394 3939 3247 3454 3801 3532 3276
0 18994 18419 18419 16681 15315 15393 14174 17738 19025 0 0 0 0 0 0 0 0 0 0 0 0 0 0 0 0 11611 10564 9583 10743 0 0 0 0 0 0 0 0 0 0 0 0 0 0 0 0 0 0 0 0 0 0 5380 4559 5134 4033 2454 2417 2272 2156 1793 1664 1755 1755 1454 1454 1185 1028 949 1141 855 781 1051 1257 1477 1700 1949 2317 2217 2385 2584 2724 3457 3310 3310 4148 3927 3927 3538 3538 3974 3939 3454 4293 3801 4484
0 18856 18661 18661 16016 15315 15780 14174 17738 19025 0 0 0 0 0 0 0 0 0 0 0 0 0 0 0 0 9870 11611 11097 0 0 0 0 0 0 0 0 0 0 0 0 0 0 0 0 0 0 0 0 0 0 5113 4559 3545 5134 4068 4033 2417 2272 1793 1664 1664 1594 1594 1519 1454 1185 1028 1018 855 1141 1051 1257 1756 2057 1949 2317 2217 2385 2584 2724 3410 3457 4294 4148 4218 3888 3888 4666 3866 3974 4404 4404 4293 4667 3985
19171 18856 18856 17379 16016 15780 16060 17417 18706 0 0 0 0 0 0 0 0 0 0 0 0 0 0 0 0 0 11082 9870 10323 0 0 0 0 0 0 0 0 0 0 0 0 0 0 0 0 0 0 0 5277 5194 5113 4375 3756 3545 4068 2009 1784 1784 1754 1754 1728 1728 1514 1514 1376 1519 1076 1121 1018 1398 1398 1476 1476 1756 2057 2602 2775 3222 2692 4335 3410 4016 4016 4857 4294 4935 4218 4666 4354 3866 3940 3453 4250 4250 4247 4667
19171 18657 17379 16937 17117 17117 16060 17417 18706 0 0 0 0 0 0 0 0 0 0 0 0 0 0 0 0 0 11082 8117 10323 0 0 0 0 0 0 0 0 0 0 0 0 0 0 0 0 0 0 5277 5194 4886 4749 3756 4375 2576 2009 1953 1953 1195 2418 3635 3635 1908 1908 1376 1079 1076 1121 1431 1592 1598 1598 2046 2046 2086 2086 2775 2602 3222 2692 4335 4796 4796 5098 4857 4935 4702 4802 4454 4354 4227 4227 3940 3453 3598 3598 4247
