output/owners.asc
NCOLS 638
NROWS 825
XLLCORNER -2985163.8955
YLLCORNER -3022031.214
CELLSIZE 10000
NODATA_value 0
[rows 228 to 284 of 825, columns 96 to 191 of 638]
0 0 0 0 0 0 0 0 0 0 0 0 0 0 0 0 0 0 21651 22039 21108 21108 21042 21936 22912 21960 21237 22323 21514 21514 22060 22060 21964 22408 21472 21272 21479 21760 16356 20639 21082 22070 24845 21810 20939 27888 20718 21731 21100 21100 22284 22259 21723 21723 22994 22682 23413 23413 22872 23305 22838 27335 23223 22435 20853 21888 22507 22214 20034 19815 21298 21086 20073 20073 17270 18541 20167 19451 19120 19067 19067 19157 19157 18745 18745 17246 21349 20134 20134 21374 21169 23891 19764 19050 18095 17976
0 0 0 0 0 0 0 0 0 0 0 0 0 0 0 0 0 0 0 21651 20638 20638 21042 21903 21960 21023 21237 22323 21190 21468 21468 20950 21823 21964 21916 21272 21391 21760 18981 21082 21693 22070 21810 20939 20555 20820 20718 20945 22258 22643 27065 22284 20287 22994 22975 20981 23444 23444 23332 23332 23305 22838 22490 22127 21888 23208 22214 21983 21400 20034 21451 20953 21086 20073 18765 19316 20167 20674 19338 18286 19728 19728 19136 19118 18790 18230 19494 19252 19252 21374 20850 21169 20306 19050 18914 17976
0 0 0 0 0 0 0 0 0 0 0 0 0 0 0 0 0 0 0 26905 21660 21883 21024 21024 21903 21023 19673 20469 21284 21190 20950 21358 21823 22330 21916 20920 21391 18981 23002 23002 21693 25990 21359 20555 20820 21130 20945 22258 22436 22643 24065 24065 20287 22975 23849 18490 20981 23417 25118 23092 23308 22490 21906 22127 22127 23208 22968 21983 21400 21186 20953 21451 20813 18765 19316 19915 20674 19338 18286 18772 18772 17814 19118 19136 18790 18230 19494 17880 20530 20530 19481 20850 21187 20306 18914 19467
0 0 0 0 0 0 0 0 0 0 0 0 0 0 0 0 0 0 0 0 21883 21660 20363 22014 22014 20780 19673 20560 20469 21284 20737 21460 21358 22330 22311 20920 22035 22035 20622 21750 22232 20358 20358 21359 21275 21275 21130 22546 22546 22436 22723 22723 21607 21607 23849 23813 18490 23417 25118 23092 23308 15244 21331 21906 28450 23046 22968 22372 21457 21457 21186 29482 21399 20813 19733 19915 20407 19622 18775 19137 17814 18621 18694 17888 17888 18418 17880 21458 21376 19481 21474 21579 20841 21187 19467 19937
0 0 0 0 0 0 0 0 0 0 0 0 0 0 0 0 0 0 0 0 0 22125 20363 21351 23514 20780 21267 19230 20560 20737 20829 20829 21460 24904 22183 22311 21628 21628 20622 22232 21750 21511 21658 22128 20071 20071 22312 23405 22641 22641 23048 23349 23349 22704 23813 24105 23594 23594 24049 24235 22929 15244 21331 23356 23046 21548 22668 22249 22372 21845 20607 22161 21399 19151 19733 20407 19622 19821 19137 18775 19698 19698 18621 18694 18418 21611 21458 20911 20454 21376 21474 21344 21579 20841 20465 19937
0 0 0 0 0 0 0 0 0 0 0 0 0 0 0 0 0 0 0 0 0 22125 20962 21351 21212 21802 21932 21267 19230 20105 20614 21790 21790 22719 21163 22183 21539 21561 21561 21955 21955 21511 21658 22128 22239 22239 22312 23568 23405 23048 24387 24293 24293 22704 26052 24105 23616 24138 24049 24235 22929 22771 22771 23356 21548 22668 23053 23053 22249 21845 20607 22161 19491 19151 20556 22072 25992 21101 19821 20424 19864 19024 19024 21164 20297 21611 20911 20323 20323 20454 21344 20691 20691 20465 20837 20325
0 0 0 0 0 0 0 0 0 0 0 0 0 0 0 0 0 0 0 0 0 0 20962 20962 21802 21212 21932 21932 21848 20614 20105 20658 22719 21163 20019 25744 21197 21539 22093 22093 22478 22478 22194 22194 22610 22610 23568 23494 23494 23451 24387 23441 23680 23680 23866 23616 24108 24138 24247 24247 23324 22238 22238 21915 21542 23178 23178 22537 22684 22213 21432 21432 19491 20723 22072 20556 20826 20525 21101 20757 20424 19864 21164 21506 21506 20297 20089 20089 19965 19965 19354 19354 19459 19459 20837 21183
0 0 0 0 0 0 0 0 0 0 0 0 0 0 0 0 0 0 0 0 0 0 0 22356 22356 20227 20227 21848 22054 20937 19910 20658 22373 22299 20019 21913 21197 26512 21615 21615 22203 22937 22937 22640 22530 23105 23448 23740 23740 23451 23441 23599 23599 23866 24141 24108 24144 24016 24016 23777 23324 22657 21856 21915 21542 23174 27040 22684 22537 22612 22213 21280 20503 20723 20540 20880 20826 20525 20757 20087 20087 19196 19196 20779 20164 19789 19789 25380 21055 21055 20758 21278 21278 25583 21183 21809
0 0 0 0 0 0 0 0 0 0 0 0 0 0 0 0 0 0 0 0 0 0 0 0 0 25043 22336 22336 22054 20937 19910 20522 22373 22299 21913 26513 21416 21416 22048 21354 21015 22203 22640 22683 23105 22530 23109 23448 23832 24142 23155 23155 23742 24097 24141 23334 24144 24417 24417 23777 22657 21856 22221 22221 22762 19281 23174 19085 28598 22612 21279 20503 21280 20540 21714 21714 20880 20661 19353 18614 19223 19223 20915 20779 20164 20516 20516 19639 19690 20758 19792 19792 20157 20157 20552 21809
0 0 0 0 0 0 0 0 0 0 0 0 0 0 0 0 0 0 0 0 0 0 0 0 0 0 0 0 22143 22143 20522 21286 27767 21777 21777 22439 21825 21825 21354 22048 21015 21640 21640 22683 23279 23109 23311 23819 24142 23832 23779 23553 23742 24097 24169 23036 23334 22679 22679 23167 23167 22993 22241 22762 22622 19281 23176 19085 21830 22112 21279 21796 21795 21795 21388 21388 20661 19353 18614 19590 19590 25008 20296 20915 21746 19121 19121 19639 19690 20822 20822 20748 20748 20552 20908 20908
0 0 0 0 0 0 0 0 0 0 0 0 0 0 0 0 0 0 0 0 0 0 0 24115 0 0 30533 0 0 0 21286 22115 22115 22745 22745 26311 22439 22783 22783 21011 21011 22117 22327 22582 22582 23279 23311 23819 23661 23661 23553 23779 23125 24169 23036 23036 23135 23135 23396 23385 23283 22993 22241 22622 23486 26592 23176 22294 22112 21830 21796 22185 21795 20509 20745 20745 21090 20177 20177 19899 19704 19572 19572 20296 21746 21299 21299 21758 21758 22061 21907 20971 20886 20886 22034 21734
0 0 0 0 0 0 0 0 0 0 0 0 0 0 0 0 0 0 0 0 0 0 0 0 0 0 0 0 0 0 0 28737 22690 22690 21923 22397 22397 22367 21244 21244 22117 22327 22681 23149 22896 22896 23684 25424 25424 0 24846 23380 23636 23125 22860 24586 24586 23396 23396 23385 23283 23097 23097 23055 23486 23051 23051 22294 22141 24177 22185 21425 20509 19975 19975 21328 21090 19974 21076 19704 19899 21315 20934 22978 22142 21610 22706 22859 23011 21907 22061 20971 21342 25383 21734 22034
0 0 0 0 0 0 0 0 0 0 0 0 0 0 0 0 0 0 0 0 0 0 0 0 0 0 0 0 0 0 0 0 0 22852 22852 21923 22815 22367 21928 21928 22383 22383 22681 23149 22879 22879 22796 23684 24700 24846 24821 23380 23636 22860 27014 24491 24536 24536 24114 24114 23044 22786 22786 23055 20533 22111 22111 22141 22326 22326 22076 21507 21425 21773 21328 20692 19571 20380 19974 21076 21315 20934 22978 22142 21610 22706 22859 22635 22575 23011 20778 21342 20984 22051 22051 20960
0 0 0 0 0 0 0 0 0 0 0 0 0 0 0 0 0 0 0 0 0 0 0 0 0 0 0 0 0 0 0 0 0 23603 23603 22165 22815 22493 22493 22463 22463 23179 23179 24767 23266 23363 22796 23673 24289 24700 24821 24900 24559 24559 24491 24156 24536 21958 23500 23044 22062 22062 21696 21696 20533 21443 21443 21464 21464 22554 22076 21986 21507 21773 20692 19571 20380 20875 21327 21327 22918 22467 21671 21671 23591 23591 26199 22635 22575 22000 20778 22651 20984 20609 20609 21847
0 0 0 0 0 0 0 0 0 0 0 0 0 0 0 0 0 0 0 0 0 0 0 0 0 0 0 0 0 0 0 0 0 25665 25665 22165 22500 21160 23186 23186 23919 23919 24767 24475 23363 23266 22956 23670 23673 24289 25885 0 24900 24682 24156 24469 23759 21958 23500 28812 23122 22157 23560 23560 22664 22441 22441 22225 21185 22554 21873 21873 21986 22878 21387 20933 22536 20875 22465 22465 22918 22467 21655 22714 23772 23450 23450 23261 22000 22341 27039 22651 22080 21699 22399 21847
0 0 0 0 0 0 0 0 0 0 0 0 0 0 0 0 0 0 0 0 0 23242 26696 23556 0 0 0 0 0 0 0 0 0 23569 23365 22500 22262 21160 24599 24599 23926 23926 25035 25035 24475 24337 23670 22956 24285 24630 26242 0 0 24682 24095 24469 23837 23759 23641 23280 23122 22157 21115 22664 22664 22350 22350 22225 21200 21185 20102 21356 22227 22878 21387 20933 22536 23190 23190 22337 24703 21655 22714 23772 25116 23434 23434 23281 23261 23029 22341 22080 21699 22399 23129 22460
0 0 0 0 0 0 0 0 0 0 0 0 0 0 0 0 0 0 0 0 0 23242 23556 0 0 0 0 0 27528 24297 0 0 23569 21858 23365 22262 21864 22820 23126 25038 25038 24027 24704 0 0 24556 24337 24285 24334 24630 25087 25956 0 26042 24095 23837 23718 23641 23280 23164 23164 22097 22594 22594 21811 21811 21313 21200 20350 20102 21356 22227 22522 22522 18487 18487 22455 22455 22337 24703 22942 23700 24204 25116 24325 23395 26096 23281 23029 21235 22359 22359 23374 23129 22460 23013
0 0 0 0 0 0 0 0 0 0 0 0 0 0 0 0 0 0 0 0 23152 24219 24219 0 0 0 0 0 0 24297 23394 22691 21858 23212 23212 22138 22451 21864 22820 23126 24452 24310 24027 24704 24889 25051 24556 24334 25165 25087 25816 25956 25602 26042 24614 24614 28217 23718 24356 24229 23496 21875 22097 22597 22597 21313 21313 20350 21102 21952 21952 23235 23235 23551 23570 22236 23259 23259 23162 22942 22742 23700 23700 24204 22352 24325 23395 22131 21202 21235 23307 22381 22291 23374 22476 22476
0 0 0 0 0 0 0 0 0 0 0 0 0 0 0 0 0 0 0 0 23152 0 0 0 0 0 0 0 0 23054 23394 22691 23071 23071 22569 22451 22138 22772 22763 23467 23060 24452 24310 24422 24889 25051 24454 24413 24965 25165 25816 22022 25602 20018 24483 24472 23829 23829 24356 24229 23496 23496 21875 22092 22092 22458 21098 21098 21102 22285 24039 22100 22100 23570 23551 22236 23322 23322 23162 22742 23844 23457 23058 23058 22352 32266 22164 21202 22131 21070 22381 23307 23028 22278 22278 22919
0 0 0 0 0 0 0 0 0 0 0 0 0 0 0 0 0 0 0 0 0 0 0 0 0 0 0 0 0 0 23054 24727 23753 23753 23627 22569 22772 23148 23467 22763 23060 23171 24290 24290 24422 24454 24413 24817 24965 24968 26000 22022 20018 25542 24472 24483 24398 28610 24775 24626 23648 24612 24612 22962 23471 22863 22458 22282 22285 23184 24039 28997 23826 23737 24254 23688 23688 23950 24575 24276 23844 23457 23431 23431 22345 24280 23743 22164 22756 21070 22124 24489 23028 21652 21071 22919
0 0 0 0 0 0 0 0 0 0 0 0 0 0 0 0 0 0 0 0 0 0 0 0 0 0 0 0 0 0 0 24727 23952 23627 23181 23181 24692 22692 23148 21890 22620 23171 24627 24627 24150 24118 24118 23734 24817 24968 26000 25577 25668 25542 24942 24942 24398 24107 24775 24626 23648 22440 22962 23613 23471 22863 22282 21771 28454 23377 23184 23826 23737 24251 23618 24254 24354 23950 24276 24575 24801 24801 27725 23582 22345 24280 23743 23248 22756 21976 24489 22124 21652 23518 21071 22981
0 0 0 0 0 0 0 0 0 0 0 0 0 0 0 0 0 0 0 0 0 0 0 0 0 0 0 0 0 0 0 0 23790 23952 23595 22732 23351 22969 22692 21890 22423 22620 23980 23980 24150 24263 23734 24851 24851 25086 25085 25668 25577 27816 25392 24791 24791 24107 24486 24328 22421 22421 22440 24132 23613 22523 21771 23793 23793 23377 23462 23462 24251 23618 24806 24354 24518 24518 25081 25081 24534 24534 23582 22499 22499 24566 20727 23248 21976 23823 23532 23237 22837 23667 23518 22398
0 0 0 0 0 0 0 0 0 0 0 0 0 0 0 0 0 0 0 0 0 0 0 0 0 0 0 0 0 0 0 0 24259 23790 22732 23595 23351 22997 22969 22423 22887 23638 23638 23676 24217 24263 24091 24294 24298 24298 25086 25085 25206 25392 25846 20369 20369 24486 24328 23612 23509 23509 24132 22998 22998 22523 23421 23998 23998 24508 23915 23915 24669 24806 21296 21296 24346 24621 24591 24591 24482 24283 23376 23376 24172 20727 24566 24554 24374 23532 23823 25327 23237 22837 23667 22398
0 0 0 0 0 0 0 0 0 0 0 0 0 0 0 0 0 0 0 0 0 0 0 0 0 0 0 0 0 0 0 0 23537 24259 24021 22688 22688 23845 22997 23423 22887 22349 22202 23290 23676 24217 24690 24091 24294 24975 24975 26269 26269 25206 25846 25365 25147 24906 24301 24277 23612 23539 22667 23203 23203 24082 27148 23421 24548 24548 24508 24307 24669 24113 24113 24346 24621 25547 25547 25198 24482 25083 24283 24172 23040 23040 24446 25468 24554 24374 25327 24368 24031 23815 29300 23132
0 0 0 0 0 0 0 0 0 0 0 0 0 0 0 0 0 0 0 0 0 0 0 0 0 0 0 0 0 0 0 26080 23635 23537 24021 23644 23644 23845 23423 23150 23150 22349 23290 22202 23993 23993 24407 24690 25836 25836 26021 27606 26217 25686 26698 25365 25147 24906 24301 24277 23539 23767 23659 22667 23521 22906 24082 23862 23862 24228 24562 24307 24867 25289 25289 24655 24655 25742 22746 25198 25083 23834 23834 22678 22678 24446 25468 25760 25306 24194 24368 24368 24488 24031 23815 23188
0 0 0 0 0 0 0 0 0 0 0 0 0 0 0 0 0 0 0 0 0 0 0 0 0 0 0 0 0 0 0 24168 23035 23635 25288 25288 23730 23730 23021 23685 24043 24043 23912 21573 21573 24407 23583 24901 24901 26021 26021 26217 24982 25686 25345 25393 25393 24680 24940 24271 24640 24640 23767 23659 23521 22906 23358 23750 24228 24562 24854 24854 24867 25446 25289 25661 25742 26157 28378 22746 22626 23987 23987 24300 24300 26778 25413 25760 25306 24194 25459 25047 25024 24488 24352 24352
0 0 0 0 0 0 0 0 0 0 0 0 0 0 0 0 0 0 0 0 0 0 0 0 0 0 0 0 0 0 0 24168 23035 23196 24748 25288 25161 23806 23021 23195 23685 25917 23912 24849 24007 24201 23583 24533 24617 25015 30798 25787 24982 25708 25345 25333 25333 24680 24940 24271 24203 24319 24319 29051 22567 23358 23096 23750 23754 24689 25041 25041 24355 25446 25462 25661 26182 25745 26157 22626 24888 24179 26129 26129 26549 25413 26778 25417 24313 24313 25459 25511 25047 25024 24728 24511
0 0 0 0 0 0 0 0 0 0 0 0 0 0 0 0 0 0 0 0 0 0 0 0 0 0 0 0 0 0 0 26124 24024 23196 24748 24705 25161 23806 23249 23195 24787 25917 24849 25285 24201 24007 24838 24617 24533 25015 23937 23937 25787 25708 25783 25064 25064 24605 25023 25023 24386 24203 23202 22567 23984 23096 24237 23833 23754 24689 24802 24355 26099 25462 26205 26205 26265 26182 25745 24888 26019 26019 24179 26549 26214 25887 23382 25417 25132 25132 26044 26825 25511 27102 24728 24511
0 0 0 0 0 0 0 0 0 0 0 0 0 0 0 0 0 0 0 0 0 0 26679 0 0 0 0 0 0 0 0 0 25975 24024 24705 24705 25412 24308 24308 23249 24787 26070 25285 26272 24424 24838 24988 24116 24752 24752 23846 27717 27717 26002 25783 26970 23173 24605 26006 25676 24945 24386 23082 23202 24022 23984 23833 24237 24485 24741 24802 26099 26643 26612 26443 26265 26765 25048 25048 27222 23615 25757 24143 26049 26214 25887 23382 25483 25483 25291 26044 26825 26094 24972 24972 25249
0 0 0 0 0 0 0 0 0 0 0 0 0 0 0 0 0 0 0 0 0 0 0 26679 0 0 0 0 0 0 0 0 25975 24687 24687 24830 24830 25412 25618 24505 24505 25643 26070 26272 24424 24745 24988 24116 24403 24403 25100 23846 25443 26002 25965 26466 23173 26006 24878 25261 25676 24945 24600 23082 24022 24389 24389 24485 24741 25679 25679 26643 26681 26443 26612 26765 24799 24799 27222 23615 25757 24143 26049 26049 27208 23728 26997 25826 25291 25894 26360 26779 26323 26094 25249 25278
0 0 0 0 0 0 0 0 0 0 0 0 0 0 0 0 0 0 0 0 0 0 0 24152 24152 24694 0 0 0 0 0 0 24897 24897 25681 25765 25765 27711 27711 25618 24636 25643 25768 25768 25510 24745 24745 24820 25294 23880 24997 25100 25406 25443 26466 25965 26048 26789 26531 24878 25261 25286 25286 24600 25021 25273 24291 24291 24794 25197 26570 26681 27256 27256 28487 26383 26083 26083 25906 25906 27086 25005 27383 27208 24066 26997 23728 25826 25405 25894 26360 26779 26323 25754 25754 26557
0 0 0 0 0 0 0 0 0 0 0 0 0 0 0 0 0 0 0 0 0 0 0 0 24609 24609 24685 0 0 0 0 0 0 25681 23863 26859 26246 25353 24777 24636 24636 25173 24375 24375 25463 25510 24820 25294 24786 23880 24997 25406 25133 26401 26401 26048 26163 26164 26789 26531 25926 25926 26342 25021 25273 25669 25669 24794 25410 25197 26570 26799 26166 26166 25637 25637 26383 25255 25255 0 25005 27086 27383 27252 24066 24766 24766 25405 24876 24876 27056 26468 26468 27066 26856 26557
0 0 0 0 0 0 0 0 0 0 0 0 0 0 0 0 0 0 0 0 0 0 0 0 0 24685 0 0 0 0 0 0 0 28069 23863 25497 26246 24777 25353 22959 24042 25173 24375 25463 25324 25144 23791 25212 24786 24757 24757 25133 26211 25901 25361 26163 26164 26576 26604 26399 26525 26525 26312 26342 23601 23601 25752 25752 25410 26091 26799 26484 25407 25613 25613 26735 26747 26747 0 27451 27451 0 28251 27123 27252 27224 27218 26435 27008 27008 26785 27056 27066 27066 26856 26595
0 0 0 0 0 0 0 0 0 0 0 0 0 0 0 0 0 0 0 0 0 0 0 0 0 0 33223 0 0 0 0 0 0 26132 25497 24991 24391 24907 26022 24042 22959 23946 24089 23497 25144 25324 23791 25212 25596 25596 25719 25734 26211 25361 25901 26439 26576 26576 26604 26749 27459 26542 26312 26032 26926 26362 24447 26213 26213 26091 26484 25407 26546 26462 26735 27692 26747 0 0 0 0 0 27524 28251 27123 27224 27218 26435 26545 26785 27504 27504 27255 25292 26595 26423
0 0 0 0 0 0 0 0 0 0 0 0 0 0 0 0 0 0 0 0 0 0 0 0 0 0 26914 0 0 0 0 0 0 26801 26132 24991 24907 24391 26022 25776 23542 23946 24089 25519 23497 24664 24773 24773 25942 25942 25719 25734 24952 24952 26370 26370 26439 25546 26640 26749 26542 27151 26032 27012 26926 26362 26601 24447 27076 27365 26705 26546 26788 26462 27692 0 0 0 0 0 0 0 0 27524 27896 27624 26203 26545 27417 0 28349 27255 25292 27569 33805 26600
0 0 0 0 0 0 0 0 0 0 0 0 0 0 0 0 0 0 0 0 0 0 0 0 0 0 0 26914 26782 0 0 0 0 26801 26115 25892 25892 24853 25776 25148 24649 23542 24432 25519 25800 25194 24664 25063 25063 25136 25691 25262 25283 26366 26366 25897 25897 26640 25546 26114 26275 26275 27151 27397 27012 26601 26601 27892 27076 27365 27812 26705 26788 33053 0 0 0 0 0 0 0 0 0 27558 27896 26203 27624 27417 27715 27715 26597 26597 27569 0 0 27366
0 0 0 0 0 0 0 0 0 0 0 0 0 0 0 0 0 0 0 0 0 0 0 0 0 0 0 28129 26782 0 0 0 0 29449 26115 26128 26128 25139 24853 24649 25148 23681 23681 24432 26393 25800 25194 25495 25439 25136 25691 25581 25262 25283 26260 26260 25141 25141 24990 26114 26669 26828 27307 27397 27453 27453 27892 23585 27744 27744 27812 28110 0 0 0 0 0 0 0 0 0 0 0 0 27361 27361 28553 28553 0 28999 27456 28682 28682 0 0 27813
0 0 0 0 0 0 0 0 0 0 0 0 0 0 0 0 0 0 0 0 0 0 0 0 0 0 0 0 28129 0 0 0 0 0 26472 24967 24967 25139 24674 24792 28116 24750 25599 26393 28067 26719 25521 25495 26179 25439 25496 24607 25581 25732 26062 26638 27960 27960 24990 25550 26669 26828 27307 27920 26309 28108 23585 27317 27940 27489 28110 27938 27984 0 0 0 0 0 0 0 0 0 0 28478 28478 27361 0 0 0 27456 0 0 0 0 27813 27813
0 0 0 0 0 0 0 0 0 0 0 0 0 0 0 0 0 0 0 0 0 0 0 0 0 0 0 0 0 28462 0 0 0 0 26472 25423 25423 24248 24674 24792 25488 24750 25599 26731 0 0 26719 25521 26179 25611 24607 25496 25732 26062 26631 26638 26279 0 26683 25550 26986 27219 27918 27920 28108 26309 27317 27387 27489 27940 27938 27984 0 0 0 0 0 0 0 0 0 0 0 0 0 0 0 0 0 34328 0 0 0 28666 28296 0
0 0 0 0 0 0 0 0 0 0 0 0 0 0 0 0 0 0 0 0 0 0 0 0 0 0 0 0 0 0 0 0 0 0 0 28814 25762 25268 24248 25014 25488 25440 26731 0 0 0 26814 25697 24983 25611 24934 25908 26060 26631 26156 26279 26867 0 26683 26986 27219 27918 26798 26798 26783 26971 26971 27387 27389 28417 0 0 0 0 0 0 0 0 0 0 0 0 0 0 0 0 0 28184 26392 0 0 0 0 0 28296 28296
0 0 0 0 0 0 0 0 0 0 0 0 0 0 0 0 0 0 0 0 0 0 0 0 0 0 0 0 0 0 0 0 0 0 0 25563 25733 25762 25268 25418 25014 25440 26292 0 0 0 26814 26398 25697 24983 25908 24934 26060 26156 26768 26867 26867 0 27527 27159 26608 26608 26984 26485 26783 26328 26881 26881 27059 27389 28417 0 0 0 0 0 0 0 0 0 0 0 0 0 0 0 28184 26392 27701 0 0 0 0 0 0 0
0 0 0 0 0 0 0 0 0 0 0 0 0 0 0 0 0 0 0 0 0 0 0 0 0 0 0 0 0 0 0 0 0 0 0 25563 25977 25733 25366 25366 25418 25302 26292 0 0 0 0 26398 26174 25690 25735 26190 26723 26723 26768 27071 27071 0 0 27527 27159 27439 27146 26984 26485 26328 26547 27038 27059 27810 27810 0 0 0 0 0 0 0 0 0 0 0 0 0 0 0 0 27701 27532 0 0 0 0 0 0 0
0 0 0 0 0 0 0 0 0 0 0 0 0 0 0 0 0 0 0 0 0 0 0 0 0 0 0 0 0 0 0 0 0 0 0 0 25977 25839 24315 24315 25302 25491 26620 0 0 0 0 0 26174 25690 25735 26190 26651 26651 26407 27158 27158 28278 0 26862 27439 27420 27146 27023 26442 26572 27038 26547 27537 27663 28087 0 0 0 0 0 0 0 0 0 0 0 0 0 0 0 27986 27532 0 0 0 0 0 0 0 0
0 0 0 0 0 0 0 0 0 0 0 0 0 0 0 0 0 0 0 0 0 0 0 0 0 0 0 0 0 0 0 0 0 0 0 0 26548 25839 25612 25612 25491 25532 26411 26620 0 0 0 0 26709 26709 26259 26259 26417 26718 26407 27158 28278 0 0 28329 28329 27542 27420 27121 27023 26442 26572 27537 27663 27708 28087 28914 0 0 0 0 0 0 0 0 0 0 0 0 0 34202 27986 0 0 0 0 0 0 0 0 0
0 0 0 0 0 0 0 0 0 0 0 0 0 0 0 0 0 0 0 0 0 0 0 0 0 0 0 0 0 0 0 0 0 0 0 0 26548 26067 25951 25951 25532 25884 25884 26411 0 0 0 0 26973 26973 26419 26419 26417 25919 26718 27506 0 0 0 27540 27540 26887 27542 27121 27157 27157 27052 27052 27442 27708 27791 28914 0 0 0 0 0 0 0 0 0 0 0 0 0 0 0 0 0 0 0 0 0 0 0 0
0 0 0 0 0 0 0 0 0 0 0 0 0 0 0 0 0 0 0 0 0 0 0 0 0 0 0 0 0 0 0 0 0 0 0 0 0 26038 26067 25913 25215 25881 25972 26897 29645 0 0 0 0 30884 27311 26262 29401 25919 27060 27506 28193 0 28312 27714 26887 28311 28311 26976 26976 27748 27411 28055 27442 27791 27877 28124 27985 27966 27966 29087 0 0 0 0 0 0 0 0 0 0 0 0 0 0 0 0 0 0 0 0
0 0 0 0 0 0 0 0 0 0 0 0 0 0 0 0 0 0 0 0 0 0 0 0 0 0 0 0 0 0 0 0 0 0 0 0 0 26038 26494 25913 25215 25771 25881 25972 26897 0 0 0 0 0 27311 26262 25882 26618 27060 28193 27891 0 28312 27714 27434 28266 28222 27866 27385 27411 27748 28055 28175 27877 28124 28070 28889 27985 29004 29087 0 0 0 0 0 0 0 0 0 0 0 0 0 0 0 0 0 0 0 0
0 0 0 0 0 0 0 0 0 0 0 0 0 0 0 0 0 0 0 0 0 0 0 0 0 0 0 0 0 0 0 0 0 0 0 0 0 0 26494 26535 26502 25771 26345 26611 33182 0 0 0 0 0 0 25758 25882 26618 26991 25348 0 0 28538 28538 27434 28266 27814 28222 27866 27385 27704 27704 28310 28175 29283 33374 28070 28889 29004 0 0 0 0 0 0 0 0 0 0 0 0 0 0 0 0 0 0 0 0 0
0 0 0 0 0 0 0 0 0 0 0 0 0 0 0 0 0 0 0 0 0 0 0 0 0 0 0 0 0 0 0 0 0 0 0 0 0 0 27550 26535 26502 26345 25649 26611 27330 0 0 0 0 0 0 25758 26584 26307 26991 25348 0 0 0 0 28315 28852 28507 27814 28265 27922 28518 28611 28310 29283 0 0 29180 28637 28637 0 0 0 0 0 0 0 0 0 0 0 0 0 0 0 0 0 0 0 0 0
0 0 0 0 0 0 0 0 0 0 0 0 0 0 0 0 0 0 0 0 0 0 0 0 0 0 0 0 0 0 0 0 0 0 0 0 0 0 27550 26830 26830 27249 25649 26189 27330 0 0 0 0 0 0 29231 26307 26584 26762 29852 29852 0 0 0 28315 28852 28852 28507 27922 28265 28518 28611 28694 0 0 0 29180 29339 29339 28963 28963 0 0 0 0 0 0 0 0 0 0 0 0 0 0 0 0 0 0 0
0 0 0 0 0 0 0 0 0 0 0 0 0 0 0 0 0 0 0 0 0 0 0 0 0 0 0 0 0 0 0 0 0 0 0 0 0 0 0 26830 27249 27093 25932 26189 26655 0 0 0 0 0 0 0 26429 26429 26762 26982 27277 0 0 28543 28303 29062 29062 28404 27899 28535 28757 28694 28741 0 28780 28780 30329 30329 29814 29814 0 0 0 0 0 0 0 0 0 0 0 0 0 0 0 0 0 0 0 28564
0 0 0 0 0 0 0 0 0 0 0 0 0 0 0 0 0 0 0 0 0 0 0 0 0 0 0 0 0 0 0 0 0 0 0 0 0 0 0 0 0 0 27093 25932 26655 0 0 0 0 0 0 0 27201 26621 26982 27536 27277 0 29486 28543 28303 28234 28404 24589 27899 28535 28757 29218 28741 0 27597 0 0 30847 29814 30406 0 0 0 0 0 0 0 0 0 0 0 0 0 0 0 0 0 0 0 0
0 0 0 0 0 0 0 0 0 0 0 0 0 0 0 0 0 0 0 0 0 0 0 0 0 0 0 0 0 0 0 0 0 0 0 0 0 0 0 0 0 0 28021 26656 26656 0 0 0 0 0 0 0 27201 26621 26943 27536 0 0 0 28503 28234 27266 27800 24589 27954 28341 28431 29218 33351 0 29916 29916 30847 30144 30406 29367 29367 0 0 0 32767 0 0 0 0 0 0 0 0 0 0 0 0 0 0 0
0 0 0 0 0 0 0 0 0 0 0 0 0 0 0 0 0 0 0 0 0 0 0 0 0 0 0 0 0 0 0 0 0 0 0 0 0 0 0 0 0 0 0 0 31357 0 0 0 0 0 0 0 0 26943 26943 27706 28710 0 33091 28503 27266 24014 27800 28035 28341 27954 28431 29500 0 0 0 0 0 0 30144 29311 0 33723 0 0 0 0 0 0 0 0 0 31352 33179 0 0 0 0 0 0 0
0 0 0 0 0 0 0 0 0 0 0 0 0 0 0 0 0 0 0 0 0 0 0 0 0 0 0 0 0 0 0 0 0 0 0 0 0 0 0 0 0 0 0 0 0 0 0 0 0 0 0 0 0 0 0 28710 27706 28236 28579 28090 28090 27161 24014 28035 28128 28751 29500 0 0 29767 0 0 0 34015 29311 0 0 0 0 0 0 0 0 0 0 0 0 31352 0 0 0 0 0 0 0 0
0 0 0 0 0 0 0 0 0 0 0 0 0 0 0 0 0 0 0 0 0 0 0 0 0 0 0 0 0 0 0 0 0 0 0 0 0 0 0 0 0 0 0 0 0 0 0 0 0 0 0 0 0 0 0 0 27908 27908 28236 28579 27676 27161 27161 28128 28751 28861 29610 30169 0 29767 0 0 0 0 0 0 0 0 0 0 0 0 0 0 0 31986 31986 29112 29249 33562 32653 32653 0 0 32962 33025
0 0 0 0 0 0 0 0 0 0 0 0 0 0 0 0 0 0 0 0 0 0 0 0 0 0 0 0 0 0 0 0 0 0 0 0 0 0 0 0 0 0 0 0 0 0 0 0 0 0 0 0 0 0 0 0 27741 27762 27471 27471 27676 27699 27699 28126 27598 28861 30169 29610 0 29763 34068 0 0 0 0 0 0 0 0 0 0 0 0 0 0 0 32590 29112 28145 29249 33562 32036 32036 32032 31196 32175
