layers/arawak.asc
ncols         638
nrows         825
xllcorner     -2985163.8955
yllcorner     -3022031.214
cellsize      10000.0
NODATA_value  -9999
[rows 261 to 289 of 825, columns 325 to 389 of 638]
8.5923E-2 9.48857E-2 1.28673E-1 2.63739E-1 2.9372E-1 1.01018E-1 3.8156E-2 5.83745E-2 1.29E-1 2.90246E-1 3.61074E-1 1.99615E-1 9.92309E-2 6.58298E-2 2.98281E-2 6.48855E-2 1.39822E-1 1.76029E-1 1.57087E-1 4.65669E-2 2.2646E-2 2.3371E-2 1.28242E-1 1.67332E-1 9.711E-2 7.93025E-2 7.92783E-2 8.39827E-2 6.79616E-2 4.4513E-2 3.96986E-2 3.26457E-2 4.67846E-2 8.32172E-2 1.19643E-1 1.4138E-1 1.66233E-1 2.27844E-1 1.72667E-1 1.67838E-1 1.97408E-1 1.62602E-1 2.16904E-1 2.16334E-1 3.84308E-1 3.03594E-1 1.80474E-1 2.6789E-1 2.62423E-1 1.07257E-1 9.89268E-2 1.26615E-1 1.26527E-1 6.11489E-2 1.07307E-1 1.32231E-1 1.65642E-1 2.07996E-1 1.60297E-1 3.36774E-1 2.68371E-1 4.45246E-1 1.35382E-1 6.24015E-2 6.99375E-2
1.4856E-1 2.58815E-1 1.94254E-1 3.57266E-1 2.47076E-1 8.44083E-2 5.91273E-2 4.4887E-2 1.14622E-1 2.10894E-1 2.1884E-1 3.03525E-1 3.59346E-1 1.25398E-1 1.27788E-1 7.2065E-2 7.35155E-2 1.49001E-1 1.7775E-1 1.88501E-1 3.128E-2 4.24698E-2 9.35457E-2 2.72412E-2 3.62142E-2 7.0076E-2 8.95162E-2 7.65915E-2 5.51794E-2 2.81665E-2 3.70574E-2 3.94676E-2 2.92627E-2 7.0805E-2 1.14908E-1 1.27738E-1 1.40532E-1 1.27771E-1 2.42301E-1 1.80915E-1 1.52491E-1 1.46663E-1 1.90885E-1 2.44781E-1 2.00278E-1 2.72425E-1 2.55772E-1 1.73882E-1 2.37866E-1 1.20462E-1 7.39026E-2 1.47337E-1 1.99759E-1 1.49249E-1 1.0935E-1 1.22383E-1 1.25615E-1 2.7088E-1 1.00001E-1 3.27908E-1 2.87447E-1 4.13319E-1 2.53727E-1 2.26995E-1 1.28863E-1
2.2802E-1 2.839E-1 3.18898E-1 2.7577E-1 3.57488E-1 4.08222E-1 1.63228E-1 5.22533E-2 2.11664E-1 2.53886E-1 1.80607E-1 2.26435E-1 2.01112E-1 2.85442E-1 1.22287E-1 1.12908E-1 1.08468E-1 1.69192E-1 5.93505E-2 2.93187E-2 6.33205E-2 5.46302E-2 3.2905E-2 3.5523E-2 2.21813E-2 7.76923E-2 4.59695E-2 6.66197E-2 3.56573E-2 3.19826E-2 3.96221E-2 2.42494E-2 2.76386E-2 4.97103E-2 1.67516E-1 1.14026E-1 1.25849E-1 1.42332E-1 2.43568E-1 1.20928E-1 1.37189E-1 2.00833E-1 1.85339E-1 1.94831E-1 3.03084E-1 2.25159E-1 2.62711E-1 2.55802E-1 1.55153E-1 9.94181E-2 1.21275E-1 1.83504E-1 2.04227E-1 1.80172E-1 1.63422E-1 1.40928E-1 2.08243E-1 2.54004E-1 3.82597E-1 2.61239E-1 2.16192E-1 3.04233E-1 1.95949E-1 1.1696E-1 6.25123E-2
2.03266E-1 2.13631E-1 2.44573E-1 2.05655E-1 2.62065E-1 3.14289E-1 3.80544E-1 2.89506E-1 2.53608E-1 2.25298E-1 2.35715E-1 1.66484E-1 1.96828E-1 2.33468E-1 3.79258E-1 3.70558E-1 3.75675E-1 2.44608E-1 7.74025E-2 1.01355E-1 9.64229E-2 8.64581E-2 4.36074E-2 5.21121E-2 9.55101E-2 1.60946E-1 3.23321E-2 4.41315E-2 3.0868E-2 2.1081E-2 3.001E-2 2.93953E-2 3.70777E-2 5.13455E-2 1.98707E-1 2.09474E-1 2.18721E-1 1.80264E-1 1.80312E-1 1.44955E-1 1.69362E-1 1.908E-1 2.03725E-1 2.45547E-1 2.04107E-1 2.2195E-1 2.24949E-1 1.32764E-1 1.27435E-1 1.62612E-1 1.63961E-1 1.44198E-1 2.05357E-1 1.5765E-1 1.86013E-1 1.89902E-1 1.91711E-1 2.70665E-1 2.99548E-1 2.67245E-1 1.05536E-1 2.66993E-1 2.51117E-1 9.21624E-2 8.97831E-2
1.68114E-1 2.16742E-1 1.77523E-1 2.77255E-1 2.56087E-1 2.33493E-1 2.92342E-1 2.65237E-1 1.55266E-1 2.57666E-1 2.20668E-1 1.54713E-1 2.24492E-1 1.86527E-1 2.7732E-1 2.22689E-1 2.68857E-1 2.52311E-1 3.7938E-1 2.72115E-1 3.04979E-1 3.46108E-1 1.31555E-1 1.34973E-1 1.9982E-1 1.16963E-1 3.67707E-2 5.80198E-2 6.77882E-2 3.81162E-2 2.8322E-2 2.40698E-2 2.8239E-2 4.86303E-2 8.33732E-2 9.04148E-2 1.87701E-1 1.39475E-1 1.60044E-1 9.85696E-2 1.79675E-1 2.24584E-1 2.59022E-1 2.8599E-1 2.24919E-1 1.94974E-1 1.72689E-1 1.05381E-1 1.14747E-1 1.4597E-1 1.38468E-1 1.96025E-1 1.76488E-1 2.89152E-1 3.5395E-1 1.78085E-1 2.76008E-1 3.79675E-1 2.37903E-1 1.90978E-1 1.0238E-1 2.14139E-1 4.27399E-1 1.29152E-1 2.57039E-1
1.72358E-1 2.13457E-1 1.99953E-1 2.63267E-1 1.79207E-1 1.85038E-1 2.81515E-1 2.4446E-1 1.74787E-1 2.8695E-1 1.76422E-1 1.6116E-1 2.1457E-1 1.56796E-1 2.70211E-1 2.52468E-1 1.71703E-1 2.42338E-1 2.31053E-1 3.47071E-1 2.03835E-1 1.98875E-1 1.7668E-1 2.87654E-1 2.76295E-1 5.77856E-2 9.33252E-2 1.63896E-1 9.21947E-2 7.26772E-2 2.80606E-2 3.34991E-2 3.0059E-2 4.21785E-2 3.93683E-2 3.72077E-2 1.26323E-1 1.14393E-1 9.59606E-2 1.82045E-1 2.63138E-1 2.6047E-1 1.92985E-1 2.46583E-1 2.51432E-1 2.00215E-1 1.44502E-1 1.01565E-1 1.15864E-1 1.1401E-1 1.20962E-1 2.60405E-1 3.94065E-1 1.96292E-1 1.83726E-1 3.00634E-1 3.77282E-1 2.64498E-1 2.67252E-1 2.0379E-1 2.49013E-1 1.85267E-1 1.68309E-1 1.5667E-1 2.68688E-1
9.24903E-2 9.99429E-2 1.32925E-1 1.50354E-1 2.21619E-1 2.31247E-1 4.14996E-1 3.37125E-1 2.23532E-1 2.75519E-1 2.16786E-1 1.51679E-1 1.66394E-1 1.79831E-1 1.81275E-1 1.73677E-1 1.54087E-1 1.80583E-1 2.06691E-1 2.57947E-1 4.26674E-1 2.67516E-1 2.04745E-1 2.59025E-1 1.81419E-1 1.92611E-1 2.69372E-1 4.90158E-2 5.31194E-2 3.2041E-2 3.75985E-2 4.27123E-2 3.35487E-2 2.72991E-2 2.85404E-2 2.79057E-2 1.35905E-1 1.38055E-1 2.32668E-1 2.77608E-1 1.3284E-1 2.08E-1 2.12546E-1 2.06325E-1 1.57747E-1 1.60401E-1 1.41889E-1 9.90969E-2 9.7905E-2 1.08438E-1 5.86796E-1 7.22155E-1 2.68973E-1 1.29643E-1 1.99192E-1 2.05975E-1 3.15701E-1 2.91279E-1 2.63369E-1 3.60405E-1 3.68839E-1 2.16831E-1 1.36852E-1 1.37969E-1 2.87185E-1
5.454E-2 4.55045E-2 4.63597E-2 7.15591E-2 3.1581E-1 2.72764E-1 3.35566E-1 2.83736E-1 1.72148E-1 2.29533E-1 2.35408E-1 2.10035E-1 1.5636E-1 2.19811E-1 1.53064E-1 1.44365E-1 2.14432E-1 2.71817E-1 1.74568E-1 2.55103E-1 2.57464E-1 2.35696E-1 2.1822E-1 2.12802E-1 1.60742E-1 2.15029E-1 2.81443E-1 2.91502E-1 1.91062E-1 1.5211E-1 4.4286E-2 6.51071E-2 4.98201E-2 5.46861E-2 4.15619E-2 4.55847E-2 4.87914E-2 1.07738E-1 1.85653E-1 2.41717E-1 1.91544E-1 2.35966E-1 2.54543E-1 1.52901E-1 1.1286E-1 1.54095E-1 1.15208E-1 1.28648E-1 1.15333E-1 4.0228E-1 6.78626E-1 2.03561E-1 1.64601E-1 1.76107E-1 1.70042E-1 1.58693E-1 3.00804E-1 3.63169E-1 1.63963E-1 3.82572E-1 4.18239E-1 3.65991E-1 2.08421E-1 2.11638E-1 1.38334E-1
6.02308E-2 4.78313E-2 6.88659E-2 7.04417E-2 6.79566E-2 5.64556E-2 2.40127E-1 2.18186E-1 1.71934E-1 1.84691E-1 1.88739E-1 1.84654E-1 1.69842E-1 1.74063E-1 1.43625E-1 1.60917E-1 2.17557E-1 2.27791E-1 1.61153E-1 1.8085E-1 1.96095E-1 2.97111E-1 3.15701E-1 2.19495E-1 2.38087E-1 2.8486E-1 2.37287E-1 2.22925E-1 1.32357E-1 2.31891E-1 1.39401E-1 4.9149E-2 7.11578E-2 4.64987E-2 3.93975E-2 6.74836E-2 1.24251E-1 1.06589E-1 1.87722E-1 1.6395E-1 1.74472E-1 2.83652E-1 1.69863E-1 1.16267E-1 1.64851E-1 1.82868E-1 1.01774E-1 1.21689E-1 1.69221E-1 6.37674E-1 1.95659E-1 1.52006E-1 1.36608E-1 1.79338E-1 1.46959E-1 1.86842E-1 3.31041E-1 3.16763E-1 2.96057E-1 3.04749E-1 2.97928E-1 3.35817E-1 2.25731E-1 1.0426E-1 1.10523E-1
4.90794E-2 3.50473E-2 3.84166E-2 5.82733E-2 5.98292E-2 1.03306E-1 1.4214E-1 2.47296E-1 1.63616E-1 2.07957E-1 1.67513E-1 1.63803E-1 1.64261E-1 1.48423E-1 1.61318E-1 1.63461E-1 1.85928E-1 1.78952E-1 2.45927E-1 2.57516E-1 2.12641E-1 1.97552E-1 3.71248E-1 2.7121E-1 4.04434E-1 3.25816E-1 2.74021E-1 2.66804E-1 1.87819E-1 2.56687E-1 1.08782E-1 6.20286E-2 6.60651E-2 6.35022E-2 2.91465E-2 4.17254E-2 1.11847E-1 7.63794E-2 1.96334E-1 1.70194E-1 1.84293E-1 1.51455E-1 1.02262E-1 1.22583E-1 1.177E-1 1.46621E-1 1.37266E-1 1.8669E-1 5.94288E-1 3.34484E-1 1.8504E-1 1.25998E-1 1.05085E-1 1.35713E-1 1.26049E-1 2.51337E-1 2.70469E-1 4.40929E-1 2.81722E-1 4.19924E-1 4.52832E-1 5.31914E-1 3.6021E-1 6.09166E-1 2.59699E-1
3.7608E-2 4.19279E-2 3.95858E-2 3.81084E-2 4.50476E-2 1.22815E-1 1.42645E-1 1.19491E-1 2.77883E-1 1.82243E-1 1.94514E-1 1.8972E-1 5.2228E-2 9.91163E-2 1.92917E-1 1.94259E-1 2.32E-1 2.37786E-1 4.61168E-1 3.05152E-1 3.4585E-1 2.81075E-1 2.813E-1 2.70539E-1 2.36306E-1 2.70057E-1 2.34016E-1 3.25802E-1 3.12748E-1 1.85074E-1 1.60043E-1 1.32209E-1 1.68424E-1 1.35518E-1 9.31414E-2 8.64435E-2 1.08428E-1 1.20222E-1 1.19408E-1 1.09819E-1 1.2479E-1 1.21032E-1 1.35229E-1 1.36146E-1 1.83055E-1 1.81985E-1 2.0227E-1 1.8207E-1 7.80187E-1 1.73277E-1 1.5066E-1 1.57619E-1 1.37038E-1 1.23533E-1 1.51676E-1 2.05163E-1 3.02877E-1 2.36483E-1 5.66534E-1 4.85939E-1 5.3896E-1 4.97636E-1 5.09892E-1 5.46313E-1 5.33349E-1
1.20311E-1 1.51896E-1 1.6713E-1 1.78014E-1 1.98618E-1 2.10977E-1 1.93866E-1 1.04027E-1 6.30701E-2 1.01188E-1 1.37975E-1 1.40454E-1 4.12547E-2 8.52654E-2 1.76269E-1 2.42017E-1 2.48891E-1 3.28998E-1 2.45616E-1 2.78804E-1 2.52744E-1 2.81426E-1 2.48793E-1 1.83659E-1 1.64058E-1 2.06392E-1 1.88155E-1 2.98056E-1 2.78623E-1 2.621E-1 2.54122E-1 1.91048E-1 2.0369E-1 2.44563E-1 1.52164E-1 1.00304E-1 6.72677E-2 9.36104E-2 8.96852E-2 1.08728E-1 1.21453E-1 1.14013E-1 1.70938E-1 1.3425E-1 1.2907E-1 1.66234E-1 2.07694E-1 2.30346E-1 4.0493E-1 2.1476E-1 2.08598E-1 1.99983E-1 1.7384E-1 1.41989E-1 1.62252E-1 1.69079E-1 2.28725E-1 2.27872E-1 3.923E-1 2.31885E-1 2.96947E-1 3.73019E-1 4.697E-1 4.67168E-1 4.23903E-1
1.613E-1 1.87433E-1 1.87129E-1 1.65589E-1 1.78552E-1 1.87524E-1 2.00857E-1 1.98003E-1 1.90082E-1 6.73924E-2 4.95793E-2 5.41071E-2 3.89429E-2 8.18608E-2 1.63673E-1 2.20395E-1 2.28303E-1 3.07125E-1 2.3578E-1 2.61838E-1 2.55809E-1 2.42705E-1 2.75056E-1 2.01176E-1 2.39565E-1 1.73685E-1 1.56751E-1 1.70665E-1 2.38529E-1 1.93305E-1 2.34246E-1 2.72496E-1 1.91418E-1 1.57429E-1 1.62997E-1 6.75728E-2 8.64736E-2 8.33856E-2 1.04359E-1 1.45691E-1 1.58249E-1 1.50023E-1 1.92656E-1 1.75675E-1 1.49188E-1 1.94196E-1 1.52709E-1 5.03336E-1 4.01229E-1 1.95196E-1 1.68084E-1 2.35538E-1 1.66194E-1 1.54158E-1 2.15346E-1 2.43353E-1 2.83896E-1 4.10372E-1 3.9488E-1 2.71901E-1 3.06281E-1 3.97127E-1 5.18785E-1 4.45223E-1 4.01755E-1
1.56142E-1 1.44191E-1 1.5254E-1 1.57915E-1 1.51553E-1 1.84018E-1 1.8701E-1 2.02693E-1 1.99385E-1 2.15946E-1 1.08298E-1 7.48977E-2 7.23304E-2 1.06456E-1 1.00131E-1 2.13296E-1 2.55545E-1 4.63078E-1 2.74874E-1 3.00271E-1 2.72255E-1 2.29627E-1 2.73493E-1 2.76571E-1 1.71529E-1 2.54727E-1 1.59528E-1 1.60983E-1 1.42857E-1 2.8522E-1 2.83172E-1 1.13411E-1 6.74527E-2 1.20644E-1 1.35917E-1 1.06994E-1 8.42853E-2 8.28916E-2 1.24587E-1 1.26757E-1 1.38416E-1 1.64063E-1 1.65132E-1 1.4866E-1 2.33399E-1 2.09917E-1 1.75758E-1 3.86983E-1 1.91548E-1 1.8916E-1 2.04807E-1 1.58397E-1 1.47883E-1 1.47797E-1 1.88513E-1 2.16631E-1 2.17608E-1 2.42687E-1 2.53754E-1 2.31325E-1 2.34749E-1 1.9444E-1 4.01362E-1 3.21204E-1 5.25336E-1
1.05233E-1 1.57084E-1 1.54503E-1 1.88683E-1 1.93976E-1 1.88409E-1 1.86858E-1 1.89286E-1 1.76096E-1 2.00429E-1 2.41015E-1 2.02733E-1 2.27765E-1 2.55311E-1 3.01279E-1 3.12037E-1 2.01374E-1 4.55233E-1 2.68238E-1 2.28488E-1 2.07059E-1 2.68664E-1 2.33818E-1 2.36271E-1 2.90743E-1 2.30434E-1 1.8708E-1 2.01209E-1 2.21809E-1 1.86398E-1 2.02612E-1 9.25505E-2 7.10687E-2 8.1521E-2 1.00236E-1 8.44408E-2 8.23165E-2 1.01246E-1 1.21897E-1 1.51847E-1 1.37012E-1 1.58692E-1 1.84405E-1 1.58128E-1 1.78446E-1 1.42354E-1 3.53696E-1 4.05872E-1 1.43462E-1 1.6953E-1 1.9574E-1 1.95384E-1 1.56734E-1 1.48675E-1 2.06216E-1 2.73463E-1 2.53682E-1 2.05551E-1 2.29915E-1 1.72709E-1 2.82326E-1 3.32622E-1 4.63417E-1 4.32546E-1 3.12205E-1
5.17498E-2 8.46151E-2 7.64078E-2 1.58514E-1 2.61834E-1 1.75368E-1 1.72418E-1 2.31569E-1 1.87234E-1 1.90676E-1 2.21348E-1 1.66923E-1 3.06765E-1 3.04686E-1 4.18027E-1 5.7831E-1 5.68535E-1 4.00951E-1 2.11204E-1 1.70657E-1 1.95223E-1 2.43691E-1 2.86678E-1 1.70973E-1 2.387E-1 1.55619E-1 1.45266E-1 1.75468E-1 2.38237E-1 1.16287E-1 7.97803E-2 8.09423E-2 1.21862E-1 1.35942E-1 1.09999E-1 1.03232E-1 1.3998E-1 1.87179E-1 1.22853E-1 1.70976E-1 1.70229E-1 1.56803E-1 1.3348E-1 1.52963E-1 1.14963E-1 1.34783E-1 4.79539E-1 4.45087E-1 1.6448E-1 1.61677E-1 2.27501E-1 1.46446E-1 1.64395E-1 1.4375E-1 1.63187E-1 2.41768E-1 2.42132E-1 2.84391E-1 1.60993E-1 1.83819E-1 2.9597E-1 3.10878E-1 5.19674E-1 3.87092E-1 3.4703E-1
6.03048E-2 3.1855E-2 6.80965E-2 7.53647E-2 9.67756E-2 1.3812E-1 1.84018E-1 2.00823E-1 1.78665E-1 2.08547E-1 1.27811E-1 1.7545E-1 3.34734E-1 3.18333E-1 2.9765E-1 2.18599E-1 3.5302E-1 4.3327E-1 2.62577E-1 1.92701E-1 2.12321E-1 1.94229E-1 1.93971E-1 2.04421E-1 1.69991E-1 1.62128E-1 1.161E-1 1.92784E-1 1.69478E-1 1.50371E-1 1.39563E-1 1.46739E-1 9.07696E-2 9.09134E-2 1.53434E-1 1.70426E-1 1.4013E-1 2.50973E-1 2.13714E-1 1.27897E-1 1.86071E-1 1.74027E-1 2.0894E-1 1.46676E-1 1.40671E-1 1.013E-1 3.56114E-1 3.39417E-1 1.32951E-1 1.3779E-1 1.51116E-1 2.05709E-1 1.85962E-1 1.49351E-1 1.53003E-1 2.60867E-1 3.10804E-1 2.46482E-1 2.46034E-1 2.73461E-1 3.01964E-1 2.31067E-1 3.37918E-1 3.15475E-1 4.47237E-1
4.22727E-1 9.61062E-2 1.00095E-1 8.06319E-2 5.36116E-2 8.83907E-2 1.12901E-1 1.12357E-1 1.35998E-1 1.408E-1 1.31423E-1 2.73783E-1 3.46407E-1 3.05777E-1 2.32822E-1 2.14048E-1 3.12655E-1 3.90817E-1 2.87726E-1 1.15703E-1 1.37473E-1 1.74908E-1 1.52039E-1 1.708E-1 1.17688E-1 1.16669E-1 1.36401E-1 1.41118E-1 1.01382E-1 1.19992E-1 1.31522E-1 9.19271E-2 9.93774E-2 1.40728E-1 2.07302E-1 1.82023E-1 1.97755E-1 1.62397E-1 1.9578E-1 1.49434E-1 1.76877E-1 1.79686E-1 1.67059E-1 2.52878E-1 1.80945E-1 3.95792E-1 4.60627E-1 1.74195E-1 1.61058E-1 1.34996E-1 1.287E-1 1.75349E-1 1.35061E-1 1.53839E-1 2.23637E-1 2.08736E-1 2.59169E-1 1.79638E-1 1.84961E-1 2.32492E-1 2.71982E-1 2.66202E-1 2.87463E-1 2.15983E-1 2.4049E-1
4.12594E-1 3.71256E-1 4.57404E-1 3.94898E-1 3.90353E-1 4.67497E-1 3.37915E-1 3.71121E-1 1.85601E-1 1.34972E-1 1.96682E-1 1.98089E-1 2.64768E-1 2.11547E-1 2.43319E-1 2.63186E-1 3.09038E-1 3.83197E-1 2.15844E-1 3.21829E-1 4.26772E-1 1.36153E-1 9.96036E-2 9.96805E-2 9.04475E-2 8.53333E-2 8.88642E-2 9.24072E-2 8.69594E-2 9.50676E-2 1.08315E-1 1.15324E-1 2.19934E-1 2.1639E-1 1.70289E-1 3.06268E-1 1.7801E-1 1.65964E-1 2.5958E-1 1.57401E-1 1.85638E-1 1.308E-1 2.53185E-1 1.66924E-1 3.06077E-1 6.75147E-1 6.22876E-1 2.22083E-1 1.40291E-1 1.51898E-1 1.89045E-1 1.37832E-1 1.50794E-1 1.51878E-1 2.04015E-1 2.65962E-1 3.04968E-1 1.61062E-1 2.79527E-1 3.75469E-1 3.01372E-1 2.35481E-1 2.88371E-1 2.78211E-1 2.84668E-1
1.42441E-1 2.59296E-1 4.70988E-1 4.19729E-1 2.86995E-1 3.10393E-1 1.68043E-1 2.03313E-1 3.01336E-1 1.73986E-1 1.5481E-1 1.53323E-1 9.11165E-2 9.95266E-2 1.19118E-1 2.00573E-1 1.46546E-1 3.67565E-1 2.47964E-1 2.2333E-1 2.89198E-1 3.15777E-1 2.9831E-1 2.77112E-1 1.97119E-1 1.11312E-1 8.77513E-2 8.00196E-2 1.30815E-1 2.06265E-1 2.05243E-1 2.07982E-1 2.51723E-1 2.66613E-1 2.04938E-1 2.1013E-1 2.46086E-1 2.1256E-1 1.86776E-1 1.97574E-1 2.88897E-1 1.77876E-1 1.98861E-1 2.87759E-1 6.65413E-1 1.84415E-1 2.37873E-1 5.32794E-1 2.00802E-1 1.84754E-1 2.16253E-1 1.83893E-1 1.71291E-1 1.49682E-1 1.61025E-1 1.81641E-1 3.01906E-1 1.68948E-1 2.51279E-1 3.9316E-1 3.90916E-1 3.39572E-1 3.43565E-1 3.08736E-1 1.64218E-1
2.12709E-1 3.58126E-1 4.05062E-1 2.11051E-1 2.13234E-1 3.45785E-1 2.4299E-1 3.09502E-1 3.3842E-1 3.12787E-1 2.21356E-1 8.91491E-2 8.83736E-2 1.00924E-1 8.35662E-2 9.26444E-2 9.95813E-2 2.5543E-1 1.70157E-1 1.76412E-1 2.56729E-1 1.72955E-1 2.78636E-1 2.88322E-1 1.98228E-1 1.84641E-1 1.18083E-1 1.85958E-1 1.55516E-1 1.77687E-1 1.90429E-1 3.28139E-1 2.72408E-1 3.32488E-1 2.65985E-1 2.45424E-1 5.20649E-1 5.52279E-1 6.61861E-1 5.98878E-1 7.13608E-1 4.75816E-1 7.11117E-1 7.79911E-1 6.82737E-1 1.61166E-1 1.9831E-1 3.20901E-1 1.49984E-1 2.31325E-1 1.57853E-1 2.1403E-1 1.64748E-1 1.43319E-1 2.15984E-1 2.47868E-1 3.27467E-1 2.29058E-1 2.1392E-1 3.1174E-1 3.04016E-1 3.9644E-1 3.94459E-1 2.15646E-1 1.66623E-1
2.95311E-1 2.86045E-1 3.6079E-1 2.25661E-1 1.67464E-1 2.10279E-1 3.18986E-1 3.34516E-1 2.9109E-1 3.19688E-1 2.69517E-1 1.57363E-1 1.0704E-1 1.04687E-1 1.22668E-1 1.06785E-1 8.7388E-2 1.36185E-1 1.62895E-1 1.62144E-1 2.03388E-1 2.30053E-1 2.1855E-1 1.9152E-1 1.28612E-1 1.69301E-1 1.41583E-1 2.13075E-1 1.82981E-1 1.97185E-1 2.53889E-1 1.52609E-1 1.90858E-1 2.56439E-1 2.57725E-1 1.46249E-1 1.72315E-1 1.5482E-1 2.0036E-1 2.26487E-1 6.68622E-1 6.10499E-1 4.82397E-1 1.99133E-1 4.27267E-1 2.32572E-1 1.67678E-1 5.36144E-1 1.34401E-1 1.8081E-1 1.8487E-1 1.96286E-1 1.55511E-1 1.32245E-1 1.89579E-1 2.0457E-1 3.66702E-1 2.57709E-1 2.02432E-1 1.96524E-1 2.44162E-1 3.93072E-1 3.47994E-1 2.67801E-1 2.20474E-1
2.00098E-1 2.16491E-1 2.14004E-1 2.43761E-1 1.66066E-1 1.80413E-1 2.78077E-1 3.27881E-1 2.4481E-1 2.47654E-1 2.51521E-1 3.81906E-1 1.85719E-1 2.02193E-1 1.5296E-1 2.43493E-1 1.57751E-1 8.58506E-2 8.84306E-2 1.48986E-1 1.94944E-1 3.23198E-1 1.51809E-1 1.88585E-1 1.49202E-1 1.72143E-1 1.81267E-1 1.8053E-1 2.80621E-1 1.94421E-1 1.21265E-1 1.26577E-1 1.3019E-1 1.77795E-1 1.5202E-1 2.06019E-1 2.28545E-1 3.99424E-1 6.40794E-1 4.49304E-1 6.61027E-1 3.07556E-1 1.94615E-1 2.61222E-1 4.95987E-1 2.12165E-1 1.70572E-1 3.99867E-1 4.00599E-1 1.68927E-1 1.60338E-1 1.44536E-1 1.78269E-1 1.6187E-1 1.43962E-1 1.98887E-1 2.35937E-1 4.09073E-1 2.48208E-1 2.55902E-1 2.10983E-1 2.53064E-1 2.57744E-1 3.61188E-1 1.73696E-1
4.38102E-1 2.75818E-1 2.31917E-1 2.61163E-1 1.74283E-1 1.81412E-1 1.94598E-1 2.606E-1 3.72611E-1 1.98565E-1 2.80048E-1 2.58113E-1 3.09931E-1 2.24358E-1 1.71137E-1 2.58753E-1 2.93093E-1 1.28491E-1 1.2226E-1 1.87862E-1 1.85763E-1 2.52062E-1 2.09829E-1 1.55413E-1 1.33346E-1 1.67783E-1 1.60928E-1 2.1336E-1 2.12337E-1 2.32705E-1 1.53788E-1 1.03431E-1 2.12442E-1 1.36787E-1 2.15165E-1 2.71799E-1 2.06815E-1 2.92169E-1 6.10675E-1 4.16629E-1 3.11831E-1 1.67522E-1 1.6084E-1 4.98487E-1 7.93858E-1 7.07282E-1 2.85187E-1 2.088E-1 5.90436E-1 2.60033E-1 2.40163E-1 1.54874E-1 1.57376E-1 1.47462E-1 1.51678E-1 2.13698E-1 1.98214E-1 4.21129E-1 1.75293E-1 2.29872E-1 2.07741E-1 2.67642E-1 2.03147E-1 2.96201E-1 2.93651E-1
3.4206E-1 3.79432E-1 2.57595E-1 2.74605E-1 1.71085E-1 1.52991E-1 1.718E-1 2.6022E-1 3.2178E-1 2.24657E-1 1.90076E-1 2.52343E-1 3.36617E-1 2.9088E-1 2.8115E-1 1.90485E-1 1.57067E-1 1.3942E-1 8.95186E-2 2.31836E-1 3.64E-1 1.5906E-1 1.53541E-1 1.07579E-1 1.324E-1 1.34403E-1 2.64352E-1 1.98838E-1 2.15382E-1 2.55174E-1 2.14539E-1 1.62736E-1 1.04669E-1 1.31946E-1 1.86905E-1 1.52339E-1 4.44776E-1 5.36587E-1 3.05843E-1 1.78697E-1 1.79217E-1 1.60495E-1 5.15532E-1 7.13605E-1 2.62562E-1 5.49216E-1 4.79867E-1 2.4312E-1 2.45348E-1 1.84252E-1 1.83281E-1 2.20789E-1 1.67943E-1 1.46736E-1 1.91442E-1 1.51743E-1 2.26487E-1 2.3897E-1 2.26044E-1 2.70706E-1 1.89506E-1 2.30392E-1 2.00724E-1 2.13256E-1 3.06998E-1
3.49559E-1 3.07653E-1 2.04207E-1 2.31684E-1 2.26584E-1 2.25495E-1 2.46711E-1 1.85926E-1 2.90766E-1 1.98111E-1 1.5691E-1 2.44266E-1 3.1404E-1 2.56683E-1 2.13883E-1 1.80318E-1 1.23815E-1 1.16071E-1 1.274E-1 2.68389E-1 2.00871E-1 1.35789E-1 1.4345E-1 8.46672E-2 1.20558E-1 1.54084E-1 1.81525E-1 2.20583E-1 2.70812E-1 3.12607E-1 2.17337E-1 1.20158E-1 1.058E-1 1.74349E-1 1.51925E-1 5.24653E-1 3.89758E-1 2.66978E-1 3.47691E-1 1.6391E-1 2.24238E-1 5.32682E-1 3.34224E-1 2.40387E-1 2.06377E-1 3.0749E-1 6.6981E-1 4.84004E-1 2.70933E-1 2.59355E-1 2.3372E-1 2.43808E-1 2.2399E-1 2.52984E-1 1.84856E-1 2.43322E-1 1.70047E-1 2.18926E-1 3.63259E-1 2.56991E-1 2.09024E-1 1.91663E-1 1.75148E-1 1.5015E-1 2.64666E-1
1.97801E-1 3.82771E-1 3.04257E-1 2.25894E-1 1.99302E-1 3.05114E-1 2.05697E-1 1.6546E-1 1.82852E-1 1.91048E-1 1.62263E-1 2.14998E-1 2.87716E-1 2.18969E-1 1.63902E-1 1.33853E-1 1.9035E-1 1.39369E-1 2.27971E-1 1.72896E-1 1.34781E-1 1.17251E-1 1.10309E-1 9.7647E-2 1.17281E-1 1.2858E-1 2.32438E-1 1.76734E-1 2.64781E-1 2.83181E-1 1.3378E-1 1.04452E-1 1.67177E-1 1.22933E-1 2.50047E-1 1.57571E-1 3.06969E-1 1.68714E-1 1.97112E-1 4.27363E-1 3.091E-1 5.25495E-1 2.37607E-1 2.19548E-1 1.75901E-1 4.51513E-1 3.4174E-1 6.43113E-1 8.8206E-1 6.41142E-1 3.78998E-1 3.25346E-1 2.78301E-1 3.45138E-1 2.68386E-1 3.25815E-1 2.66137E-1 2.16119E-1 2.85614E-1 3.40116E-1 1.86616E-1 2.03763E-1 1.49628E-1 1.4143E-1 2.34276E-1
2.4065E-1 3.68654E-1 3.41548E-1 2.02382E-1 2.84924E-1 2.36533E-1 1.79194E-1 1.16482E-1 1.28279E-1 1.12358E-1 1.41966E-1 2.24968E-1 2.97121E-1 1.78555E-1 1.5345E-1 1.31452E-1 1.69254E-1 3.23893E-1 2.64203E-1 2.56572E-1 1.33185E-1 1.29078E-1 1.1152E-1 1.35681E-1 1.73853E-1 2.50607E-1 1.54895E-1 1.86952E-1 1.83076E-1 1.29951E-1 1.04779E-1 9.74404E-2 1.3268E-1 2.09932E-1 2.0645E-1 2.82814E-1 2.29674E-1 1.52616E-1 1.35539E-1 2.31295E-1 2.41967E-1 4.39276E-1 2.2541E-1 2.47842E-1 2.5833E-1 6.72898E-1 2.46081E-1 4.18597E-1 7.66262E-1 7.59779E-1 8.61185E-1 6.62083E-1 4.61949E-1 3.53568E-1 3.46656E-1 3.96399E-1 2.98147E-1 2.35672E-1 2.358E-1 2.7863E-1 2.63951E-1 2.24542E-1 1.7243E-1 1.60178E-1 2.76119E-1
1.64855E-1 2.1074E-1 1.7513E-1 2.84489E-1 2.14422E-1 1.67317E-1 1.4537E-1 1.75667E-1 1.84096E-1 1.201E-1 1.63025E-1 1.44822E-1 1.57552E-1 1.76486E-1 1.31003E-1 1.52857E-1 2.01992E-1 3.17155E-1 1.85423E-1 1.97253E-1 1.28678E-1 1.22148E-1 1.15478E-1 2.1384E-1 2.03231E-1 1.42866E-1 1.65483E-1 2.41078E-1 1.73042E-1 1.26085E-1 9.08955E-2 1.04361E-1 1.1573E-1 1.71902E-1 2.45556E-1 2.81648E-1 1.5374E-1 1.44562E-1 1.48178E-1 2.27024E-1 5.01456E-1 4.42183E-1 2.52334E-1 1.86908E-1 2.90241E-1 2.90983E-1 2.94731E-1 3.51999E-1 7.83523E-1 4.01113E-1 7.83921E-1 6.96318E-1 7.15909E-1 7.89469E-1 8.10574E-1 4.35704E-1 3.17314E-1 2.51862E-1 2.5646E-1 3.23802E-1 2.43598E-1 2.99544E-1 2.03357E-1 1.43197E-1 1.5728E-1
