layers/arawak.asc
ncols         638
nrows         825
xllcorner     -2985163.8955
yllcorner     -3022031.214
cellsize      10000.0
NODATA_value  -9999
[rows 261 to 289 of 825, columns 260 to 324 of 638]
3.99196E-1 4.23505E-1 3.54182E-1 3.50322E-1 5.56111E-1 2.69203E-1 2.683E-1 1.47564E-1 2.03861E-1 1.50614E-1 2.00584E-1 1.95042E-1 1.54408E-1 1.96184E-1 2.01514E-1 2.7277E-1 3.09255E-1 3.76365E-1 2.32074E-1 1.91216E-1 2.87969E-1 1.89334E-1 1.87998E-1 2.51164E-1 1.98899E-1 2.21973E-1 1.63027E-1 1.77839E-1 1.57403E-1 1.87843E-1 1.73767E-1 2.4165E-1 1.55497E-1 1.73706E-1 1.51098E-1 2.10364E-1 1.56507E-1 1.47319E-1 1.3191E-1 1.46989E-1 9.57333E-2 1.03246E-1 1.14052E-1 1.5508E-1 2.06752E-1 1.57189E-1 1.81808E-1 1.5127E-1 1.02564E-1 1.01364E-1 5.88497E-2 8.03106E-2 9.48065E-2 9.57408E-2 1.70618E-1 1.31768E-1 1.49155E-1 1.768E-1 1.5225E-1 1.96323E-1 2.34152E-1 1.91999E-1 1.77112E-1 1.00388E-1 9.64112E-2
3.95663E-1 3.74644E-1 3.70562E-1 2.81177E-1 3.96673E-1 4.19202E-1 3.68803E-1 2.60617E-1 1.71062E-1 1.5145E-1 1.86959E-1 1.46295E-1 1.4323E-1 1.77242E-1 2.01205E-1 1.98329E-1 2.0696E-1 2.04047E-1 2.08559E-1 2.78014E-1 2.07588E-1 2.17381E-1 1.93472E-1 2.08463E-1 2.45977E-1 2.40118E-1 1.88398E-1 1.47066E-1 1.81472E-1 1.6616E-1 1.83179E-1 1.76575E-1 2.75133E-1 1.91682E-1 1.42583E-1 1.70853E-1 1.45029E-1 6.10208E-2 5.23733E-2 4.84091E-2 9.30369E-2 8.75458E-2 1.28703E-1 1.24555E-1 3.085E-1 2.04969E-1 1.28092E-1 6.53355E-2 9.57036E-2 5.79205E-2 4.54115E-2 8.42488E-2 7.6106E-2 1.42663E-1 1.13425E-1 1.45573E-1 1.20068E-1 1.90473E-1 1.26332E-1 1.97419E-1 2.62876E-1 2.91755E-1 2.85334E-1 2.55952E-1 1.3466E-1
4.60797E-1 3.51657E-1 2.90797E-1 3.86011E-1 4.03721E-1 3.12467E-1 2.641E-1 2.43669E-1 2.22827E-1 1.68417E-1 1.40088E-1 1.48784E-1 1.66072E-1 1.71627E-1 2.56414E-1 2.53989E-1 1.75964E-1 1.55759E-1 2.71392E-1 1.63439E-1 1.49074E-1 2.2291E-1 1.60448E-1 1.91962E-1 2.54574E-1 1.9061E-1 1.70412E-1 1.25835E-1 1.30241E-1 2.30933E-1 1.65022E-1 3.0537E-1 3.40654E-1 2.35341E-1 1.00769E-1 1.47718E-1 1.87445E-1 1.21324E-1 1.08788E-1 1.41619E-1 8.40914E-2 9.65531E-2 7.27292E-2 1.4628E-1 2.24114E-1 1.1083E-1 1.03786E-1 5.99053E-2 6.90156E-2 7.4808E-2 6.75754E-2 7.66555E-2 8.67567E-2 8.62429E-2 1.04528E-1 1.52465E-1 1.25674E-1 1.85089E-1 1.27171E-1 1.96421E-1 2.77366E-1 1.83569E-1 1.66357E-1 2.5292E-1 1.79559E-1
3.72906E-1 2.68943E-1 2.05447E-1 3.15991E-1 3.85175E-1 2.3882E-1 2.56204E-1 2.34463E-1 2.36262E-1 1.97254E-1 1.33889E-1 1.51993E-1 1.79592E-1 2.20399E-1 2.245E-1 1.70491E-1 1.01007E-1 2.4898E-1 2.92984E-1 1.42115E-1 1.70354E-1 1.45161E-1 1.45621E-1 1.72714E-1 1.56352E-1 1.91122E-1 1.52529E-1 1.43964E-1 1.81781E-1 3.10802E-1 3.3806E-1 3.441E-1 2.38481E-1 2.10602E-1 1.02563E-1 1.16955E-1 1.55763E-1 1.53475E-1 1.51909E-1 9.82793E-2 1.03752E-1 1.2264E-1 1.40376E-1 2.00108E-1 2.61839E-1 1.94453E-1 1.25226E-1 1.75237E-1 1.82127E-1 1.54663E-1 1.04479E-1 8.09979E-2 7.28799E-2 8.33721E-2 1.20554E-1 1.12677E-1 1.0777E-1 2.48595E-1 1.41248E-1 1.47699E-1 2.56136E-1 2.07195E-1 1.46311E-1 1.69893E-1 1.29832E-1
3.4126E-1 3.21986E-1 2.89842E-1 3.37203E-1 3.94908E-1 3.3552E-1 2.35853E-1 2.2996E-1 1.84436E-1 1.71726E-1 1.22537E-1 1.82182E-1 1.57257E-1 2.39859E-1 2.46649E-1 1.66457E-1 1.0008E-1 3.34647E-1 2.24531E-1 1.43039E-1 1.74906E-1 1.6724E-1 1.34661E-1 1.86059E-1 1.42418E-1 1.96854E-1 1.82398E-1 1.45599E-1 2.15186E-1 2.46706E-1 1.65511E-1 1.81732E-1 2.79707E-1 1.96904E-1 1.18244E-1 9.3545E-2 1.16646E-1 2.4249E-1 1.01323E-1 8.75916E-2 7.59184E-2 1.38498E-1 1.84077E-1 1.82237E-1 2.6863E-1 2.58336E-1 2.47068E-1 1.63354E-1 1.63248E-1 1.03826E-1 9.71169E-2 1.1867E-1 6.49458E-2 8.5944E-2 1.19253E-1 1.07584E-1 1.2368E-1 2.0908E-1 1.84633E-1 1.74165E-1 2.02208E-1 2.45702E-1 1.75066E-1 1.9047E-1 1.34895E-1
2.66483E-1 2.07976E-1 2.2231E-1 2.33858E-1 2.83659E-1 4.78677E-1 3.69716E-1 3.41902E-1 1.96406E-1 1.63766E-1 1.15764E-1 1.43809E-1 1.44873E-1 1.529E-1 1.41951E-1 1.03929E-1 1.97676E-1 3.25184E-1 1.70551E-1 1.38393E-1 1.99815E-1 1.38544E-1 1.40499E-1 1.58615E-1 1.41988E-1 1.68907E-1 1.23269E-1 9.28451E-2 1.77244E-1 2.24097E-1 1.19194E-1 2.61819E-1 2.18223E-1 1.45019E-1 1.4023E-1 7.93578E-2 1.13288E-1 2.26669E-1 1.22037E-1 8.42815E-2 5.89449E-2 1.12279E-1 1.72192E-1 1.81153E-1 1.24023E-1 2.04425E-1 1.7702E-1 1.50089E-1 1.07776E-1 1.3288E-1 1.55349E-1 8.81486E-2 7.63307E-2 9.32613E-2 1.15835E-1 9.59394E-2 1.02483E-1 1.9535E-1 1.46293E-1 1.21162E-1 1.82184E-1 2.32077E-1 2.80483E-1 2.23079E-1 2.10494E-1
2.95177E-1 2.32126E-1 2.80421E-1 1.79575E-1 2.81588E-1 4.72149E-1 3.92755E-1 3.56683E-1 1.94336E-1 1.52563E-1 1.06551E-1 1.46353E-1 1.77685E-1 1.41338E-1 1.65182E-1 2.58196E-1 3.5133E-1 3.65307E-1 2.05015E-1 1.42925E-1 1.85798E-1 1.75814E-1 2.15963E-1 1.32225E-1 1.4865E-1 1.49329E-1 1.24391E-1 1.3295E-1 1.48409E-1 2.08962E-1 1.7386E-1 3.84107E-1 1.94666E-1 2.47163E-1 1.17668E-1 7.56182E-2 9.68789E-2 1.36378E-1 1.18847E-1 8.20523E-2 9.2586E-2 1.23912E-1 2.23595E-1 1.01133E-1 1.47081E-1 3.26191E-1 1.86113E-1 1.8622E-1 1.63469E-1 2.05421E-1 1.42994E-1 1.09308E-1 2.0065E-1 8.07948E-2 8.46962E-2 1.16061E-1 1.56182E-1 3.60933E-1 1.34011E-1 1.71726E-1 1.70438E-1 2.27035E-1 2.63908E-1 2.17902E-1 1.60787E-1
2.7581E-1 2.69437E-1 2.8473E-1 2.8124E-1 2.81228E-1 2.92924E-1 3.46768E-1 2.15533E-1 1.89865E-1 1.59641E-1 1.17619E-1 1.31089E-1 1.61735E-1 1.65901E-1 2.11531E-1 2.83871E-1 3.22473E-1 3.41649E-1 2.54299E-1 1.76248E-1 1.95887E-1 1.30127E-1 1.14096E-1 1.20737E-1 1.062E-1 1.17899E-1 1.03942E-1 1.78371E-1 1.60168E-1 2.67287E-1 1.34627E-1 2.44057E-1 2.97887E-1 2.10351E-1 1.5297E-1 1.21596E-1 1.13648E-1 1.30146E-1 1.21851E-1 7.65548E-2 7.48195E-2 1.36482E-1 2.11953E-1 1.21426E-1 2.15895E-1 2.06688E-1 1.90265E-1 2.29994E-1 2.18382E-1 1.37019E-1 2.14467E-1 1.30365E-1 2.58377E-1 1.83744E-1 1.2094E-1 1.58951E-1 1.4949E-1 2.14602E-1 1.55112E-1 1.42251E-1 2.10429E-1 5.84685E-2 8.13331E-2 2.40638E-1 9.19485E-2
2.51884E-1 2.48899E-1 1.96172E-1 3.11637E-1 3.85365E-1 2.92077E-1 3.62733E-1 2.26882E-1 1.58161E-1 1.32737E-1 1.45844E-1 1.12758E-1 8.70799E-2 1.34797E-1 1.73015E-1 1.73506E-1 2.99228E-1 2.89624E-1 3.44361E-1 1.9398E-1 1.49385E-1 7.22851E-2 1.05963E-1 1.23654E-1 9.54E-2 1.64057E-1 1.19514E-1 1.60098E-1 1.53504E-1 2.96361E-1 1.54519E-1 3.07059E-1 3.10547E-1 1.75801E-1 1.37311E-1 9.92758E-2 9.41159E-2 1.39836E-1 8.10738E-2 7.38061E-2 1.59074E-1 1.79587E-1 1.98857E-1 1.99843E-1 2.72335E-1 2.11719E-1 1.31476E-1 1.7396E-1 1.09065E-1 1.53502E-1 1.55929E-1 1.83041E-1 1.20918E-1 1.43952E-1 1.32218E-1 1.71693E-1 2.39217E-1 1.64121E-1 1.99676E-1 1.75034E-1 1.61037E-1 9.63462E-2 6.27528E-2 6.00375E-2 8.01409E-2
1.76582E-1 2.30034E-1 1.99387E-1 2.95614E-1 2.9567E-1 2.9554E-1 3.10158E-1 3.11752E-1 2.01008E-1 1.58779E-1 1.15766E-1 1.45938E-1 1.62576E-1 2.24713E-1 2.82664E-1 3.12558E-1 1.7074E-1 1.23876E-1 5.04116E-1 2.52517E-1 1.30895E-1 9.2467E-2 7.22002E-2 1.1313E-1 7.86212E-2 1.63535E-1 2.2874E-1 2.10162E-1 2.56585E-1 2.29812E-1 1.45699E-1 2.98565E-1 1.97529E-1 1.66848E-1 1.64741E-1 1.03665E-1 1.17115E-1 1.26625E-1 7.34542E-2 9.47155E-2 9.99345E-2 1.28617E-1 1.16635E-1 9.62174E-2 1.52347E-1 1.25627E-1 1.14158E-1 1.05082E-1 1.40599E-1 1.3886E-1 1.28035E-1 1.3505E-1 1.28526E-1 1.10235E-1 1.93219E-1 1.92517E-1 2.49003E-1 1.23946E-1 1.81865E-1 2.28871E-1 1.85537E-1 1.15067E-1 4.85482E-2 6.40364E-2 9.25038E-2
2.00498E-1 1.61778E-1 2.23901E-1 3.22176E-1 2.57237E-1 3.43724E-1 2.86858E-1 1.97032E-1 1.74859E-1 1.50265E-1 1.51251E-1 1.78897E-1 2.15679E-1 2.64759E-1 2.03462E-1 2.86697E-1 1.56818E-1 1.50651E-1 3.37884E-1 1.87499E-1 1.78086E-1 8.80758E-2 7.71561E-2 9.65741E-2 1.06877E-1 1.87194E-1 1.55758E-1 1.97282E-1 2.51144E-1 2.62607E-1 1.77151E-1 2.7253E-1 2.03607E-1 1.81637E-1 1.53127E-1 1.14092E-1 1.09987E-1 8.30174E-2 4.90045E-2 7.8383E-2 8.50949E-2 1.01781E-1 6.68041E-2 2.01936E-1 2.07212E-1 1.67509E-1 9.24267E-2 8.50578E-2 8.21731E-2 9.29193E-2 1.09251E-1 1.29695E-1 1.39981E-1 1.06409E-1 1.87466E-1 1.38471E-1 2.13265E-1 1.40362E-1 1.76485E-1 4.5976E-2 6.8591E-2 1.70868E-1 2.45035E-1 1.44358E-1 7.9976E-2
1.85275E-1 1.39759E-1 1.90264E-1 2.65548E-1 2.73849E-1 3.42302E-1 2.58942E-1 2.76215E-1 1.8388E-1 1.5476E-1 1.44877E-1 1.65062E-1 2.37093E-1 2.34496E-1 1.37726E-1 2.38666E-1 1.72855E-1 2.81993E-1 1.34754E-1 4.04013E-1 1.10729E-1 1.02729E-1 8.47886E-2 1.38557E-1 5.87191E-2 1.75513E-1 2.21599E-1 2.71045E-1 1.46766E-1 1.83491E-1 1.06053E-1 2.41904E-1 2.92423E-1 2.00717E-1 1.58355E-1 1.83786E-1 8.08717E-2 5.60393E-2 5.49226E-2 8.45053E-2 9.3408E-2 9.27397E-2 5.61191E-2 1.44172E-1 2.18715E-1 1.42752E-1 2.07396E-1 1.16722E-1 6.80837E-2 8.75663E-2 6.62071E-2 1.3888E-1 1.4728E-1 1.37023E-1 1.42704E-1 1.5092E-1 2.31927E-1 1.9888E-1 1.98171E-1 5.68159E-2 5.6765E-2 1.14676E-1 1.21769E-1 1.22331E-1 8.50362E-2
1.36416E-1 1.5577E-1 1.78772E-1 2.32549E-1 2.29189E-1 1.80108E-1 2.01093E-1 1.89374E-1 2.0557E-1 1.71296E-1 1.55561E-1 2.30568E-1 1.80491E-1 1.65855E-1 1.19639E-1 1.9912E-1 1.55291E-1 1.87894E-1 1.2182E-1 3.92739E-1 1.02308E-1 1.41777E-1 9.225E-2 1.7779E-1 8.37281E-2 2.58297E-1 2.77029E-1 2.39339E-1 1.78468E-1 9.33292E-2 1.7477E-1 2.25035E-1 2.01853E-1 9.90073E-2 8.00048E-2 6.23844E-2 6.18378E-2 5.10821E-2 5.92261E-2 9.42927E-2 7.23235E-2 9.22186E-2 7.14947E-2 9.64922E-2 1.57957E-1 1.01786E-1 1.28453E-1 9.60906E-2 8.88274E-2 7.54656E-2 7.52114E-2 6.90578E-2 8.19097E-2 9.4286E-2 1.12644E-1 1.13828E-1 1.28446E-1 8.56075E-2 8.47229E-2 4.38918E-2 4.08315E-2 1.15783E-1 1.16791E-1 1.21923E-1 1.33258E-1
1.32425E-1 1.60442E-1 1.68138E-1 1.54591E-1 2.20125E-1 2.1627E-1 1.81827E-1 1.72098E-1 1.62549E-1 1.6568E-1 2.43368E-1 1.87017E-1 1.60234E-1 1.20024E-1 1.72675E-1 1.57828E-1 1.52998E-1 2.46631E-1 1.18585E-1 2.56721E-1 2.389E-1 1.16025E-1 7.66129E-2 2.25582E-1 2.06985E-1 1.96157E-1 2.53914E-1 2.45239E-1 2.39228E-1 1.42119E-1 1.1228E-1 7.6193E-2 1.13784E-1 1.41294E-1 5.25363E-2 9.41436E-2 4.13048E-2 5.29032E-2 6.06775E-2 8.7187E-2 6.91022E-2 1.44068E-1 1.67441E-1 1.39766E-1 2.1453E-1 1.24555E-1 1.53758E-1 1.16796E-1 9.69077E-2 6.40111E-2 1.02879E-1 6.68106E-2 3.3566E-2 4.42046E-2 5.40985E-2 8.29428E-2 3.92401E-2 8.51804E-2 4.42238E-2 4.03513E-2 3.56469E-2 9.74139E-2 1.21228E-1 1.25187E-1 1.33283E-1
1.13828E-1 1.19821E-1 1.40048E-1 1.41544E-1 1.56962E-1 1.49733E-1 1.51335E-1 1.73529E-1 2.19335E-1 1.84962E-1 2.03555E-1 2.23593E-1 1.3201E-1 1.22665E-1 1.14047E-1 1.31714E-1 1.79352E-1 2.37726E-1 2.47059E-1 3.35518E-1 2.13162E-1 1.00798E-1 7.3546E-2 1.00552E-1 4.50822E-2 2.41716E-1 2.51069E-1 1.67039E-1 2.03641E-1 2.26838E-1 1.53389E-1 1.67612E-1 2.80068E-1 1.73584E-1 1.74117E-1 1.97539E-1 7.69493E-2 5.48235E-2 6.96498E-2 7.85194E-2 5.0172E-2 1.68835E-1 8.40483E-2 2.20171E-1 1.77168E-1 1.25758E-1 1.0984E-1 1.02747E-1 1.01969E-1 7.38375E-2 7.15144E-2 3.96032E-2 5.56373E-2 7.68671E-2 8.83395E-2 3.05368E-1 1.86738E-1 1.78383E-1 3.59799E-1 3.30894E-1 1.03756E-1 4.91707E-2 3.90188E-2 7.55757E-2 4.60573E-2
5.92994E-2 1.61957E-1 1.25218E-1 1.38236E-1 1.4226E-1 1.19198E-1 1.21663E-1 1.47153E-1 1.85502E-1 1.66843E-1 1.50504E-1 1.36822E-1 1.41873E-1 9.90803E-2 1.08424E-1 1.75775E-1 2.09519E-1 2.3911E-1 3.39439E-1 2.22427E-1 1.41396E-1 1.7262E-1 1.1623E-1 1.52549E-1 2.49873E-1 2.27256E-1 2.33021E-1 1.4944E-1 1.76644E-1 9.88769E-2 1.35629E-1 1.44471E-1 1.90371E-1 1.83245E-1 2.24466E-1 1.80311E-1 9.50685E-2 5.77117E-2 5.69902E-2 1.62005E-1 8.68488E-2 1.80139E-1 2.49323E-1 1.52594E-1 2.66096E-1 2.29082E-1 1.55194E-1 1.14906E-1 1.57515E-1 9.8852E-2 6.8786E-2 5.03693E-2 3.74483E-2 7.72276E-2 1.82987E-1 2.66274E-1 1.95904E-1 1.76489E-1 2.72398E-1 3.05247E-1 3.94951E-1 1.80169E-1 1.29747E-1 3.3696E-2 2.84553E-2
2.68669E-2 5.46187E-2 1.20762E-1 1.64668E-1 1.16506E-1 9.27071E-2 9.24384E-2 1.41787E-1 1.912E-1 1.17903E-1 1.31168E-1 1.22627E-1 1.28428E-1 9.07205E-2 1.12915E-1 1.24837E-1 1.64894E-1 1.78115E-1 2.01835E-1 2.06314E-1 2.60041E-1 7.43498E-2 1.11223E-1 1.55611E-1 1.44611E-1 1.32757E-1 2.02217E-1 1.68501E-1 6.72718E-2 1.6185E-1 1.46326E-1 1.76704E-1 1.84764E-1 1.43482E-1 1.97437E-1 1.12353E-1 6.63127E-2 5.98427E-2 1.74448E-1 1.69531E-1 1.29519E-1 1.17747E-1 8.39746E-2 1.25337E-1 2.12051E-1 1.30949E-1 1.92044E-1 1.73372E-1 1.27591E-1 1.19671E-1 9.45599E-2 9.95206E-2 1.3708E-1 2.07065E-1 2.17765E-1 3.47258E-1 3.30882E-1 2.2516E-1 2.73809E-1 2.46048E-1 2.90772E-1 3.41638E-1 5.2091E-1 3.88478E-1 1.08313E-1
2.7085E-2 3.61938E-2 1.08203E-1 1.39015E-1 9.52959E-2 8.21222E-2 9.69426E-2 1.22758E-1 1.27211E-1 1.07758E-1 1.21038E-1 1.00024E-1 9.51147E-2 1.76377E-1 1.81662E-1 1.32737E-1 1.97972E-1 2.65724E-1 1.61151E-1 1.50184E-1 2.01728E-1 7.8972E-2 3.89514E-2 1.0423E-1 1.40015E-1 2.22528E-1 1.54918E-1 2.56253E-1 1.52829E-1 9.70037E-2 1.44301E-1 8.47308E-2 1.3449E-1 2.03506E-1 1.28801E-1 8.42981E-2 1.05314E-1 5.68659E-2 1.05531E-1 8.906E-2 9.32526E-2 1.43874E-1 1.40221E-1 2.33345E-1 2.03309E-1 1.54988E-1 1.46353E-1 1.27118E-1 1.02867E-1 1.57919E-1 1.579E-1 8.90336E-2 1.59247E-1 1.94334E-1 2.31588E-1 1.77272E-1 2.20888E-1 1.75296E-1 1.71205E-1 1.92716E-1 3.54826E-1 4.64126E-1 3.78381E-1 4.2E-1 4.41233E-1
3.12577E-2 4.07071E-2 6.72305E-2 8.80402E-2 7.84916E-2 8.50838E-2 9.54574E-2 9.53207E-2 9.96497E-2 1.0619E-1 1.07091E-1 1.00869E-1 1.18184E-1 1.79517E-1 1.54183E-1 1.76643E-1 1.96774E-1 2.76368E-1 1.61203E-1 1.59668E-1 1.25535E-1 1.21197E-1 3.6307E-2 1.83003E-1 1.77706E-1 1.24475E-1 1.94275E-1 1.30868E-1 1.66974E-1 1.29037E-1 1.29445E-1 9.28507E-2 8.21951E-2 4.39489E-1 2.99134E-1 3.14013E-1 6.91034E-2 7.7385E-2 9.27109E-2 1.19209E-1 8.2175E-2 1.42331E-1 9.31162E-2 1.74061E-1 9.66733E-2 1.85288E-1 2.02415E-1 1.37293E-1 1.28543E-1 1.3154E-1 1.1427E-1 1.6472E-1 1.76029E-1 1.72309E-1 1.87419E-1 2.75765E-1 3.8646E-1 2.35727E-1 2.88161E-1 1.80367E-1 2.70841E-1 3.58693E-1 4.4109E-1 3.4668E-1 2.41482E-1
4.81468E-2 4.07718E-2 8.71916E-2 8.11478E-2 8.23259E-2 8.51208E-2 8.11596E-2 8.53458E-2 7.75457E-2 9.33631E-2 1.45498E-1 1.80108E-1 2.32698E-1 2.04673E-1 1.31859E-1 1.68995E-1 1.65463E-1 2.86063E-1 2.15719E-1 1.20857E-1 1.37631E-1 6.14787E-2 4.11904E-2 1.53711E-1 1.55322E-1 1.3635E-1 1.3585E-1 1.24865E-1 1.9158E-1 1.13703E-1 1.28992E-1 7.53773E-2 1.89314E-1 2.01724E-1 2.21239E-1 1.79315E-1 2.02183E-1 1.91215E-1 1.44804E-1 1.67692E-1 8.67678E-2 8.31051E-2 1.11921E-1 1.6077E-1 9.56276E-2 1.45087E-1 1.45919E-1 1.07507E-1 1.05615E-1 9.52495E-2 1.3446E-1 1.24166E-1 1.55161E-1 1.46125E-1 1.72977E-1 2.75289E-1 2.3556E-1 3.26092E-1 2.29064E-1 1.76965E-1 2.25879E-1 2.21745E-1 4.6231E-1 2.84106E-1 2.09126E-1
7.72295E-2 8.04095E-2 8.9353E-2 8.46063E-2 9.23882E-2 7.97694E-2 8.02902E-2 8.37323E-2 8.91692E-2 1.29573E-1 1.8009E-1 2.09365E-1 2.12002E-1 1.86368E-1 1.36049E-1 1.1717E-1 1.25193E-1 2.10145E-1 2.28231E-1 1.45137E-1 9.91259E-2 7.26794E-2 8.89666E-2 1.39458E-1 1.48537E-1 1.11354E-1 1.05286E-1 1.31254E-1 1.37153E-1 6.94868E-2 6.93713E-2 1.03967E-1 1.47692E-1 1.40177E-1 1.2698E-1 6.12033E-2 7.3501E-2 6.79111E-2 7.04968E-2 5.45496E-2 8.55833E-2 8.53717E-2 1.4444E-1 1.71025E-1 1.32012E-1 1.75618E-1 1.26244E-1 1.43315E-1 1.16553E-1 1.30665E-1 1.29937E-1 1.11313E-1 1.23528E-1 1.3182E-1 1.22446E-1 2.94008E-1 2.88125E-1 3.49801E-1 1.69466E-1 2.10354E-1 1.78489E-1 2.7172E-1 4.69413E-1 4.82877E-1 3.21596E-1
8.41381E-2 8.62899E-2 8.87648E-2 9.91301E-2 9.84734E-2 6.68863E-2 3.67427E-2 3.77616E-2 5.78699E-2 9.71031E-2 1.70388E-1 1.84857E-1 2.98861E-1 2.62281E-1 2.74464E-1 2.07375E-1 2.38756E-1 1.93542E-1 2.40619E-1 1.63711E-1 1.82454E-1 1.19698E-1 9.21259E-2 1.03843E-1 1.36426E-1 1.39234E-1 8.42315E-2 8.76256E-2 1.22589E-1 3.55738E-2 3.4567E-2 5.20873E-2 4.13919E-2 9.0977E-2 3.98629E-2 5.26162E-2 7.87448E-2 1.08577E-1 8.7144E-2 4.18134E-2 8.86792E-2 9.17198E-2 9.52999E-2 1.41678E-1 1.8621E-1 2.85015E-1 1.47806E-1 1.74668E-1 1.74501E-1 1.17693E-1 1.21327E-1 1.06348E-1 1.0282E-1 1.08547E-1 2.64706E-1 2.76189E-1 3.40898E-1 3.88676E-1 4.05108E-1 3.23894E-1 1.8544E-1 2.17454E-1 3.05006E-1 3.55802E-1 3.74571E-1
8.44797E-2 8.54672E-2 9.64017E-2 7.37907E-2 4.1555E-2 3.59246E-2 4.05128E-2 4.90118E-2 1.68104E-1 1.54157E-1 1.24995E-1 1.56379E-1 1.88468E-1 2.06239E-1 2.21457E-1 3.14195E-1 2.53969E-1 2.40969E-1 3.04911E-1 2.30826E-1 2.23532E-1 1.4703E-1 1.55695E-1 1.5727E-1 1.53177E-1 1.21093E-1 8.01998E-2 7.95515E-2 9.78803E-2 3.85789E-2 3.31813E-2 5.64488E-2 8.81409E-2 8.96247E-2 4.40989E-2 5.76921E-2 7.35108E-2 5.74831E-2 4.21303E-2 7.93616E-2 6.42979E-2 9.58104E-2 8.66932E-2 8.74907E-2 1.47112E-1 1.03367E-1 1.76405E-1 1.79607E-1 1.58891E-1 1.19231E-1 1.18971E-1 1.30292E-1 1.29464E-1 1.36353E-1 2.01687E-1 3.21258E-1 2.37362E-1 1.72399E-1 3.43693E-1 2.39939E-1 1.94818E-1 1.99367E-1 1.65843E-1 2.11551E-1 4.53655E-1
9.50218E-2 7.49204E-2 6.49373E-2 3.4541E-2 4.62893E-2 5.04651E-2 7.51276E-2 6.63783E-2 2.33818E-1 4.86268E-2 4.17942E-2 1.1904E-1 1.84215E-1 2.05102E-1 2.44727E-1 2.34011E-1 2.53692E-1 3.09991E-1 2.56409E-1 2.66862E-1 2.87569E-1 2.16423E-1 2.25259E-1 2.66925E-1 2.32385E-1 1.04841E-1 1.24858E-1 1.01821E-1 9.81488E-2 1.51195E-1 3.75445E-2 3.48577E-2 5.83053E-2 8.79669E-2 3.78336E-2 4.77227E-2 5.64233E-2 5.8792E-2 7.67262E-2 8.03592E-2 9.09898E-2 1.04825E-1 8.46254E-2 1.30437E-1 1.26473E-1 1.35055E-1 1.58328E-1 1.78795E-1 1.70309E-1 1.05779E-1 1.08523E-1 1.02722E-1 1.4571E-1 2.37013E-1 2.81689E-1 1.50813E-1 2.44356E-1 1.40136E-1 3.02498E-1 2.82932E-1 3.05273E-1 2.54471E-1 1.46623E-1 2.24073E-1 2.04307E-1
1.06421E-1 3.66012E-2 3.21996E-2 3.42173E-2 4.46668E-2 6.14123E-2 7.93495E-2 9.91787E-2 6.80028E-2 7.23285E-2 7.24747E-2 6.90288E-2 7.08235E-2 1.13433E-1 9.72764E-2 1.66859E-1 2.42071E-1 1.78027E-1 1.92217E-1 1.38815E-1 2.24399E-1 1.10204E-1 9.56072E-2 1.00817E-1 1.80973E-1 1.67593E-1 1.52516E-1 1.25053E-1 1.03096E-1 8.62291E-2 6.1462E-2 5.11641E-2 6.564E-2 4.2341E-2 4.68382E-2 5.51336E-2 7.64715E-2 1.3009E-1 6.07881E-2 8.16831E-2 9.37101E-2 9.80786E-2 8.56396E-2 8.10759E-2 9.78519E-2 1.26051E-1 1.25205E-1 1.06187E-1 9.32362E-2 1.12001E-1 1.49915E-1 1.90002E-1 2.42174E-1 2.20262E-1 1.62719E-1 2.81932E-1 1.6692E-1 2.46438E-1 2.88669E-1 2.3289E-1 1.9658E-1 2.0984E-1 2.33005E-1 1.92812E-1 3.02691E-1
4.80155E-2 3.54243E-2 5.41889E-2 4.7653E-2 6.58326E-2 7.07223E-2 6.10907E-2 7.78758E-2 2.00856E-1 2.24196E-1 2.34551E-1 1.5279E-1 4.45881E-2 6.7121E-2 6.75012E-2 1.33237E-1 1.68358E-1 1.68598E-1 1.35642E-1 9.16509E-2 1.5936E-1 1.44858E-1 1.62414E-1 8.99009E-2 2.42637E-1 3.25013E-1 1.83849E-1 1.1362E-1 7.54993E-2 8.53181E-2 9.32462E-2 8.8098E-2 8.20672E-2 1.35827E-1 7.04033E-2 7.10866E-2 7.82822E-2 6.71088E-2 8.14896E-2 8.13554E-2 8.53431E-2 1.16524E-1 9.0826E-2 8.81544E-2 9.94745E-2 1.0606E-1 1.02656E-1 1.04309E-1 8.82785E-2 1.12512E-1 1.13196E-1 1.25347E-1 1.70643E-1 1.39218E-1 1.88857E-1 3.73544E-1 1.5706E-1 2.19446E-1 2.89555E-1 3.6185E-1 3.40367E-1 3.03617E-1 1.92479E-1 1.65796E-1 2.09991E-1
3.86432E-2 4.55426E-2 6.46372E-2 6.67618E-2 1.28929E-1 1.78489E-1 2.3817E-1 2.11669E-1 2.31337E-1 2.33887E-1 2.40789E-1 1.67576E-1 1.34632E-1 4.8274E-2 5.66915E-2 1.04714E-1 1.16551E-1 1.05607E-1 1.175E-1 7.84385E-2 9.2359E-2 1.30316E-1 9.74067E-2 1.13835E-1 7.56137E-2 1.79304E-1 2.22836E-1 2.06978E-1 1.73042E-1 1.91418E-1 1.6994E-1 1.19126E-1 7.68372E-2 8.0771E-2 7.18451E-2 6.19305E-2 6.55969E-2 7.702E-2 7.13035E-2 7.62254E-2 8.27663E-2 1.06085E-1 9.88835E-2 9.73407E-2 9.9672E-2 1.05072E-1 1.00447E-1 1.26565E-1 1.20814E-1 1.31072E-1 9.86369E-2 1.35428E-1 1.64485E-1 1.91343E-1 2.61549E-1 4.20549E-1 1.9573E-1 2.01467E-1 3.19292E-1 2.67533E-1 3.1903E-1 3.27174E-1 2.67265E-1 1.48005E-1 1.57092E-1
6.64686E-2 6.27429E-2 8.40409E-2 1.74586E-1 1.62585E-1 1.8122E-1 2.70465E-1 2.19605E-1 2.48127E-1 2.52719E-1 2.28954E-1 1.55056E-1 1.82867E-1 9.69846E-2 7.42622E-2 8.13685E-2 7.4648E-2 8.43937E-2 8.3791E-2 7.98339E-2 1.66722E-1 9.3654E-2 1.02205E-1 9.75495E-2 8.63841E-2 2.32137E-1 1.84202E-1 1.32039E-1 1.72872E-1 1.54147E-1 1.38003E-1 1.115E-1 9.13318E-2 8.57322E-2 7.23844E-2 7.42342E-2 7.63779E-2 7.91584E-2 7.52451E-2 8.15111E-2 8.42855E-2 8.77091E-2 9.51167E-2 8.43182E-2 1.12E-1 9.2102E-2 1.01421E-1 1.10296E-1 1.50609E-1 1.28906E-1 7.08624E-2 1.67128E-1 2.31211E-1 2.31554E-1 1.60274E-1 3.41088E-1 2.05359E-1 1.51042E-1 2.78746E-1 3.16198E-1 2.67183E-1 2.3816E-1 1.53517E-1 1.21655E-1 1.88378E-1
1.44319E-1 1.53321E-1 2.24106E-1 1.97412E-1 2.52262E-1 2.07201E-1 2.57126E-1 2.91216E-1 2.92778E-1 2.2283E-1 2.13487E-1 1.37174E-1 1.98647E-1 1.50344E-1 1.13643E-1 8.98814E-2 7.35558E-2 6.51482E-2 6.32798E-2 9.43809E-2 1.31215E-1 7.8614E-2 1.03816E-1 9.02732E-2 1.03344E-1 2.41619E-1 1.28085E-1 8.22874E-2 1.27155E-1 9.97057E-2 9.30537E-2 9.30562E-2 1.00929E-1 7.86418E-2 8.68858E-2 7.41626E-2 7.34786E-2 7.8653E-2 9.13579E-2 6.64771E-2 6.39177E-2 8.73435E-2 8.13809E-2 8.32433E-2 9.86032E-2 8.01308E-2 1.04515E-1 1.14338E-1 1.24828E-1 1.67834E-1 1.86176E-1 2.46328E-1 1.43082E-1 1.07794E-1 1.8815E-1 1.49337E-1 2.59493E-1 1.75258E-1 2.25544E-1 2.74154E-1 3.35762E-1 1.91218E-1 1.94501E-1 1.41199E-1 1.70092E-1
