layers/arawak.asc
ncols         638
nrows         825
xllcorner     -2985163.8955
yllcorner     -3022031.214
cellsize      10000.0
NODATA_value  -9999
[rows 261 to 289 of 825, columns 455 to 519 of 638]
5.6054E-2 5.34293E-2 4.46502E-2 4.38615E-2 3.45882E-2 5.40343E-2 5.88664E-2 5.93384E-2 5.69029E-2 5.25011E-2 6.8702E-2 5.62533E-2 6.39054E-2 6.17511E-2 6.69482E-2 6.77781E-2 9.71286E-2 4.3025E-2 4.19089E-2 4.55571E-2 5.88534E-2 8.49443E-2 6.565E-2 8.58096E-2 7.07993E-2 7.67355E-2 7.51919E-2 7.18665E-2 8.79631E-2 4.86819E-2 6.32168E-2 5.6554E-2 5.13977E-2 9.70801E-2 7.64953E-2 1.55759E-1 1.39245E-1 7.57555E-2 2.36433E-2 1.63482E-2 1.58904E-2 1.29804E-2 1.03504E-2 8.36055E-3 8.38493E-3 7.87625E-3 8.20527E-3 7.06803E-3 8.80655E-3 1.29106E-2 3.53277E-2 1.02275E-1 1.65286E-1 1.84506E-1 1.73175E-1 1.66736E-1 1.44364E-1 1.25576E-1 9.51957E-2 7.48858E-2 7.52388E-2 5.69515E-2 7.18224E-2 4.03785E-2 6.37288E-2
4.07762E-2 5.08488E-2 4.22853E-2 4.25902E-2 5.39871E-2 4.30845E-2 6.35259E-2 3.36601E-2 4.82322E-2 6.52749E-2 7.12498E-2 6.77333E-2 3.73374E-2 4.0181E-2 1.48642E-1 7.67334E-2 5.28981E-2 5.80792E-2 4.45052E-2 4.12341E-2 6.02622E-2 7.67432E-2 6.01151E-2 8.3695E-2 5.64236E-2 6.11243E-2 5.61325E-2 7.65656E-2 7.59267E-2 3.73408E-2 5.81009E-2 6.25685E-2 7.2957E-2 1.23347E-1 6.93996E-2 9.70322E-2 1.15177E-1 3.78622E-2 3.72504E-2 2.4671E-2 1.56227E-2 9.77525E-3 9.04536E-3 1.10561E-2 9.85078E-3 1.1841E-2 2.03731E-2 1.88049E-2 2.63564E-2 4.67592E-2 9.6198E-2 1.36764E-1 1.28742E-1 1.32813E-1 1.15921E-1 8.50534E-2 8.74591E-2 1.09987E-1 1.03725E-1 8.79172E-2 8.30149E-2 7.77307E-2 5.48236E-2 4.8458E-2 4.00623E-2
4.70294E-2 4.92099E-2 6.81466E-2 4.24096E-2 6.37243E-2 4.78528E-2 4.4063E-2 3.38866E-2 5.24937E-2 5.9271E-2 3.87559E-2 4.69612E-2 4.68911E-2 8.61488E-2 7.05552E-2 4.64922E-2 4.99596E-2 3.22569E-2 5.3996E-2 5.33566E-2 8.03015E-2 5.54413E-2 5.32918E-2 6.87023E-2 6.05083E-2 6.80413E-2 5.60235E-2 7.57864E-2 8.36469E-2 1.05008E-1 5.64174E-2 7.51999E-2 7.17197E-2 8.53151E-2 4.43627E-2 3.03387E-2 9.19084E-2 4.90657E-2 3.57703E-2 2.12431E-2 1.18023E-2 1.20333E-2 1.20482E-2 1.74066E-2 1.16227E-2 1.29439E-2 2.04871E-2 4.28982E-2 5.88301E-2 6.47301E-2 9.86475E-2 7.17716E-2 7.08601E-2 6.50239E-2 5.38877E-2 5.36546E-2 7.10356E-2 6.90694E-2 1.1357E-1 6.56033E-2 4.28928E-2 6.59825E-2 3.64475E-2 2.87291E-2 3.81283E-2
5.56274E-2 5.411E-2 4.8366E-2 8.3691E-2 6.10655E-2 4.74585E-2 5.48625E-2 4.16917E-2 5.50058E-2 4.33047E-2 3.93559E-2 3.50862E-2 3.42264E-2 4.51771E-2 4.48365E-2 5.33249E-2 4.98144E-2 4.50382E-2 6.67575E-2 5.26658E-2 6.05653E-2 6.01216E-2 7.54097E-2 5.75876E-2 6.55811E-2 6.03105E-2 6.99304E-2 4.27511E-2 6.87904E-2 8.02925E-2 7.6381E-2 1.05766E-1 1.05894E-1 5.2208E-2 3.75949E-2 4.29883E-2 6.69019E-2 3.98904E-2 2.16415E-2 1.74958E-2 1.34455E-2 1.2479E-2 1.99014E-2 2.48308E-2 1.89893E-2 1.52037E-2 2.33451E-2 1.00447E-1 1.03516E-1 8.20245E-2 5.81034E-2 4.78864E-2 5.11006E-2 4.67087E-2 4.25951E-2 4.62231E-2 4.72455E-2 5.97361E-2 1.01117E-1 5.8633E-2 3.94155E-2 3.09179E-2 5.53081E-2 5.44409E-2 2.57318E-2
6.52858E-2 5.63485E-2 6.55902E-2 6.76892E-2 5.63035E-2 6.17273E-2 3.28777E-2 6.23427E-2 6.21631E-2 5.28243E-2 6.62251E-2 6.18489E-2 1.04157E-1 4.34372E-2 2.77204E-2 4.81647E-2 5.45237E-2 4.81835E-2 4.93106E-2 6.09151E-2 9.42424E-2 6.21429E-2 7.12337E-2 8.75035E-2 6.00932E-2 6.45535E-2 8.27232E-2 1.31912E-1 1.00007E-1 1.12602E-1 1.24084E-1 8.96569E-2 5.00334E-2 2.6405E-2 4.00868E-2 5.44604E-2 3.60437E-2 4.75128E-2 2.64837E-2 2.71866E-2 1.65443E-2 2.20265E-2 3.62439E-2 4.69125E-2 7.95266E-2 5.57656E-2 6.12712E-2 7.0268E-2 7.75368E-2 8.94892E-2 4.39917E-2 4.18307E-2 3.12162E-2 4.39795E-2 4.84778E-2 3.61241E-2 4.70182E-2 6.44478E-2 6.89035E-2 5.77346E-2 5.13539E-2 5.73909E-2 7.07116E-2 3.26573E-2 2.7053E-2
8.57805E-2 5.23206E-2 5.26921E-2 6.82222E-2 4.65041E-2 5.42733E-2 4.52872E-2 7.61385E-2 3.8933E-2 4.32227E-2 3.90834E-2 4.18478E-2 4.40807E-2 5.31071E-2 3.01586E-2 6.22292E-2 4.47454E-2 4.5817E-2 4.43792E-2 6.7302E-2 3.49552E-2 6.39086E-2 6.10072E-2 7.62212E-2 9.35228E-2 8.89866E-2 1.26795E-1 1.37208E-1 1.24172E-1 6.82972E-2 3.71598E-2 3.68573E-2 1.78533E-2 3.84913E-2 6.36302E-2 4.34199E-2 2.77274E-2 3.85924E-2 2.21117E-2 2.28286E-2 1.86727E-2 2.43817E-2 2.28435E-2 5.36113E-2 1.03491E-1 6.93242E-2 7.18827E-2 6.04119E-2 4.97643E-2 4.7178E-2 5.34482E-2 4.79308E-2 3.4701E-2 3.7265E-2 5.12897E-2 4.59049E-2 4.49311E-2 4.02553E-2 5.76002E-2 5.14454E-2 4.95802E-2 6.9331E-2 7.53875E-2 6.19729E-2 2.55762E-2
5.44957E-2 5.22844E-2 5.93735E-2 4.90493E-2 7.90568E-2 6.20896E-2 5.83814E-2 4.57553E-2 4.99767E-2 4.03343E-2 4.65732E-2 6.87939E-2 4.31282E-2 3.35376E-2 5.11764E-2 3.05479E-2 5.42705E-2 4.73925E-2 4.57098E-2 4.62381E-2 6.12412E-2 9.96543E-2 8.78525E-2 8.88142E-2 1.00703E-1 9.46072E-2 1.21833E-1 5.83464E-2 1.9819E-2 1.89685E-2 2.59542E-2 2.88904E-2 2.8267E-2 5.24683E-2 4.1356E-2 3.91863E-2 2.48839E-2 3.19532E-2 2.24387E-2 2.64024E-2 3.02948E-2 4.13724E-2 3.77281E-2 5.2643E-2 6.42134E-2 4.83986E-2 5.60523E-2 5.74466E-2 3.64718E-2 3.19819E-2 3.31526E-2 3.3877E-2 3.48397E-2 4.51888E-2 5.62449E-2 5.51778E-2 5.31244E-2 4.33482E-2 4.19753E-2 6.29696E-2 4.5852E-2 5.54475E-2 1.08843E-1 7.2351E-2 3.59511E-2
6.09332E-2 6.43347E-2 7.9201E-2 6.48942E-2 7.06689E-2 1.00859E-1 7.95954E-2 7.14244E-2 4.99121E-2 5.3267E-2 7.8807E-2 3.12831E-2 4.419E-2 2.70055E-2 3.81205E-2 5.60385E-2 5.43178E-2 3.93452E-2 5.00686E-2 4.76363E-2 4.16148E-2 8.61344E-2 8.91858E-2 9.30697E-2 8.64666E-2 5.38447E-2 2.42333E-2 9.33607E-3 1.34699E-2 1.09368E-2 1.58469E-2 1.50569E-2 2.78376E-2 2.36717E-2 2.38531E-2 2.16222E-2 2.19392E-2 3.36959E-2 3.5396E-2 2.68294E-2 4.8033E-2 4.63299E-2 6.78241E-2 6.1645E-2 5.00945E-2 4.67644E-2 4.51814E-2 4.12404E-2 4.49501E-2 3.72715E-2 3.46678E-2 3.83611E-2 3.71325E-2 4.12297E-2 5.10103E-2 5.51797E-2 5.12734E-2 6.78722E-2 5.83459E-2 8.76011E-2 7.20558E-2 4.44322E-2 7.51224E-2 2.60343E-2 2.74221E-2
6.97664E-2 6.51245E-2 7.92405E-2 7.45283E-2 7.52847E-2 7.65027E-2 6.32429E-2 4.03615E-2 5.01699E-2 7.60658E-2 3.85446E-2 2.94505E-2 3.44866E-2 4.23491E-2 5.48209E-2 5.58395E-2 7.74543E-2 5.80683E-2 3.91505E-2 7.03113E-2 8.66539E-2 9.3723E-2 6.58069E-2 5.42818E-2 3.59362E-2 1.2172E-2 8.07854E-3 8.29014E-3 8.00784E-3 1.37074E-2 1.10616E-2 1.59295E-2 1.41515E-2 1.32972E-2 1.20214E-2 1.54451E-2 1.85788E-2 2.59513E-2 2.09225E-2 3.0324E-2 5.82103E-2 3.14537E-2 7.9649E-2 6.65934E-2 3.81788E-2 3.70596E-2 4.00711E-2 4.34531E-2 4.17083E-2 3.67079E-2 3.49913E-2 3.74529E-2 3.69169E-2 4.40067E-2 5.7522E-2 6.00702E-2 5.69241E-2 1.28752E-1 1.14499E-1 6.0543E-2 4.66964E-2 5.39271E-2 6.9025E-2 3.48106E-2 3.80439E-2
5.1505E-2 3.19788E-2 5.78665E-2 5.33007E-2 4.80201E-2 4.91158E-2 4.78509E-2 3.14722E-2 3.96279E-2 4.16274E-2 3.75463E-2 4.4737E-2 2.92543E-2 5.42214E-2 6.95288E-2 6.36905E-2 7.0538E-2 6.25018E-2 4.00679E-2 5.92549E-2 7.46789E-2 4.91703E-2 5.09465E-2 1.92871E-2 1.48254E-2 1.22945E-2 9.33915E-3 7.66511E-3 9.71102E-3 1.48776E-2 1.30632E-2 9.21684E-3 1.13324E-2 9.91029E-3 1.61332E-2 1.53197E-2 1.66424E-2 1.86699E-2 2.1884E-2 4.95187E-2 2.89654E-2 2.74864E-2 3.2631E-2 3.99131E-2 3.48894E-2 3.4268E-2 3.74636E-2 3.37517E-2 4.24665E-2 3.95131E-2 3.68542E-2 3.81337E-2 3.55042E-2 4.98741E-2 6.05397E-2 6.78541E-2 6.01474E-2 6.12273E-2 6.15689E-2 5.40267E-2 4.8241E-2 3.9916E-2 5.91905E-2 5.95061E-2 4.50889E-2
3.89155E-2 2.92643E-2 4.29063E-2 4.08293E-2 4.90372E-2 3.33284E-2 4.62202E-2 7.8366E-2 9.38427E-2 5.99957E-2 4.00541E-2 3.48705E-2 3.25046E-2 8.30893E-2 1.03326E-1 9.98744E-2 8.69018E-2 9.39047E-2 6.543E-2 3.45106E-2 3.9946E-2 2.06282E-2 1.7305E-2 1.26406E-2 1.80084E-2 1.26579E-2 8.63925E-3 1.11824E-2 9.68473E-3 8.53512E-3 1.18312E-2 8.92401E-3 1.15483E-2 1.1999E-2 1.97451E-2 2.15665E-2 2.46983E-2 2.36796E-2 4.04321E-2 3.16E-2 3.42597E-2 3.82584E-2 4.33609E-2 3.4723E-2 3.23418E-2 3.43914E-2 3.65392E-2 5.02741E-2 4.17895E-2 4.41598E-2 4.4853E-2 4.37738E-2 4.91668E-2 5.06299E-2 3.7309E-2 5.0105E-2 6.61821E-2 5.90748E-2 7.79247E-2 5.10134E-2 3.71468E-2 4.0286E-2 5.71828E-2 4.63919E-2 6.66733E-2
3.27975E-2 4.00637E-2 3.07089E-2 3.33029E-2 3.94141E-2 3.38723E-2 3.92296E-2 4.77912E-2 9.32099E-2 5.2012E-2 6.33208E-2 7.0701E-2 6.59494E-2 8.08515E-2 9.71197E-2 8.65148E-2 9.57244E-2 7.16336E-2 4.39082E-2 2.33175E-2 1.76503E-2 1.31519E-2 1.86685E-2 1.9817E-2 1.61284E-2 1.56469E-2 1.43109E-2 9.58101E-3 7.99741E-3 1.00694E-2 1.0411E-2 1.46396E-2 1.48118E-2 1.65588E-2 1.40685E-2 2.13464E-2 1.96082E-2 2.50275E-2 3.02647E-2 3.65229E-2 3.73071E-2 4.02523E-2 3.92422E-2 3.218E-2 3.02259E-2 4.10647E-2 2.40415E-2 5.07096E-2 4.85323E-2 4.16373E-2 6.77674E-2 4.16366E-2 4.219E-2 7.17433E-2 6.60184E-2 7.52358E-2 4.17913E-2 5.1333E-2 5.55402E-2 5.04669E-2 3.75896E-2 3.77176E-2 3.06433E-2 2.31693E-2 3.27533E-2
3.02573E-2 2.80402E-2 3.10869E-2 3.59934E-2 3.07156E-2 5.56377E-2 4.05804E-2 5.00449E-2 6.58376E-2 6.88945E-2 5.38897E-2 6.62201E-2 8.1414E-2 1.07964E-1 1.24557E-1 8.25728E-2 7.01804E-2 3.35506E-2 1.43066E-2 1.30055E-2 1.41902E-2 1.35806E-2 1.26901E-2 1.41452E-2 1.80741E-2 1.5731E-2 1.51224E-2 1.00727E-2 9.35539E-3 1.24821E-2 1.82694E-2 1.52746E-2 1.61994E-2 1.53366E-2 2.44407E-2 2.78977E-2 1.99507E-2 2.30243E-2 2.44564E-2 3.04103E-2 3.84039E-2 4.26995E-2 3.49273E-2 2.60686E-2 3.2393E-2 3.62098E-2 2.21338E-2 1.22444E-2 3.23003E-2 3.21425E-2 4.09127E-2 4.43195E-2 4.76423E-2 5.16476E-2 5.28577E-2 5.81515E-2 4.61278E-2 3.91983E-2 3.90592E-2 3.57915E-2 3.68191E-2 5.74523E-2 3.92904E-2 4.32953E-2 2.8388E-2
2.80777E-2 3.52263E-2 3.34523E-2 2.67963E-2 3.10465E-2 2.34024E-2 3.35105E-2 3.86811E-2 1.03798E-1 5.16716E-2 7.53027E-2 6.93194E-2 9.72475E-2 5.94875E-2 8.50564E-2 3.54661E-2 1.41259E-2 1.41213E-2 1.2958E-2 1.26516E-2 1.62925E-2 1.60724E-2 1.70156E-2 1.65195E-2 2.10995E-2 2.26727E-2 1.44658E-2 1.60365E-2 1.84975E-2 2.28663E-2 1.91425E-2 1.68206E-2 1.42315E-2 2.30434E-2 2.17127E-2 2.01183E-2 3.21299E-2 4.89738E-2 4.16964E-2 2.53603E-2 3.2995E-2 3.58163E-2 2.39958E-2 2.47093E-2 3.0154E-2 4.39002E-2 4.44194E-2 1.58991E-2 3.70535E-2 4.3161E-2 4.02209E-2 3.70384E-2 5.59569E-2 6.11602E-2 5.21639E-2 4.4239E-2 4.01547E-2 4.14317E-2 4.24154E-2 4.039E-2 3.41277E-2 7.2477E-2 6.57077E-2 5.9922E-2 3.92384E-2
3.83544E-2 4.37822E-2 4.31913E-2 2.96956E-2 3.08288E-2 3.75398E-2 4.02665E-2 4.0173E-2 9.31003E-2 9.64867E-2 4.45313E-2 5.53538E-2 5.98447E-2 2.99579E-2 1.50578E-2 7.74132E-3 7.07247E-3 6.8798E-3 7.34721E-3 1.13466E-2 1.6482E-2 3.02691E-2 1.93044E-2 2.16811E-2 2.40051E-2 2.32793E-2 2.72454E-2 2.18259E-2 1.96403E-2 1.66037E-2 1.86675E-2 1.54832E-2 2.21252E-2 1.85331E-2 1.46936E-2 8.98629E-3 3.12708E-2 3.69747E-2 2.99239E-2 2.26207E-2 2.60803E-2 3.72656E-2 3.65564E-2 3.28687E-2 3.03754E-2 1.17773E-1 5.09558E-2 3.11592E-2 4.1088E-2 2.96409E-2 3.53378E-2 5.01207E-2 3.90971E-2 3.78145E-2 2.4975E-2 4.8886E-2 5.26672E-2 5.08353E-2 5.09695E-2 5.45945E-2 4.75329E-2 1.07406E-1 8.43662E-2 5.21345E-2 4.73018E-2
4.26617E-2 4.67439E-2 4.55642E-2 2.82417E-2 3.23602E-2 2.52968E-2 3.31802E-2 4.09567E-2 2.95336E-2 4.95612E-2 6.44811E-2 5.65344E-2 3.55163E-2 1.02565E-2 9.69494E-3 8.84396E-3 6.02983E-3 8.00203E-3 1.11629E-2 1.10854E-2 1.00836E-2 1.13437E-2 1.69257E-2 2.17679E-2 2.33707E-2 2.49504E-2 2.67679E-2 2.58591E-2 2.09483E-2 1.84892E-2 1.54942E-2 1.59474E-2 1.75127E-2 2.63016E-2 6.44322E-3 1.28634E-2 1.89015E-2 2.76844E-2 2.39425E-3 9.10184E-4 2.61463E-2 2.92195E-3 6.13994E-3 8.64747E-2 3.06988E-2 6.72567E-2 4.18558E-2 3.97744E-2 3.8234E-2 3.04623E-2 3.03859E-2 2.36662E-2 3.27446E-2 3.97404E-2 2.6411E-2 2.77388E-2 5.63463E-2 5.96941E-2 6.22785E-2 5.89019E-2 6.16258E-2 5.21485E-2 4.24529E-2 3.54428E-2 4.2783E-2
9.80147E-2 8.38715E-2 5.37502E-2 4.40087E-2 2.59594E-2 3.3451E-2 2.40621E-2 3.54718E-2 2.89582E-2 4.97603E-2 3.15745E-2 1.98825E-2 1.07164E-2 8.0711E-3 8.95127E-3 7.48721E-3 8.67466E-3 1.10545E-2 1.15099E-2 1.22592E-2 1.44155E-2 1.559E-2 1.63E-2 1.765E-2 1.59784E-2 1.49414E-2 3.11436E-2 1.88015E-2 1.98522E-2 2.01249E-2 1.56713E-2 1.89422E-2 1.72437E-2 9.24756E-3 4.89197E-3 3.82966E-2 3.32365E-2 2.84198E-2 2.84122E-2 2.74452E-2 2.00135E-2 1.68635E-2 4.90318E-2 5.71579E-2 6.41729E-2 3.94138E-2 4.05168E-2 5.34948E-2 2.49546E-2 4.66567E-2 6.09201E-2 3.18496E-2 2.0412E-2 1.628E-2 3.77575E-2 3.50621E-2 4.31153E-2 6.22924E-2 1.60849E-1 5.82183E-2 5.14029E-2 4.39613E-2 3.14521E-2 2.62338E-2 3.96991E-2
1.07788E-1 8.37925E-2 8.67152E-2 6.56357E-2 2.11318E-2 2.77526E-2 3.36098E-2 6.42592E-2 2.87977E-2 3.82564E-2 1.66796E-2 1.04161E-2 9.35005E-3 6.7524E-3 5.77944E-3 5.97934E-3 9.0165E-3 1.17617E-2 1.14948E-2 1.07046E-2 1.7108E-2 2.21775E-2 1.40485E-2 1.68623E-2 1.87612E-2 9.39673E-3 1.14952E-2 1.60626E-2 2.43589E-2 2.56178E-2 2.29074E-2 1.91628E-2 1.89591E-2 5.75194E-3 7.26866E-3 2.36445E-2 4.53522E-2 5.71E-2 5.04969E-2 5.48541E-2 4.76832E-2 7.95135E-2 5.7397E-2 3.22373E-2 2.96193E-2 2.50365E-2 3.52607E-2 3.25159E-2 3.95266E-2 4.77097E-2 3.93215E-2 7.27322E-2 6.47316E-3 2.07562E-2 9.4823E-3 4.33649E-2 6.25034E-2 6.23991E-2 6.05977E-2 5.12121E-2 4.86869E-2 4.05356E-2 3.07669E-2 3.30319E-2 4.28507E-2
1.00547E-1 8.25331E-2 5.59301E-2 3.76654E-2 2.12285E-2 2.51927E-2 4.11453E-2 1.14944E-2 8.27104E-3 9.80106E-3 1.31397E-2 1.19562E-2 8.77621E-3 1.59971E-2 1.66723E-2 1.10013E-2 1.05938E-2 1.3979E-2 1.75816E-2 1.35502E-2 1.87525E-2 2.63806E-2 1.47399E-2 1.4997E-2 1.81366E-2 1.00996E-2 1.32789E-2 7.61446E-3 9.08869E-3 1.87232E-2 2.18605E-2 2.04645E-2 2.69646E-2 3.36258E-2 3.51875E-2 2.57898E-2 4.29879E-2 5.40678E-2 6.15228E-2 5.66553E-2 5.29021E-2 4.33533E-2 4.10384E-2 4.12142E-2 3.63328E-2 3.33224E-2 3.40724E-2 3.1695E-2 4.87693E-2 4.91543E-2 1.25265E-1 1.49277E-2 1.80978E-2 3.30723E-2 7.58753E-3 6.33859E-2 6.10757E-2 4.46821E-2 4.79776E-2 4.48614E-2 4.18975E-2 4.73639E-2 3.36009E-2 3.05867E-2 4.0075E-2
9.97373E-2 4.66757E-2 3.19497E-2 2.7412E-2 2.44956E-2 2.62121E-2 1.04299E-2 6.29288E-3 4.92737E-3 5.03604E-3 1.0319E-2 1.31253E-2 8.86621E-3 1.72876E-2 1.94592E-2 2.45363E-2 1.68109E-2 1.98685E-2 1.60869E-2 1.39432E-2 2.25399E-2 2.8507E-2 1.5164E-2 1.69048E-2 1.65146E-2 1.90176E-2 2.25941E-2 7.30179E-3 7.65136E-3 1.15756E-2 2.24888E-2 2.01631E-2 1.95163E-2 2.39304E-2 1.66804E-2 4.0956E-2 5.29482E-2 4.22365E-2 4.96932E-2 3.97887E-2 2.46276E-2 2.23467E-2 4.52312E-2 3.64858E-2 3.84035E-2 3.47743E-2 3.87475E-2 4.17019E-2 4.54869E-2 4.28857E-2 3.7346E-2 2.33971E-2 2.08782E-2 3.95934E-2 5.51252E-2 5.91619E-2 6.0225E-2 4.09457E-2 4.14145E-2 4.99709E-2 3.74976E-2 3.65736E-2 3.50355E-2 2.89544E-2 2.7435E-2
7.61844E-2 2.2899E-2 2.90294E-2 1.78018E-2 6.39289E-3 6.70578E-3 6.00416E-3 7.18859E-3 6.02531E-3 7.9185E-3 1.70669E-2 1.62149E-2 1.08997E-2 1.8186E-2 1.89754E-2 2.10223E-2 2.01419E-2 2.32652E-2 2.47807E-2 1.60596E-2 2.74473E-2 2.85027E-2 1.59987E-2 2.02466E-2 1.9091E-2 1.86347E-2 1.02076E-2 1.38784E-2 1.69371E-2 2.52357E-2 1.69789E-2 1.53641E-2 1.1456E-2 5.97002E-3 3.70975E-3 1.58205E-2 2.00413E-2 2.82843E-2 1.91381E-2 2.57903E-2 2.158E-2 7.05345E-2 4.1757E-2 4.5601E-2 4.97439E-2 3.50329E-2 3.97013E-2 5.42603E-2 4.85249E-2 6.73427E-2 2.9903E-2 3.4072E-2 2.58449E-2 5.21492E-2 8.13243E-2 4.85984E-2 4.97955E-2 4.4385E-2 3.76899E-2 9.03242E-2 3.40567E-2 3.59672E-2 3.08642E-2 2.72519E-2 3.07734E-2
8.84433E-2 1.76964E-2 1.11475E-2 8.96507E-3 8.93123E-3 5.67252E-3 7.03717E-3 7.84015E-3 1.27725E-2 1.99309E-2 2.85627E-2 1.3459E-2 1.49166E-2 1.79794E-2 1.88888E-2 2.13975E-2 1.97688E-2 3.59262E-2 2.18542E-2 1.50456E-2 4.0935E-2 2.6051E-2 1.84147E-2 1.54992E-2 1.49334E-2 1.53088E-2 1.59188E-2 1.55685E-2 2.09964E-2 1.95072E-2 2.00173E-2 1.67163E-2 3.27282E-3 2.19342E-3 3.90029E-3 4.86676E-3 1.17112E-2 7.59853E-3 1.63304E-2 4.25224E-2 5.33744E-2 5.31116E-2 5.24387E-2 4.45211E-2 4.46669E-2 4.06114E-2 5.29352E-2 5.79919E-2 3.30931E-2 7.14526E-2 2.54394E-2 3.28339E-2 3.18634E-2 1.0717E-1 7.95565E-2 5.35808E-2 5.06448E-2 4.84735E-2 3.94984E-2 8.69484E-2 3.3552E-2 3.47395E-2 3.40085E-2 3.28094E-2 2.80975E-2
6.60288E-2 1.29257E-2 5.3969E-3 7.84753E-3 7.32401E-3 8.64665E-3 1.08039E-2 2.42655E-2 2.79E-2 2.73985E-2 3.05453E-2 2.6442E-2 2.51273E-2 1.81366E-2 2.01343E-2 2.56104E-2 2.81493E-2 2.72088E-2 2.0441E-2 2.09865E-2 6.26288E-2 2.81225E-2 1.86229E-2 1.92089E-2 1.53453E-2 1.68976E-2 2.36592E-2 1.87363E-2 2.53076E-2 2.75597E-2 1.51627E-2 3.85255E-3 3.05825E-3 2.5582E-3 4.01024E-3 4.59477E-3 9.00289E-3 2.60786E-2 3.81197E-2 4.88883E-2 4.60279E-2 4.85303E-2 4.75833E-2 3.99768E-2 4.20776E-2 6.31125E-2 4.60924E-2 3.74099E-2 3.99697E-2 5.33847E-2 5.40154E-2 2.80029E-2 4.52406E-2 8.39354E-2 1.09097E-1 8.18718E-2 5.3828E-2 5.44345E-2 7.28839E-2 7.96917E-2 4.05024E-2 5.84671E-2 7.12695E-2 4.6993E-2 2.30555E-2
3.80179E-2 1.11654E-2 8.46817E-3 9.29164E-3 1.10093E-2 1.51175E-2 2.31516E-2 2.13893E-2 2.59807E-2 3.0454E-2 2.55776E-2 2.53703E-2 2.49496E-2 1.79295E-2 2.26847E-2 2.68195E-2 2.27339E-2 1.56922E-2 1.72971E-2 2.35044E-2 8.69702E-2 3.3855E-2 2.39601E-2 1.86881E-2 2.05968E-2 1.60866E-2 1.9119E-2 2.78896E-2 1.36584E-2 2.66734E-2 8.60263E-3 3.50103E-3 5.61222E-3 2.99718E-3 4.11042E-3 4.14329E-3 1.2258E-2 2.82522E-2 4.89133E-2 4.01553E-2 6.03955E-2 4.64612E-2 5.38096E-2 6.78501E-2 9.59055E-2 1.25823E-1 5.92961E-2 9.30046E-2 6.55856E-2 3.6753E-2 3.29151E-2 2.0393E-2 5.90961E-2 1.01959E-1 1.4143E-1 1.87569E-1 5.37795E-2 6.14286E-2 1.27993E-1 9.63779E-2 4.30411E-2 6.11218E-2 8.12616E-2 6.06761E-2 2.57678E-2
1.79445E-2 1.82326E-2 1.19089E-2 9.71838E-3 1.13326E-2 2.69399E-2 2.98076E-2 1.93269E-2 1.70799E-2 1.55252E-2 2.35681E-2 2.26538E-2 1.54751E-2 1.75619E-2 3.23855E-2 2.55063E-2 1.42364E-2 1.82707E-2 1.63096E-2 1.91827E-2 1.30604E-1 3.71409E-2 2.95279E-2 2.68394E-2 2.37051E-2 2.57981E-2 1.87788E-2 2.06185E-2 2.24666E-2 2.08181E-2 2.88332E-2 3.49442E-3 3.86093E-3 4.03886E-3 3.98776E-3 4.06146E-3 9.08655E-3 3.49055E-2 5.33254E-2 4.57772E-2 6.67513E-2 4.34369E-2 6.95936E-2 9.7651E-2 1.16245E-1 1.16163E-1 8.77883E-2 1.2887E-1 1.07647E-1 7.08809E-2 2.81977E-2 5.45579E-2 8.35102E-2 1.30612E-1 1.21655E-1 8.78062E-2 5.71104E-2 6.73861E-2 1.13518E-1 8.0816E-2 4.64283E-2 5.98658E-2 6.42912E-2 6.74168E-2 4.1293E-2
1.57391E-2 3.00218E-2 2.18937E-2 1.60243E-2 1.73299E-2 2.7987E-2 1.40386E-2 2.235E-2 2.56675E-2 3.2034E-2 2.52345E-2 1.64001E-2 1.6582E-2 1.52525E-2 1.63197E-2 1.52025E-2 1.97624E-2 1.55061E-2 1.98489E-2 2.32439E-2 1.1161E-1 2.92916E-2 2.93686E-2 2.36134E-2 1.91204E-2 2.54062E-2 2.34085E-2 3.32066E-2 1.90152E-2 2.98679E-2 1.4626E-2 4.25108E-3 5.77391E-3 7.66131E-3 5.08069E-3 4.04661E-3 5.67466E-3 5.76126E-2 1.24123E-1 5.83333E-2 7.63978E-2 4.96952E-2 6.40449E-2 5.71059E-2 5.90877E-2 7.25511E-2 8.79203E-2 9.38939E-2 9.52691E-2 4.79612E-2 5.5337E-2 6.94403E-2 1.16887E-1 1.59488E-1 1.35849E-1 1.10376E-1 6.16137E-2 7.63263E-2 9.00006E-2 6.28737E-2 4.34609E-2 4.36745E-2 4.56404E-2 5.5514E-2 5.40049E-2
2.96879E-2 1.70514E-2 2.66948E-2 2.78408E-2 3.6335E-2 3.51969E-2 2.40919E-2 3.91231E-2 4.0782E-2 3.36681E-2 1.18945E-2 3.07557E-2 3.27848E-2 1.74237E-2 1.96104E-2 1.95159E-2 2.06769E-2 1.64536E-2 1.82897E-2 2.24525E-2 7.62727E-2 2.60598E-2 2.73431E-2 2.29902E-2 1.81114E-2 2.64683E-2 2.35809E-2 1.35646E-2 6.96318E-3 1.1283E-2 8.06678E-3 4.08148E-3 7.66375E-3 6.09564E-3 6.02196E-3 4.159E-3 5.47674E-3 4.56969E-2 1.00044E-1 7.35007E-2 1.1437E-1 7.10339E-2 4.31308E-2 2.941E-2 6.92127E-2 1.09406E-1 9.10447E-2 9.17597E-2 9.76198E-2 6.6636E-2 9.07169E-2 1.00939E-1 1.47036E-1 1.37059E-1 1.62623E-1 1.02347E-1 9.39766E-2 9.76652E-2 1.12895E-1 5.61304E-2 3.68355E-2 3.85597E-2 6.11203E-2 4.97274E-2 5.56861E-2
2.40298E-2 2.97572E-2 2.33607E-2 2.16684E-2 1.7431E-2 2.38072E-2 2.77355E-2 2.68239E-2 3.83119E-2 3.82964E-2 2.17809E-2 1.77736E-2 2.91457E-2 2.1258E-2 2.66809E-2 1.81649E-2 1.57292E-2 1.41642E-2 1.80568E-2 2.33204E-2 6.28638E-2 6.08238E-3 1.12409E-2 2.82532E-2 2.95824E-2 8.65005E-3 8.02767E-3 5.23979E-3 6.48856E-3 6.4219E-3 4.0346E-3 6.20601E-3 1.2672E-2 5.72761E-3 5.20886E-3 5.74543E-3 4.72285E-3 3.23468E-2 5.83412E-2 8.18682E-2 8.24708E-2 6.33918E-2 5.93607E-2 4.70914E-2 9.43795E-2 1.12941E-1 8.60221E-2 1.49712E-1 1.11184E-1 6.48459E-2 6.13573E-2 1.25819E-1 2.14694E-1 1.75862E-1 1.43315E-1 8.93053E-2 5.21374E-2 9.11977E-2 1.09821E-1 5.09622E-2 3.93348E-2 3.43818E-2 3.29983E-2 4.91707E-2 5.26878E-2
4.1964E-2 2.60773E-2 2.28927E-2 2.60914E-2 3.56536E-2 3.63103E-2 2.77274E-2 3.45072E-2 2.59284E-2 2.01165E-2 1.08603E-2 2.09944E-2 1.99432E-2 2.88745E-2 2.09467E-2 2.00156E-2 1.62302E-2 1.56616E-2 1.87248E-2 3.4317E-2 6.7475E-2 8.18491E-3 9.21346E-3 1.2175E-2 7.45436E-3 1.90091E-2 2.16549E-2 2.12054E-2 4.1988E-2 2.80661E-2 1.7715E-2 3.14368E-2 8.85834E-3 7.38758E-3 7.46579E-3 9.55504E-3 1.82542E-2 2.99002E-2 1.52916E-1 5.28658E-2 6.1308E-2 6.33308E-2 8.29109E-2 1.37758E-1 1.14159E-1 1.19552E-1 6.76319E-2 1.15163E-1 8.05495E-2 7.13346E-2 1.0164E-1 1.5929E-1 1.44443E-1 1.46636E-1 1.15162E-1 6.30879E-2 6.39981E-2 9.45241E-2 9.82084E-2 4.77323E-2 3.81545E-2 3.2203E-2 2.98274E-2 5.58239E-2 6.80933E-2
