layers/arawak.asc
ncols         638
nrows         825
xllcorner     -2985163.8955
yllcorner     -3022031.214
cellsize      10000.0
NODATA_value  -9999
[rows 348 to 376 of 825, columns 325 to 389 of 638]
3.16533E-2 1.25789E-1 1.57721E-1 1.5193E-1 1.54613E-1 1.45478E-1 1.09573E-1 5.69002E-2 8.88411E-2 9.67385E-2 1.28855E-1 1.27496E-1 1.65825E-1 7.92801E-2 1.21602E-1 1.02784E-1 3.93649E-2 2.9551E-2 3.65011E-2 5.30229E-2 8.68455E-2 4.1403E-2 3.5E-2 3.07719E-2 7.09667E-2 1.25771E-1 9.67255E-2 9.19308E-2 1.39519E-1 1.49423E-1 1.51905E-1 1.5618E-1 1.49878E-1 1.43793E-1 8.28237E-2 9.64453E-2 9.40815E-2 9.0141E-2 8.29849E-2 9.84699E-2 1.26949E-1 1.36227E-1 1.59282E-1 2.75176E-1 2.30546E-1 2.24219E-1 2.98072E-1 1.39743E-1 1.34448E-1 1.2385E-1 1.31625E-1 1.26932E-1 1.17371E-1 1.13612E-1 1.12721E-1 1.10073E-1 1.19562E-1 8.80216E-2 9.54088E-2 9.56866E-2 1.29309E-1 1.07585E-1 9.23671E-2 1.3152E-1 1.11011E-1
4.50286E-2 9.87149E-2 1.64904E-1 1.53661E-1 1.45026E-1 1.5558E-1 8.29053E-2 6.12599E-2 4.97809E-2 5.01137E-2 1.28141E-1 1.35983E-1 1.44682E-1 9.66102E-2 9.10413E-2 6.58963E-2 5.80215E-2 3.73894E-2 2.02682E-2 9.39465E-2 4.82376E-2 3.72674E-2 3.42793E-2 3.68401E-2 6.90462E-2 1.15196E-1 9.50756E-2 9.65885E-2 1.0697E-1 1.48091E-1 1.58907E-1 2.24645E-1 1.07686E-1 1.2177E-1 1.29985E-1 1.12793E-1 1.09617E-1 1.10943E-1 9.42012E-2 9.3838E-2 1.0023E-1 1.17433E-1 1.93245E-1 2.36499E-1 2.55955E-1 1.83937E-1 2.82809E-1 2.39007E-1 2.02724E-1 1.16959E-1 1.13204E-1 1.29594E-1 1.33639E-1 1.30133E-1 1.20699E-1 1.12083E-1 9.9464E-2 9.90908E-2 9.53165E-2 1.19686E-1 1.21593E-1 1.02601E-1 9.63105E-2 1.45963E-1 9.79026E-2
3.73129E-2 5.27363E-2 1.12838E-1 1.63588E-1 1.55605E-1 1.30434E-1 1.01752E-1 1.01937E-1 5.45972E-2 1.101E-1 1.46446E-1 2.00282E-1 1.42422E-1 1.01592E-1 5.28059E-2 4.0412E-2 4.68959E-2 4.30973E-2 3.15567E-2 3.55443E-2 4.09217E-2 3.46572E-2 3.29576E-2 5.71101E-2 7.36007E-2 1.29087E-1 9.23988E-2 9.50022E-2 1.04262E-1 1.06065E-1 1.30037E-1 1.84491E-1 1.16671E-1 1.19913E-1 1.30692E-1 1.15621E-1 1.14347E-1 9.82246E-2 9.86506E-2 8.87822E-2 8.09357E-2 8.68556E-2 1.2242E-1 1.58262E-1 2.26863E-1 2.11007E-1 2.83107E-1 1.48336E-1 1.65577E-1 1.24004E-1 1.17196E-1 1.24068E-1 1.4344E-1 1.21694E-1 1.14018E-1 1.05741E-1 1.09615E-1 1.10461E-1 1.11061E-1 1.16325E-1 1.21325E-1 1.38907E-1 1.13505E-1 1.50756E-1 8.81932E-2
4.44904E-2 6.1221E-2 1.00748E-1 1.69598E-1 1.2548E-1 1.19273E-1 1.63068E-1 1.75321E-1 1.57961E-1 1.63602E-1 1.73382E-1 1.62162E-1 1.01921E-1 9.56338E-2 7.94702E-2 6.24124E-2 3.91622E-2 3.1755E-2 4.7233E-2 3.72136E-2 4.24412E-2 3.61494E-2 7.28044E-2 6.30182E-2 1.0537E-1 1.11606E-1 7.75305E-2 8.52089E-2 1.06671E-1 1.06807E-1 1.29885E-1 1.35493E-1 1.38822E-1 1.29429E-1 1.32052E-1 1.09853E-1 9.54427E-2 9.35219E-2 9.64954E-2 9.78456E-2 1.03889E-1 1.19166E-1 1.20558E-1 1.63925E-1 1.44981E-1 2.50084E-1 2.25972E-1 1.70143E-1 1.87682E-1 1.63287E-1 1.19882E-1 1.12983E-1 1.13531E-1 1.16539E-1 1.19406E-1 1.05558E-1 1.01259E-1 1.09514E-1 1.08713E-1 1.34345E-1 1.52833E-1 1.39457E-1 1.40336E-1 1.37385E-1 8.74931E-2
2.74435E-2 8.15703E-2 1.15519E-1 1.78155E-1 1.69929E-1 1.99595E-1 1.86776E-1 1.88465E-1 1.97019E-1 1.77308E-1 1.2741E-1 7.24467E-2 6.21142E-2 7.39899E-2 1.08486E-1 7.07162E-2 5.72892E-2 4.46783E-2 8.80646E-2 6.05891E-2 5.46888E-2 1.08231E-1 9.35442E-2 6.29887E-2 1.15989E-1 9.38669E-2 9.52756E-2 9.8035E-2 1.00667E-1 1.07579E-1 1.04279E-1 1.07292E-1 1.13957E-1 9.99827E-2 1.12689E-1 1.10558E-1 9.20678E-2 1.09595E-1 1.25996E-1 1.18547E-1 1.18538E-1 1.13358E-1 1.46118E-1 1.37726E-1 1.03782E-1 1.22734E-1 1.56624E-1 2.81282E-1 2.16392E-1 1.70209E-1 1.39949E-1 1.1842E-1 9.92388E-2 1.11601E-1 1.31917E-1 1.12187E-1 1.07841E-1 1.00997E-1 9.79835E-2 1.12856E-1 1.18929E-1 1.12127E-1 1.39305E-1 9.0209E-2 7.97657E-2
1.48215E-2 9.93688E-2 1.63816E-1 1.7785E-1 1.62966E-1 1.8529E-1 1.93823E-1 1.41209E-1 1.31633E-1 9.34049E-2 7.41435E-2 6.79025E-2 4.89498E-2 4.94874E-2 5.37606E-2 6.04071E-2 5.13251E-2 6.32851E-2 8.15531E-2 6.00422E-2 3.29521E-2 1.23091E-1 5.82137E-2 1.13817E-1 1.16022E-1 8.96364E-2 8.09563E-2 8.21809E-2 8.42272E-2 9.34864E-2 8.97859E-2 9.90853E-2 1.05105E-1 9.01998E-2 1.06195E-1 1.02191E-1 1.05643E-1 1.12638E-1 1.49594E-1 1.22693E-1 1.20879E-1 1.08239E-1 1.1594E-1 1.2616E-1 1.06696E-1 1.18097E-1 1.37686E-1 1.92775E-1 1.47134E-1 1.36371E-1 8.63905E-2 1.26389E-1 1.25589E-1 1.19977E-1 1.24335E-1 1.23281E-1 1.25585E-1 8.96546E-2 7.28113E-2 8.97923E-2 9.61809E-2 9.20603E-2 7.49809E-2 7.0953E-2 7.69093E-2
1.30668E-2 7.77624E-2 2.12738E-1 1.91937E-1 2.11039E-1 1.26992E-1 1.06747E-1 1.71564E-1 1.18628E-1 1.16709E-1 7.88647E-2 6.0023E-2 5.20077E-2 4.26821E-2 4.60738E-2 6.7606E-2 4.74492E-2 3.02819E-2 5.67429E-2 5.45007E-2 3.99805E-2 1.10052E-1 5.08352E-2 6.22981E-2 1.25005E-1 8.42706E-2 7.98715E-2 1.24232E-1 1.40774E-1 1.3867E-1 1.12827E-1 1.0198E-1 8.49491E-2 8.25323E-2 1.05326E-1 9.29765E-2 9.50855E-2 1.15431E-1 1.53968E-1 1.54185E-1 1.20528E-1 1.13259E-1 1.01935E-1 1.08403E-1 1.11731E-1 1.07545E-1 8.9185E-2 9.11114E-2 1.06624E-1 8.83096E-2 7.17809E-2 9.12431E-2 1.30225E-1 1.4103E-1 1.10455E-1 9.58521E-2 7.27262E-2 8.10248E-2 7.31531E-2 7.79236E-2 7.80196E-2 8.61524E-2 8.0515E-2 9.67232E-2 1.21737E-1
2.01203E-2 1.3235E-1 1.54696E-1 2.34776E-1 1.82602E-1 5.4233E-2 7.66987E-2 7.56791E-2 4.51195E-2 5.83765E-2 7.52418E-2 9.00492E-2 8.06238E-2 4.5206E-2 4.37874E-2 4.7123E-2 4.56385E-2 3.39658E-2 2.66884E-2 5.38004E-2 6.70626E-2 1.39445E-1 5.66294E-2 1.68071E-1 1.89276E-1 9.1477E-2 1.14157E-1 1.09621E-1 1.04104E-1 1.19509E-1 1.07736E-1 9.08905E-2 8.55179E-2 9.99767E-2 1.1344E-1 1.17081E-1 1.09831E-1 1.16823E-1 1.50555E-1 1.47696E-1 1.39869E-1 1.18499E-1 1.04823E-1 1.07087E-1 1.07654E-1 1.02395E-1 8.32069E-2 8.89655E-2 1.3928E-1 1.0836E-1 1.28702E-1 8.88866E-2 1.01823E-1 9.76692E-2 1.25319E-1 8.94058E-2 9.13467E-2 9.0305E-2 7.09802E-2 7.24852E-2 8.28474E-2 8.12908E-2 8.8394E-2 9.52573E-2 9.32413E-2
1.77247E-2 4.58858E-2 1.04862E-1 1.69009E-1 1.03981E-1 8.84263E-2 8.11031E-2 7.86233E-2 7.48042E-2 6.60841E-2 4.70874E-2 5.82252E-2 8.32514E-2 6.58249E-2 4.87207E-2 3.93092E-2 3.97107E-2 3.60258E-2 3.19154E-2 3.27439E-2 3.99067E-2 1.06421E-1 1.10967E-1 1.32658E-1 1.27129E-1 1.53204E-1 1.05871E-1 1.00489E-1 1.07155E-1 1.07226E-1 9.78291E-2 1.01947E-1 1.03537E-1 1.21665E-1 1.64949E-1 1.40258E-1 1.47099E-1 1.17554E-1 1.65877E-1 1.56544E-1 1.27182E-1 1.02301E-1 9.72174E-2 1.09643E-1 1.14223E-1 1.05357E-1 8.88555E-2 1.07598E-1 1.71284E-1 1.79665E-1 1.65722E-1 1.18667E-1 8.89116E-2 9.24774E-2 9.69873E-2 1.04324E-1 1.15606E-1 9.46887E-2 8.51961E-2 7.57406E-2 7.72273E-2 8.26475E-2 8.70239E-2 8.1444E-2 9.17722E-2
4.98953E-2 8.79786E-2 1.38818E-1 1.68114E-1 1.23203E-1 4.4898E-2 7.88571E-2 8.24677E-2 7.74493E-2 8.04941E-2 7.35638E-2 8.03801E-2 7.90613E-2 8.4819E-2 3.8374E-2 4.23101E-2 3.37169E-2 3.87286E-2 3.54357E-2 3.51016E-2 4.76054E-2 3.36937E-2 4.94247E-2 4.85691E-2 9.71625E-2 1.74697E-1 1.16612E-1 1.27354E-1 1.33271E-1 1.26399E-1 1.02637E-1 9.08667E-2 1.21093E-1 1.98675E-1 1.73503E-1 1.80386E-1 2.36083E-1 1.55604E-1 1.7738E-1 1.35527E-1 1.07864E-1 9.94201E-2 1.00791E-1 1.20226E-1 1.07388E-1 1.10988E-1 1.07859E-1 1.23625E-1 1.67602E-1 2.17021E-1 1.83834E-1 1.52784E-1 8.39937E-2 9.45641E-2 1.4092E-1 1.09936E-1 1.3116E-1 9.89417E-2 9.96243E-2 7.81999E-2 7.87114E-2 8.44137E-2 8.4231E-2 9.78443E-2 1.138E-1
9.57751E-2 9.01482E-2 6.1504E-2 1.90162E-1 1.29697E-1 1.38947E-1 8.80038E-2 5.80851E-2 7.31056E-2 9.21469E-2 7.6597E-2 1.13175E-1 1.0041E-1 5.37879E-2 6.27793E-2 5.06518E-2 3.24548E-2 2.82901E-2 3.05903E-2 3.72484E-2 5.61324E-2 3.33947E-2 3.6861E-2 5.65021E-2 6.18144E-2 1.37176E-1 1.26572E-1 1.78658E-1 1.61621E-1 1.45243E-1 1.53798E-1 1.47038E-1 1.35035E-1 1.73863E-1 1.46136E-1 1.79755E-1 2.1403E-1 1.69132E-1 1.5364E-1 9.03356E-2 7.26957E-2 9.36956E-2 1.16446E-1 1.02194E-1 1.00778E-1 1.25025E-1 1.51728E-1 1.52062E-1 1.74425E-1 2.28419E-1 1.85311E-1 1.80866E-1 7.78229E-2 1.19593E-1 1.1975E-1 1.46694E-1 1.17811E-1 9.33609E-2 9.61225E-2 9.25701E-2 7.30266E-2 7.49167E-2 7.7055E-2 8.83547E-2 9.84908E-2
8.22582E-2 6.21734E-2 1.17239E-1 1.13749E-1 1.18837E-1 1.62221E-1 1.53279E-1 7.68218E-2 4.96062E-2 7.15868E-2 5.24208E-2 1.22805E-1 8.70425E-2 7.02437E-2 5.55754E-2 5.84545E-2 5.00736E-2 3.11419E-2 3.19561E-2 2.54943E-2 3.32817E-2 3.92973E-2 4.29301E-2 6.04207E-2 4.93875E-2 8.99136E-2 1.48976E-1 1.82136E-1 9.84927E-2 9.32067E-2 9.84448E-2 1.18643E-1 1.16393E-1 2.4391E-1 1.91999E-1 1.92379E-1 2.26419E-1 1.86722E-1 1.74864E-1 9.50342E-2 7.39454E-2 7.97784E-2 9.6664E-2 9.57147E-2 9.42573E-2 1.25842E-1 1.47979E-1 1.81142E-1 2.31243E-1 1.84607E-1 2.62795E-1 2.14391E-1 8.55022E-2 9.44919E-2 1.0124E-1 1.25449E-1 1.4059E-1 9.57449E-2 9.71228E-2 9.26729E-2 1.03464E-1 9.03289E-2 8.38734E-2 9.66017E-2 9.39618E-2
4.52704E-2 3.28142E-2 3.03467E-2 1.09104E-1 1.46672E-1 1.63404E-1 5.0469E-2 5.22661E-2 4.2778E-2 4.11777E-2 4.229E-2 3.82544E-2 4.62969E-2 4.31713E-2 4.23551E-2 4.96142E-2 3.26521E-2 3.90823E-2 3.12588E-2 3.11128E-2 2.39631E-2 4.03426E-2 4.74302E-2 4.90046E-2 5.56657E-2 1.52275E-1 1.09849E-1 1.2389E-1 1.04813E-1 8.85905E-2 9.01708E-2 1.22887E-1 2.10059E-1 2.08295E-1 2.16981E-1 1.97937E-1 1.36348E-1 1.94958E-1 2.00527E-1 1.75271E-1 1.34494E-1 1.11475E-1 8.82713E-2 1.00958E-1 7.15972E-2 9.29663E-2 1.41291E-1 1.52236E-1 2.01246E-1 2.2662E-1 2.19706E-1 3.37717E-1 1.1732E-1 8.42409E-2 7.92634E-2 9.59857E-2 1.34941E-1 1.21304E-1 9.9128E-2 1.12392E-1 1.15196E-1 1.325E-1 1.06951E-1 8.63995E-2 9.85906E-2
2.65131E-2 2.51944E-2 4.24917E-2 6.5072E-2 1.17784E-1 1.6671E-1 5.23559E-2 4.80565E-2 4.90759E-2 5.07818E-2 6.21492E-2 4.83734E-2 3.39868E-2 1.86763E-2 1.65856E-2 2.144E-2 3.43354E-2 3.80901E-2 2.6174E-2 1.17195E-2 1.11268E-2 2.61709E-2 4.88892E-2 4.93179E-2 6.92301E-2 1.34017E-1 1.39895E-1 1.64365E-1 1.14945E-1 1.18839E-1 1.00608E-1 1.51407E-1 2.43404E-1 2.86079E-1 2.0114E-1 2.00616E-1 1.58775E-1 1.95145E-1 1.79764E-1 1.95297E-1 2.35583E-1 1.73149E-1 7.69168E-2 6.63939E-2 6.42966E-2 8.90403E-2 8.70575E-2 1.4706E-1 1.52473E-1 1.70772E-1 2.03583E-1 3.70069E-1 1.31197E-1 8.64219E-2 8.56912E-2 1.16079E-1 1.70395E-1 2.61737E-1 1.43613E-1 1.29292E-1 1.24153E-1 1.26778E-1 1.12372E-1 9.05324E-2 9.88824E-2
3.79663E-2 1.93382E-2 6.39638E-2 1.04623E-1 1.23288E-1 4.35714E-2 5.64796E-2 3.75404E-2 3.75029E-2 3.55425E-2 3.28998E-2 3.55291E-2 5.55116E-2 3.86003E-2 5.46881E-2 7.13959E-2 7.1419E-2 5.51452E-2 5.20239E-2 3.44274E-2 2.00833E-2 1.05196E-1 4.36625E-2 4.90777E-2 9.23858E-2 1.11633E-1 1.41607E-1 1.70739E-1 2.18746E-1 4.20927E-1 2.97845E-1 2.66758E-1 2.32624E-1 1.91476E-1 2.00959E-1 2.1214E-1 2.16267E-1 1.90649E-1 1.51868E-1 1.47101E-1 2.70092E-1 1.13172E-1 5.88657E-2 5.94974E-2 6.09998E-2 6.62843E-2 8.02587E-2 9.21432E-2 1.44702E-1 1.80127E-1 3.38446E-1 2.22523E-1 3.71495E-1 1.22983E-1 1.01259E-1 1.28285E-1 1.7577E-1 2.08394E-1 1.44113E-1 1.08146E-1 1.38722E-1 1.33553E-1 1.06591E-1 1.11796E-1 9.98863E-2
8.27002E-2 4.41302E-2 9.70188E-2 1.04514E-1 8.89477E-2 3.68508E-2 4.28597E-2 4.00664E-2 4.10515E-2 2.90183E-2 4.23724E-2 6.56932E-2 7.45356E-2 7.70271E-2 6.62371E-2 3.7576E-2 3.97209E-2 8.75273E-2 8.70483E-2 9.11956E-2 1.0584E-1 1.10127E-1 1.07871E-1 7.11658E-2 1.37786E-1 1.01102E-1 1.4258E-1 2.04746E-1 2.60526E-1 1.5384E-1 1.88379E-1 1.53362E-1 1.95489E-1 2.42386E-1 1.81918E-1 2.14051E-1 1.71706E-1 1.91243E-1 1.75689E-1 1.78397E-1 1.86149E-1 1.14503E-1 4.30608E-2 6.55056E-2 6.46974E-2 7.1408E-2 7.33778E-2 9.36662E-2 1.55433E-1 1.89417E-1 1.82079E-1 2.47719E-1 2.86469E-1 1.80708E-1 9.66081E-2 1.08772E-1 1.26681E-1 1.30857E-1 4.32841E-1 1.54571E-1 1.27982E-1 1.37817E-1 1.17136E-1 1.26995E-1 1.13511E-1
9.92485E-2 3.62653E-2 5.493E-2 5.75982E-2 4.03212E-2 5.1612E-2 9.10175E-2 8.14799E-2 1.22084E-1 1.49879E-1 9.39046E-2 6.03901E-2 3.45682E-2 2.89331E-2 2.62486E-2 2.20866E-2 4.29489E-2 3.15147E-2 3.32944E-2 4.5055E-2 3.77492E-2 5.98061E-2 3.42667E-2 1.8631E-1 1.26991E-1 1.03523E-1 1.68508E-1 2.28714E-1 2.23129E-1 1.60041E-1 1.1644E-1 1.40551E-1 1.88846E-1 1.50663E-1 1.61389E-1 1.83769E-1 1.33009E-1 1.90192E-1 2.1117E-1 1.88386E-1 1.3253E-1 1.13165E-1 7.06516E-2 6.20026E-2 6.4716E-2 7.03617E-2 6.86855E-2 8.4755E-2 9.96276E-2 1.93625E-1 1.78021E-1 2.09566E-1 2.28416E-1 5.09245E-1 9.26548E-2 1.32144E-1 1.36109E-1 1.21001E-1 1.56979E-1 2.35561E-1 1.39861E-1 1.4138E-1 1.25966E-1 1.59625E-1 1.28437E-1
4.66263E-2 9.2114E-2 1.09898E-1 9.9662E-2 9.46545E-2 6.77929E-2 7.40199E-2 4.00091E-2 8.04585E-2 5.1421E-2 2.43368E-2 2.16734E-2 3.81913E-2 4.77231E-2 5.09637E-2 2.8783E-2 6.37329E-2 5.14971E-2 5.22594E-2 5.24262E-2 4.46428E-2 4.46337E-2 3.82522E-2 1.22195E-1 2.85746E-1 3.25553E-1 1.69041E-1 4.34509E-1 1.85146E-1 1.33401E-1 1.35088E-1 2.16716E-1 2.09661E-1 1.85246E-1 2.03146E-1 1.58033E-1 1.80645E-1 1.64115E-1 1.86712E-1 1.7155E-1 1.2837E-1 1.03139E-1 1.02844E-1 9.16228E-2 6.18813E-2 6.65452E-2 6.35236E-2 7.56731E-2 8.99041E-2 1.0974E-1 2.18938E-1 3.78573E-1 2.59663E-1 4.49633E-1 1.83466E-1 1.36372E-1 1.39248E-1 1.52902E-1 1.33423E-1 2.18401E-1 3.2397E-1 2.12743E-1 2.00133E-1 1.93632E-1 1.55059E-1
4.74908E-2 1.09854E-1 1.20901E-1 1.04151E-1 8.93373E-2 9.55523E-2 4.92446E-2 5.01778E-2 4.48496E-2 4.56493E-2 4.02007E-2 7.81742E-2 7.25459E-2 6.05508E-2 6.62328E-2 1.04184E-1 9.97833E-2 6.19044E-2 7.01243E-2 7.00357E-2 6.08441E-2 5.92075E-2 5.60093E-2 7.29598E-2 2.13392E-1 1.1804E-1 2.67627E-1 2.48891E-1 2.31033E-1 1.44155E-1 1.56218E-1 2.18473E-1 2.34276E-1 3.03343E-1 2.13315E-1 2.07571E-1 1.72814E-1 1.55729E-1 1.6494E-1 1.95483E-1 1.40488E-1 9.66443E-2 1.01563E-1 1.11316E-1 6.30528E-2 5.28281E-2 4.85807E-2 5.79896E-2 7.6237E-2 8.81469E-2 1.26887E-1 2.0341E-1 1.71245E-1 1.41027E-1 5.56031E-1 1.51688E-1 1.40057E-1 1.69516E-1 1.92908E-1 2.12092E-1 1.85588E-1 3.85071E-1 1.54E-1 1.67668E-1 1.84373E-1
6.72892E-2 1.19252E-1 1.6866E-1 1.30568E-1 2.05037E-1 7.0062E-2 5.07273E-2 4.37612E-2 4.9118E-2 5.70403E-2 5.21327E-2 5.69621E-2 1.24674E-1 1.36571E-1 1.13202E-1 1.10076E-1 1.26079E-1 4.05391E-2 6.2275E-2 6.31172E-2 6.32015E-2 6.91642E-2 6.27605E-2 1.3054E-1 1.44284E-1 1.11531E-1 3.39635E-1 2.07206E-1 1.89244E-1 2.08688E-1 2.23917E-1 2.78138E-1 2.19749E-1 1.85819E-1 2.26477E-1 1.67043E-1 1.65047E-1 1.78289E-1 2.03203E-1 1.82453E-1 1.77417E-1 1.34941E-1 1.12228E-1 1.10685E-1 5.88724E-2 6.49061E-2 5.99411E-2 5.89705E-2 6.74528E-2 8.20384E-2 1.01985E-1 9.09286E-2 1.14668E-1 1.19497E-1 1.50164E-1 4.52627E-1 4.33223E-1 2.58068E-1 3.31453E-1 1.87886E-1 2.15629E-1 1.88692E-1 2.8157E-1 1.32278E-1 1.64259E-1
9.41892E-2 9.64771E-2 4.69666E-2 3.88098E-2 4.74799E-2 5.56231E-2 4.45756E-2 5.12335E-2 4.65401E-2 3.12778E-2 5.37983E-2 1.10916E-1 1.70972E-1 1.35316E-1 1.42675E-1 1.19841E-1 6.53143E-2 7.31437E-2 5.59783E-2 5.80628E-2 7.03093E-2 9.52959E-2 8.21123E-2 1.31978E-1 1.11795E-1 1.5531E-1 2.49188E-1 4.03922E-1 1.88526E-1 1.77582E-1 2.22631E-1 1.5415E-1 1.82765E-1 2.44135E-1 1.9043E-1 1.97722E-1 1.89255E-1 1.71919E-1 1.763E-1 1.45556E-1 1.24249E-1 1.14005E-1 8.85579E-2 1.1107E-1 1.0068E-1 5.81283E-2 5.31943E-2 5.66107E-2 7.33105E-2 9.04501E-2 7.87908E-2 7.04787E-2 8.69377E-2 8.15144E-2 1.26991E-1 1.45327E-1 1.4569E-1 1.92882E-1 3.20185E-1 4.22814E-1 2.21769E-1 1.64515E-1 2.73109E-1 1.99602E-1 1.38355E-1
5.67798E-2 2.74751E-2 3.59549E-2 3.83355E-2 4.75066E-2 4.77784E-2 5.61726E-2 5.28495E-2 7.2419E-2 6.54173E-2 1.43302E-1 1.36155E-1 1.6267E-1 1.38479E-1 1.21715E-1 1.30229E-1 1.04222E-1 9.72408E-2 6.44655E-2 6.03189E-2 5.34744E-2 8.12327E-2 7.82198E-2 1.58896E-1 1.15501E-1 1.42088E-1 2.18459E-1 1.95576E-1 2.97494E-1 1.85969E-1 2.94891E-1 1.77873E-1 1.80067E-1 2.03494E-1 1.83547E-1 1.95605E-1 1.44906E-1 1.68276E-1 1.27438E-1 1.26272E-1 1.14992E-1 1.11509E-1 9.25105E-2 1.08163E-1 8.93173E-2 5.629E-2 5.86151E-2 6.6747E-2 7.39676E-2 9.3052E-2 9.53231E-2 7.99531E-2 9.09815E-2 9.23963E-2 1.00741E-1 1.16952E-1 1.24864E-1 1.3812E-1 2.56617E-1 2.64416E-1 4.55447E-1 2.26661E-1 1.85021E-1 3.40318E-1 1.59799E-1
6.43899E-2 3.63493E-2 3.91821E-2 5.99084E-2 6.29551E-2 5.61063E-2 6.26975E-2 1.05828E-1 1.93972E-1 1.96386E-1 1.73209E-1 1.55331E-1 1.43497E-1 1.53798E-1 1.24209E-1 1.50645E-1 1.0654E-1 8.49078E-2 6.9786E-2 5.48956E-2 7.00038E-2 9.85806E-2 7.65295E-2 1.75586E-1 1.18297E-1 2.14882E-1 2.60973E-1 2.13281E-1 5.63219E-1 1.86075E-1 1.8268E-1 1.56984E-1 1.72564E-1 1.6587E-1 1.4594E-1 1.29468E-1 1.26512E-1 1.34794E-1 1.08448E-1 1.12249E-1 1.16259E-1 8.81764E-2 8.50924E-2 9.22376E-2 9.09155E-2 9.05436E-2 7.61151E-2 6.23892E-2 7.48867E-2 8.99717E-2 9.92404E-2 1.11806E-1 9.08138E-2 9.80689E-2 9.8693E-2 1.06001E-1 1.08454E-1 1.51195E-1 1.44501E-1 1.70202E-1 2.52094E-1 3.73146E-1 2.89484E-1 2.39197E-1 1.6936E-1
4.91948E-2 4.52574E-2 3.32254E-2 7.38133E-2 7.16213E-2 7.96376E-2 1.42053E-1 2.04111E-1 1.88701E-1 1.73371E-1 1.59395E-1 1.5276E-1 1.82025E-1 1.43272E-1 1.44543E-1 1.93049E-1 1.35554E-1 1.02625E-1 8.13671E-2 8.29084E-2 9.40529E-2 1.11924E-1 1.92188E-1 1.2456E-1 1.21228E-1 2.43143E-1 2.38588E-1 2.53403E-1 2.02328E-1 2.7084E-1 3.00762E-1 1.83441E-1 2.09992E-1 1.58033E-1 1.50708E-1 1.37972E-1 1.3775E-1 1.21874E-1 1.19495E-1 1.11665E-1 1.2739E-1 1.15768E-1 1.0733E-1 9.47411E-2 8.63257E-2 9.57591E-2 8.68119E-2 8.42055E-2 7.39639E-2 9.193E-2 9.52677E-2 1.18713E-1 1.06756E-1 1.06811E-1 9.9336E-2 1.05565E-1 1.10736E-1 1.17567E-1 1.17463E-1 1.67662E-1 2.58777E-1 2.9981E-1 3.14922E-1 4.11435E-1 1.97139E-1
6.08358E-2 2.49639E-2 3.44183E-2 7.00122E-2 1.69689E-1 2.26677E-1 2.09911E-1 2.09278E-1 1.96315E-1 1.94333E-1 1.76916E-1 1.70486E-1 1.54805E-1 1.86698E-1 1.77677E-1 1.12054E-1 1.12735E-1 1.35241E-1 1.05822E-1 1.14575E-1 1.02785E-1 1.34134E-1 1.0859E-1 1.51139E-1 1.98146E-1 2.2197E-1 2.95153E-1 2.05709E-1 1.78795E-1 2.60394E-1 3.33472E-1 2.53698E-1 2.23692E-1 2.03873E-1 2.05053E-1 1.55934E-1 1.35015E-1 1.34644E-1 1.22677E-1 1.09643E-1 1.26807E-1 1.37594E-1 1.75336E-1 9.9865E-2 8.7956E-2 9.55605E-2 8.35926E-2 1.20013E-1 1.20641E-1 9.72765E-2 1.0307E-1 1.01641E-1 1.08626E-1 1.05098E-1 9.85012E-2 1.16053E-1 1.25138E-1 1.56597E-1 1.17389E-1 1.38135E-1 2.0459E-1 2.50468E-1 4.08334E-1 3.12953E-1 4.43004E-1
8.73228E-2 3.57781E-2 3.48163E-2 9.9744E-2 2.38182E-1 2.31543E-1 2.32452E-1 2.40807E-1 2.31052E-1 2.08656E-1 1.91997E-1 1.86232E-1 1.75384E-1 1.65586E-1 1.19617E-1 1.15291E-1 1.22468E-1 1.35351E-1 1.52477E-1 1.07524E-1 8.89437E-2 6.84977E-2 1.46001E-1 1.53973E-1 2.50524E-1 2.77012E-1 2.22138E-1 1.60128E-1 2.66616E-1 2.94724E-1 2.34271E-1 2.73477E-1 2.18815E-1 2.29546E-1 2.14846E-1 1.51143E-1 1.45105E-1 1.37639E-1 1.23938E-1 1.07662E-1 1.23275E-1 1.40186E-1 1.63257E-1 1.49951E-1 1.06721E-1 8.95252E-2 9.47025E-2 1.01792E-1 1.61175E-1 1.45069E-1 1.10347E-1 1.05736E-1 1.11083E-1 7.42777E-2 8.35734E-2 1.3683E-1 1.6901E-1 1.87247E-1 1.38453E-1 1.40952E-1 1.75574E-1 2.02765E-1 2.85406E-1 2.79765E-1 3.03934E-1
1.20567E-1 5.46901E-2 3.84115E-2 1.53147E-1 2.55593E-1 2.51337E-1 2.58286E-1 2.58898E-1 2.38156E-1 2.20433E-1 2.10807E-1 2.2782E-1 1.78284E-1 1.92604E-1 1.67633E-1 1.27298E-1 1.49943E-1 1.58151E-1 1.64611E-1 1.56693E-1 1.38545E-1 5.29267E-2 4.30026E-1 1.26785E-1 2.45803E-1 2.97873E-1 1.21261E-1 1.09996E-1 2.1215E-1 2.65842E-1 2.28836E-1 3.4788E-1 2.169E-1 2.1438E-1 1.88082E-1 1.53872E-1 1.61209E-1 1.48368E-1 1.37901E-1 1.41936E-1 1.13466E-1 1.33562E-1 1.32361E-1 1.4625E-1 1.40161E-1 1.25664E-1 1.0024E-1 1.26638E-1 1.03402E-1 1.33014E-1 1.12569E-1 1.30879E-1 1.10674E-1 1.13195E-1 9.15605E-2 1.2208E-1 1.83799E-1 1.81038E-1 1.78113E-1 1.5994E-1 1.35529E-1 1.52808E-1 1.74258E-1 1.40403E-1 2.94082E-1
1.50687E-1 3.81431E-2 6.49298E-2 3.27935E-1 2.21246E-1 2.9232E-1 2.9378E-1 2.63408E-1 2.43978E-1 2.32477E-1 2.23037E-1 2.31977E-1 2.17837E-1 1.70893E-1 1.5216E-1 2.10105E-1 1.54052E-1 1.59939E-1 1.23317E-1 1.55239E-1 1.41812E-1 1.27449E-1 4.61606E-1 1.58328E-1 3.01271E-1 2.75934E-1 1.23668E-1 1.2792E-1 1.70711E-1 3.56848E-1 2.7212E-1 3.43171E-1 2.73137E-1 2.3492E-1 1.99408E-1 1.62289E-1 1.59833E-1 1.73219E-1 1.41672E-1 1.3887E-1 1.17164E-1 1.11301E-1 1.24134E-1 1.47519E-1 2.08362E-1 1.37616E-1 1.39475E-1 1.27966E-1 1.30193E-1 1.14907E-1 1.53258E-1 1.09215E-1 1.13926E-1 1.18275E-1 1.29114E-1 1.51978E-1 1.50664E-1 1.34222E-1 1.34279E-1 1.76438E-1 1.56966E-1 1.24001E-1 1.49966E-1 1.8748E-1 1.66378E-1
1.30078E-1 3.79288E-2 6.65552E-2 1.56905E-1 1.94719E-1 2.50552E-1 3.02041E-1 1.9101E-1 2.65784E-1 2.51689E-1 2.63222E-1 2.50056E-1 2.42415E-1 2.67053E-1 2.79214E-1 2.53784E-1 1.96654E-1 2.47653E-1 1.58584E-1 1.47744E-1 1.4806E-1 3.75498E-1 1.92391E-1 2.10604E-1 2.97212E-1 3.37841E-1 2.01808E-1 1.6003E-1 1.70588E-1 2.70779E-1 3.38356E-1 2.7228E-1 2.43716E-1 2.55407E-1 1.85077E-1 1.73014E-1 1.72281E-1 1.7299E-1 1.4933E-1 1.33994E-1 1.55906E-1 1.16004E-1 1.50084E-1 1.3224E-1 1.29326E-1 1.49794E-1 1.91807E-1 1.46566E-1 1.23153E-1 1.70572E-1 1.42317E-1 1.16753E-1 1.14222E-1 1.48597E-1 1.76692E-1 1.66674E-1 1.78393E-1 1.55487E-1 1.32428E-1 1.56386E-1 1.92903E-1 1.64757E-1 1.32646E-1 1.56392E-1 2.36673E-1
