layers/trop.asc
ncols         638
nrows         825
xllcorner     -2985163.8955
yllcorner     -3022031.214
cellsize      10000.0
NODATA_value  -9999
[rows 203 to 231 of 825, columns 390 to 454 of 638]
3.88596E-1 3.81355E-1 4.39619E-1 5.49235E-1 8.26093E-1 5.58784E-1 4.07672E-1 3.54886E-1 3.0626E-1 3.37919E-1 3.10218E-1 2.7562E-1 2.49041E-1 2.53058E-1 2.47196E-1 2.33989E-1 2.53333E-1 2.4923E-1 3.05098E-1 2.73786E-1 2.75952E-1 2.54987E-1 2.86851E-1 4.39309E-1 5.67063E-1 4.75568E-1 3.50283E-1 3.06975E-1 3.38226E-1 3.5691E-1 3.53272E-1 3.49447E-1 3.77339E-1 3.90351E-1 4.013E-1 4.09881E-1 4.10878E-1 4.17839E-1 3.98206E-1 3.92449E-1 4.0169E-1 3.84848E-1 3.83574E-1 3.87339E-1 3.91219E-1 3.88209E-1 3.81384E-1 3.87639E-1 3.8996E-1 3.68602E-1 3.7782E-1 4.00365E-1 5.19449E-1 3.59432E-1 3.61079E-1 3.61875E-1 3.58319E-1 3.86319E-1 3.71784E-1 3.93123E-1 3.95148E-1 3.77339E-1 4.00488E-1 4.65228E-1 5.46654E-1
3.66366E-1 3.67875E-1 3.78907E-1 5.30283E-1 8.06144E-1 7.86348E-1 4.82582E-1 3.17736E-1 3.06228E-1 3.03322E-1 3.24296E-1 2.89091E-1 2.7811E-1 2.91064E-1 2.73288E-1 2.59558E-1 2.7525E-1 2.88078E-1 3.37906E-1 3.72414E-1 3.00583E-1 2.76326E-1 3.34119E-1 4.5106E-1 7.28641E-1 4.83559E-1 3.53504E-1 3.45216E-1 3.44269E-1 3.08716E-1 3.85017E-1 3.57743E-1 3.63243E-1 3.88952E-1 3.70694E-1 3.72882E-1 3.8292E-1 3.86011E-1 3.8952E-1 3.74456E-1 3.76256E-1 3.79738E-1 3.74647E-1 3.68067E-1 3.79187E-1 3.70802E-1 3.58775E-1 3.61891E-1 3.62763E-1 3.63215E-1 3.68281E-1 3.8984E-1 4.29509E-1 3.55286E-1 3.67774E-1 3.52937E-1 3.59689E-1 3.86885E-1 4.20306E-1 3.94175E-1 4.2705E-1 4.18101E-1 4.31156E-1 5.7222E-1 7.51932E-1
3.72357E-1 3.34144E-1 3.77829E-1 5.01192E-1 8.1571E-1 5.49328E-1 3.93967E-1 3.17558E-1 2.9487E-1 3.07822E-1 3.28125E-1 2.94967E-1 3.1497E-1 3.10383E-1 3.18677E-1 2.97561E-1 3.4019E-1 3.08099E-1 3.66483E-1 3.13569E-1 3.08593E-1 3.01951E-1 4.66376E-1 6.98515E-1 8.77518E-1 5.68079E-1 3.85837E-1 3.86476E-1 3.55164E-1 3.1356E-1 3.42281E-1 3.69563E-1 3.55033E-1 3.86953E-1 3.7258E-1 3.66839E-1 3.54055E-1 3.59168E-1 3.81966E-1 3.71308E-1 3.72841E-1 3.65431E-1 3.69731E-1 3.71542E-1 3.71352E-1 3.58374E-1 3.54664E-1 3.45413E-1 3.57176E-1 3.41814E-1 3.45121E-1 3.94655E-1 3.40072E-1 3.46609E-1 3.73424E-1 3.62024E-1 3.28189E-1 3.29125E-1 3.97013E-1 3.90027E-1 4.27628E-1 4.0329E-1 4.25349E-1 5.88508E-1 7.78118E-1
3.34823E-1 3.57243E-1 3.7463E-1 5.76048E-1 8.03921E-1 5.52532E-1 3.42457E-1 3.28789E-1 3.28953E-1 2.88064E-1 3.09068E-1 2.86325E-1 3.07948E-1 3.08698E-1 3.08849E-1 3.23735E-1 3.01842E-1 3.8748E-1 3.348E-1 3.41248E-1 3.31245E-1 3.40937E-1 4.38694E-1 6.63085E-1 9.58756E-1 5.65049E-1 4.21734E-1 3.95706E-1 3.73532E-1 3.81745E-1 3.99468E-1 3.91484E-1 3.74137E-1 3.7408E-1 3.7614E-1 3.62998E-1 3.55107E-1 3.44612E-1 3.53112E-1 3.5436E-1 3.65832E-1 3.50655E-1 3.53891E-1 3.60301E-1 3.54344E-1 3.49407E-1 3.36702E-1 3.44044E-1 3.34753E-1 3.42948E-1 3.47833E-1 3.42136E-1 3.21097E-1 3.48836E-1 3.3865E-1 3.31153E-1 3.16573E-1 3.37161E-1 3.48061E-1 3.53832E-1 3.77523E-1 4.36817E-1 4.5957E-1 5.80101E-1 7.371E-1
2.71675E-1 2.93874E-1 3.28504E-1 4.30351E-1 4.90148E-1 4.01423E-1 4.03126E-1 3.28524E-1 3.13346E-1 3.09231E-1 3.07532E-1 3.10278E-1 3.03096E-1 2.99501E-1 3.13384E-1 3.20785E-1 3.88674E-1 3.37951E-1 3.42645E-1 3.56274E-1 3.4342E-1 3.45642E-1 4.49187E-1 7.3766E-1 9.4872E-1 6.90791E-1 5.22043E-1 4.27387E-1 3.97131E-1 3.77816E-1 4.05284E-1 3.91695E-1 3.73369E-1 3.58597E-1 3.62223E-1 3.62857E-1 3.67969E-1 3.46217E-1 3.5019E-1 3.35078E-1 3.44057E-1 3.40034E-1 3.24169E-1 3.43234E-1 3.41523E-1 3.31259E-1 3.24383E-1 3.21398E-1 3.30382E-1 3.36588E-1 3.53797E-1 3.08122E-1 3.19206E-1 3.12962E-1 3.08491E-1 3.14323E-1 3.12721E-1 3.31969E-1 3.53396E-1 3.85745E-1 4.14859E-1 4.36642E-1 5.69827E-1 5.94118E-1 5.97095E-1
3.50167E-1 3.08856E-1 3.36317E-1 3.53403E-1 3.7321E-1 3.47539E-1 3.87486E-1 3.78652E-1 3.09757E-1 3.11621E-1 3.02726E-1 3.01712E-1 2.96021E-1 2.96615E-1 3.08479E-1 3.11119E-1 3.23826E-1 3.33426E-1 3.42449E-1 3.4803E-1 3.30457E-1 3.65578E-1 4.60141E-1 6.79597E-1 8.49275E-1 9.0232E-1 6.381E-1 4.58856E-1 4.27724E-1 4.03268E-1 4.14704E-1 3.98922E-1 3.2599E-1 3.62254E-1 3.40016E-1 3.39316E-1 3.56093E-1 3.59583E-1 3.32693E-1 3.23852E-1 3.08213E-1 3.36417E-1 3.2633E-1 3.4083E-1 3.28526E-1 3.1471E-1 3.3039E-1 3.28948E-1 3.15061E-1 3.1641E-1 2.96446E-1 2.91004E-1 2.9048E-1 2.82302E-1 3.1943E-1 3.30473E-1 3.13563E-1 3.39797E-1 3.58075E-1 3.93069E-1 4.14288E-1 4.21509E-1 4.91056E-1 5.04951E-1 5.00119E-1
3.81031E-1 3.24456E-1 4.00184E-1 3.51831E-1 3.37423E-1 3.28532E-1 3.75482E-1 3.65201E-1 3.04732E-1 3.19355E-1 3.33419E-1 3.13446E-1 2.97089E-1 3.05618E-1 3.61263E-1 3.12564E-1 3.16368E-1 3.35091E-1 3.46907E-1 3.5636E-1 3.72727E-1 3.78296E-1 4.81189E-1 6.83165E-1 9.02344E-1 9.31676E-1 7.22066E-1 4.66332E-1 4.45468E-1 4.22625E-1 4.0992E-1 4.06989E-1 3.20937E-1 3.6488E-1 3.38507E-1 3.4505E-1 3.48486E-1 3.73699E-1 3.70227E-1 3.52416E-1 3.51754E-1 3.15988E-1 3.32222E-1 3.7295E-1 3.41824E-1 3.07908E-1 3.32698E-1 3.30693E-1 3.13461E-1 2.97266E-1 2.88106E-1 2.73497E-1 2.69074E-1 2.75955E-1 2.82854E-1 3.08879E-1 3.46853E-1 3.59292E-1 4.328E-1 4.84273E-1 3.8935E-1 4.06138E-1 3.9296E-1 4.11914E-1 4.45412E-1
4.07462E-1 3.95983E-1 4.08833E-1 3.37476E-1 3.35359E-1 3.7962E-1 3.02605E-1 2.89101E-1 2.8837E-1 3.00255E-1 3.14696E-1 3.088E-1 3.04896E-1 3.02443E-1 3.07656E-1 3.19341E-1 3.19849E-1 3.52154E-1 3.50712E-1 3.53151E-1 3.69398E-1 3.92615E-1 4.49765E-1 7.11593E-1 9.2063E-1 8.52915E-1 6.88394E-1 4.6627E-1 4.33524E-1 4.42113E-1 4.07716E-1 3.39154E-1 3.21917E-1 3.79112E-1 3.55919E-1 3.7566E-1 3.47887E-1 3.57913E-1 3.85923E-1 3.86954E-1 3.70477E-1 3.56245E-1 3.09918E-1 3.67735E-1 3.36611E-1 3.46147E-1 3.56681E-1 3.38482E-1 3.18026E-1 3.01558E-1 2.92407E-1 2.66211E-1 2.64748E-1 2.82874E-1 3.14317E-1 2.99166E-1 3.27669E-1 3.9945E-1 3.90022E-1 3.47017E-1 3.80535E-1 3.71671E-1 3.67395E-1 4.12386E-1 4.13155E-1
3.7932E-1 3.87681E-1 3.90549E-1 3.30953E-1 3.96231E-1 3.80301E-1 3.71076E-1 2.88E-1 2.81421E-1 2.90168E-1 3.09591E-1 3.15672E-1 3.07669E-1 3.57846E-1 3.09754E-1 3.29343E-1 3.30075E-1 3.43597E-1 3.54906E-1 3.52419E-1 3.73271E-1 3.90235E-1 4.04838E-1 5.38588E-1 6.74601E-1 9.06204E-1 6.67445E-1 4.87655E-1 4.61982E-1 4.39141E-1 4.11533E-1 3.26088E-1 3.15023E-1 3.65585E-1 3.64029E-1 3.74627E-1 3.54975E-1 3.65517E-1 4.03154E-1 3.7059E-1 3.60387E-1 3.83632E-1 3.46797E-1 3.41228E-1 3.35114E-1 3.52077E-1 3.60164E-1 3.43456E-1 3.277E-1 3.19094E-1 2.99382E-1 2.97148E-1 2.79355E-1 2.90642E-1 3.08101E-1 3.07432E-1 3.21899E-1 3.88826E-1 3.50838E-1 3.4325E-1 3.37129E-1 3.43079E-1 3.96167E-1 3.8709E-1 4.17003E-1
2.86858E-1 3.78102E-1 3.25168E-1 3.9894E-1 4.01533E-1 3.96411E-1 3.83985E-1 3.00702E-1 2.88308E-1 3.01149E-1 3.11588E-1 3.23281E-1 3.16268E-1 3.67354E-1 3.11043E-1 3.26836E-1 3.30785E-1 3.39759E-1 3.44519E-1 3.47952E-1 3.69342E-1 3.75651E-1 3.8518E-1 4.02378E-1 5.23949E-1 9.53008E-1 8.31815E-1 5.35569E-1 4.66698E-1 4.48885E-1 4.24668E-1 4.04781E-1 3.2275E-1 3.71605E-1 3.9361E-1 3.71467E-1 3.80054E-1 3.75086E-1 3.98075E-1 3.97061E-1 3.71935E-1 3.7376E-1 3.48886E-1 3.3578E-1 3.32114E-1 3.77538E-1 3.67291E-1 3.57391E-1 3.39131E-1 3.25866E-1 3.00327E-1 3.05742E-1 3.0844E-1 3.15534E-1 3.0377E-1 3.07587E-1 3.29537E-1 3.28254E-1 3.33454E-1 3.29489E-1 3.2697E-1 3.37564E-1 3.45114E-1 3.33773E-1 3.91311E-1
3.52034E-1 3.66257E-1 3.88019E-1 4.00055E-1 4.04956E-1 4.01026E-1 3.92214E-1 3.87964E-1 3.75813E-1 3.0697E-1 3.07644E-1 3.1285E-1 3.08579E-1 3.76453E-1 3.09427E-1 3.87698E-1 3.35247E-1 3.37827E-1 3.46714E-1 3.24064E-1 3.39558E-1 3.41063E-1 3.63849E-1 3.62596E-1 5.02101E-1 9.59104E-1 9.08492E-1 4.64264E-1 4.7562E-1 4.60134E-1 4.45601E-1 4.19577E-1 2.96794E-1 3.77798E-1 3.88333E-1 3.97359E-1 3.79121E-1 3.83768E-1 3.96053E-1 4.27716E-1 4.17344E-1 4.15729E-1 3.9349E-1 3.54239E-1 3.85786E-1 3.86479E-1 3.71603E-1 3.71291E-1 3.77062E-1 3.21345E-1 2.90206E-1 3.03897E-1 3.18654E-1 3.00136E-1 2.89128E-1 2.96013E-1 2.93807E-1 3.15699E-1 3.20464E-1 3.01778E-1 3.00553E-1 3.02323E-1 3.21332E-1 3.67678E-1 3.93656E-1
3.68084E-1 3.65025E-1 3.15165E-1 3.91535E-1 3.85789E-1 3.82587E-1 3.94417E-1 3.95561E-1 3.81772E-1 3.71016E-1 3.65823E-1 3.72101E-1 3.00204E-1 3.07538E-1 3.62598E-1 3.30578E-1 3.27585E-1 4.10839E-1 3.56804E-1 3.61471E-1 3.78693E-1 3.89723E-1 4.12204E-1 3.85912E-1 5.01211E-1 9.28095E-1 8.9431E-1 5.89168E-1 4.75784E-1 4.72915E-1 4.54643E-1 3.71778E-1 3.58571E-1 4.23845E-1 4.16032E-1 3.74129E-1 3.58447E-1 3.68915E-1 4.2252E-1 4.26679E-1 4.26482E-1 4.22489E-1 4.01021E-1 3.64629E-1 3.83525E-1 3.7575E-1 3.49196E-1 3.87365E-1 3.63017E-1 3.34944E-1 3.29763E-1 3.28722E-1 3.27283E-1 3.17742E-1 2.88733E-1 2.80091E-1 2.93615E-1 3.36692E-1 3.32156E-1 3.26422E-1 3.00773E-1 3.05827E-1 3.3223E-1 3.64746E-1 4.05788E-1
3.50861E-1 3.5999E-1 3.77085E-1 3.86847E-1 3.84607E-1 3.70129E-1 3.68545E-1 3.05094E-1 3.66185E-1 3.39428E-1 2.86062E-1 2.85076E-1 3.53352E-1 2.95563E-1 3.19006E-1 4.07136E-1 3.51656E-1 3.56708E-1 3.52836E-1 3.26906E-1 3.62447E-1 3.761E-1 4.06102E-1 4.25626E-1 5.96453E-1 8.54578E-1 9.19727E-1 6.54621E-1 5.54826E-1 4.91878E-1 4.64263E-1 4.50319E-1 4.46497E-1 4.56418E-1 4.63346E-1 4.64886E-1 4.20182E-1 3.95487E-1 4.36042E-1 4.29939E-1 4.441E-1 4.3872E-1 4.60089E-1 4.26967E-1 3.82211E-1 3.64788E-1 3.98617E-1 4.09139E-1 3.64849E-1 3.25022E-1 3.42199E-1 3.34409E-1 3.57886E-1 3.28707E-1 2.92796E-1 2.94296E-1 2.92371E-1 3.18144E-1 3.02965E-1 2.90268E-1 2.84579E-1 2.90496E-1 3.05372E-1 3.61478E-1 3.90915E-1
3.29827E-1 3.41548E-1 3.56973E-1 3.72487E-1 3.76005E-1 3.64889E-1 3.49527E-1 3.4443E-1 3.39398E-1 2.69051E-1 2.7109E-1 2.70316E-1 2.89245E-1 2.95396E-1 3.17285E-1 3.48193E-1 3.56137E-1 3.64081E-1 3.73409E-1 3.80266E-1 3.55307E-1 3.63532E-1 3.82728E-1 3.77164E-1 4.80569E-1 5.34079E-1 8.06159E-1 8.30569E-1 6.40813E-1 4.94433E-1 4.76575E-1 4.76916E-1 4.71995E-1 4.7837E-1 4.98541E-1 5.05736E-1 5.03318E-1 5.0414E-1 4.92034E-1 4.17017E-1 3.90058E-1 3.6945E-1 4.33101E-1 4.70456E-1 4.30586E-1 3.81516E-1 4.29625E-1 4.21843E-1 3.80974E-1 3.46465E-1 3.52838E-1 3.55904E-1 3.46643E-1 3.35431E-1 2.95433E-1 3.03409E-1 3.1499E-1 3.13863E-1 3.09089E-1 2.60667E-1 2.71161E-1 2.97288E-1 3.40901E-1 3.34927E-1 3.75321E-1
3.16392E-1 3.29306E-1 3.38524E-1 3.59246E-1 3.64616E-1 3.64642E-1 3.67637E-1 3.60505E-1 3.50489E-1 3.44152E-1 3.63245E-1 2.84473E-1 3.03176E-1 2.94586E-1 3.17455E-1 4.12072E-1 4.2977E-1 4.35059E-1 4.47439E-1 3.85612E-1 3.58197E-1 3.96882E-1 3.58366E-1 3.69729E-1 3.85847E-1 5.59072E-1 8.32779E-1 9.04671E-1 6.58084E-1 5.05935E-1 5.02875E-1 4.96396E-1 5.02752E-1 5.04598E-1 5.72388E-1 6.62816E-1 6.7382E-1 6.81205E-1 5.99231E-1 5.28246E-1 5.15404E-1 5.19308E-1 4.82832E-1 4.74782E-1 4.13665E-1 3.88525E-1 4.26897E-1 4.25717E-1 4.13125E-1 3.14446E-1 3.80412E-1 3.60645E-1 3.86627E-1 3.50705E-1 3.1846E-1 3.30277E-1 3.15673E-1 3.12201E-1 2.95474E-1 2.6612E-1 2.74613E-1 3.47512E-1 3.03547E-1 3.00495E-1 2.71751E-1
2.98755E-1 3.13363E-1 3.15209E-1 3.40098E-1 3.49325E-1 3.44846E-1 3.49747E-1 3.50384E-1 3.53565E-1 3.56211E-1 3.44267E-1 3.71244E-1 4.01063E-1 4.02242E-1 4.03616E-1 4.32152E-1 4.4907E-1 4.55599E-1 3.92207E-1 4.00506E-1 4.12244E-1 4.07759E-1 4.1241E-1 4.24945E-1 4.3734E-1 5.91437E-1 8.64494E-1 9.45743E-1 6.82819E-1 6.77215E-1 6.68744E-1 6.5569E-1 5.78546E-1 5.14575E-1 6.78893E-1 8.63903E-1 8.92623E-1 9.08293E-1 7.0482E-1 7.09334E-1 6.25542E-1 7.03081E-1 6.07315E-1 5.1792E-1 5.13056E-1 4.72996E-1 4.55096E-1 3.74896E-1 4.26462E-1 3.99096E-1 3.32018E-1 4.17929E-1 4.08912E-1 3.56785E-1 3.46986E-1 3.44299E-1 3.21312E-1 3.02621E-1 2.73406E-1 2.56855E-1 2.90564E-1 3.05679E-1 2.95216E-1 2.67392E-1 2.89003E-1
2.94535E-1 2.95143E-1 3.03167E-1 3.22833E-1 3.36775E-1 3.35763E-1 3.39408E-1 3.33779E-1 3.24592E-1 3.32347E-1 3.53997E-1 3.6884E-1 3.89822E-1 4.02405E-1 4.19613E-1 4.51178E-1 4.50203E-1 4.62872E-1 4.67726E-1 4.77167E-1 4.95037E-1 4.95419E-1 4.49567E-1 4.32955E-1 4.32471E-1 5.23323E-1 7.33912E-1 9.84429E-1 9.63177E-1 9.32665E-1 9.47495E-1 9.59768E-1 7.4717E-1 7.42293E-1 8.04987E-1 8.93026E-1 6.67699E-1 8.58237E-1 8.87731E-1 9.3596E-1 7.42475E-1 9.0268E-1 7.1052E-1 6.21012E-1 5.44468E-1 5.04448E-1 4.91055E-1 4.10296E-1 4.58646E-1 4.46303E-1 4.75267E-1 4.43423E-1 4.33325E-1 3.86679E-1 3.72319E-1 3.3525E-1 3.23225E-1 2.9673E-1 2.64092E-1 2.23556E-1 2.17007E-1 2.46368E-1 2.88156E-1 3.02511E-1 3.74529E-1
3.24388E-1 3.14851E-1 3.177E-1 3.15576E-1 3.19069E-1 3.25055E-1 3.38992E-1 3.26127E-1 3.25482E-1 3.39916E-1 3.68873E-1 3.82572E-1 4.02421E-1 4.02663E-1 3.30247E-1 3.38024E-1 4.39673E-1 4.80475E-1 4.85665E-1 4.98002E-1 5.13306E-1 5.74611E-1 6.67923E-1 5.03611E-1 4.35878E-1 4.29638E-1 6.54605E-1 9.441E-1 9.57333E-1 9.17027E-1 7.51245E-1 9.42676E-1 9.21153E-1 9.24224E-1 9.60415E-1 8.18408E-1 7.56953E-1 6.86405E-1 6.80534E-1 8.66059E-1 8.56742E-1 9.05299E-1 8.45566E-1 6.90123E-1 7.08154E-1 6.1297E-1 5.07984E-1 4.44885E-1 4.9379E-1 4.57982E-1 4.67665E-1 4.69451E-1 4.58338E-1 3.98445E-1 3.83663E-1 3.27312E-1 2.76195E-1 2.46167E-1 2.34389E-1 2.59885E-1 2.65024E-1 2.79798E-1 2.84561E-1 3.72265E-1 4.09147E-1
2.96028E-1 2.91187E-1 2.93281E-1 3.19397E-1 3.10108E-1 3.00647E-1 2.63405E-1 2.6984E-1 3.17345E-1 3.46247E-1 3.57217E-1 3.65062E-1 3.88942E-1 4.17868E-1 4.35116E-1 3.73549E-1 3.64508E-1 3.7758E-1 4.29014E-1 5.14947E-1 5.97549E-1 6.69369E-1 8.0132E-1 6.84704E-1 5.91887E-1 5.77755E-1 6.6711E-1 8.97344E-1 8.85426E-1 6.81713E-1 5.94781E-1 6.80105E-1 7.48769E-1 8.2835E-1 9.80845E-1 9.84736E-1 9.85376E-1 8.64518E-1 6.99981E-1 6.83687E-1 6.73431E-1 6.37119E-1 8.57153E-1 9.01618E-1 8.71643E-1 6.57265E-1 6.11105E-1 5.21721E-1 5.19444E-1 5.09491E-1 5.1463E-1 4.95415E-1 4.87968E-1 4.35435E-1 4.0219E-1 3.47571E-1 3.4308E-1 3.16225E-1 3.29916E-1 2.73802E-1 2.6583E-1 3.2652E-1 3.74169E-1 3.81474E-1 3.72735E-1
2.82496E-1 2.27612E-1 2.33882E-1 2.59223E-1 2.39822E-1 2.37129E-1 2.36359E-1 2.7143E-1 2.45474E-1 2.61231E-1 3.14158E-1 2.88257E-1 3.29881E-1 3.28934E-1 3.66492E-1 4.52329E-1 3.99318E-1 4.14959E-1 4.30344E-1 4.37056E-1 6.02562E-1 7.92328E-1 7.90209E-1 8.56299E-1 8.08045E-1 7.91715E-1 8.9793E-1 8.73426E-1 7.02657E-1 5.97937E-1 5.30203E-1 5.49498E-1 5.29909E-1 6.04916E-1 6.93148E-1 7.22539E-1 7.85497E-1 8.99328E-1 6.81926E-1 6.73819E-1 5.96896E-1 5.96438E-1 6.55141E-1 6.72928E-1 8.34148E-1 8.68045E-1 6.63519E-1 6.10655E-1 4.74333E-1 5.36128E-1 5.17873E-1 5.00831E-1 4.99623E-1 4.28871E-1 4.08524E-1 3.71777E-1 3.60047E-1 3.37131E-1 3.4415E-1 2.81823E-1 2.80114E-1 3.41286E-1 3.51249E-1 3.61491E-1 3.97636E-1
2.18762E-1 2.26291E-1 2.96977E-1 2.98015E-1 2.44517E-1 2.2689E-1 2.16076E-1 2.12937E-1 2.0398E-1 2.57811E-1 3.33343E-1 2.39714E-1 2.75936E-1 3.04997E-1 3.30307E-1 3.70996E-1 3.92778E-1 3.86595E-1 4.24114E-1 4.21308E-1 4.96375E-1 5.6422E-1 6.67932E-1 5.79087E-1 6.18867E-1 8.42261E-1 8.6564E-1 7.54106E-1 6.6615E-1 5.35855E-1 5.40259E-1 5.36552E-1 5.21802E-1 5.36174E-1 5.52086E-1 5.56018E-1 7.17164E-1 9.29893E-1 9.04958E-1 8.69483E-1 6.73111E-1 5.45897E-1 5.47212E-1 6.31378E-1 6.00011E-1 8.82885E-1 8.66589E-1 6.70824E-1 5.57969E-1 5.39677E-1 5.38733E-1 5.2314E-1 4.98877E-1 4.56293E-1 4.04013E-1 4.0315E-1 3.7411E-1 3.16646E-1 2.89245E-1 3.38431E-1 3.65321E-1 3.39089E-1 3.29653E-1 3.45428E-1 3.93636E-1
2.11199E-1 2.06409E-1 2.35388E-1 2.15577E-1 2.35291E-1 2.29099E-1 2.76196E-1 2.66731E-1 1.68992E-1 2.09797E-1 2.25571E-1 2.71919E-1 3.07767E-1 2.79673E-1 3.51647E-1 3.31411E-1 3.64507E-1 3.81129E-1 4.0229E-1 4.14439E-1 4.23777E-1 4.64652E-1 4.63317E-1 4.2494E-1 5.1489E-1 5.95743E-1 6.87301E-1 6.24124E-1 6.05237E-1 5.54074E-1 5.09006E-1 5.06799E-1 5.26217E-1 5.34779E-1 5.37083E-1 5.61044E-1 6.35124E-1 7.24257E-1 9.35774E-1 8.28479E-1 6.8389E-1 5.82746E-1 5.56852E-1 4.42863E-1 5.29781E-1 6.86992E-1 8.6114E-1 6.42819E-1 6.43669E-1 5.13526E-1 4.83925E-1 5.32894E-1 5.20673E-1 4.77308E-1 4.23018E-1 4.02236E-1 4.10934E-1 3.77361E-1 3.69097E-1 3.57694E-1 3.47389E-1 3.31333E-1 3.19115E-1 3.50422E-1 3.67776E-1
2.15425E-1 2.11248E-1 2.25945E-1 2.2148E-1 2.17618E-1 2.12932E-1 2.17521E-1 2.49397E-1 2.73271E-1 2.506E-1 2.35233E-1 2.17339E-1 2.18638E-1 2.51383E-1 2.73443E-1 2.83827E-1 2.94556E-1 3.56374E-1 3.15505E-1 3.71922E-1 4.40491E-1 4.16947E-1 3.99224E-1 4.16382E-1 4.47656E-1 4.6088E-1 5.38866E-1 5.41393E-1 5.7843E-1 5.49404E-1 5.22068E-1 4.97533E-1 5.09185E-1 4.56143E-1 5.45089E-1 5.84868E-1 7.30269E-1 7.75005E-1 9.14672E-1 7.04208E-1 6.59407E-1 6.03179E-1 5.01913E-1 4.58489E-1 5.87309E-1 7.04847E-1 8.82045E-1 8.52079E-1 7.37737E-1 4.7904E-1 4.40379E-1 5.61551E-1 5.18346E-1 4.93069E-1 4.64545E-1 4.29332E-1 4.18471E-1 3.92772E-1 3.7118E-1 3.69166E-1 2.86332E-1 3.19833E-1 3.55292E-1 3.59742E-1 3.69317E-1
1.98498E-1 1.29142E-1 1.97957E-1 1.95895E-1 2.23611E-1 2.28155E-1 1.9397E-1 2.37138E-1 2.77779E-1 2.309E-1 2.10246E-1 2.03159E-1 1.80102E-1 2.06476E-1 2.44855E-1 2.79297E-1 3.44119E-1 3.17677E-1 2.93134E-1 3.64798E-1 3.83299E-1 2.9669E-1 2.91977E-1 4.59909E-1 5.12638E-1 5.27039E-1 5.34711E-1 5.29481E-1 5.1746E-1 5.14221E-1 5.28391E-1 5.3524E-1 5.31568E-1 2.93272E-1 4.73946E-1 5.68474E-1 7.34335E-1 7.19587E-1 7.61883E-1 5.46259E-1 4.63574E-1 5.7908E-1 5.81852E-1 3.24084E-1 4.6772E-1 5.73329E-1 7.66198E-1 6.55214E-1 5.90304E-1 5.71095E-1 4.45244E-1 4.31571E-1 5.37002E-1 5.14128E-1 4.74578E-1 4.45683E-1 3.79184E-1 3.59517E-1 3.49017E-1 3.39695E-1 3.19689E-1 3.38927E-1 3.34885E-1 3.68426E-1 3.09647E-1
2.74971E-1 2.30446E-1 2.04434E-1 2.11153E-1 1.35765E-1 1.91568E-1 2.26052E-1 2.14059E-1 2.98963E-1 3.20132E-1 3.33573E-1 2.42546E-1 2.16161E-1 2.07107E-1 2.03366E-1 2.57861E-1 2.32038E-1 2.21122E-1 2.39633E-1 3.58238E-1 3.87664E-1 3.49018E-1 3.29534E-1 5.10633E-1 5.10129E-1 5.15137E-1 5.38804E-1 5.3283E-1 5.12918E-1 5.06959E-1 5.07425E-1 5.32452E-1 4.79375E-1 3.0751E-1 4.74785E-1 6.68807E-1 7.43328E-1 7.91034E-1 7.93766E-1 6.25774E-1 4.86179E-1 5.8469E-1 4.91183E-1 4.58749E-1 4.14678E-1 5.81339E-1 8.04038E-1 5.89691E-1 5.05227E-1 5.27718E-1 5.37372E-1 4.4091E-1 4.05461E-1 4.94845E-1 5.12742E-1 4.7393E-1 4.36486E-1 3.98675E-1 3.89775E-1 3.83839E-1 3.5834E-1 3.38784E-1 2.58224E-1 3.10068E-1 3.37336E-1
2.79578E-1 2.8105E-1 2.204E-1 2.00754E-1 1.31849E-1 2.12237E-1 2.16321E-1 2.6909E-1 3.12615E-1 3.16534E-1 3.39859E-1 2.81029E-1 2.12697E-1 2.21908E-1 2.44458E-1 2.77834E-1 2.5824E-1 2.7612E-1 2.80992E-1 4.44045E-1 3.87093E-1 3.6715E-1 4.71611E-1 5.06197E-1 5.10069E-1 5.2217E-1 5.08404E-1 5.22852E-1 4.92677E-1 5.05312E-1 5.16762E-1 5.33312E-1 5.65696E-1 3.24559E-1 5.30957E-1 6.62925E-1 9.05634E-1 7.56866E-1 5.52896E-1 5.43462E-1 4.73116E-1 5.80736E-1 5.75062E-1 4.63324E-1 4.87905E-1 5.5135E-1 6.86741E-1 5.31007E-1 5.01524E-1 5.23083E-1 5.34862E-1 4.38239E-1 4.15044E-1 5.02562E-1 5.00327E-1 4.65532E-1 4.27144E-1 3.26214E-1 3.81865E-1 3.72788E-1 3.78444E-1 2.80173E-1 2.95438E-1 3.57316E-1 3.16122E-1
2.18292E-1 1.98769E-1 2.00803E-1 1.99325E-1 2.06261E-1 1.33104E-1 2.80307E-1 3.05097E-1 3.18796E-1 3.1659E-1 3.22528E-1 3.423E-1 2.36596E-1 2.20103E-1 2.13819E-1 2.48843E-1 2.08645E-1 2.19759E-1 3.05174E-1 4.00381E-1 3.78973E-1 3.27451E-1 4.57668E-1 4.83613E-1 5.00585E-1 5.05061E-1 4.9273E-1 4.94198E-1 4.93386E-1 5.12906E-1 5.45255E-1 5.4812E-1 5.7003E-1 5.20188E-1 6.00477E-1 8.77287E-1 9.03801E-1 7.49043E-1 6.16847E-1 4.70089E-1 4.88085E-1 5.90173E-1 5.92529E-1 4.55431E-1 4.77542E-1 5.57472E-1 6.78852E-1 6.34911E-1 4.99177E-1 3.86445E-1 4.04098E-1 4.01555E-1 4.1929E-1 3.85387E-1 3.86826E-1 4.56165E-1 3.24008E-1 4.03187E-1 3.79661E-1 3.75257E-1 3.41813E-1 3.56105E-1 3.49098E-1 3.53216E-1 3.73742E-1
2.02741E-1 2.37561E-1 2.35842E-1 2.36536E-1 2.46986E-1 2.3458E-1 2.07139E-1 3.03073E-1 3.09801E-1 2.99937E-1 3.02281E-1 3.22811E-1 3.43482E-1 2.54841E-1 2.20896E-1 2.25352E-1 2.19047E-1 2.36601E-1 2.80126E-1 2.57617E-1 3.50607E-1 3.1249E-1 4.00412E-1 4.99884E-1 4.90069E-1 4.982E-1 4.95406E-1 5.18887E-1 5.08888E-1 5.24426E-1 5.55251E-1 5.66452E-1 5.83222E-1 6.89613E-1 7.3778E-1 9.20839E-1 7.164E-1 5.59043E-1 4.87441E-1 5.79829E-1 5.66876E-1 6.0391E-1 5.941E-1 4.92559E-1 4.75274E-1 5.76355E-1 7.06216E-1 6.92058E-1 4.87678E-1 3.65183E-1 3.73969E-1 3.72929E-1 3.83707E-1 3.92956E-1 3.81915E-1 3.65313E-1 3.27986E-1 3.48781E-1 3.71809E-1 3.21902E-1 3.46689E-1 3.54119E-1 3.51445E-1 3.52766E-1 3.75262E-1
2.51327E-1 2.52416E-1 2.55383E-1 2.53114E-1 2.47926E-1 2.29647E-1 2.41965E-1 2.9716E-1 3.01299E-1 2.99296E-1 2.86537E-1 3.03663E-1 3.28512E-1 3.47596E-1 3.14053E-1 2.71319E-1 3.71003E-1 3.95161E-1 4.00524E-1 4.17989E-1 3.60483E-1 3.10144E-1 3.67448E-1 4.93888E-1 5.07053E-1 5.13038E-1 5.046E-1 5.39011E-1 5.4569E-1 5.42893E-1 5.73356E-1 5.87474E-1 6.6571E-1 7.68945E-1 9.34893E-1 9.17405E-1 8.69456E-1 5.82643E-1 4.33573E-1 4.70944E-1 4.45799E-1 5.55119E-1 5.9392E-1 4.9173E-1 4.72294E-1 6.13183E-1 7.52601E-1 6.33783E-1 5.79077E-1 4.88401E-1 3.66109E-1 3.27684E-1 3.42651E-1 3.53702E-1 3.77031E-1 3.66567E-1 3.49215E-1 3.31655E-1 3.24797E-1 3.29758E-1 3.57162E-1 3.64718E-1 3.54251E-1 3.72127E-1 3.94698E-1
