layers/trop_ele.asc
ncols         638
nrows         825
xllcorner     -2985163.8955
yllcorner     -3022031.214
cellsize      10000.0
NODATA_value  -9999
[rows 203 to 231 of 825, columns 260 to 324 of 638]
7.53954E-1 7.59899E-1 7.25502E-1 7.0549E-1 7.45483E-1 7.22533E-1 7.0283E-1 7.07983E-1 7.19355E-1 7.12827E-1 7.15844E-1 7.20312E-1 7.299E-1 7.48467E-1 7.56062E-1 7.56443E-1 7.82173E-1 7.70232E-1 7.72795E-1 7.6402E-1 7.41001E-1 7.1707E-1 6.93692E-1 7.02398E-1 7.35934E-1 7.67197E-1 7.54098E-1 7.31771E-1 7.50569E-1 7.82616E-1 8.13271E-1 7.8525E-1 7.10824E-1 7.54256E-1 8.56206E-1 9.28479E-1 9.30974E-1 7.49714E-1 7.77022E-1 9.54894E-1 9.46718E-1 9.08469E-1 8.76501E-1 8.94969E-1 9.69057E-1 9.85071E-1 9.76857E-1 9.07521E-1 7.73325E-1 8.50949E-1 8.80253E-1 8.16884E-1 7.31204E-1 6.46699E-1 6.5862E-1 7.00307E-1 7.02391E-1 7.16937E-1 7.15109E-1 6.78856E-1 6.58151E-1 7.63371E-1 8.2863E-1 7.38651E-1 7.27908E-1
7.59066E-1 7.65249E-1 7.26206E-1 7.18836E-1 7.71053E-1 7.61993E-1 7.40199E-1 7.25569E-1 7.18898E-1 7.33345E-1 7.24886E-1 7.33663E-1 7.46958E-1 7.34428E-1 7.39751E-1 7.65752E-1 7.69915E-1 7.73017E-1 7.61174E-1 7.02701E-1 6.38335E-1 5.97881E-1 5.83924E-1 5.95552E-1 6.30584E-1 6.67006E-1 6.66569E-1 6.29431E-1 6.527E-1 6.93145E-1 7.10041E-1 6.82226E-1 6.20455E-1 6.73951E-1 7.70474E-1 8.9172E-1 9.33136E-1 7.86467E-1 8.07496E-1 9.54694E-1 9.61812E-1 9.4464E-1 9.361E-1 9.57922E-1 9.82882E-1 9.83426E-1 9.66424E-1 8.56375E-1 6.8024E-1 7.88263E-1 8.47117E-1 7.59123E-1 6.90536E-1 6.72994E-1 6.55934E-1 6.39136E-1 6.47675E-1 6.55327E-1 6.57124E-1 6.51318E-1 6.5897E-1 7.87378E-1 8.368E-1 7.61326E-1 7.66217E-1
7.77008E-1 7.54333E-1 7.3194E-1 7.68555E-1 7.49149E-1 7.3424E-1 7.3021E-1 7.26723E-1 7.24912E-1 7.37692E-1 7.458E-1 7.42103E-1 7.47582E-1 7.53994E-1 7.65894E-1 7.64429E-1 7.68379E-1 7.73563E-1 7.4346E-1 6.15229E-1 4.26659E-1 4.14619E-1 4.04188E-1 4.05881E-1 4.234E-1 4.72639E-1 4.90857E-1 4.85923E-1 5.28884E-1 5.67933E-1 5.92793E-1 6.504E-1 7.52751E-1 7.59622E-1 7.78001E-1 8.68156E-1 9.22042E-1 9.27153E-1 9.45801E-1 9.78016E-1 9.82728E-1 9.79223E-1 9.78775E-1 9.82514E-1 9.83315E-1 9.7835E-1 9.55701E-1 8.47737E-1 6.87008E-1 7.04705E-1 7.15242E-1 6.98467E-1 7.06171E-1 7.71043E-1 6.97266E-1 6.3463E-1 6.70541E-1 6.91368E-1 7.17416E-1 7.24839E-1 7.28456E-1 7.75227E-1 8.21501E-1 7.776E-1 7.84228E-1
7.81407E-1 7.51871E-1 7.71166E-1 7.60156E-1 7.41757E-1 7.34178E-1 7.31934E-1 7.47796E-1 7.38238E-1 7.41259E-1 7.51513E-1 7.53949E-1 7.55846E-1 7.50885E-1 7.72085E-1 7.76739E-1 7.99904E-1 7.69539E-1 7.64286E-1 6.42985E-1 4.56236E-1 4.56799E-1 4.52679E-1 4.20009E-1 4.24948E-1 5.19435E-1 5.55466E-1 5.63843E-1 5.97414E-1 6.31141E-1 6.48793E-1 6.72781E-1 7.22272E-1 7.24619E-1 7.38179E-1 8.46822E-1 9.04805E-1 9.01798E-1 9.33118E-1 9.77342E-1 9.82295E-1 9.7849E-1 9.80644E-1 9.85832E-1 9.81304E-1 9.6406E-1 8.95049E-1 7.97325E-1 6.88575E-1 7.01313E-1 7.09433E-1 6.75051E-1 6.96731E-1 7.65937E-1 7.43963E-1 6.9071E-1 7.39756E-1 7.41689E-1 7.67992E-1 7.78603E-1 7.5972E-1 7.45559E-1 7.35615E-1 7.78288E-1 7.79154E-1
7.48469E-1 7.51497E-1 7.63952E-1 7.64123E-1 7.54781E-1 7.43018E-1 7.3512E-1 7.36601E-1 7.35485E-1 7.46912E-1 7.47812E-1 7.44445E-1 7.34485E-1 7.36618E-1 7.73069E-1 7.85911E-1 7.8461E-1 7.71721E-1 8.05312E-1 7.42537E-1 6.41527E-1 6.45249E-1 6.31609E-1 5.42804E-1 5.46957E-1 7.24881E-1 7.96566E-1 8.23114E-1 8.03443E-1 7.9476E-1 7.96194E-1 7.15576E-1 5.65316E-1 6.16055E-1 6.9408E-1 8.05914E-1 8.67866E-1 7.817E-1 8.40122E-1 9.69604E-1 9.73385E-1 9.60405E-1 9.74446E-1 9.83348E-1 9.79717E-1 9.3908E-1 7.86783E-1 7.23245E-1 6.77136E-1 7.42164E-1 7.61173E-1 6.91407E-1 6.83024E-1 7.37219E-1 7.42958E-1 7.60561E-1 7.87446E-1 7.93263E-1 8.31845E-1 8.02705E-1 8.01962E-1 7.08404E-1 6.32228E-1 7.37524E-1 7.13804E-1
7.52659E-1 7.49232E-1 7.3873E-1 7.34522E-1 7.28969E-1 7.28964E-1 7.17191E-1 7.24872E-1 7.25596E-1 7.30448E-1 7.45819E-1 7.4203E-1 7.36029E-1 7.34102E-1 7.74503E-1 7.91116E-1 7.55765E-1 6.99592E-1 5.85441E-1 5.36826E-1 5.31249E-1 6.07158E-1 6.70117E-1 6.39595E-1 6.24313E-1 6.61106E-1 6.30304E-1 6.0132E-1 5.84959E-1 5.77086E-1 6.01126E-1 6.27959E-1 6.96749E-1 6.76076E-1 6.16719E-1 7.29437E-1 7.87051E-1 7.5192E-1 8.13443E-1 9.46403E-1 9.59814E-1 9.52876E-1 9.64013E-1 9.71631E-1 9.77161E-1 9.54336E-1 8.75485E-1 8.19509E-1 7.29289E-1 7.52727E-1 7.59878E-1 6.96215E-1 6.74835E-1 6.79158E-1 6.84786E-1 7.14031E-1 7.58096E-1 8.07055E-1 8.17373E-1 7.81017E-1 7.84931E-1 6.92848E-1 6.19927E-1 6.90421E-1 6.81093E-1
7.38727E-1 7.50033E-1 7.2438E-1 7.16637E-1 7.16184E-1 7.15438E-1 7.00809E-1 7.20761E-1 7.22904E-1 7.30018E-1 7.45185E-1 7.51167E-1 7.60416E-1 7.59571E-1 7.85047E-1 7.85818E-1 7.59143E-1 6.47715E-1 4.29168E-1 4.07205E-1 4.49602E-1 5.7087E-1 6.88749E-1 6.79005E-1 6.29915E-1 5.5049E-1 4.7802E-1 4.24666E-1 4.25303E-1 4.27119E-1 4.47266E-1 5.80961E-1 8.21897E-1 7.34448E-1 5.54858E-1 6.50339E-1 7.31294E-1 7.43808E-1 8.22976E-1 9.29936E-1 9.40511E-1 9.40496E-1 9.47382E-1 9.53309E-1 9.69771E-1 9.66641E-1 9.48706E-1 8.82136E-1 7.75903E-1 7.56578E-1 7.30243E-1 6.91438E-1 6.64963E-1 6.40905E-1 6.26152E-1 6.54742E-1 7.08922E-1 8.03818E-1 7.66664E-1 7.522E-1 7.50286E-1 6.85449E-1 6.22745E-1 6.15843E-1 6.08539E-1
7.29641E-1 7.35497E-1 7.16808E-1 7.1294E-1 7.09749E-1 7.009E-1 6.96956E-1 7.22533E-1 7.08323E-1 7.24966E-1 7.39637E-1 7.57727E-1 7.54876E-1 7.53844E-1 7.6354E-1 7.8395E-1 7.96726E-1 7.701E-1 6.54815E-1 6.27982E-1 6.90539E-1 6.30028E-1 6.01873E-1 5.17689E-1 4.57915E-1 4.54336E-1 5.08626E-1 6.0015E-1 6.40347E-1 6.74101E-1 6.98556E-1 6.85496E-1 6.20236E-1 6.27222E-1 6.50629E-1 7.67624E-1 8.66305E-1 8.86338E-1 9.12978E-1 9.41989E-1 9.2581E-1 9.01566E-1 8.96072E-1 9.07179E-1 9.53389E-1 9.47713E-1 9.25155E-1 8.28325E-1 7.00236E-1 6.80923E-1 6.65727E-1 6.5951E-1 6.43948E-1 6.32667E-1 6.68763E-1 7.22134E-1 6.94828E-1 6.89817E-1 6.52639E-1 6.88271E-1 7.14241E-1 6.80307E-1 6.0764E-1 5.96229E-1 5.89595E-1
7.05102E-1 7.07564E-1 7.01188E-1 6.98257E-1 6.97593E-1 6.9066E-1 6.96199E-1 7.19548E-1 7.1256E-1 7.32091E-1 7.16702E-1 7.39553E-1 7.24835E-1 6.5927E-1 6.81005E-1 7.07145E-1 7.4557E-1 7.45715E-1 7.03122E-1 6.72188E-1 6.88154E-1 5.88736E-1 5.04141E-1 4.4984E-1 4.3775E-1 4.46627E-1 5.68874E-1 7.56103E-1 8.11489E-1 8.37139E-1 7.68499E-1 6.6989E-1 5.18057E-1 5.89551E-1 7.18057E-1 8.43789E-1 9.2161E-1 8.97471E-1 9.07298E-1 9.23835E-1 8.88862E-1 8.28479E-1 8.0305E-1 8.41017E-1 9.19399E-1 9.12585E-1 8.65503E-1 7.06229E-1 6.64414E-1 6.63689E-1 6.51414E-1 6.62471E-1 6.35482E-1 6.39169E-1 6.99906E-1 7.39307E-1 6.8619E-1 6.43024E-1 6.13722E-1 6.0628E-1 6.99411E-1 6.47714E-1 5.92289E-1 5.7351E-1 5.70974E-1
6.82289E-1 6.97015E-1 6.82976E-1 6.81971E-1 6.82362E-1 6.95575E-1 6.91423E-1 7.08564E-1 7.13694E-1 7.11478E-1 7.14659E-1 7.62838E-1 6.49981E-1 5.02829E-1 5.1397E-1 5.42849E-1 5.62526E-1 5.39836E-1 4.70755E-1 4.31646E-1 4.33826E-1 4.11888E-1 4.15808E-1 4.87259E-1 5.36621E-1 5.36588E-1 6.43469E-1 8.1061E-1 8.36006E-1 8.02592E-1 5.88283E-1 5.275E-1 5.71326E-1 6.65062E-1 8.0171E-1 8.6389E-1 8.6487E-1 7.73096E-1 7.80874E-1 8.69801E-1 8.12266E-1 7.16136E-1 6.95702E-1 7.4256E-1 8.87536E-1 8.79498E-1 7.66689E-1 6.47392E-1 6.5041E-1 6.44112E-1 6.37483E-1 6.48718E-1 6.46333E-1 6.60106E-1 7.10085E-1 7.61776E-1 6.85673E-1 6.36996E-1 6.30275E-1 6.26382E-1 6.39657E-1 6.07996E-1 5.87461E-1 5.68333E-1 5.34091E-1
6.85475E-1 6.75165E-1 6.73237E-1 6.69687E-1 6.82989E-1 7.02077E-1 6.89051E-1 6.88616E-1 7.05024E-1 6.85662E-1 7.12766E-1 6.32202E-1 5.5829E-1 5.23536E-1 5.0973E-1 4.89065E-1 5.06564E-1 5.18957E-1 5.22145E-1 5.30186E-1 5.12794E-1 5.15299E-1 5.38423E-1 5.63841E-1 5.97658E-1 6.05208E-1 6.74865E-1 7.95612E-1 8.2513E-1 7.71292E-1 6.1594E-1 5.88778E-1 6.89405E-1 7.74235E-1 8.57915E-1 8.6331E-1 8.5562E-1 7.56427E-1 7.53759E-1 8.27397E-1 8.31611E-1 7.71279E-1 7.46895E-1 7.72502E-1 8.26108E-1 8.00128E-1 6.69737E-1 6.49134E-1 6.46899E-1 6.44999E-1 6.41069E-1 6.37857E-1 6.53304E-1 6.79213E-1 7.36553E-1 7.50347E-1 6.94432E-1 6.05666E-1 6.46175E-1 6.27564E-1 6.27062E-1 6.1284E-1 5.82323E-1 5.76145E-1 5.66192E-1
7.01401E-1 6.91361E-1 6.67967E-1 6.67445E-1 6.90439E-1 7.0402E-1 6.97809E-1 6.91725E-1 6.80693E-1 7.09571E-1 6.46673E-1 4.60164E-1 4.79273E-1 6.36684E-1 5.6739E-1 4.78434E-1 4.92773E-1 5.53983E-1 7.43027E-1 8.01097E-1 7.8878E-1 7.93131E-1 8.1391E-1 7.03127E-1 6.36146E-1 6.36561E-1 6.63792E-1 7.22898E-1 7.30572E-1 7.34291E-1 7.32297E-1 7.82006E-1 8.37083E-1 8.38525E-1 8.78706E-1 8.70659E-1 8.63426E-1 7.88776E-1 7.87476E-1 8.2532E-1 8.44529E-1 8.71351E-1 8.60022E-1 8.32289E-1 7.46787E-1 6.74587E-1 6.33318E-1 6.28395E-1 6.38246E-1 6.27246E-1 6.33536E-1 6.58203E-1 6.863E-1 7.27055E-1 7.35657E-1 7.40572E-1 6.87537E-1 6.03263E-1 6.38636E-1 6.06327E-1 6.42003E-1 6.17291E-1 5.82613E-1 5.51021E-1 5.33194E-1
6.9942E-1 6.88153E-1 6.58329E-1 6.72302E-1 6.85948E-1 7.00824E-1 7.11905E-1 6.96947E-1 6.5916E-1 7.24228E-1 6.75382E-1 6.03456E-1 6.31269E-1 7.22749E-1 6.72213E-1 6.26776E-1 6.27999E-1 6.23945E-1 5.79775E-1 6.49417E-1 8.04628E-1 6.93172E-1 5.7053E-1 5.20931E-1 5.07184E-1 5.07273E-1 5.70445E-1 6.84585E-1 6.93653E-1 7.0155E-1 7.83057E-1 8.06176E-1 8.26359E-1 8.25374E-1 8.69891E-1 8.36219E-1 8.0978E-1 7.24702E-1 6.91917E-1 6.93058E-1 7.74457E-1 8.63711E-1 8.30263E-1 7.82877E-1 7.03335E-1 6.34834E-1 6.31014E-1 6.25697E-1 6.25125E-1 6.23906E-1 6.15673E-1 6.45805E-1 6.9248E-1 6.99137E-1 6.71872E-1 6.74224E-1 6.53126E-1 6.16942E-1 5.98995E-1 5.85944E-1 6.12653E-1 6.40181E-1 6.06014E-1 5.69037E-1 5.25393E-1
6.68445E-1 6.73301E-1 6.85024E-1 6.81432E-1 6.75041E-1 6.8919E-1 6.89152E-1 6.926E-1 6.72737E-1 7.2251E-1 6.98961E-1 7.2049E-1 7.33077E-1 7.62382E-1 7.42257E-1 7.217E-1 7.06171E-1 6.27397E-1 4.57858E-1 5.5166E-1 7.71374E-1 5.80739E-1 4.24562E-1 4.42076E-1 4.53198E-1 4.41667E-1 5.25087E-1 6.81293E-1 6.85879E-1 7.04953E-1 7.5589E-1 7.64649E-1 7.67843E-1 8.05001E-1 8.61162E-1 7.84889E-1 7.14108E-1 6.49727E-1 6.01942E-1 5.79262E-1 6.78231E-1 8.21175E-1 8.00308E-1 7.33347E-1 6.47886E-1 6.35581E-1 6.32158E-1 6.15559E-1 6.1904E-1 6.20041E-1 6.08667E-1 6.54475E-1 6.95493E-1 6.64162E-1 6.39837E-1 6.22049E-1 6.1287E-1 6.06131E-1 5.92326E-1 5.73082E-1 6.14894E-1 6.37933E-1 6.21709E-1 5.59255E-1 5.21878E-1
6.77454E-1 6.75171E-1 6.89E-1 6.90546E-1 6.82702E-1 6.85567E-1 6.84558E-1 6.83077E-1 6.6376E-1 7.34193E-1 6.86612E-1 5.36484E-1 5.19536E-1 5.89979E-1 5.59099E-1 5.23882E-1 5.41954E-1 5.44089E-1 5.31697E-1 5.67046E-1 6.43661E-1 6.36176E-1 6.35981E-1 6.51934E-1 6.40657E-1 6.43628E-1 6.77993E-1 7.46308E-1 7.53592E-1 7.26955E-1 6.12159E-1 5.56286E-1 5.71439E-1 6.87601E-1 8.61873E-1 6.8181E-1 5.61228E-1 5.46412E-1 5.84197E-1 6.78325E-1 6.71708E-1 6.88611E-1 7.64149E-1 7.78754E-1 6.83727E-1 6.0897E-1 6.16866E-1 6.16489E-1 6.19945E-1 6.12573E-1 6.23249E-1 6.56982E-1 6.81083E-1 6.26478E-1 6.14134E-1 6.08708E-1 6.07011E-1 5.85926E-1 5.86508E-1 5.53398E-1 5.99363E-1 6.01066E-1 5.84352E-1 5.51128E-1 5.22932E-1
7.03549E-1 7.10488E-1 6.99731E-1 6.99605E-1 6.75935E-1 6.60425E-1 6.74628E-1 6.78671E-1 6.83683E-1 7.21849E-1 6.61747E-1 4.87288E-1 4.44339E-1 4.7514E-1 4.64076E-1 4.55018E-1 4.96863E-1 5.3523E-1 5.50481E-1 5.4272E-1 5.12877E-1 6.41155E-1 7.63726E-1 7.56527E-1 7.49502E-1 7.24205E-1 7.0467E-1 7.19178E-1 7.2657E-1 6.91406E-1 5.31752E-1 4.89023E-1 5.2148E-1 6.72615E-1 8.64097E-1 6.80166E-1 5.39934E-1 5.14385E-1 5.58113E-1 6.65862E-1 6.44058E-1 6.33323E-1 7.1888E-1 8.06122E-1 7.29357E-1 5.75588E-1 5.91458E-1 6.023E-1 6.05344E-1 5.95237E-1 6.0191E-1 6.51486E-1 6.61295E-1 6.06061E-1 6.04682E-1 6.10198E-1 6.043E-1 5.5851E-1 5.57124E-1 5.37797E-1 5.76312E-1 5.99257E-1 5.85317E-1 5.37006E-1 5.21928E-1
6.47227E-1 6.67264E-1 6.82874E-1 6.64432E-1 6.51645E-1 6.71761E-1 6.82352E-1 6.83189E-1 6.98151E-1 6.77662E-1 6.49427E-1 5.63229E-1 4.81879E-1 4.14824E-1 4.58914E-1 5.21664E-1 5.88206E-1 5.88405E-1 5.04421E-1 4.56461E-1 4.27397E-1 5.82739E-1 7.44567E-1 7.40931E-1 7.06338E-1 5.56231E-1 5.48705E-1 5.78621E-1 5.76563E-1 5.85612E-1 5.26343E-1 5.34096E-1 6.35027E-1 7.65124E-1 8.54205E-1 7.87034E-1 6.78393E-1 5.43499E-1 5.28541E-1 5.69719E-1 5.95431E-1 6.67194E-1 7.27225E-1 7.88715E-1 7.3919E-1 6.64789E-1 6.19673E-1 6.36965E-1 6.75646E-1 6.13285E-1 5.90481E-1 6.40412E-1 6.38494E-1 6.11283E-1 5.87539E-1 5.91143E-1 5.8786E-1 5.37422E-1 5.31735E-1 5.37658E-1 5.66225E-1 5.96112E-1 5.67053E-1 5.76331E-1 5.72921E-1
6.20018E-1 6.55045E-1 6.79726E-1 6.60808E-1 6.54862E-1 6.68574E-1 6.93135E-1 6.92587E-1 6.91889E-1 6.63667E-1 6.61513E-1 5.93529E-1 5.27967E-1 4.75105E-1 4.84892E-1 5.01797E-1 5.63169E-1 5.89865E-1 5.77426E-1 5.57692E-1 5.36738E-1 6.44222E-1 7.50373E-1 7.3451E-1 6.79629E-1 5.36083E-1 5.04726E-1 5.01064E-1 5.01962E-1 5.15308E-1 5.02862E-1 5.25941E-1 6.04189E-1 6.73009E-1 7.33271E-1 7.62056E-1 7.43037E-1 5.5401E-1 5.16945E-1 5.52351E-1 5.74317E-1 5.76175E-1 5.14367E-1 5.71714E-1 6.00374E-1 6.62228E-1 6.5336E-1 6.36074E-1 6.37914E-1 5.99984E-1 5.70776E-1 6.44427E-1 6.19898E-1 6.04706E-1 5.90774E-1 5.79556E-1 5.68196E-1 5.33785E-1 5.22303E-1 5.34367E-1 5.68043E-1 5.7002E-1 5.09138E-1 5.3091E-1 5.83394E-1
6.4816E-1 6.46975E-1 6.74825E-1 6.56994E-1 6.53615E-1 6.60123E-1 6.94053E-1 7.02413E-1 7.11535E-1 6.87553E-1 6.69335E-1 6.00936E-1 5.86399E-1 6.02005E-1 5.24485E-1 4.52716E-1 4.94232E-1 5.66989E-1 6.89259E-1 7.60052E-1 7.88284E-1 7.80921E-1 7.67701E-1 7.05786E-1 6.63915E-1 5.92715E-1 5.16247E-1 4.55987E-1 4.59007E-1 4.7524E-1 4.70516E-1 4.86984E-1 5.12411E-1 5.43707E-1 5.73317E-1 6.9562E-1 7.71145E-1 5.54374E-1 5.22939E-1 5.79922E-1 5.3772E-1 5.04055E-1 5.16484E-1 5.46262E-1 5.55915E-1 5.32693E-1 5.60162E-1 6.01907E-1 6.10747E-1 5.74382E-1 5.56212E-1 6.0785E-1 5.86136E-1 6.09203E-1 5.803E-1 5.62481E-1 5.71061E-1 5.50505E-1 4.95309E-1 5.45477E-1 5.75525E-1 5.67631E-1 5.14905E-1 5.24351E-1 5.8039E-1
6.46384E-1 6.22362E-1 6.53772E-1 6.35588E-1 6.51955E-1 6.24538E-1 5.86006E-1 6.27009E-1 6.98643E-1 6.74501E-1 6.19403E-1 5.15419E-1 5.22091E-1 6.05301E-1 5.35845E-1 4.61083E-1 5.02166E-1 5.78183E-1 7.12814E-1 7.82337E-1 7.96646E-1 7.75199E-1 7.68642E-1 6.91767E-1 6.45743E-1 5.83914E-1 5.22095E-1 4.62065E-1 4.59018E-1 4.76136E-1 4.76661E-1 4.8532E-1 5.04563E-1 5.07861E-1 5.10421E-1 6.6869E-1 7.6814E-1 5.8615E-1 5.26937E-1 4.9979E-1 4.80022E-1 4.78726E-1 4.70495E-1 4.96105E-1 5.53785E-1 5.38686E-1 5.05735E-1 5.74116E-1 6.42444E-1 5.69234E-1 5.41923E-1 6.03753E-1 5.73504E-1 5.76303E-1 5.93706E-1 5.3445E-1 5.54461E-1 5.40203E-1 4.83217E-1 5.21635E-1 5.60725E-1 5.28149E-1 5.02727E-1 5.42233E-1 6.27703E-1
6.07535E-1 6.11361E-1 6.19843E-1 6.20412E-1 6.34496E-1 5.88285E-1 5.10648E-1 5.68633E-1 6.73829E-1 6.33522E-1 5.60721E-1 4.51952E-1 4.68518E-1 5.84356E-1 5.48506E-1 5.25149E-1 5.65177E-1 6.53334E-1 7.47406E-1 7.90381E-1 7.8729E-1 7.47043E-1 7.07603E-1 6.57249E-1 6.21967E-1 5.66683E-1 5.11856E-1 4.5735E-1 4.45908E-1 4.58354E-1 4.75082E-1 4.66529E-1 4.87118E-1 4.74805E-1 4.55447E-1 6.38449E-1 7.62125E-1 6.16165E-1 5.31202E-1 4.75379E-1 4.80783E-1 4.59994E-1 4.76167E-1 5.13021E-1 5.91213E-1 5.91889E-1 4.89189E-1 5.625E-1 6.89826E-1 5.9385E-1 5.33407E-1 5.54586E-1 5.6317E-1 5.30682E-1 5.69779E-1 5.63068E-1 5.26628E-1 5.05301E-1 4.92859E-1 5.2175E-1 5.01433E-1 5.07919E-1 5.11284E-1 5.49314E-1 6.74252E-1
5.50602E-1 6.13369E-1 6.12326E-1 6.1469E-1 5.75021E-1 5.26155E-1 4.8254E-1 5.45209E-1 6.29071E-1 5.60032E-1 4.91632E-1 4.53234E-1 4.37718E-1 4.78293E-1 5.69287E-1 6.55848E-1 6.88663E-1 7.3499E-1 7.83278E-1 7.78056E-1 7.40197E-1 7.13893E-1 6.34366E-1 5.35871E-1 4.94731E-1 5.18621E-1 4.81104E-1 4.30881E-1 4.21258E-1 4.27542E-1 4.49062E-1 4.61225E-1 4.71654E-1 4.72266E-1 4.62385E-1 6.29842E-1 7.59421E-1 6.08114E-1 5.14682E-1 4.50034E-1 4.40974E-1 4.43332E-1 4.66788E-1 5.03575E-1 5.4079E-1 5.86345E-1 4.98738E-1 5.48152E-1 6.66452E-1 5.81552E-1 5.02277E-1 5.44242E-1 5.7067E-1 5.26461E-1 5.06566E-1 5.22136E-1 5.41577E-1 4.89752E-1 5.11375E-1 5.19581E-1 5.1791E-1 4.91573E-1 5.03609E-1 5.09193E-1 6.28881E-1
5.26643E-1 5.94426E-1 5.67871E-1 5.5426E-1 5.08324E-1 4.83702E-1 4.88361E-1 5.19023E-1 5.56557E-1 5.05144E-1 4.76499E-1 4.58499E-1 4.67914E-1 5.09382E-1 6.55393E-1 7.68495E-1 7.78188E-1 7.99663E-1 7.95568E-1 7.45384E-1 6.90992E-1 6.57941E-1 5.97474E-1 4.63631E-1 4.35563E-1 4.64332E-1 4.47283E-1 4.21307E-1 4.41344E-1 4.15514E-1 4.44814E-1 4.48668E-1 4.64297E-1 4.79878E-1 4.93069E-1 6.12677E-1 6.66874E-1 5.91671E-1 5.25621E-1 5.08804E-1 4.44135E-1 4.37964E-1 4.46545E-1 4.90061E-1 5.02808E-1 5.07623E-1 5.30303E-1 5.45089E-1 6.44601E-1 5.67367E-1 5.17485E-1 5.42833E-1 5.13158E-1 5.19358E-1 4.7104E-1 5.45105E-1 5.86871E-1 5.85788E-1 5.62566E-1 5.57818E-1 5.38806E-1 5.22861E-1 5.28126E-1 5.96467E-1 6.07394E-1
5.07473E-1 5.65443E-1 4.81941E-1 4.52816E-1 4.33565E-1 4.5728E-1 5.17278E-1 4.91622E-1 4.53702E-1 4.63656E-1 4.55253E-1 4.68662E-1 5.64074E-1 6.93572E-1 7.40071E-1 7.5916E-1 7.71255E-1 7.71531E-1 7.70577E-1 7.05352E-1 6.30405E-1 6.21735E-1 6.2793E-1 4.61706E-1 4.20484E-1 4.45558E-1 4.29952E-1 4.25971E-1 4.22426E-1 4.31112E-1 4.47779E-1 4.36506E-1 4.45434E-1 5.00015E-1 5.87169E-1 5.18483E-1 5.06739E-1 5.32318E-1 5.32631E-1 5.66166E-1 4.99334E-1 4.30345E-1 4.52996E-1 4.47958E-1 4.26679E-1 4.90258E-1 5.03609E-1 5.46845E-1 6.41359E-1 5.80924E-1 5.11411E-1 5.01945E-1 5.17711E-1 5.12712E-1 4.20882E-1 5.11423E-1 5.55803E-1 5.55001E-1 5.86909E-1 5.80186E-1 5.81577E-1 5.55118E-1 5.6031E-1 6.39258E-1 6.3665E-1
5.42873E-1 5.87542E-1 5.2442E-1 4.76513E-1 4.41886E-1 4.6411E-1 5.45254E-1 5.48933E-1 5.37865E-1 5.65468E-1 5.90352E-1 5.96244E-1 6.71016E-1 7.40397E-1 7.38333E-1 7.17828E-1 6.64623E-1 6.39561E-1 7.12279E-1 6.45974E-1 5.21803E-1 5.88748E-1 6.17065E-1 4.93236E-1 4.35915E-1 4.39882E-1 4.24697E-1 4.27717E-1 4.27216E-1 4.34499E-1 4.19199E-1 4.29414E-1 4.45971E-1 5.11157E-1 6.68104E-1 5.32426E-1 4.57995E-1 4.9013E-1 4.82593E-1 4.89199E-1 5.08363E-1 4.55101E-1 4.3571E-1 4.21437E-1 4.4051E-1 4.73291E-1 4.8976E-1 5.21834E-1 6.11373E-1 5.67871E-1 5.08533E-1 4.99808E-1 4.86157E-1 5.10294E-1 4.74692E-1 4.52402E-1 5.17421E-1 5.76684E-1 6.19234E-1 6.08788E-1 5.62431E-1 5.36775E-1 5.19868E-1 5.69113E-1 5.69031E-1
5.89184E-1 6.31658E-1 5.60701E-1 5.37226E-1 4.55339E-1 4.74032E-1 5.76365E-1 6.46183E-1 6.78868E-1 7.3016E-1 7.25684E-1 7.33368E-1 7.4857E-1 7.18552E-1 6.89623E-1 6.70001E-1 5.86317E-1 5.52156E-1 6.6818E-1 6.20691E-1 4.50056E-1 5.46852E-1 6.19947E-1 5.05208E-1 4.26372E-1 4.33721E-1 4.22108E-1 4.46039E-1 4.47821E-1 4.33128E-1 4.26594E-1 4.25839E-1 4.3555E-1 5.30904E-1 7.06891E-1 5.44406E-1 4.20977E-1 4.57324E-1 4.5606E-1 4.20004E-1 4.49739E-1 4.88639E-1 4.36308E-1 4.53309E-1 5.01592E-1 4.76712E-1 4.71254E-1 5.18192E-1 6.09411E-1 5.72659E-1 5.11821E-1 4.83302E-1 4.67186E-1 5.11601E-1 5.18907E-1 4.86819E-1 5.23891E-1 6.1767E-1 6.22651E-1 5.72461E-1 5.06858E-1 5.09512E-1 4.87029E-1 4.76805E-1 4.68117E-1
6.053E-1 6.33926E-1 5.97013E-1 5.75587E-1 4.6655E-1 4.76112E-1 5.69292E-1 5.73786E-1 5.53774E-1 6.21599E-1 6.87345E-1 7.42939E-1 7.43892E-1 6.8944E-1 6.8438E-1 7.13754E-1 6.05594E-1 5.3987E-1 5.67263E-1 5.55384E-1 5.4282E-1 5.36012E-1 5.24991E-1 4.84894E-1 4.44913E-1 4.31609E-1 4.3449E-1 4.25307E-1 4.33347E-1 4.16247E-1 4.11828E-1 4.11324E-1 4.25007E-1 5.03005E-1 6.08243E-1 5.17517E-1 4.00599E-1 4.41617E-1 4.42046E-1 3.89513E-1 4.14469E-1 5.07228E-1 4.46486E-1 4.5845E-1 4.53768E-1 4.27608E-1 4.65155E-1 4.8145E-1 5.93029E-1 5.50285E-1 4.98678E-1 4.61077E-1 4.76047E-1 5.15425E-1 5.13733E-1 5.22334E-1 5.47995E-1 5.5462E-1 4.90008E-1 4.51135E-1 5.12675E-1 5.48312E-1 4.62411E-1 4.48081E-1 4.36363E-1
6.03995E-1 6.31922E-1 6.20565E-1 6.21392E-1 5.06743E-1 5.00636E-1 5.77693E-1 5.50827E-1 5.11748E-1 6.04551E-1 6.88432E-1 7.47695E-1 7.18159E-1 6.23219E-1 6.67196E-1 7.16234E-1 6.29072E-1 5.46991E-1 4.75908E-1 4.88958E-1 5.61087E-1 5.09165E-1 4.50694E-1 4.7937E-1 4.77936E-1 4.34487E-1 4.30746E-1 4.34845E-1 4.20668E-1 4.15199E-1 4.27687E-1 4.23956E-1 4.36556E-1 5.14356E-1 5.61657E-1 4.8299E-1 4.03191E-1 4.47563E-1 4.49799E-1 4.07814E-1 4.02228E-1 4.78571E-1 4.53334E-1 4.52793E-1 4.27122E-1 4.20553E-1 4.29344E-1 4.61106E-1 5.65086E-1 5.46728E-1 4.92149E-1 4.43637E-1 4.74538E-1 5.03245E-1 5.13335E-1 5.90458E-1 5.2287E-1 4.74227E-1 4.0954E-1 3.72794E-1 4.38406E-1 4.5509E-1 3.94469E-1 3.82959E-1 4.73216E-1
5.81607E-1 5.98761E-1 6.06358E-1 6.31896E-1 5.62365E-1 5.55013E-1 5.95059E-1 6.02766E-1 6.18399E-1 6.94342E-1 7.46352E-1 7.74359E-1 7.02757E-1 5.36962E-1 6.08299E-1 7.13103E-1 6.65193E-1 5.94296E-1 4.76125E-1 4.53074E-1 4.79702E-1 4.57102E-1 4.48854E-1 5.24363E-1 5.16665E-1 4.45696E-1 4.28689E-1 4.37308E-1 4.2126E-1 4.43865E-1 4.6454E-1 4.98343E-1 5.53967E-1 6.16769E-1 6.32461E-1 5.03322E-1 4.05029E-1 4.43371E-1 4.54167E-1 4.06131E-1 3.71315E-1 4.00431E-1 4.39209E-1 4.4673E-1 4.3377E-1 4.01519E-1 3.92574E-1 4.45483E-1 5.52489E-1 5.68555E-1 5.0183E-1 4.42886E-1 4.64605E-1 4.64437E-1 4.64772E-1 5.25953E-1 4.67907E-1 4.19941E-1 3.48869E-1 3.33568E-1 4.05786E-1 3.90084E-1 3.8134E-1 3.68809E-1 4.56501E-1
