layers/trop.asc
ncols         638
nrows         825
xllcorner     -2985163.8955
yllcorner     -3022031.214
cellsize      10000.0
NODATA_value  -9999
[rows 406 to 434 of 825, columns 390 to 454 of 638]
3.30831E-1 3.55165E-1 3.33673E-1 2.85385E-1 3.88637E-1 2.97651E-1 3.01045E-1 3.00539E-1 2.97575E-1 3.1103E-1 4.87724E-1 3.29421E-1 3.2269E-1 4.62793E-1 6.32907E-1 4.92806E-1 3.39031E-1 3.36011E-1 3.17495E-1 3.19727E-1 3.26344E-1 3.31751E-1 3.3569E-1 3.4342E-1 3.34324E-1 4.51059E-1 6.41176E-1 7.74648E-1 5.06313E-1 3.12078E-1 3.45531E-1 4.11347E-1 3.48069E-1 3.61279E-1 3.79291E-1 6.48799E-1 3.82113E-1 3.77526E-1 3.89566E-1 4.1176E-1 3.97164E-1 4.10928E-1 3.99406E-1 4.09721E-1 3.66796E-1 4.8693E-1 3.92661E-1 4.25012E-1 4.87922E-1 7.93124E-1 8.05203E-1 3.67853E-1 3.40672E-1 3.46296E-1 3.42455E-1 3.37059E-1 3.39335E-1 3.2218E-1 3.17857E-1 2.97094E-1 3.58886E-1 2.99643E-1 3.01756E-1 3.01442E-1 2.99602E-1
3.13522E-1 3.21223E-1 2.9875E-1 3.16074E-1 3.20722E-1 3.43428E-1 2.97776E-1 3.212E-1 3.11045E-1 3.05709E-1 3.57656E-1 3.31544E-1 3.18475E-1 3.26851E-1 4.45695E-1 3.77787E-1 5.86858E-1 3.22603E-1 3.18839E-1 3.20251E-1 3.19966E-1 3.38258E-1 3.42508E-1 3.41922E-1 3.57369E-1 3.77029E-1 3.50687E-1 3.39333E-1 8.52678E-1 3.25538E-1 3.27481E-1 3.30688E-1 3.80903E-1 3.52205E-1 3.77783E-1 5.108E-1 3.58144E-1 4.18314E-1 4.39601E-1 4.24678E-1 4.04941E-1 3.95073E-1 3.91122E-1 3.74415E-1 3.93528E-1 3.59196E-1 3.75169E-1 3.85455E-1 5.50426E-1 4.27298E-1 6.25656E-1 3.31121E-1 3.87959E-1 3.72218E-1 3.38403E-1 3.40513E-1 3.40359E-1 3.33896E-1 3.30339E-1 4.07866E-1 2.98484E-1 3.24921E-1 3.02994E-1 3.09403E-1 3.10266E-1
3.14236E-1 3.31551E-1 3.25794E-1 3.37607E-1 2.99256E-1 3.16494E-1 3.3902E-1 3.16209E-1 3.40243E-1 3.11462E-1 3.31363E-1 3.40654E-1 3.30472E-1 3.41709E-1 3.27602E-1 3.37398E-1 5.55231E-1 3.82852E-1 3.32421E-1 5.83995E-1 3.34002E-1 3.22198E-1 3.63156E-1 3.38843E-1 3.50421E-1 3.91615E-1 3.92211E-1 4.03342E-1 4.071E-1 5.7816E-1 8.64943E-1 6.28033E-1 3.50581E-1 4.26617E-1 3.44185E-1 3.76565E-1 3.5386E-1 4.25447E-1 4.526E-1 4.85564E-1 4.46025E-1 4.11488E-1 4.131E-1 3.80308E-1 4.25104E-1 3.72515E-1 3.8162E-1 3.80936E-1 7.80428E-1 4.54693E-1 4.02771E-1 4.96509E-1 3.55391E-1 3.49365E-1 3.38666E-1 3.22758E-1 3.53056E-1 3.78538E-1 3.16213E-1 3.39051E-1 3.03844E-1 3.16922E-1 3.12454E-1 2.95598E-1 3.22209E-1
3.22562E-1 3.13104E-1 3.15497E-1 3.61637E-1 3.2106E-1 3.28941E-1 3.28322E-1 3.17028E-1 3.47125E-1 3.27707E-1 3.2431E-1 3.46491E-1 3.62446E-1 3.57881E-1 3.13504E-1 3.41926E-1 3.61282E-1 8.04319E-1 3.41667E-1 6.19856E-1 3.11666E-1 3.73392E-1 3.6934E-1 3.45215E-1 3.69142E-1 3.66743E-1 3.75507E-1 3.81627E-1 3.77103E-1 3.54764E-1 4.65392E-1 8.60366E-1 3.8483E-1 3.90119E-1 3.92222E-1 3.64779E-1 3.79761E-1 4.05818E-1 4.25325E-1 5.11766E-1 4.89877E-1 4.31602E-1 4.15077E-1 4.49915E-1 4.25789E-1 3.55704E-1 4.29475E-1 3.90129E-1 8.93929E-1 3.79789E-1 3.77814E-1 3.60501E-1 3.44585E-1 3.58961E-1 3.39593E-1 3.12154E-1 3.57076E-1 3.10147E-1 3.26563E-1 3.5466E-1 3.12525E-1 3.69652E-1 3.4877E-1 3.18053E-1 3.84592E-1
3.35275E-1 3.26386E-1 3.36544E-1 3.22134E-1 3.46581E-1 3.48181E-1 3.56715E-1 3.34344E-1 3.23945E-1 4.13155E-1 3.62221E-1 3.38676E-1 3.66881E-1 3.55793E-1 3.34173E-1 4.15587E-1 3.58252E-1 8.01596E-1 3.41188E-1 3.59434E-1 5.33493E-1 3.31782E-1 3.36058E-1 3.71734E-1 3.68176E-1 4.47436E-1 4.09587E-1 3.96032E-1 3.92677E-1 3.92823E-1 3.9139E-1 4.81252E-1 8.54417E-1 5.44084E-1 4.19535E-1 3.57112E-1 3.75406E-1 4.09369E-1 5.24647E-1 4.3651E-1 4.26921E-1 4.18886E-1 4.36332E-1 4.33923E-1 3.99763E-1 4.09387E-1 3.50587E-1 6.08889E-1 8.15529E-1 3.41831E-1 3.81763E-1 3.36909E-1 3.36728E-1 3.95436E-1 3.43958E-1 3.68221E-1 3.24441E-1 3.10673E-1 3.23681E-1 3.1225E-1 3.14238E-1 3.06999E-1 3.07098E-1 3.17495E-1 3.12811E-1
3.64818E-1 3.49106E-1 3.4216E-1 3.16875E-1 3.25253E-1 3.38745E-1 3.90018E-1 3.58377E-1 3.81293E-1 3.64553E-1 3.80418E-1 3.98755E-1 3.77044E-1 3.97438E-1 3.63965E-1 3.60616E-1 3.66142E-1 8.1073E-1 8.47907E-1 3.50153E-1 3.85507E-1 4.24815E-1 3.37909E-1 4.28646E-1 3.78823E-1 3.83784E-1 4.21442E-1 4.3204E-1 4.25101E-1 4.35917E-1 3.92818E-1 3.89343E-1 6.0278E-1 3.88696E-1 7.61116E-1 6.12855E-1 6.44764E-1 4.02136E-1 4.0802E-1 4.40115E-1 4.32596E-1 4.29976E-1 4.22748E-1 4.04386E-1 4.02017E-1 3.62103E-1 3.91204E-1 5.99213E-1 7.30785E-1 3.9435E-1 3.50605E-1 3.40383E-1 3.61964E-1 3.32437E-1 3.33836E-1 3.56269E-1 3.29239E-1 3.20447E-1 3.23179E-1 3.29038E-1 3.19328E-1 3.23677E-1 2.9834E-1 2.92592E-1 3.03441E-1
3.91593E-1 3.70679E-1 3.62153E-1 3.47024E-1 3.44714E-1 3.48505E-1 4.00984E-1 3.84468E-1 4.09516E-1 4.13491E-1 4.17052E-1 3.87599E-1 3.58647E-1 3.48606E-1 3.60962E-1 3.65471E-1 3.54112E-1 3.77517E-1 4.05551E-1 4.7485E-1 3.50152E-1 4.01157E-1 3.62774E-1 3.7428E-1 3.84042E-1 4.00675E-1 4.88696E-1 4.32491E-1 4.5952E-1 4.06033E-1 3.92224E-1 3.93045E-1 5.28238E-1 6.73816E-1 4.24925E-1 4.43683E-1 4.02263E-1 4.28013E-1 4.64578E-1 4.85099E-1 5.01178E-1 5.12692E-1 4.07968E-1 4.23181E-1 3.92884E-1 3.67385E-1 3.54267E-1 4.38255E-1 4.60587E-1 4.77637E-1 3.89886E-1 3.88267E-1 3.77778E-1 3.20595E-1 3.4902E-1 3.64072E-1 3.19276E-1 3.85545E-1 4.16556E-1 3.09275E-1 3.57582E-1 3.56892E-1 3.19846E-1 2.70047E-1 2.49947E-1
3.84458E-1 3.68564E-1 3.89149E-1 3.94399E-1 3.87093E-1 3.65937E-1 3.60582E-1 3.63469E-1 4.22436E-1 4.34375E-1 4.30345E-1 4.03846E-1 3.96806E-1 3.49586E-1 3.61975E-1 3.66556E-1 3.61291E-1 4.23638E-1 8.34078E-1 3.47485E-1 3.56144E-1 4.06811E-1 3.90329E-1 3.59275E-1 4.0027E-1 4.32921E-1 4.45582E-1 4.44975E-1 4.55548E-1 3.64998E-1 4.02189E-1 3.82239E-1 6.34084E-1 6.15641E-1 4.32891E-1 3.87038E-1 3.90316E-1 4.32884E-1 4.28157E-1 4.80021E-1 4.63258E-1 4.18304E-1 4.33144E-1 4.22532E-1 3.7606E-1 4.16112E-1 4.38214E-1 3.85414E-1 6.37678E-1 5.81971E-1 3.278E-1 3.90381E-1 3.57541E-1 3.42766E-1 3.51887E-1 3.15717E-1 2.8229E-1 2.82924E-1 2.78496E-1 3.24213E-1 3.02994E-1 3.35192E-1 4.09247E-1 2.57331E-1 3.0566E-1
3.72935E-1 3.57256E-1 3.49772E-1 3.84615E-1 4.21166E-1 4.01805E-1 3.8496E-1 3.84434E-1 4.28068E-1 4.313E-1 4.1705E-1 4.19349E-1 3.88907E-1 3.85744E-1 3.68965E-1 3.89555E-1 3.64128E-1 3.97048E-1 4.19379E-1 3.75068E-1 3.84774E-1 3.88642E-1 4.29286E-1 4.17872E-1 4.16601E-1 4.26066E-1 4.92008E-1 4.13634E-1 3.88165E-1 3.86017E-1 3.84294E-1 3.88795E-1 5.50312E-1 8.32112E-1 4.22399E-1 6.10811E-1 4.32856E-1 4.42095E-1 4.45763E-1 4.42914E-1 4.70023E-1 3.99863E-1 4.28445E-1 4.57866E-1 5.62156E-1 3.80665E-1 5.03984E-1 4.78819E-1 4.80282E-1 3.59208E-1 4.1748E-1 3.96949E-1 3.52521E-1 3.33389E-1 3.62723E-1 2.79498E-1 2.61406E-1 2.62929E-1 3.59359E-1 3.29037E-1 3.11782E-1 2.70044E-1 2.37639E-1 3.20717E-1 3.34941E-1
3.60575E-1 3.86213E-1 4.00057E-1 4.05369E-1 4.14759E-1 3.90689E-1 3.89497E-1 4.11191E-1 3.8995E-1 4.23041E-1 4.66859E-1 4.25803E-1 4.11289E-1 3.95702E-1 3.87752E-1 3.87797E-1 4.1232E-1 4.07585E-1 5.9736E-1 4.26086E-1 4.08519E-1 4.29129E-1 4.42315E-1 4.59432E-1 4.34916E-1 4.69638E-1 4.55922E-1 5.02479E-1 3.92497E-1 3.95535E-1 4.08083E-1 4.37956E-1 4.49742E-1 4.28488E-1 4.7334E-1 7.85381E-1 4.17734E-1 6.41841E-1 4.6958E-1 4.17954E-1 4.37155E-1 4.02641E-1 4.07466E-1 4.10935E-1 4.29508E-1 7.01576E-1 6.4364E-1 4.05E-1 3.64232E-1 3.49679E-1 3.50523E-1 4.02617E-1 3.71383E-1 3.93982E-1 3.28207E-1 2.64144E-1 3.00647E-1 2.11788E-1 2.05412E-1 2.5302E-1 2.66456E-1 2.5221E-1 2.60802E-1 3.48551E-1 3.24852E-1
3.92438E-1 4.06707E-1 4.05886E-1 3.96055E-1 4.09247E-1 3.99854E-1 3.86295E-1 4.05741E-1 4.12715E-1 4.10865E-1 4.2511E-1 4.0924E-1 4.19536E-1 4.09438E-1 4.40915E-1 4.4361E-1 4.31659E-1 4.27439E-1 4.11623E-1 4.24431E-1 7.2377E-1 6.37102E-1 4.56081E-1 4.01698E-1 4.75328E-1 4.67623E-1 5.2697E-1 4.24192E-1 4.14993E-1 3.98848E-1 3.91356E-1 4.1568E-1 4.37782E-1 4.52957E-1 4.79912E-1 4.1475E-1 4.48863E-1 4.8321E-1 4.68613E-1 4.73583E-1 4.25051E-1 4.18096E-1 4.78702E-1 4.0885E-1 3.86714E-1 5.95428E-1 4.07696E-1 3.97142E-1 4.52064E-1 5.61005E-1 3.69591E-1 4.13377E-1 3.86336E-1 5.57004E-1 2.93368E-1 2.63001E-1 2.76716E-1 2.16869E-1 3.45637E-1 1.98843E-1 3.04939E-1 2.7146E-1 5.75728E-1 3.82687E-1 2.98806E-1
4.15204E-1 4.47972E-1 4.04111E-1 4.0985E-1 4.27252E-1 4.35321E-1 3.94986E-1 4.15604E-1 4.2178E-1 4.51272E-1 4.28714E-1 4.12693E-1 4.32913E-1 4.38445E-1 4.50797E-1 4.55042E-1 4.47407E-1 4.32853E-1 4.25309E-1 4.151E-1 4.05642E-1 9.03794E-1 6.4701E-1 6.99077E-1 4.10666E-1 4.50049E-1 4.71748E-1 6.91556E-1 5.87201E-1 4.06715E-1 4.41918E-1 4.23159E-1 4.35931E-1 4.24553E-1 4.40385E-1 4.01548E-1 4.39662E-1 4.07105E-1 4.40387E-1 4.43971E-1 4.66675E-1 4.15302E-1 4.84625E-1 4.39712E-1 4.0784E-1 6.18235E-1 3.78999E-1 4.02847E-1 4.49758E-1 3.70209E-1 4.45269E-1 3.50938E-1 3.507E-1 3.59754E-1 3.06417E-1 2.87373E-1 2.44063E-1 2.09075E-1 1.8878E-1 3.45908E-1 6.1692E-1 4.34929E-1 3.6398E-1 3.31715E-1 3.38418E-1
4.12343E-1 4.20619E-1 4.31028E-1 4.07822E-1 4.19464E-1 4.28082E-1 4.03702E-1 4.32844E-1 7.2445E-1 4.80781E-1 4.26558E-1 4.26246E-1 4.53542E-1 4.33817E-1 4.45319E-1 4.71238E-1 4.8309E-1 4.55791E-1 4.4413E-1 4.53464E-1 4.92319E-1 4.21261E-1 9.26608E-1 4.15739E-1 7.96428E-1 8.68011E-1 7.50124E-1 7.93317E-1 7.86193E-1 4.19867E-1 5.42395E-1 5.71518E-1 5.51581E-1 5.05306E-1 5.37309E-1 4.77798E-1 4.4552E-1 4.31119E-1 4.87539E-1 4.96468E-1 4.27111E-1 4.78114E-1 4.21842E-1 4.02833E-1 3.38893E-1 4.00669E-1 3.63553E-1 3.49934E-1 4.02733E-1 4.21656E-1 4.98007E-1 3.41482E-1 2.79608E-1 2.24779E-1 2.76255E-1 3.0277E-1 4.29063E-1 1.9486E-1 2.89987E-1 3.3374E-1 4.3993E-1 2.99539E-1 3.48501E-1 3.29303E-1 3.03522E-1
6.21309E-1 4.57928E-1 5.31135E-1 4.49296E-1 4.64131E-1 6.4011E-1 5.34825E-1 5.01098E-1 4.32389E-1 4.28705E-1 4.71013E-1 4.69645E-1 4.6259E-1 4.58706E-1 4.41149E-1 4.68698E-1 4.59981E-1 4.64764E-1 4.58347E-1 5.14597E-1 5.03618E-1 4.91712E-1 4.44546E-1 7.39288E-1 4.22291E-1 4.12696E-1 7.2694E-1 7.54439E-1 8.45978E-1 7.20632E-1 9.03916E-1 8.63165E-1 8.48362E-1 7.3065E-1 8.03858E-1 6.46147E-1 4.29732E-1 4.84226E-1 4.51895E-1 4.14232E-1 4.81056E-1 4.28495E-1 4.32315E-1 3.51117E-1 4.63391E-1 3.16179E-1 3.57703E-1 3.74739E-1 3.87182E-1 3.37355E-1 3.19526E-1 2.85801E-1 2.59364E-1 2.75411E-1 2.95853E-1 3.47229E-1 3.79864E-1 3.31252E-1 3.91153E-1 7.7544E-1 7.71472E-1 4.5839E-1 6.66534E-1 3.2237E-1 3.30553E-1
6.44073E-1 4.4951E-1 7.90727E-1 8.44419E-1 5.5769E-1 4.20588E-1 7.08563E-1 7.30974E-1 6.33907E-1 4.60749E-1 4.80392E-1 4.60485E-1 4.87883E-1 4.63706E-1 4.55262E-1 4.75638E-1 4.71576E-1 4.91587E-1 5.12795E-1 5.18136E-1 4.82697E-1 4.60328E-1 4.69785E-1 4.98907E-1 6.83184E-1 5.4919E-1 4.91799E-1 5.12848E-1 5.243E-1 6.27676E-1 7.83515E-1 5.07911E-1 7.09063E-1 7.89443E-1 4.63901E-1 4.53398E-1 4.86455E-1 4.53841E-1 4.66675E-1 4.62518E-1 4.53095E-1 4.176E-1 4.6793E-1 3.42875E-1 3.41331E-1 2.6365E-1 3.78297E-1 3.21361E-1 2.69866E-1 2.87538E-1 2.47815E-1 3.44059E-1 3.76142E-1 4.30463E-1 8.52911E-1 3.51499E-1 3.3798E-1 3.40948E-1 4.46919E-1 2.9426E-1 3.02722E-1 2.94657E-1 7.2259E-1 6.7287E-1 6.7918E-1
5.00482E-1 8.85707E-1 8.95659E-1 4.22145E-1 4.34593E-1 4.55279E-1 9.14416E-1 6.24546E-1 4.08676E-1 4.51523E-1 4.70795E-1 4.89448E-1 4.94932E-1 4.96328E-1 4.94342E-1 4.87356E-1 4.92433E-1 5.28097E-1 4.89018E-1 4.97701E-1 5.03875E-1 5.45863E-1 4.82035E-1 4.54416E-1 5.70742E-1 7.83644E-1 8.31147E-1 4.21404E-1 4.13353E-1 4.61828E-1 4.68085E-1 5.92163E-1 5.58462E-1 4.26612E-1 4.38698E-1 4.27898E-1 4.28659E-1 5.11878E-1 4.64123E-1 4.60918E-1 4.2883E-1 4.5196E-1 4.33295E-1 3.65709E-1 2.83421E-1 2.33673E-1 3.87111E-1 3.4373E-1 2.77491E-1 2.49849E-1 3.1051E-1 3.89884E-1 5.85128E-1 8.56936E-1 6.71589E-1 3.57521E-1 4.03534E-1 3.63828E-1 3.16764E-1 3.42225E-1 3.24403E-1 3.08017E-1 2.98987E-1 3.02076E-1 2.85849E-1
4.90293E-1 5.17303E-1 4.84232E-1 6.8798E-1 4.22601E-1 4.30085E-1 7.26409E-1 4.53E-1 6.64297E-1 4.89725E-1 5.43946E-1 4.85626E-1 4.80815E-1 5.14828E-1 4.82745E-1 4.93281E-1 5.12761E-1 5.1564E-1 4.96149E-1 5.32916E-1 5.25334E-1 5.20504E-1 5.35192E-1 4.70323E-1 4.51058E-1 4.34318E-1 8.49078E-1 8.81305E-1 6.09904E-1 4.36502E-1 4.28086E-1 4.3864E-1 4.14947E-1 4.10004E-1 4.31108E-1 4.93591E-1 4.70698E-1 4.87863E-1 4.46128E-1 4.24936E-1 4.76324E-1 4.8919E-1 4.13756E-1 3.18887E-1 3.17298E-1 4.07249E-1 3.86424E-1 2.81627E-1 3.11437E-1 3.87813E-1 6.12748E-1 7.19842E-1 7.77925E-1 5.54403E-1 3.63694E-1 3.49432E-1 5.45181E-1 3.22042E-1 5.07624E-1 4.00714E-1 3.85933E-1 3.19283E-1 4.30878E-1 3.39103E-1 3.63914E-1
6.4516E-1 5.28471E-1 4.41244E-1 5.03631E-1 4.12477E-1 4.45109E-1 3.91034E-1 4.67039E-1 5.03323E-1 5.41916E-1 5.17475E-1 8.94901E-1 5.23129E-1 8.97872E-1 6.18661E-1 5.24586E-1 4.90314E-1 4.98405E-1 4.95124E-1 5.38384E-1 5.36876E-1 5.81398E-1 4.84927E-1 5.72842E-1 4.43443E-1 4.69833E-1 5.37021E-1 6.53751E-1 6.44474E-1 4.73523E-1 4.35479E-1 4.14173E-1 4.29556E-1 4.15814E-1 4.33505E-1 4.51877E-1 4.35256E-1 4.33065E-1 4.3984E-1 4.17482E-1 4.26643E-1 4.46927E-1 4.28317E-1 4.80167E-1 4.06624E-1 3.8876E-1 4.23818E-1 4.88197E-1 4.15025E-1 8.68218E-1 7.71844E-1 7.54142E-1 4.19506E-1 3.7318E-1 3.62246E-1 3.74085E-1 3.66782E-1 4.4051E-1 4.33405E-1 4.78961E-1 4.67919E-1 3.85752E-1 3.66968E-1 3.35058E-1 3.32711E-1
4.81343E-1 4.38918E-1 4.70194E-1 5.65188E-1 5.00543E-1 4.70759E-1 5.06134E-1 5.04474E-1 9.47517E-1 5.18192E-1 5.30956E-1 4.9083E-1 5.01072E-1 9.81864E-1 9.39797E-1 5.40462E-1 5.0768E-1 6.08641E-1 5.32561E-1 5.11231E-1 5.57405E-1 4.90179E-1 5.19893E-1 4.51176E-1 4.47445E-1 4.4745E-1 5.99672E-1 4.55358E-1 8.59731E-1 5.40537E-1 5.62244E-1 7.06513E-1 4.69085E-1 3.95965E-1 4.17258E-1 4.11276E-1 4.41781E-1 4.10578E-1 4.54566E-1 4.03516E-1 4.42829E-1 4.08182E-1 4.15422E-1 4.25876E-1 3.93874E-1 4.76091E-1 5.98826E-1 6.33683E-1 8.61027E-1 5.5743E-1 4.10044E-1 3.492E-1 5.56451E-1 3.55479E-1 3.64933E-1 3.47553E-1 4.02381E-1 4.7127E-1 7.64524E-1 5.21169E-1 3.39095E-1 3.53684E-1 4.59604E-1 4.01594E-1 3.93792E-1
5.20702E-1 4.409E-1 4.84198E-1 5.39633E-1 4.52579E-1 4.35501E-1 4.76538E-1 5.95891E-1 9.45883E-1 5.1052E-1 5.3742E-1 5.42256E-1 5.23297E-1 7.82403E-1 5.04787E-1 7.6231E-1 9.12033E-1 9.72259E-1 8.48416E-1 8.05823E-1 4.99244E-1 4.83519E-1 4.89121E-1 4.86509E-1 4.64937E-1 5.58519E-1 7.59923E-1 5.37871E-1 5.00503E-1 6.30697E-1 7.59442E-1 8.6254E-1 4.51429E-1 4.2901E-1 3.97267E-1 4.03363E-1 4.33563E-1 4.07941E-1 4.14064E-1 5.03436E-1 3.98485E-1 4.44918E-1 3.66117E-1 4.06311E-1 4.02065E-1 4.51212E-1 8.7715E-1 8.1396E-1 4.08116E-1 3.5524E-1 3.80912E-1 3.29534E-1 3.43715E-1 3.49196E-1 3.58963E-1 4.01314E-1 5.3324E-1 6.7296E-1 7.73522E-1 4.18564E-1 -9999 3.31654E-1 3.42806E-1 7.72745E-1 -9999
5.61528E-1 4.57355E-1 4.88463E-1 5.11486E-1 4.73049E-1 4.87546E-1 5.00836E-1 4.94074E-1 5.22829E-1 9.41889E-1 4.61879E-1 5.60547E-1 5.60321E-1 5.2411E-1 5.39501E-1 7.55266E-1 6.55226E-1 5.39293E-1 8.62941E-1 4.95626E-1 4.80276E-1 5.0323E-1 4.91173E-1 5.07652E-1 4.96432E-1 4.64223E-1 4.95424E-1 5.89764E-1 4.3789E-1 6.70261E-1 4.42408E-1 6.20332E-1 4.66353E-1 4.019E-1 5.10278E-1 4.12484E-1 4.57823E-1 4.19013E-1 4.00702E-1 4.18095E-1 3.95318E-1 4.20824E-1 3.58422E-1 7.08813E-1 8.24942E-1 6.25979E-1 4.86503E-1 3.5816E-1 4.12116E-1 3.52627E-1 3.98557E-1 3.52623E-1 3.44503E-1 4.38454E-1 3.48526E-1 4.21736E-1 3.97851E-1 -9999 -9999 -9999 -9999 -9999 -9999 -9999 -9999
4.98005E-1 4.89248E-1 5.16618E-1 4.94904E-1 5.57399E-1 4.5446E-1 5.45375E-1 5.38995E-1 8.94992E-1 8.38074E-1 5.78478E-1 5.30656E-1 5.40302E-1 7.53761E-1 4.93259E-1 5.71995E-1 5.33753E-1 5.26341E-1 9.04213E-1 5.52238E-1 5.31673E-1 5.26364E-1 4.70508E-1 4.88234E-1 4.97963E-1 4.98703E-1 4.70263E-1 6.43824E-1 4.55082E-1 4.45361E-1 4.3154E-1 4.01644E-1 4.20256E-1 4.29486E-1 4.08652E-1 4.54908E-1 4.04792E-1 3.83121E-1 3.79532E-1 4.40069E-1 4.23764E-1 3.62601E-1 3.5939E-1 5.8984E-1 8.75638E-1 4.00822E-1 3.58252E-1 3.37297E-1 4.47857E-1 3.60953E-1 3.4554E-1 4.50642E-1 3.84922E-1 4.0051E-1 3.37639E-1 4.06138E-1 3.64294E-1 -9999 -9999 -9999 -9999 -9999 -9999 -9999 -9999
5.72097E-1 5.20545E-1 5.07544E-1 5.02299E-1 5.23757E-1 4.44338E-1 5.52329E-1 5.39353E-1 6.20153E-1 4.9343E-1 5.3212E-1 5.48272E-1 5.18069E-1 5.69208E-1 5.34831E-1 4.87817E-1 4.99084E-1 5.7324E-1 8.6919E-1 9.55412E-1 4.9058E-1 5.36109E-1 5.06756E-1 4.86113E-1 4.79639E-1 4.71418E-1 5.43371E-1 4.43382E-1 4.33249E-1 4.53781E-1 3.94332E-1 3.91238E-1 4.24503E-1 3.87437E-1 4.36535E-1 4.50069E-1 3.85587E-1 4.45653E-1 3.72221E-1 3.52618E-1 3.50638E-1 3.42094E-1 3.86335E-1 6.22358E-1 3.93785E-1 4.07932E-1 3.76232E-1 3.40358E-1 3.76604E-1 3.4743E-1 3.89616E-1 3.35427E-1 2.94369E-1 2.90401E-1 3.53443E-1 2.94388E-1 2.87132E-1 -9999 -9999 -9999 -9999 -9999 -9999 -9999 -9999
5.22683E-1 5.11216E-1 5.23945E-1 5.27079E-1 5.06946E-1 4.77085E-1 5.09365E-1 5.10651E-1 6.16576E-1 8.8172E-1 5.81986E-1 5.04058E-1 5.46163E-1 5.798E-1 5.0868E-1 5.03819E-1 5.31274E-1 5.32941E-1 8.1234E-1 6.47075E-1 5.82215E-1 5.54939E-1 5.76939E-1 6.18222E-1 4.5643E-1 4.49888E-1 5.34963E-1 4.35303E-1 4.40156E-1 4.3043E-1 4.05571E-1 4.55604E-1 4.35196E-1 4.75554E-1 4.06517E-1 3.93797E-1 3.51306E-1 3.48433E-1 3.33601E-1 3.43629E-1 3.32679E-1 3.21135E-1 4.47578E-1 3.38261E-1 3.41547E-1 3.58322E-1 3.66619E-1 3.77892E-1 3.69562E-1 4.18555E-1 3.5318E-1 2.95038E-1 3.22659E-1 2.36398E-1 -9999 -9999 -9999 -9999 -9999 -9999 -9999 -9999 -9999 -9999 -9999
5.34494E-1 5.24531E-1 6.0435E-1 5.06039E-1 5.05276E-1 4.88443E-1 4.867E-1 5.29439E-1 5.20244E-1 6.41255E-1 5.23598E-1 6.00503E-1 5.52647E-1 5.96331E-1 5.05957E-1 4.94299E-1 5.16032E-1 6.78331E-1 5.44847E-1 4.95566E-1 8.68732E-1 4.62444E-1 4.91453E-1 5.12044E-1 5.48437E-1 4.98074E-1 4.88607E-1 4.33243E-1 4.07595E-1 4.34218E-1 4.3546E-1 4.42554E-1 4.08367E-1 4.06004E-1 4.03936E-1 3.82125E-1 3.51878E-1 3.32644E-1 3.29641E-1 3.44809E-1 3.11922E-1 3.09343E-1 3.23863E-1 3.27757E-1 3.38628E-1 3.56502E-1 3.15373E-1 3.21402E-1 3.22693E-1 3.23797E-1 3.21371E-1 3.15785E-1 2.70577E-1 -9999 -9999 -9999 -9999 -9999 -9999 -9999 -9999 -9999 -9999 -9999 -9999
5.41201E-1 5.54621E-1 5.23133E-1 5.19607E-1 5.68098E-1 5.05789E-1 5.79861E-1 5.33032E-1 4.97002E-1 4.99904E-1 5.14255E-1 5.48399E-1 5.16793E-1 5.94157E-1 5.95088E-1 5.15585E-1 4.96454E-1 5.08654E-1 5.17917E-1 4.89356E-1 5.28632E-1 4.92079E-1 4.62468E-1 4.45109E-1 4.70103E-1 4.78205E-1 4.88096E-1 4.63882E-1 4.50846E-1 4.35603E-1 4.53552E-1 4.14169E-1 4.02637E-1 4.03047E-1 3.74652E-1 3.71582E-1 3.36706E-1 3.35947E-1 3.2762E-1 3.13091E-1 3.11873E-1 2.99593E-1 3.15661E-1 3.47245E-1 3.63259E-1 3.13684E-1 2.95701E-1 3.00754E-1 3.09708E-1 3.57823E-1 7.58747E-1 -9999 -9999 -9999 -9999 -9999 -9999 -9999 -9999 -9999 -9999 -9999 -9999 -9999 -9999
5.80636E-1 5.67761E-1 5.22225E-1 4.80632E-1 5.18336E-1 5.12208E-1 5.72141E-1 5.61981E-1 4.93314E-1 5.52331E-1 5.2214E-1 5.40841E-1 5.27264E-1 5.22891E-1 5.76023E-1 5.6302E-1 4.91778E-1 5.40783E-1 4.89518E-1 4.71837E-1 4.90685E-1 8.12039E-1 6.68113E-1 5.15222E-1 4.6858E-1 4.32668E-1 4.63473E-1 3.93039E-1 4.24741E-1 4.26172E-1 4.1266E-1 4.03366E-1 4.33988E-1 5.47553E-1 5.28308E-1 3.50281E-1 3.47533E-1 3.01504E-1 2.99114E-1 2.9599E-1 3.57484E-1 3.9496E-1 3.27098E-1 4.61345E-1 2.88574E-1 4.46754E-1 3.29834E-1 3.40338E-1 2.82863E-1 -9999 -9999 -9999 -9999 -9999 -9999 -9999 -9999 -9999 -9999 -9999 -9999 -9999 -9999 -9999 -9999
5.46541E-1 5.05199E-1 5.29512E-1 5.15675E-1 5.99965E-1 5.45416E-1 5.87107E-1 5.93534E-1 5.90991E-1 5.29364E-1 5.46218E-1 5.84942E-1 5.18863E-1 5.27018E-1 5.29527E-1 4.88979E-1 4.92841E-1 5.50847E-1 5.06213E-1 4.57803E-1 4.72545E-1 5.55347E-1 6.40692E-1 4.97534E-1 4.91271E-1 4.34021E-1 3.92526E-1 3.98497E-1 3.99106E-1 4.41188E-1 4.269E-1 4.08438E-1 4.48722E-1 4.11237E-1 4.00963E-1 3.34985E-1 3.2395E-1 3.01835E-1 2.89583E-1 3.9205E-1 3.03259E-1 3.73345E-1 7.37824E-1 7.37124E-1 -9999 -9999 -9999 -9999 2.85949E-1 -9999 -9999 -9999 -9999 -9999 -9999 -9999 -9999 -9999 -9999 -9999 -9999 -9999 -9999 -9999 -9999
5.71031E-1 5.36113E-1 5.87772E-1 5.92326E-1 5.87831E-1 5.615E-1 5.97025E-1 5.82982E-1 5.63367E-1 5.92304E-1 5.43239E-1 5.3477E-1 5.72418E-1 5.2945E-1 5.40385E-1 5.48295E-1 5.82264E-1 4.83511E-1 4.90845E-1 4.61496E-1 4.93461E-1 5.3654E-1 7.1905E-1 4.31733E-1 4.56603E-1 4.80087E-1 4.38523E-1 3.8322E-1 3.81777E-1 4.35999E-1 4.25201E-1 4.60757E-1 3.86492E-1 4.05144E-1 3.70119E-1 3.90131E-1 3.7005E-1 3.61431E-1 3.48858E-1 7.73501E-1 8.07061E-1 7.80371E-1 -9999 -9999 -9999 -9999 -9999 -9999 -9999 2.53749E-1 2.66447E-1 -9999 -9999 -9999 -9999 -9999 -9999 -9999 -9999 -9999 -9999 -9999 -9999 -9999 -9999
