layers/trop_ele.asc
ncols         638
nrows         825
xllcorner     -2985163.8955
yllcorner     -3022031.214
cellsize      10000.0
NODATA_value  -9999
[rows 377 to 405 of 825, columns 195 to 259 of 638]
-9999 6.00802E-3 7.12981E-3 7.33685E-3 1.15739E-2 8.95721E-3 7.645E-3 5.07646E-3 1.30647E-3 1.47405E-3 5.26892E-4 5.1478E-4 3.44655E-4 4.70997E-4 1.45871E-3 1.81217E-3 1.98013E-3 2.07453E-3 2.06125E-3 1.95272E-3 1.59831E-3 2.12194E-3 2.29392E-3 2.40754E-3 2.58533E-3 2.69678E-3 2.84221E-3 3.27475E-3 5.53043E-3 8.7457E-3 8.77943E-3 1.01947E-2 5.12782E-3 3.52098E-3 4.03327E-3 4.40451E-3 4.47281E-3 2.56942E-3 2.05627E-3 2.27748E-3 2.68467E-3 2.8557E-3 4.33656E-3 4.59102E-3 6.99146E-3 1.27914E-2 1.21635E-2 1.26458E-2 1.53562E-2 2.1134E-2 3.80644E-2 8.69237E-2 5.4193E-2 4.08259E-2 7.92463E-2 7.24523E-2 2.40027E-2 3.79593E-2 7.2928E-2 8.42627E-2 1.04515E-1 9.20559E-2 8.29746E-2 1.38792E-1 2.3559E-1
7.31758E-3 5.56387E-3 5.58916E-3 5.63531E-3 6.52194E-3 6.96825E-3 6.3874E-3 5.92499E-3 1.84825E-3 1.28263E-3 8.07597E-4 5.97027E-4 4.89691E-4 5.29431E-4 1.43864E-3 1.65456E-3 1.91965E-3 1.95728E-3 1.82843E-3 1.86318E-3 1.77684E-3 2.07845E-3 2.23675E-3 2.32947E-3 2.48553E-3 2.63092E-3 2.82522E-3 2.87912E-3 2.76984E-3 6.2695E-3 7.64861E-3 4.3311E-3 2.37038E-3 1.66698E-3 2.37255E-3 3.50362E-3 3.44657E-3 2.36035E-3 1.87385E-3 2.01285E-3 1.96456E-3 2.04634E-3 3.1179E-3 3.33529E-3 5.31191E-3 7.77921E-3 8.4493E-3 2.03935E-2 2.55465E-2 1.70485E-2 4.09413E-2 4.1929E-2 3.584E-2 2.82174E-2 6.47368E-2 6.66594E-2 3.48258E-2 2.78159E-2 8.29164E-2 7.60491E-2 8.92048E-2 1.32713E-1 1.09824E-1 1.39623E-1 2.78895E-1
-9999 7.85779E-3 5.91823E-3 6.39676E-3 7.07579E-3 7.64874E-3 7.8675E-3 6.80366E-3 1.70208E-3 1.43863E-3 1.22899E-3 8.61659E-4 2.94572E-4 2.55955E-4 9.45278E-4 1.60753E-3 1.68318E-3 1.61697E-3 1.58058E-3 1.89923E-3 1.90653E-3 2.06694E-3 2.17551E-3 2.2824E-3 2.35861E-3 2.61502E-3 2.49878E-3 1.95473E-3 2.66554E-3 3.57032E-3 1.80342E-3 1.007E-3 2.12502E-3 1.09096E-3 9.70229E-4 1.56893E-3 1.94469E-3 2.45353E-3 2.2461E-3 1.79995E-3 1.8101E-3 1.89584E-3 2.21355E-3 2.81375E-3 5.28229E-3 6.62825E-3 4.18605E-3 5.94002E-3 2.28294E-2 2.66876E-2 4.17807E-2 3.51682E-2 2.43763E-2 2.24752E-2 6.64407E-2 1.03848E-1 2.8973E-2 2.18255E-2 7.57326E-2 1.17667E-1 1.08017E-1 1.17093E-1 9.91029E-2 1.3844E-1 2.90431E-1
-9999 9.73403E-3 6.49887E-3 6.98212E-3 7.22725E-3 7.35832E-3 7.04122E-3 6.26324E-3 2.57727E-3 1.67934E-3 1.89744E-3 8.43891E-4 3.14745E-4 3.66664E-4 2.75504E-4 4.60987E-4 2.68898E-4 3.19566E-4 1.37243E-3 1.80512E-3 1.81089E-3 1.92696E-3 1.94165E-3 1.65913E-3 2.31205E-3 2.57874E-3 3.19255E-3 2.12116E-3 2.45251E-3 2.65868E-3 1.55066E-3 9.58878E-4 9.4898E-4 1.1781E-3 8.8605E-4 9.13118E-4 9.90465E-4 2.84014E-3 3.13859E-3 1.65908E-3 1.76207E-3 1.64264E-3 1.92321E-3 2.6225E-3 5.33906E-3 5.38807E-3 4.01705E-3 4.27987E-3 1.8005E-2 1.66562E-2 2.57801E-2 2.30721E-2 2.14816E-2 2.45728E-2 4.65215E-2 7.07447E-2 4.24169E-2 3.69825E-2 6.95926E-2 1.14029E-1 1.43418E-1 1.39286E-1 1.18998E-1 1.21467E-1 1.70167E-1
-9999 7.13646E-3 8.58861E-3 6.14175E-3 6.86799E-3 7.53145E-3 7.34221E-3 6.41963E-3 4.26794E-3 1.72418E-3 1.35299E-3 5.48469E-4 3.37264E-4 3.09094E-4 2.47668E-4 1.94064E-4 1.67201E-4 3.53374E-4 1.39647E-3 1.57226E-3 1.73833E-3 1.53413E-3 1.69327E-3 1.93749E-3 2.24359E-3 2.24963E-3 2.40353E-3 2.33201E-3 2.25612E-3 2.30858E-3 2.21919E-3 1.42757E-3 1.39436E-3 1.20771E-3 1.10188E-3 9.53565E-4 1.35539E-3 2.27317E-3 1.51778E-3 1.42947E-3 1.9704E-3 2.34231E-3 2.61719E-3 2.88941E-3 4.16226E-3 5.26944E-3 4.32515E-3 4.1814E-3 1.6314E-2 1.61242E-2 2.01354E-2 1.90766E-2 1.75461E-2 2.0552E-2 3.61446E-2 3.82748E-2 5.96257E-2 5.54448E-2 5.02584E-2 1.59339E-1 1.11388E-1 1.20721E-1 1.61171E-1 1.48274E-1 1.73578E-1
-9999 8.83217E-3 6.44291E-3 5.43717E-3 6.42021E-3 7.1496E-3 7.4587E-3 7.40211E-3 5.35654E-3 1.68923E-3 1.24357E-3 9.27674E-4 3.95422E-4 4.00053E-4 3.66814E-4 2.20235E-4 2.78272E-4 5.25749E-4 1.56564E-3 1.6128E-3 1.65536E-3 1.41063E-3 1.7292E-3 1.95339E-3 2.36009E-3 2.21853E-3 2.35962E-3 1.60299E-3 1.98698E-3 2.18081E-3 2.15479E-3 8.85956E-4 2.55513E-3 9.00226E-4 1.59948E-3 1.62897E-3 2.31146E-3 2.09481E-3 1.32192E-3 1.43796E-3 2.34401E-3 3.25632E-3 6.06581E-3 3.52815E-3 3.9788E-3 5.45976E-3 5.72016E-3 7.93604E-3 2.41999E-2 2.71156E-2 1.74991E-2 1.89124E-2 2.15645E-2 2.65673E-2 2.47982E-2 4.01629E-2 9.85032E-2 6.02728E-2 4.40462E-2 7.85851E-2 9.02771E-2 7.57757E-2 1.6158E-1 1.4734E-1 1.8412E-1
-9999 -9999 7.70397E-3 4.90905E-3 5.55885E-3 6.76122E-3 7.57678E-3 7.24104E-3 6.88668E-3 1.82825E-3 1.44027E-3 1.18803E-3 8.35311E-4 4.03235E-4 3.06984E-4 2.63761E-4 2.36418E-4 2.53801E-4 1.4791E-3 1.89348E-3 1.43516E-3 1.63469E-3 1.73282E-3 1.93096E-3 2.22131E-3 2.21512E-3 2.00227E-3 1.44894E-3 1.9412E-3 2.09051E-3 2.0556E-3 8.42466E-4 1.73274E-3 1.4442E-3 2.36698E-3 2.28648E-3 2.34211E-3 1.54608E-3 1.62875E-3 1.93464E-3 2.58482E-3 6.14045E-3 4.18998E-3 5.35071E-3 3.87699E-3 5.46036E-3 7.95595E-3 9.11561E-3 2.00979E-2 2.06822E-2 2.36399E-2 1.82345E-2 2.54857E-2 2.70168E-2 2.35092E-2 1.91443E-2 5.48391E-2 1.23933E-1 5.81934E-2 5.16987E-2 7.54608E-2 6.98132E-2 1.46205E-1 1.37315E-1 1.6292E-1
-9999 -9999 6.97866E-3 6.18789E-3 5.56142E-3 6.46381E-3 7.43341E-3 7.54782E-3 7.13454E-3 3.45457E-3 1.48328E-3 9.70119E-4 6.72971E-4 3.63169E-4 2.93371E-4 5.26424E-4 2.65638E-4 2.83293E-4 5.29553E-4 1.34384E-3 1.13886E-3 1.39832E-3 1.69347E-3 1.77007E-3 1.88331E-3 1.98168E-3 2.02661E-3 1.9933E-3 1.98985E-3 2.00008E-3 1.95205E-3 8.11069E-4 8.79776E-4 2.54536E-3 2.32251E-3 2.40509E-3 1.8773E-3 1.71658E-3 1.94442E-3 2.79844E-3 6.4145E-3 6.45192E-3 4.45714E-3 6.39711E-3 5.86894E-3 3.63246E-3 1.03112E-2 1.04367E-2 1.25417E-2 1.84357E-2 2.0249E-2 1.58721E-2 2.18883E-2 2.8599E-2 2.08309E-2 1.75643E-2 2.61378E-2 1.2236E-1 5.18857E-2 4.76234E-2 6.8187E-2 9.3774E-2 1.31622E-1 1.33762E-1 1.63891E-1
-9999 -9999 7.38071E-3 6.95833E-3 5.34153E-3 6.21861E-3 7.35735E-3 7.49872E-3 8.28181E-3 2.52496E-3 1.42919E-3 9.30846E-4 6.16557E-4 2.94228E-4 1.83189E-4 2.81123E-4 4.36101E-4 5.73459E-4 1.1323E-3 1.28718E-3 1.20621E-3 1.49258E-3 1.60524E-3 1.66464E-3 1.74233E-3 1.79907E-3 1.89647E-3 1.88941E-3 1.88499E-3 1.90689E-3 1.87887E-3 1.8504E-3 8.31127E-4 1.47174E-3 1.69131E-3 2.44782E-3 1.69806E-3 1.57058E-3 2.58149E-3 3.12681E-3 2.85047E-3 4.00628E-3 7.62097E-3 8.72833E-3 7.36864E-3 4.67551E-3 8.87066E-3 1.13137E-2 1.12216E-2 1.80815E-2 2.00141E-2 1.96963E-2 2.1244E-2 2.51348E-2 2.07644E-2 1.45645E-2 3.03477E-2 1.00783E-1 8.53724E-2 4.25309E-2 6.25317E-2 8.98909E-2 1.20523E-1 1.19357E-1 1.87667E-1
-9999 -9999 6.79399E-3 6.73316E-3 4.3563E-3 4.41831E-3 6.74416E-3 7.36723E-3 8.59562E-3 5.90019E-3 1.84216E-3 1.1759E-3 7.02041E-4 2.02932E-4 4.40299E-4 5.36556E-4 1.17481E-3 8.70228E-4 7.50882E-4 1.19796E-3 1.33665E-3 1.59476E-3 1.5399E-3 1.64331E-3 1.67238E-3 1.68378E-3 1.72345E-3 1.74805E-3 1.76484E-3 1.8183E-3 1.82862E-3 1.80509E-3 8.15875E-4 2.11577E-3 1.51516E-3 1.73141E-3 1.93269E-3 1.42485E-3 2.39352E-3 2.90204E-3 4.51933E-3 3.72542E-3 4.67562E-3 4.50239E-3 4.68853E-3 8.53597E-3 9.31018E-3 9.72652E-3 1.05363E-2 1.79866E-2 2.02265E-2 1.2435E-2 2.37786E-2 2.70176E-2 1.87876E-2 1.82816E-2 3.83885E-2 1.19402E-1 8.49858E-2 7.09519E-2 4.32395E-2 1.01019E-1 1.28854E-1 1.11729E-1 1.59956E-1
-9999 -9999 5.02262E-3 6.12279E-3 5.15213E-3 5.16856E-3 6.61558E-3 7.26181E-3 8.04617E-3 7.62791E-3 2.22121E-3 1.60312E-3 7.91461E-4 2.11589E-4 4.1021E-4 9.21899E-4 2.26665E-4 8.64154E-4 1.03554E-3 1.35482E-3 1.29479E-3 1.43659E-3 1.51784E-3 1.55005E-3 1.6401E-3 1.60816E-3 1.62675E-3 1.6493E-3 1.68481E-3 1.7099E-3 1.73731E-3 1.761E-3 1.87785E-3 1.97024E-3 2.07348E-3 1.5333E-3 1.08516E-3 2.62986E-3 3.84082E-3 2.81088E-3 5.06575E-3 5.37417E-3 4.16833E-3 4.22573E-3 3.83656E-3 5.55997E-3 8.4586E-3 1.27976E-2 1.1513E-2 1.40775E-2 2.80209E-2 1.35315E-2 1.507E-2 2.84339E-2 1.88425E-2 3.94493E-2 4.608E-2 8.87733E-2 1.21703E-1 7.09657E-2 4.24279E-2 9.34066E-2 1.56422E-1 1.16074E-1 1.35674E-1
-9999 -9999 5.96095E-3 5.89919E-3 5.35573E-3 5.82844E-3 6.89419E-3 6.98193E-3 7.79539E-3 7.38556E-3 2.38211E-3 1.71207E-3 9.19008E-4 2.67281E-4 4.26454E-4 1.66416E-3 3.17517E-4 1.10604E-3 1.39707E-3 1.37976E-3 1.25691E-3 1.28674E-3 1.49087E-3 1.49646E-3 1.53761E-3 1.55251E-3 1.55745E-3 1.57127E-3 1.62996E-3 1.6336E-3 1.66761E-3 1.69055E-3 1.73379E-3 1.82028E-3 1.99543E-3 2.16302E-3 1.02124E-3 2.32244E-3 5.37852E-3 2.97115E-3 2.55727E-3 2.97692E-3 4.16856E-3 4.25994E-3 4.91333E-3 8.28661E-3 8.93804E-3 1.29806E-2 1.25284E-2 1.69142E-2 1.6438E-2 1.61527E-2 1.23714E-2 2.02379E-2 1.98534E-2 3.75876E-2 4.91972E-2 9.43423E-2 1.28373E-1 1.51964E-1 7.56412E-2 1.08265E-1 1.36541E-1 1.06656E-1 1.3663E-1
-9999 -9999 -9999 6.92271E-3 5.89638E-3 5.2622E-3 6.25782E-3 6.8497E-3 7.07218E-3 7.32341E-3 2.57656E-3 1.90697E-3 1.02781E-3 2.88292E-4 4.94958E-4 1.26559E-3 4.39528E-4 1.06437E-3 1.46443E-3 1.83443E-3 1.14941E-3 1.23789E-3 1.43476E-3 1.48518E-3 1.47123E-3 1.49331E-3 1.51975E-3 1.5282E-3 1.52925E-3 1.56509E-3 1.58721E-3 1.58772E-3 1.68461E-3 1.77417E-3 1.90163E-3 2.02188E-3 9.06343E-4 2.07328E-3 2.42953E-3 1.93649E-3 1.91665E-3 2.72742E-3 6.54946E-3 4.8645E-3 4.57597E-3 8.34097E-3 9.5733E-3 1.17192E-2 2.09874E-2 1.75037E-2 1.26462E-2 1.69713E-2 1.37142E-2 2.12139E-2 1.62359E-2 2.04736E-2 6.89047E-2 1.03443E-1 1.14535E-1 1.35711E-1 9.10766E-2 1.05394E-1 1.25568E-1 8.45598E-2 1.34401E-1
-9999 -9999 -9999 5.89787E-3 5.11911E-3 5.84055E-3 6.58576E-3 6.77542E-3 6.98433E-3 7.50611E-3 3.32968E-3 2.41928E-3 1.03984E-3 5.51703E-4 9.21915E-4 1.03556E-3 5.4228E-4 1.01117E-3 1.41663E-3 1.90214E-3 8.99778E-4 1.03321E-3 1.4111E-3 1.45263E-3 1.42807E-3 1.43665E-3 1.48127E-3 1.43958E-3 1.43944E-3 1.48379E-3 1.48472E-3 1.49114E-3 1.5963E-3 1.67581E-3 1.77478E-3 1.89584E-3 2.18161E-3 2.1337E-3 2.16026E-3 2.38926E-3 1.94101E-3 2.97375E-3 5.86552E-3 7.48254E-3 7.81512E-3 4.37805E-3 6.69833E-3 1.03063E-2 1.58636E-2 1.45312E-2 1.05655E-2 3.10563E-2 1.63465E-2 1.54766E-2 1.48613E-2 2.24345E-2 6.75176E-2 9.15056E-2 6.18918E-2 7.8876E-2 7.19942E-2 1.21499E-1 1.3012E-1 1.03279E-1 1.15557E-1
-9999 -9999 -9999 7.07553E-3 5.85035E-3 5.92887E-3 6.18329E-3 6.746E-3 6.93805E-3 7.07599E-3 4.23969E-3 1.90198E-3 9.58069E-4 5.8498E-4 6.77833E-4 1.0554E-3 5.2837E-4 1.04118E-3 1.21066E-3 1.34962E-3 1.11681E-3 1.06228E-3 1.2929E-3 1.30611E-3 1.38442E-3 1.38645E-3 1.25647E-3 1.31758E-3 1.30247E-3 1.40807E-3 1.40481E-3 1.42451E-3 1.49912E-3 1.54217E-3 1.68917E-3 1.77708E-3 1.9641E-3 2.05102E-3 2.06206E-3 2.02945E-3 2.49794E-3 2.38829E-3 1.29431E-3 2.14944E-3 7.03428E-3 9.06248E-3 6.68664E-3 1.50137E-2 1.27539E-2 1.76812E-2 1.10056E-2 1.96103E-2 2.24126E-2 1.67227E-2 1.63647E-2 3.0993E-2 4.95939E-2 5.18383E-2 3.83557E-2 6.94727E-2 9.40418E-2 1.31667E-1 1.1622E-1 1.31435E-1 1.28595E-1
-9999 -9999 -9999 7.05393E-3 5.3898E-3 4.88045E-3 5.40491E-3 7.0732E-3 7.08422E-3 6.71944E-3 4.82219E-3 2.19218E-3 9.53611E-4 5.36656E-4 5.16405E-4 6.59486E-4 3.38498E-4 1.35133E-3 6.8029E-4 5.76911E-4 7.52959E-4 6.58685E-4 9.84403E-4 9.19023E-4 1.34677E-3 1.46851E-3 1.3922E-3 1.07754E-3 1.15658E-3 1.31959E-3 1.33041E-3 1.36931E-3 1.39095E-3 1.49784E-3 1.5833E-3 1.6668E-3 1.83824E-3 1.9013E-3 1.96304E-3 1.90236E-3 1.91501E-3 1.57173E-3 1.7671E-3 2.08344E-3 6.01218E-3 8.09717E-3 1.37596E-2 1.55739E-2 1.65634E-2 1.59611E-2 1.72862E-2 3.54998E-2 2.37422E-2 1.68887E-2 2.26932E-2 1.75656E-2 3.76629E-2 5.86284E-2 3.76875E-2 7.87329E-2 9.35523E-2 1.375E-1 1.02663E-1 1.49718E-1 1.40683E-1
-9999 -9999 1.09823E-2 8.87444E-3 6.05593E-3 5.98134E-3 5.82239E-3 7.32123E-3 7.38216E-3 6.62896E-3 5.97734E-3 2.44354E-3 1.22595E-3 6.41513E-4 4.88315E-4 6.20135E-4 1.87676E-4 9.29472E-4 6.42291E-4 7.58015E-4 8.90734E-4 1.24754E-3 9.02528E-4 1.02234E-3 1.26535E-3 1.55019E-3 1.4757E-3 1.19211E-3 1.18661E-3 1.25878E-3 1.25641E-3 1.27346E-3 1.28841E-3 1.36224E-3 1.40581E-3 1.52334E-3 1.71296E-3 1.79507E-3 1.82765E-3 1.79972E-3 1.98002E-3 2.1997E-3 8.76439E-4 4.31964E-3 5.87196E-3 9.98123E-3 1.15249E-2 1.20798E-2 1.72181E-2 7.82366E-3 1.83559E-2 3.17682E-2 1.71508E-2 2.2596E-2 3.16495E-2 2.31481E-2 3.90821E-2 5.56384E-2 4.84E-2 7.37444E-2 6.94316E-2 1.1143E-1 1.26684E-1 1.35859E-1 1.78068E-1
-9999 -9999 -9999 7.93276E-3 5.951E-3 5.86545E-3 5.3564E-3 7.37364E-3 7.2779E-3 6.62767E-3 5.93601E-3 3.92469E-3 1.37353E-3 7.93482E-4 2.34008E-4 3.22675E-4 2.72403E-4 4.95113E-4 7.48751E-4 1.34673E-3 1.67608E-3 1.4397E-3 1.23651E-3 1.27403E-3 1.25817E-3 1.32501E-3 1.48081E-3 1.14212E-3 1.20368E-3 1.20963E-3 1.21026E-3 1.18198E-3 1.19209E-3 1.29928E-3 1.30539E-3 1.51771E-3 1.70519E-3 1.80485E-3 1.69E-3 1.82338E-3 1.76304E-3 1.8893E-3 1.65271E-3 1.5434E-3 4.31253E-3 7.59682E-3 7.18611E-3 1.58546E-2 1.37793E-2 5.60897E-3 1.44299E-2 1.83511E-2 3.34528E-2 1.88458E-2 2.13718E-2 1.97381E-2 8.25614E-2 9.94841E-2 1.17034E-1 3.98746E-2 6.22382E-2 1.09836E-1 1.34889E-1 1.29423E-1 1.59751E-1
-9999 -9999 -9999 7.23137E-3 6.17082E-3 5.26505E-3 5.21079E-3 7.05687E-3 7.10117E-3 6.89407E-3 6.24269E-3 5.22087E-3 1.59502E-3 8.1699E-4 3.09632E-4 2.68157E-4 2.45446E-4 2.74798E-4 7.4652E-4 1.39029E-3 1.22415E-3 1.4493E-3 1.30368E-3 1.05796E-3 1.08149E-3 1.20999E-3 1.14239E-3 1.39946E-3 1.20217E-3 1.19917E-3 1.19153E-3 1.11657E-3 1.1762E-3 1.17204E-3 1.24627E-3 1.47786E-3 1.64779E-3 1.71734E-3 1.86055E-3 1.78771E-3 1.6372E-3 1.70465E-3 2.14102E-3 8.26707E-4 1.37355E-3 4.18648E-3 7.26729E-3 8.57369E-3 7.44569E-3 4.18159E-3 1.62864E-2 2.20692E-2 1.97628E-2 2.09794E-2 2.70557E-2 2.19816E-2 5.77291E-2 8.63902E-2 1.41381E-1 5.48876E-2 3.65809E-2 8.33893E-2 1.46506E-1 1.35762E-1 1.51592E-1
-9999 -9999 -9999 9.02995E-3 7.29402E-3 5.42254E-3 5.17988E-3 6.53345E-3 6.79473E-3 6.88872E-3 6.37982E-3 5.34489E-3 2.40692E-3 1.12926E-3 4.50863E-4 2.31301E-4 1.687E-4 1.15244E-4 6.45151E-4 6.13366E-4 7.32669E-4 1.10842E-3 1.06695E-3 8.22291E-4 9.49449E-4 1.12808E-3 1.1484E-3 1.26547E-3 1.31292E-3 1.10642E-3 1.19278E-3 1.19212E-3 1.12566E-3 1.09452E-3 1.22468E-3 1.3781E-3 1.42701E-3 1.55177E-3 1.72184E-3 1.57765E-3 1.57013E-3 1.65731E-3 1.9362E-3 8.07439E-4 8.82506E-4 2.31694E-3 3.88459E-3 6.20713E-3 6.7151E-3 4.41064E-3 2.02021E-2 3.41849E-2 1.5686E-2 1.6847E-2 1.6126E-2 2.31004E-2 3.92423E-2 4.01459E-2 7.72813E-2 8.19032E-2 5.53322E-2 6.57495E-2 1.04377E-1 1.24586E-1 1.43932E-1
-9999 -9999 -9999 1.71599E-2 7.38691E-3 5.68527E-3 4.61809E-3 6.65791E-3 6.82916E-3 6.63493E-3 6.67369E-3 6.01126E-3 4.37936E-3 1.14344E-3 4.88131E-4 2.42587E-4 1.42275E-4 1.01485E-4 5.66131E-4 6.72397E-4 5.7894E-4 9.49306E-4 1.18881E-3 1.02714E-3 1.14912E-3 1.0663E-3 1.06278E-3 1.2697E-3 1.22768E-3 1.07687E-3 1.03167E-3 1.11065E-3 1.11831E-3 1.09695E-3 1.19607E-3 1.30224E-3 1.3973E-3 1.40673E-3 1.61901E-3 1.46845E-3 1.51741E-3 9.03065E-4 1.03812E-3 1.20425E-3 8.07861E-4 1.05339E-3 1.97347E-3 4.81899E-3 5.33662E-3 6.38474E-3 1.93953E-2 2.38257E-2 2.82246E-2 1.33322E-2 1.3015E-2 1.51036E-2 1.87355E-2 2.6957E-2 3.73742E-2 2.93501E-2 3.77824E-2 4.67072E-2 1.01106E-1 1.80363E-1 1.61482E-1
-9999 -9999 -9999 1.1296E-2 6.70143E-3 5.5251E-3 4.73362E-3 7.73178E-3 7.23089E-3 6.68782E-3 6.82815E-3 5.955E-3 4.93746E-3 1.75629E-3 7.29509E-4 2.65879E-4 1.30936E-4 1.38639E-4 6.39566E-4 3.80012E-4 4.33013E-4 7.56146E-4 1.06708E-3 1.135E-3 1.22829E-3 1.07737E-3 1.01242E-3 1.82128E-3 9.47692E-4 8.93577E-4 9.75521E-4 1.01448E-3 1.04374E-3 1.06394E-3 1.12567E-3 1.22639E-3 1.34015E-3 1.36564E-3 1.37202E-3 1.42488E-3 1.47178E-3 4.70531E-4 6.57322E-4 8.17646E-4 1.0455E-3 1.11326E-3 1.9291E-3 4.84436E-3 7.24214E-3 1.0333E-2 1.32961E-2 3.18366E-2 3.37796E-2 1.42213E-2 1.86801E-2 2.84592E-2 2.53261E-2 3.12964E-2 2.19519E-2 2.86917E-2 2.07563E-2 3.46068E-2 1.28719E-1 1.23588E-1 1.48617E-1
-9999 -9999 -9999 5.50355E-3 6.62411E-3 5.45637E-3 5.21509E-3 6.57544E-3 7.42991E-3 7.07461E-3 6.92048E-3 6.20849E-3 4.93171E-3 2.61428E-3 7.8941E-4 3.41295E-4 1.44525E-4 3.4143E-4 2.43284E-4 2.32827E-4 2.6773E-4 1.10468E-3 9.83308E-4 8.862E-4 8.75302E-4 8.12813E-4 8.59562E-4 9.16424E-4 7.24958E-4 9.96418E-4 1.04106E-3 9.71719E-4 1.03963E-3 1.09552E-3 1.13141E-3 1.18711E-3 1.33074E-3 1.35686E-3 1.38561E-3 1.31297E-3 8.08144E-4 4.82019E-4 6.76831E-4 8.781E-4 1.89072E-3 1.96446E-3 2.95251E-3 2.95247E-3 6.12518E-3 9.60726E-3 1.08116E-2 1.92207E-2 1.18084E-2 1.1938E-2 1.46671E-2 3.17117E-2 3.97302E-2 3.21534E-2 3.26232E-2 3.15586E-2 1.11809E-2 3.86603E-2 9.16729E-2 1.01759E-1 1.10981E-1
-9999 -9999 -9999 5.82589E-3 4.11914E-3 5.44005E-3 5.66397E-3 6.51702E-3 7.3666E-3 7.10582E-3 7.067E-3 6.42788E-3 5.19698E-3 3.84734E-3 8.53414E-4 2.90972E-4 1.49125E-4 6.26606E-4 3.83991E-4 4.98337E-4 9.29729E-4 1.51391E-3 8.01123E-4 7.79652E-4 6.77973E-4 5.77612E-4 8.6954E-4 7.3407E-4 7.32079E-4 8.7855E-4 9.45435E-4 9.80398E-4 1.02265E-3 1.08767E-3 1.08988E-3 1.15283E-3 1.30284E-3 1.29209E-3 1.26642E-3 1.48579E-3 1.35513E-3 7.89576E-4 6.38723E-4 7.69922E-4 9.75996E-4 1.28327E-3 1.98002E-3 3.43967E-3 6.15633E-3 8.63501E-3 7.32129E-3 1.72295E-2 9.76728E-3 8.80645E-3 1.13292E-2 1.42918E-2 3.93316E-2 5.52825E-2 5.5918E-2 4.36199E-2 2.27507E-2 3.53469E-2 7.08939E-2 1.06498E-1 7.34621E-2
-9999 -9999 -9999 -9999 5.53715E-3 3.52428E-3 4.85472E-3 5.86099E-3 8.03791E-3 7.45056E-3 7.4152E-3 6.64563E-3 5.40327E-3 4.16159E-3 1.20075E-3 2.86227E-4 1.686E-4 1.04349E-3 1.3713E-3 4.02615E-4 1.05826E-3 1.21533E-3 8.26415E-4 5.43399E-4 5.41457E-4 6.25071E-4 5.10684E-4 5.93125E-4 7.39412E-4 8.24067E-4 7.97805E-4 8.91421E-4 9.88518E-4 1.07024E-3 1.10424E-3 1.14339E-3 1.17672E-3 1.1582E-3 1.32604E-3 1.27852E-3 8.34896E-4 4.6795E-4 5.51263E-4 1.46409E-3 9.89547E-4 1.02657E-3 3.01447E-3 2.78176E-3 7.59968E-3 9.01829E-3 8.06618E-3 1.77717E-2 7.70537E-3 6.34828E-3 9.1752E-3 1.33136E-2 3.98682E-2 5.51319E-2 5.79529E-2 3.22799E-2 1.71553E-2 4.17456E-2 7.20155E-2 6.65894E-2 5.3878E-2
-9999 -9999 -9999 -9999 9.05094E-3 3.57989E-3 5.18272E-3 6.50741E-3 7.12093E-3 7.21051E-3 7.84724E-3 6.66605E-3 5.37672E-3 4.24578E-3 1.16048E-3 2.583E-4 1.72208E-4 6.23022E-4 1.29236E-3 3.15738E-4 6.58344E-4 8.67777E-4 7.70028E-4 4.18549E-4 6.27319E-4 5.46266E-4 4.12767E-4 4.3223E-4 5.9024E-4 7.66578E-4 8.845E-4 7.9648E-4 9.36477E-4 1.03608E-3 1.09627E-3 1.0453E-3 1.12823E-3 1.29568E-3 1.41546E-3 1.14626E-3 7.1271E-4 5.1402E-4 5.65037E-4 6.25425E-4 1.0758E-3 1.16833E-3 3.14209E-3 3.68649E-3 8.83444E-3 1.13828E-2 5.42011E-3 1.72261E-2 1.01545E-2 5.37506E-3 5.93205E-3 2.66423E-2 5.2481E-2 4.77138E-2 4.39537E-2 2.33572E-2 3.16583E-2 4.14743E-2 8.509E-2 4.85703E-2 5.36921E-2
-9999 -9999 -9999 -9999 8.77758E-3 4.73943E-3 4.6864E-3 6.18312E-3 6.92712E-3 6.95054E-3 7.54192E-3 6.57411E-3 5.52003E-3 4.18491E-3 9.54009E-4 3.41206E-4 1.94574E-4 6.17554E-4 7.41354E-4 2.06948E-4 2.7019E-4 1.54276E-3 7.19916E-4 3.43618E-4 6.21747E-4 4.36528E-4 5.21161E-4 4.65273E-4 5.21774E-4 7.42873E-4 8.44768E-4 7.85342E-4 8.6336E-4 9.18067E-4 9.04482E-4 9.35234E-4 1.09352E-3 1.16148E-3 1.12607E-3 7.84202E-4 5.69298E-4 3.85479E-4 9.76279E-4 5.91243E-4 1.68828E-3 2.30689E-3 2.85491E-3 3.60844E-3 8.41967E-3 1.13533E-2 8.40841E-3 1.04471E-2 8.40181E-3 7.06133E-3 1.20252E-2 3.40007E-2 4.22226E-2 4.70731E-2 2.53107E-2 2.77755E-2 7.34729E-2 5.61694E-2 9.17089E-2 6.38488E-2 5.62026E-2
-9999 -9999 -9999 -9999 7.18866E-3 3.97347E-3 3.72933E-3 5.62111E-3 6.51432E-3 7.47626E-3 6.9104E-3 6.29939E-3 5.22646E-3 4.11427E-3 9.46573E-4 4.06181E-4 1.65409E-4 2.45016E-4 8.10982E-4 2.63148E-4 3.39125E-4 5.59528E-4 6.55345E-4 3.88017E-4 5.62159E-4 4.09943E-4 4.9689E-4 4.63523E-4 4.31449E-4 6.56441E-4 7.9301E-4 7.7131E-4 8.45393E-4 8.49148E-4 8.91577E-4 9.69472E-4 1.11392E-3 1.06558E-3 1.13633E-3 7.96014E-4 9.87678E-4 4.63772E-4 1.23769E-3 1.11608E-3 1.42924E-3 1.11651E-3 1.51453E-3 3.30354E-3 1.01507E-2 1.35571E-2 8.89816E-3 1.2742E-2 7.60593E-3 1.12345E-2 2.06895E-2 3.02884E-2 4.60302E-2 5.72015E-2 2.12069E-2 4.60649E-2 1.04871E-1 6.79104E-2 7.63859E-2 5.13679E-2 7.50367E-2
-9999 -9999 -9999 -9999 6.16218E-3 2.05494E-3 2.34264E-3 4.35893E-3 5.53126E-3 7.30699E-3 7.16038E-3 6.11043E-3 4.74324E-3 3.96032E-3 9.17324E-4 4.60953E-4 1.88529E-4 2.489E-4 1.26072E-3 3.53271E-4 3.5778E-4 2.97574E-4 4.62176E-4 2.61669E-4 4.42782E-4 4.87723E-4 5.86969E-4 4.43139E-4 3.67663E-4 6.42001E-4 7.18193E-4 8.33721E-4 7.88034E-4 8.87211E-4 9.28244E-4 8.40018E-4 7.57446E-4 8.9451E-4 7.85514E-4 7.92745E-4 1.00858E-3 1.15704E-3 1.17032E-3 1.48528E-3 1.78146E-3 1.38817E-3 2.11216E-3 8.59497E-3 8.4804E-3 1.29873E-2 1.008E-2 8.85741E-3 8.05397E-3 9.89215E-3 1.61167E-2 3.10651E-2 3.11115E-2 4.38797E-2 2.29446E-2 4.81029E-2 8.8963E-2 8.36085E-2 7.0551E-2 5.57701E-2 9.14346E-2
