layers/trop_ele.asc
ncols         638
nrows         825
xllcorner     -2985163.8955
yllcorner     -3022031.214
cellsize      10000.0
NODATA_value  -9999
[rows 377 to 405 of 825, columns 325 to 389 of 638]
8.04952E-1 7.87944E-1 7.62066E-1 7.48445E-1 7.25901E-1 6.88599E-1 6.65058E-1 6.59057E-1 6.61216E-1 6.63454E-1 6.61057E-1 6.60472E-1 6.5136E-1 6.37302E-1 6.21662E-1 6.18036E-1 6.25282E-1 6.2909E-1 6.2987E-1 6.37465E-1 6.28398E-1 4.19004E-1 4.8728E-1 5.87859E-1 5.35863E-1 3.97046E-1 3.6625E-1 3.80875E-1 3.89429E-1 4.03035E-1 4.33453E-1 4.77068E-1 4.29894E-1 4.01768E-1 3.70499E-1 3.9007E-1 3.89454E-1 3.73803E-1 3.67454E-1 3.86899E-1 3.84358E-1 3.87404E-1 3.83851E-1 3.78761E-1 3.80717E-1 3.72794E-1 3.60042E-1 4.29387E-1 4.2359E-1 4.14065E-1 4.09922E-1 3.74827E-1 3.53196E-1 3.70299E-1 3.66022E-1 3.82377E-1 3.87112E-1 3.70867E-1 3.69488E-1 4.01661E-1 4.25277E-1 4.39219E-1 4.59982E-1 4.45331E-1 4.56253E-1
6.78731E-1 6.26787E-1 6.18444E-1 6.53914E-1 7.01921E-1 6.8056E-1 6.66011E-1 6.57063E-1 6.56937E-1 6.55746E-1 6.67184E-1 6.82916E-1 6.69878E-1 6.59776E-1 6.36784E-1 6.31274E-1 6.4062E-1 6.42442E-1 6.45061E-1 6.38183E-1 5.21979E-1 4.03828E-1 4.91214E-1 5.03199E-1 4.85854E-1 4.0499E-1 3.85407E-1 3.79148E-1 4.02186E-1 3.83154E-1 3.97791E-1 4.07831E-1 4.12583E-1 3.73779E-1 3.64842E-1 3.97027E-1 3.84055E-1 3.82886E-1 3.63082E-1 3.71178E-1 3.89154E-1 3.73665E-1 3.76166E-1 3.68924E-1 3.77785E-1 3.85706E-1 3.78814E-1 4.15759E-1 4.33048E-1 4.26808E-1 4.02846E-1 3.94288E-1 3.90619E-1 3.87667E-1 3.52094E-1 3.36062E-1 3.65291E-1 3.8522E-1 3.82507E-1 4.0348E-1 4.19232E-1 4.21591E-1 4.50006E-1 4.55789E-1 4.65424E-1
6.22886E-1 6.04857E-1 6.02188E-1 6.10937E-1 6.55127E-1 6.79034E-1 6.78728E-1 6.63641E-1 6.54351E-1 6.47071E-1 6.72791E-1 6.88635E-1 6.81692E-1 6.66386E-1 6.44164E-1 6.38196E-1 6.42945E-1 6.47873E-1 6.48033E-1 6.3519E-1 4.30206E-1 3.97299E-1 4.45734E-1 4.39965E-1 4.39465E-1 4.29813E-1 4.3357E-1 4.09551E-1 4.4275E-1 4.13306E-1 3.95804E-1 3.84835E-1 3.85995E-1 3.76912E-1 3.90039E-1 3.90023E-1 3.91547E-1 3.82821E-1 3.67837E-1 3.5878E-1 3.72587E-1 3.75839E-1 3.80424E-1 3.69959E-1 4.06078E-1 4.09562E-1 4.31556E-1 4.44085E-1 4.40669E-1 4.31757E-1 4.26058E-1 4.24673E-1 4.23987E-1 3.94829E-1 3.54872E-1 3.67012E-1 3.7041E-1 3.99045E-1 4.17742E-1 4.12342E-1 4.39644E-1 4.11446E-1 4.26531E-1 4.62685E-1 4.71979E-1
6.05641E-1 5.9349E-1 5.89029E-1 6.00925E-1 6.46439E-1 6.70822E-1 6.75404E-1 6.69563E-1 6.54697E-1 6.44737E-1 6.67642E-1 6.74458E-1 6.63512E-1 6.54727E-1 6.43529E-1 6.46944E-1 6.56843E-1 6.5684E-1 6.48706E-1 5.45043E-1 4.14899E-1 4.30531E-1 4.30017E-1 4.35322E-1 4.14412E-1 4.38513E-1 4.4322E-1 4.50784E-1 4.04134E-1 4.05884E-1 4.05706E-1 3.97033E-1 3.92742E-1 3.89887E-1 3.89022E-1 3.97476E-1 3.76211E-1 3.8762E-1 3.72618E-1 3.57356E-1 3.83124E-1 3.86648E-1 3.88373E-1 3.8153E-1 4.15339E-1 4.16182E-1 4.45541E-1 4.46543E-1 4.55975E-1 4.62578E-1 4.41523E-1 4.32156E-1 3.96305E-1 3.68128E-1 3.43105E-1 3.60569E-1 3.83392E-1 4.11049E-1 4.13039E-1 4.12775E-1 4.30374E-1 4.20279E-1 4.49828E-1 4.58848E-1 4.40423E-1
6.0449E-1 5.73109E-1 5.47019E-1 5.53481E-1 5.95822E-1 6.40113E-1 6.55923E-1 6.50955E-1 6.3646E-1 6.26653E-1 6.49158E-1 6.49315E-1 6.38045E-1 6.39579E-1 6.41705E-1 6.46062E-1 6.54983E-1 6.64474E-1 6.29018E-1 4.55021E-1 4.66422E-1 4.63785E-1 4.16566E-1 4.29126E-1 4.63126E-1 4.91467E-1 4.87247E-1 4.56923E-1 4.455E-1 4.10406E-1 4.11849E-1 4.02498E-1 4.12709E-1 3.89456E-1 3.97886E-1 4.03754E-1 3.84937E-1 3.72439E-1 3.8426E-1 3.71732E-1 3.78389E-1 4.13366E-1 3.82065E-1 3.80579E-1 4.12925E-1 4.14705E-1 4.24247E-1 4.15891E-1 4.29786E-1 4.60068E-1 4.57003E-1 4.1122E-1 3.8162E-1 3.59752E-1 3.47E-1 3.82918E-1 3.70189E-1 3.88498E-1 3.97916E-1 4.0982E-1 4.07177E-1 4.21865E-1 4.48654E-1 4.62263E-1 4.16579E-1
5.95106E-1 5.51987E-1 4.6645E-1 4.79746E-1 5.56594E-1 5.94481E-1 5.95748E-1 6.04287E-1 5.9988E-1 5.96053E-1 6.2107E-1 6.22976E-1 6.26593E-1 6.28114E-1 6.30352E-1 6.38932E-1 6.46859E-1 6.26963E-1 5.5686E-1 4.65634E-1 5.20926E-1 4.6394E-1 4.45649E-1 4.64165E-1 5.18523E-1 5.16609E-1 4.82488E-1 4.54987E-1 4.34193E-1 4.00668E-1 4.23013E-1 4.05013E-1 4.04717E-1 3.86019E-1 3.76701E-1 4.04094E-1 3.89311E-1 3.80956E-1 3.86336E-1 4.08072E-1 4.01752E-1 4.27441E-1 4.05307E-1 3.83375E-1 3.92154E-1 3.82855E-1 4.00716E-1 4.00495E-1 4.13765E-1 4.29548E-1 4.54779E-1 4.1957E-1 3.96288E-1 3.76228E-1 3.54848E-1 3.63894E-1 3.80516E-1 3.77469E-1 3.87008E-1 4.05711E-1 4.04714E-1 4.22741E-1 4.46961E-1 4.14007E-1 3.92031E-1
5.85139E-1 4.84935E-1 3.81811E-1 3.99294E-1 4.55962E-1 5.83286E-1 5.8901E-1 6.03426E-1 6.05748E-1 5.94174E-1 6.12433E-1 6.18136E-1 6.23631E-1 6.2905E-1 6.28821E-1 6.25906E-1 6.25672E-1 5.75575E-1 5.17895E-1 5.32453E-1 5.01324E-1 4.55052E-1 4.27796E-1 4.95249E-1 5.00016E-1 4.83981E-1 4.77694E-1 4.18252E-1 4.053E-1 4.10882E-1 4.2283E-1 4.30948E-1 4.02019E-1 3.857E-1 3.65829E-1 3.9054E-1 3.97626E-1 3.83651E-1 3.84888E-1 4.16863E-1 4.36617E-1 4.35286E-1 4.07958E-1 4.19931E-1 3.94104E-1 3.76531E-1 3.76613E-1 3.90309E-1 4.07199E-1 4.26365E-1 4.39489E-1 4.4232E-1 4.10211E-1 3.95447E-1 3.64943E-1 3.5134E-1 3.7651E-1 3.79571E-1 3.73831E-1 3.81919E-1 3.85968E-1 3.94973E-1 4.35693E-1 4.2239E-1 4.018E-1
5.81615E-1 5.26875E-1 3.83517E-1 3.5588E-1 3.81012E-1 5.4444E-1 5.9054E-1 5.99769E-1 5.99446E-1 5.74924E-1 6.00275E-1 6.07425E-1 6.17559E-1 6.20347E-1 6.25208E-1 6.14141E-1 5.89989E-1 5.50538E-1 5.73496E-1 5.41711E-1 6.36757E-1 4.81944E-1 4.90334E-1 5.25793E-1 5.08926E-1 5.11623E-1 4.67936E-1 4.31159E-1 3.8685E-1 4.33135E-1 4.3262E-1 4.14753E-1 4.09335E-1 3.9536E-1 3.72736E-1 3.6844E-1 3.88185E-1 3.80964E-1 4.03974E-1 4.39073E-1 4.65305E-1 4.45933E-1 4.21043E-1 4.41697E-1 4.19437E-1 3.87907E-1 3.89751E-1 3.92911E-1 3.91248E-1 4.08719E-1 4.62581E-1 4.47818E-1 4.3442E-1 4.18433E-1 3.66796E-1 3.69727E-1 3.71089E-1 3.81618E-1 4.05153E-1 3.74075E-1 3.89984E-1 4.03167E-1 4.29684E-1 4.31442E-1 4.28073E-1
5.90895E-1 5.49526E-1 4.603E-1 3.69084E-1 3.85898E-1 4.81596E-1 5.68286E-1 5.92049E-1 5.95133E-1 5.72849E-1 5.70936E-1 5.9111E-1 6.03885E-1 6.16295E-1 6.20094E-1 5.94298E-1 5.3318E-1 5.25722E-1 5.73562E-1 5.22804E-1 4.85142E-1 4.87954E-1 5.22946E-1 5.32693E-1 5.07338E-1 4.72075E-1 4.0396E-1 4.00486E-1 4.19818E-1 4.2395E-1 4.53772E-1 4.20412E-1 4.02009E-1 3.95371E-1 3.75788E-1 3.61354E-1 3.77067E-1 3.86158E-1 4.07589E-1 4.32616E-1 4.60852E-1 4.65194E-1 4.49107E-1 4.55412E-1 4.13247E-1 3.9615E-1 4.02795E-1 4.04514E-1 4.07796E-1 4.29563E-1 4.5952E-1 4.6806E-1 4.33837E-1 3.99924E-1 3.73E-1 3.88654E-1 3.97317E-1 3.87444E-1 4.07938E-1 4.05445E-1 4.07473E-1 4.16911E-1 4.348E-1 4.36228E-1 4.40227E-1
5.97659E-1 5.54018E-1 4.98796E-1 3.61276E-1 3.81163E-1 4.70953E-1 5.56326E-1 5.80916E-1 5.92229E-1 5.8206E-1 5.48913E-1 5.64911E-1 5.94336E-1 6.17433E-1 6.12271E-1 5.6276E-1 5.11112E-1 4.98229E-1 5.35045E-1 5.25948E-1 5.20546E-1 4.96465E-1 4.89988E-1 5.30548E-1 4.99994E-1 4.22343E-1 4.58474E-1 4.45357E-1 4.30025E-1 4.46965E-1 4.11703E-1 4.3531E-1 3.98077E-1 3.88853E-1 3.90243E-1 3.65684E-1 3.70765E-1 3.73503E-1 3.93608E-1 3.90277E-1 4.2755E-1 4.58096E-1 4.66855E-1 4.33089E-1 4.2201E-1 3.99537E-1 4.14455E-1 4.13128E-1 4.30779E-1 4.34387E-1 4.47667E-1 4.6178E-1 4.47522E-1 4.21795E-1 3.77357E-1 4.01028E-1 4.20459E-1 4.09113E-1 4.08811E-1 4.07076E-1 4.16379E-1 4.19775E-1 4.51824E-1 4.19244E-1 4.12545E-1
6.03566E-1 5.5691E-1 4.90027E-1 3.73043E-1 4.06799E-1 5.00066E-1 5.43828E-1 5.65433E-1 5.82512E-1 5.88231E-1 5.50897E-1 5.29517E-1 5.76191E-1 6.07188E-1 5.96461E-1 5.26995E-1 4.45726E-1 4.2577E-1 4.96244E-1 5.37422E-1 5.35452E-1 5.03389E-1 4.8296E-1 5.01784E-1 4.60168E-1 4.06299E-1 4.3374E-1 4.50671E-1 4.39994E-1 4.50639E-1 4.12634E-1 4.2121E-1 4.07943E-1 3.73784E-1 4.00672E-1 3.83721E-1 3.75539E-1 3.73669E-1 3.85899E-1 3.92305E-1 4.19807E-1 4.58333E-1 4.68649E-1 4.27917E-1 4.2723E-1 3.8644E-1 3.86845E-1 4.0934E-1 4.33495E-1 4.35703E-1 4.56234E-1 4.78384E-1 4.66358E-1 4.37826E-1 4.00811E-1 4.15657E-1 4.33385E-1 4.42561E-1 4.16625E-1 4.14047E-1 4.36762E-1 4.47613E-1 4.45469E-1 3.99681E-1 3.83878E-1
5.91288E-1 5.6319E-1 5.12497E-1 4.18078E-1 4.23646E-1 5.03146E-1 5.01358E-1 5.38129E-1 5.88417E-1 5.83116E-1 5.30655E-1 5.131E-1 5.65475E-1 5.84078E-1 5.90491E-1 5.53964E-1 4.80836E-1 4.62083E-1 5.4307E-1 5.42739E-1 5.32526E-1 5.1168E-1 5.04175E-1 4.66146E-1 4.08996E-1 4.12679E-1 4.11189E-1 4.42177E-1 4.35049E-1 4.30322E-1 4.10865E-1 4.12789E-1 3.94312E-1 3.77194E-1 3.9205E-1 3.89074E-1 3.82655E-1 3.67831E-1 3.93672E-1 4.1619E-1 4.43169E-1 4.77019E-1 4.79859E-1 4.53474E-1 4.352E-1 4.00678E-1 4.01721E-1 3.98794E-1 4.23955E-1 4.36355E-1 4.48997E-1 4.80728E-1 4.83509E-1 4.47578E-1 4.08792E-1 4.29618E-1 4.33334E-1 4.43041E-1 4.38174E-1 4.56162E-1 4.53708E-1 4.54564E-1 4.39094E-1 4.13118E-1 3.85106E-1
5.75599E-1 5.58947E-1 5.29513E-1 4.65127E-1 3.95636E-1 4.85311E-1 4.55827E-1 5.24894E-1 5.85744E-1 5.87088E-1 5.62619E-1 5.45919E-1 5.49951E-1 5.78197E-1 5.84214E-1 5.69353E-1 5.24323E-1 5.05591E-1 5.32046E-1 5.17573E-1 5.35241E-1 5.27885E-1 5.26221E-1 4.5712E-1 3.91187E-1 3.96945E-1 4.03881E-1 4.328E-1 4.54315E-1 4.20789E-1 4.09313E-1 4.00495E-1 3.80204E-1 3.86908E-1 3.98294E-1 4.17864E-1 3.91744E-1 3.83917E-1 3.87459E-1 3.93717E-1 4.28591E-1 4.54983E-1 4.7674E-1 4.82144E-1 4.6234E-1 4.19782E-1 4.21632E-1 4.0523E-1 4.10427E-1 4.18813E-1 4.41416E-1 4.71326E-1 4.83175E-1 4.45608E-1 4.2073E-1 4.43055E-1 4.53365E-1 4.52159E-1 4.6449E-1 4.58776E-1 4.55629E-1 4.49807E-1 4.19885E-1 4.02183E-1 3.91366E-1
5.65024E-1 5.53248E-1 4.84839E-1 4.10611E-1 4.2542E-1 4.31847E-1 4.18102E-1 5.12067E-1 5.68575E-1 5.54797E-1 5.90792E-1 5.79943E-1 5.59658E-1 5.73013E-1 5.7497E-1 5.46379E-1 5.64906E-1 5.24392E-1 5.30009E-1 5.02272E-1 5.18766E-1 5.25615E-1 5.11166E-1 4.6903E-1 3.80138E-1 4.02536E-1 4.01139E-1 4.09031E-1 4.50345E-1 4.31188E-1 4.12274E-1 4.15156E-1 3.86557E-1 3.98675E-1 3.88477E-1 4.14799E-1 4.04903E-1 4.01637E-1 3.87747E-1 3.8861E-1 4.05119E-1 4.2854E-1 4.3834E-1 4.57345E-1 4.7789E-1 4.40616E-1 4.28213E-1 4.34189E-1 4.22131E-1 4.17757E-1 4.20566E-1 4.29985E-1 4.56096E-1 4.65352E-1 4.26259E-1 4.25892E-1 4.44209E-1 4.63574E-1 4.76027E-1 4.51829E-1 4.35556E-1 4.20966E-1 4.0438E-1 3.9327E-1 3.76716E-1
5.52311E-1 5.2856E-1 4.80621E-1 4.12503E-1 3.9566E-1 3.95163E-1 4.05014E-1 4.90491E-1 4.92638E-1 4.85927E-1 5.63777E-1 5.70875E-1 5.58039E-1 5.45662E-1 5.68415E-1 5.27435E-1 4.947E-1 4.95902E-1 4.89748E-1 5.10927E-1 5.13145E-1 5.27233E-1 5.14556E-1 4.72058E-1 4.22018E-1 4.01482E-1 3.96214E-1 4.04834E-1 4.23474E-1 4.30838E-1 4.3049E-1 4.15489E-1 4.16386E-1 3.81931E-1 3.91379E-1 4.14541E-1 4.29626E-1 4.03777E-1 3.76549E-1 3.90876E-1 3.97601E-1 4.16927E-1 4.10577E-1 4.37925E-1 4.68935E-1 4.63995E-1 4.4024E-1 4.37327E-1 4.32079E-1 4.10495E-1 4.06568E-1 4.22906E-1 4.29302E-1 4.57621E-1 4.40812E-1 4.38463E-1 4.69978E-1 4.81497E-1 4.41289E-1 4.09203E-1 4.26298E-1 4.37977E-1 4.06331E-1 4.02704E-1 3.96122E-1
5.81089E-1 5.52159E-1 5.06586E-1 4.1064E-1 4.03205E-1 4.12958E-1 4.07801E-1 4.28983E-1 4.15879E-1 4.32543E-1 5.01858E-1 5.65631E-1 5.82661E-1 5.48711E-1 5.52291E-1 5.34555E-1 4.73979E-1 4.77662E-1 4.75075E-1 4.81259E-1 4.98676E-1 5.0134E-1 5.02097E-1 4.60745E-1 3.97556E-1 4.14697E-1 3.96487E-1 3.94761E-1 4.11284E-1 4.2534E-1 4.24256E-1 4.14766E-1 4.09443E-1 3.91447E-1 4.02302E-1 3.99985E-1 4.29374E-1 4.59943E-1 4.29141E-1 4.12242E-1 3.94905E-1 3.94771E-1 4.02523E-1 4.29764E-1 4.5521E-1 4.70332E-1 4.66112E-1 4.46838E-1 4.4592E-1 4.29597E-1 4.11153E-1 4.24182E-1 4.33939E-1 4.41966E-1 4.54288E-1 4.43049E-1 4.77108E-1 4.54424E-1 4.29366E-1 4.30094E-1 4.35864E-1 4.19587E-1 4.07533E-1 4.06022E-1 3.90003E-1
5.80753E-1 5.53996E-1 5.15321E-1 4.50698E-1 4.18369E-1 4.24973E-1 4.52314E-1 4.28236E-1 4.22784E-1 4.75259E-1 5.13276E-1 5.64747E-1 5.71714E-1 5.43013E-1 5.15808E-1 5.14277E-1 4.91212E-1 4.55755E-1 4.57821E-1 4.41608E-1 4.74707E-1 4.8382E-1 4.67948E-1 4.1773E-1 4.17268E-1 4.20793E-1 4.03583E-1 4.04742E-1 4.11839E-1 4.27214E-1 4.31335E-1 4.21312E-1 4.06523E-1 3.96177E-1 3.90698E-1 3.9782E-1 4.18916E-1 4.56233E-1 4.52512E-1 4.07492E-1 4.2805E-1 4.04696E-1 4.08815E-1 4.33643E-1 4.45659E-1 4.58067E-1 4.78087E-1 4.69604E-1 4.5734E-1 4.32778E-1 4.2693E-1 4.18082E-1 4.37862E-1 4.4401E-1 4.51389E-1 4.53077E-1 4.56725E-1 4.23941E-1 4.37466E-1 4.46251E-1 4.28542E-1 4.29234E-1 4.20984E-1 3.98018E-1 3.87452E-1
4.80332E-1 5.33006E-1 5.28936E-1 4.54101E-1 4.04555E-1 4.16923E-1 4.66321E-1 4.57939E-1 4.515E-1 4.84073E-1 5.31171E-1 5.59467E-1 5.66681E-1 5.39844E-1 4.87205E-1 4.81299E-1 5.08749E-1 4.461E-1 3.93104E-1 4.27586E-1 4.54077E-1 4.41875E-1 4.18255E-1 3.93267E-1 4.09262E-1 4.32947E-1 4.11997E-1 3.94005E-1 4.19363E-1 4.37064E-1 4.10651E-1 4.13042E-1 4.01725E-1 3.93735E-1 3.98779E-1 3.97133E-1 4.05032E-1 4.46348E-1 4.64247E-1 4.55075E-1 4.35288E-1 4.08948E-1 3.97163E-1 4.09207E-1 4.19358E-1 4.35212E-1 4.65263E-1 4.63592E-1 4.65299E-1 4.38855E-1 4.20832E-1 4.1681E-1 4.11564E-1 4.16094E-1 4.14449E-1 4.56609E-1 4.53995E-1 4.05882E-1 3.96343E-1 4.06088E-1 3.88364E-1 4.28389E-1 4.24745E-1 4.26314E-1 3.91618E-1
4.31787E-1 4.65461E-1 5.05078E-1 4.62836E-1 4.29021E-1 4.15772E-1 4.53268E-1 4.82565E-1 4.42264E-1 4.93461E-1 5.29898E-1 5.34259E-1 5.46246E-1 5.53963E-1 5.03476E-1 4.6509E-1 4.69366E-1 4.07133E-1 4.16243E-1 4.19425E-1 4.38187E-1 4.51066E-1 4.2528E-1 4.10293E-1 4.13495E-1 4.19805E-1 4.3201E-1 4.1974E-1 4.2244E-1 4.08645E-1 4.05294E-1 4.09804E-1 4.10347E-1 4.03712E-1 3.97669E-1 4.19925E-1 4.29712E-1 4.4043E-1 4.61001E-1 4.80378E-1 4.45133E-1 4.35839E-1 4.11141E-1 3.93221E-1 4.00514E-1 4.14727E-1 4.34022E-1 4.5251E-1 4.44856E-1 4.47121E-1 4.35392E-1 4.2071E-1 4.08198E-1 4.1265E-1 4.34242E-1 4.92419E-1 4.59388E-1 4.04252E-1 3.84255E-1 3.84539E-1 3.79405E-1 3.97545E-1 4.10698E-1 4.1214E-1 4.07947E-1
5.12743E-1 4.96117E-1 4.91309E-1 4.40571E-1 3.96772E-1 4.1833E-1 4.48505E-1 4.63419E-1 4.4897E-1 5.00191E-1 5.39311E-1 5.33868E-1 5.07855E-1 5.18979E-1 5.13999E-1 4.72139E-1 4.10944E-1 4.55462E-1 4.19147E-1 4.03911E-1 4.24357E-1 4.39101E-1 4.28512E-1 4.22232E-1 4.0676E-1 4.00219E-1 4.36432E-1 4.432E-1 4.23221E-1 4.1265E-1 4.15354E-1 4.24398E-1 4.28028E-1 4.1751E-1 4.24339E-1 4.14666E-1 4.15133E-1 4.21508E-1 4.38319E-1 4.37504E-1 4.80791E-1 4.47237E-1 4.31625E-1 3.91103E-1 4.00425E-1 3.98414E-1 4.07863E-1 4.39224E-1 4.25566E-1 4.34396E-1 4.45845E-1 4.38125E-1 4.17753E-1 4.11053E-1 4.66767E-1 4.86137E-1 4.55135E-1 4.30028E-1 3.93762E-1 3.59183E-1 3.6517E-1 3.63515E-1 3.9279E-1 3.90878E-1 3.97927E-1
5.37044E-1 5.20347E-1 4.8118E-1 4.07693E-1 4.36259E-1 4.63973E-1 4.65182E-1 4.6419E-1 4.35659E-1 4.89973E-1 5.2639E-1 5.03252E-1 4.6532E-1 4.74143E-1 5.26559E-1 4.7033E-1 3.57822E-1 4.50918E-1 4.44294E-1 4.38504E-1 4.32422E-1 4.53988E-1 4.45559E-1 4.49689E-1 4.31551E-1 4.01874E-1 4.206E-1 4.39119E-1 4.47022E-1 4.22606E-1 4.11292E-1 4.40079E-1 4.23983E-1 4.15974E-1 4.37493E-1 4.34962E-1 4.06647E-1 4.35467E-1 4.30335E-1 4.556E-1 4.91254E-1 4.58094E-1 4.34237E-1 4.01341E-1 4.0732E-1 4.20113E-1 4.10184E-1 4.17448E-1 4.24138E-1 4.20782E-1 4.3975E-1 4.37832E-1 4.21452E-1 4.41729E-1 4.84244E-1 4.6087E-1 4.27713E-1 4.02563E-1 3.90187E-1 3.70641E-1 3.50162E-1 3.64677E-1 3.69263E-1 3.74236E-1 3.77843E-1
4.6272E-1 4.74701E-1 5.32013E-1 4.63323E-1 3.99392E-1 4.5669E-1 4.61343E-1 4.52309E-1 4.51109E-1 5.01796E-1 5.25739E-1 4.9161E-1 4.67082E-1 4.85443E-1 5.04162E-1 4.02464E-1 4.32467E-1 4.50745E-1 4.56556E-1 4.45501E-1 4.21178E-1 4.62154E-1 4.52546E-1 4.45911E-1 4.43483E-1 4.18226E-1 4.08937E-1 4.37026E-1 4.49168E-1 4.68676E-1 4.25995E-1 4.35465E-1 4.37264E-1 4.41717E-1 4.34372E-1 4.48593E-1 4.24823E-1 4.30467E-1 4.50279E-1 4.36579E-1 4.55208E-1 4.72452E-1 4.49862E-1 4.09739E-1 4.20523E-1 4.29039E-1 4.37944E-1 4.19457E-1 4.03887E-1 4.06389E-1 4.09913E-1 4.2202E-1 4.48837E-1 4.72398E-1 4.61468E-1 4.53839E-1 4.26141E-1 4.06982E-1 3.87959E-1 3.58318E-1 3.51375E-1 3.56465E-1 3.52081E-1 3.56987E-1 3.47452E-1
4.5746E-1 4.41871E-1 4.52741E-1 4.62411E-1 4.18059E-1 4.91183E-1 4.68298E-1 4.55121E-1 4.69849E-1 4.96832E-1 5.17806E-1 4.94073E-1 4.67883E-1 4.90602E-1 4.64806E-1 3.73545E-1 4.10641E-1 4.60716E-1 4.68219E-1 4.66576E-1 4.38458E-1 4.44743E-1 4.63859E-1 4.5953E-1 4.60432E-1 4.40755E-1 4.14782E-1 4.33393E-1 4.40451E-1 4.58373E-1 4.43983E-1 4.30313E-1 4.38949E-1 4.54803E-1 4.47228E-1 4.51825E-1 4.42615E-1 4.36777E-1 4.50397E-1 4.44405E-1 4.59839E-1 4.92723E-1 4.52785E-1 4.37685E-1 4.18406E-1 4.22349E-1 4.35058E-1 4.25134E-1 4.01421E-1 4.18992E-1 4.10609E-1 4.16207E-1 4.61368E-1 4.6035E-1 4.24942E-1 4.16759E-1 4.32244E-1 4.23107E-1 3.91529E-1 3.71835E-1 3.58221E-1 3.46788E-1 3.72877E-1 3.50641E-1 3.65994E-1
4.49758E-1 4.52919E-1 4.51616E-1 4.74603E-1 4.22456E-1 4.70315E-1 4.86164E-1 4.7438E-1 4.82716E-1 5.1101E-1 5.30792E-1 5.04E-1 4.8583E-1 4.57696E-1 4.51754E-1 4.29622E-1 4.31121E-1 4.57339E-1 4.63853E-1 4.78104E-1 4.61181E-1 4.51842E-1 4.5408E-1 4.67705E-1 4.689E-1 4.52154E-1 4.39914E-1 4.43479E-1 4.4212E-1 4.60466E-1 4.52875E-1 4.60412E-1 4.49647E-1 4.49806E-1 4.42284E-1 4.6341E-1 4.45233E-1 4.38016E-1 4.53838E-1 4.41472E-1 4.29093E-1 4.73233E-1 4.66773E-1 4.2971E-1 4.19695E-1 4.23979E-1 4.25457E-1 4.33551E-1 4.1834E-1 4.03497E-1 4.13182E-1 4.33415E-1 4.62934E-1 4.44783E-1 4.00022E-1 3.8447E-1 4.0054E-1 4.07469E-1 4.16187E-1 4.06649E-1 3.85372E-1 3.57011E-1 3.49706E-1 3.5407E-1 3.58582E-1
4.76658E-1 4.74605E-1 4.58286E-1 4.76157E-1 4.63402E-1 4.66694E-1 4.84523E-1 4.92198E-1 4.98418E-1 4.88169E-1 4.99845E-1 4.99233E-1 4.87019E-1 4.48855E-1 4.35298E-1 4.66783E-1 4.7373E-1 4.8521E-1 4.69599E-1 4.78888E-1 4.89263E-1 4.64572E-1 4.51436E-1 4.72528E-1 4.82325E-1 4.74031E-1 4.66307E-1 4.62754E-1 4.49716E-1 4.48388E-1 4.72546E-1 4.69808E-1 4.60632E-1 4.52311E-1 4.52907E-1 4.71655E-1 4.48932E-1 4.66827E-1 4.50428E-1 4.56817E-1 4.40556E-1 4.48686E-1 4.64254E-1 4.2988E-1 4.28202E-1 4.48174E-1 4.26428E-1 4.26168E-1 4.29353E-1 4.0227E-1 4.03971E-1 4.46384E-1 4.66868E-1 4.26432E-1 4.0325E-1 3.77168E-1 3.82282E-1 3.85222E-1 3.89221E-1 3.93313E-1 4.00903E-1 3.6969E-1 3.68699E-1 3.79007E-1 3.5846E-1
4.7676E-1 4.59429E-1 4.67907E-1 4.68207E-1 4.65491E-1 4.84439E-1 4.88007E-1 4.94782E-1 5.01131E-1 5.01968E-1 5.08082E-1 4.90466E-1 4.72252E-1 4.81551E-1 4.10929E-1 4.61168E-1 4.94689E-1 4.97613E-1 4.84819E-1 4.83619E-1 4.98771E-1 4.92312E-1 4.70686E-1 4.58214E-1 4.87017E-1 4.96431E-1 4.95559E-1 4.90813E-1 4.89395E-1 4.71323E-1 4.66181E-1 4.77478E-1 4.72887E-1 4.6876E-1 4.63044E-1 4.72797E-1 4.69761E-1 4.63104E-1 4.74608E-1 4.67403E-1 4.67985E-1 4.59522E-1 4.46256E-1 4.589E-1 4.38264E-1 4.22063E-1 4.10569E-1 4.13287E-1 4.05621E-1 4.16886E-1 4.35915E-1 4.6068E-1 4.65592E-1 4.18226E-1 3.96874E-1 3.74908E-1 3.75433E-1 3.77776E-1 3.82769E-1 3.73008E-1 3.72131E-1 3.74614E-1 3.75582E-1 3.67025E-1 3.792E-1
5.21402E-1 4.96793E-1 4.65941E-1 4.93102E-1 5.00426E-1 4.9308E-1 5.04619E-1 4.99202E-1 5.05363E-1 5.05761E-1 5.3895E-1 5.40597E-1 4.8058E-1 4.11911E-1 5.11144E-1 5.20734E-1 5.1298E-1 5.14642E-1 4.94583E-1 4.9132E-1 4.75739E-1 4.89417E-1 4.81359E-1 4.64007E-1 4.61935E-1 4.94628E-1 4.93655E-1 4.88456E-1 5.0104E-1 5.05971E-1 4.83594E-1 4.89679E-1 4.78233E-1 4.69406E-1 4.74909E-1 4.78216E-1 4.67623E-1 4.49422E-1 4.45068E-1 4.4428E-1 4.45697E-1 4.6544E-1 4.7416E-1 4.774E-1 4.24856E-1 4.36731E-1 4.38214E-1 4.21411E-1 4.30412E-1 4.42774E-1 4.70675E-1 4.68786E-1 4.42928E-1 4.28956E-1 4.14104E-1 3.859E-1 3.78887E-1 3.79135E-1 3.83543E-1 3.83901E-1 3.8734E-1 3.81442E-1 3.7737E-1 3.94191E-1 3.84666E-1
5.39793E-1 5.10688E-1 4.9195E-1 4.97452E-1 5.03248E-1 5.20249E-1 5.22141E-1 5.32614E-1 5.19533E-1 5.21563E-1 5.20767E-1 5.42968E-1 5.0211E-1 4.29194E-1 4.57033E-1 5.3702E-1 5.3267E-1 5.09372E-1 4.95203E-1 4.84146E-1 5.00618E-1 4.96751E-1 4.93153E-1 4.72611E-1 4.68029E-1 4.78899E-1 4.89183E-1 4.76453E-1 4.82646E-1 5.02218E-1 4.94927E-1 5.08007E-1 5.05365E-1 4.84098E-1 4.97505E-1 4.80738E-1 4.65531E-1 4.75893E-1 4.49164E-1 4.30985E-1 4.2886E-1 4.31967E-1 4.38261E-1 4.65214E-1 4.70957E-1 4.75938E-1 4.49985E-1 4.44954E-1 4.39249E-1 4.69397E-1 4.7174E-1 4.50253E-1 3.95931E-1 4.19287E-1 4.02668E-1 3.98729E-1 3.88063E-1 3.75075E-1 4.04326E-1 3.89316E-1 3.74215E-1 3.79935E-1 3.73435E-1 3.79703E-1 3.80922E-1
5.47525E-1 5.20919E-1 4.96035E-1 4.89285E-1 5.16706E-1 5.36291E-1 5.55514E-1 5.43244E-1 5.46486E-1 5.17824E-1 5.18621E-1 5.63989E-1 4.68661E-1 4.66288E-1 5.46464E-1 5.73645E-1 5.46301E-1 5.27679E-1 5.00638E-1 4.94308E-1 4.95433E-1 4.91764E-1 4.94339E-1 4.96633E-1 4.80706E-1 4.84746E-1 4.88878E-1 4.86182E-1 4.78311E-1 4.88839E-1 4.972E-1 5.1132E-1 5.23981E-1 5.02873E-1 5.17331E-1 4.81764E-1 4.81394E-1 4.86977E-1 4.66748E-1 4.52068E-1 4.45571E-1 4.48044E-1 4.34149E-1 4.53529E-1 4.68131E-1 4.36891E-1 4.4017E-1 4.44239E-1 4.68459E-1 4.79582E-1 4.45055E-1 4.15484E-1 4.02293E-1 4.08029E-1 4.06938E-1 4.03955E-1 3.97245E-1 3.99701E-1 4.05513E-1 3.83247E-1 3.87656E-1 3.77417E-1 3.90457E-1 3.80103E-1 3.96217E-1
