layers/trop.asc
ncols         638
nrows         825
xllcorner     -2985163.8955
yllcorner     -3022031.214
cellsize      10000.0
NODATA_value  -9999
[rows 174 to 202 of 825, columns 130 to 194 of 638]
5.21123E-1 6.12395E-1 5.09516E-1 6.64899E-1 7.72176E-1 7.81911E-1 6.98104E-1 7.01375E-1 6.479E-1 4.11752E-1 4.3557E-1 5.38782E-1 4.55762E-1 5.50555E-1 3.06186E-1 3.05116E-1 3.00363E-1 2.90603E-1 3.31752E-1 4.57723E-1 4.35655E-1 2.85806E-1 2.91276E-1 2.95236E-1 3.25044E-1 3.64631E-1 3.87839E-1 4.06809E-1 4.40543E-1 4.58287E-1 4.77096E-1 4.88058E-1 5.18704E-1 4.66906E-1 4.95954E-1 4.93056E-1 5.57372E-1 7.80115E-1 8.55784E-1 5.43266E-1 5.59015E-1 6.41839E-1 6.32298E-1 5.15433E-1 5.37318E-1 7.36059E-1 5.52583E-1 6.23975E-1 5.49387E-1 5.36986E-1 5.30491E-1 5.43611E-1 5.43866E-1 5.87978E-1 7.73118E-1 7.25545E-1 7.87965E-1 9.18442E-1 6.78141E-1 5.38932E-1 8.73808E-1 8.48548E-1 4.50498E-1 4.36628E-1 4.20691E-1
2.98735E-1 3.78718E-1 4.74722E-1 6.32979E-1 5.76443E-1 6.2355E-1 8.12899E-1 5.92269E-1 6.61649E-1 6.53529E-1 6.26201E-1 4.24462E-1 3.81037E-1 3.96022E-1 4.11572E-1 3.07481E-1 2.93935E-1 2.91109E-1 2.94553E-1 2.89473E-1 2.99903E-1 5.02448E-1 3.00367E-1 3.13797E-1 3.36675E-1 3.83023E-1 4.9815E-1 4.67648E-1 5.08501E-1 5.62727E-1 4.94363E-1 5.09116E-1 4.54122E-1 4.54688E-1 4.90367E-1 5.61097E-1 5.29725E-1 5.42674E-1 5.58686E-1 6.64281E-1 6.21478E-1 5.59953E-1 5.36557E-1 8.38031E-1 9.49599E-1 7.93248E-1 5.39501E-1 6.43926E-1 5.56508E-1 5.4459E-1 5.53437E-1 6.02093E-1 5.61502E-1 7.73389E-1 7.0224E-1 9.30142E-1 6.38265E-1 7.01351E-1 6.05751E-1 4.94353E-1 7.29164E-1 9.7195E-1 6.23595E-1 4.3484E-1 4.57319E-1
2.76296E-1 3.03579E-1 3.18774E-1 4.05495E-1 5.02417E-1 5.85771E-1 5.70964E-1 7.08739E-1 7.02424E-1 7.92801E-1 6.40302E-1 5.89611E-1 4.60114E-1 4.52673E-1 4.89654E-1 3.45105E-1 3.09765E-1 2.97024E-1 2.78637E-1 2.80365E-1 3.08075E-1 4.45072E-1 3.28894E-1 3.32197E-1 3.58619E-1 3.90582E-1 4.38459E-1 5.92275E-1 6.011E-1 7.52443E-1 5.92748E-1 5.87799E-1 5.0241E-1 4.89296E-1 6.03478E-1 5.86834E-1 6.12836E-1 6.73011E-1 6.53721E-1 7.04564E-1 7.25469E-1 8.51353E-1 7.67156E-1 6.81912E-1 7.44762E-1 8.23265E-1 8.00433E-1 7.46306E-1 7.22231E-1 8.36884E-1 7.28967E-1 6.47576E-1 6.89561E-1 7.04087E-1 8.17644E-1 7.45055E-1 5.1752E-1 4.74322E-1 4.41846E-1 4.6093E-1 6.10056E-1 9.51982E-1 5.6069E-1 4.53814E-1 4.67715E-1
3.55478E-1 2.9498E-1 3.07871E-1 3.54957E-1 4.05411E-1 4.2026E-1 3.89043E-1 6.48358E-1 6.54583E-1 7.11549E-1 8.32142E-1 7.10315E-1 6.73078E-1 5.28557E-1 4.62227E-1 5.80148E-1 3.32478E-1 2.97027E-1 2.98742E-1 2.92613E-1 3.05885E-1 4.55294E-1 4.53744E-1 3.57255E-1 3.78237E-1 4.53853E-1 4.21786E-1 4.89456E-1 5.24884E-1 5.65103E-1 5.78765E-1 7.3916E-1 5.48506E-1 6.67857E-1 5.54576E-1 6.32181E-1 7.17462E-1 7.8153E-1 7.75711E-1 8.06363E-1 8.51196E-1 9.43385E-1 8.46612E-1 8.51186E-1 9.48599E-1 8.44859E-1 9.06554E-1 9.57984E-1 8.62664E-1 9.41372E-1 6.83283E-1 7.8948E-1 9.55775E-1 7.69203E-1 8.01769E-1 7.41486E-1 4.73189E-1 4.65874E-1 4.40866E-1 4.91998E-1 5.14852E-1 9.48782E-1 7.76963E-1 4.6882E-1 4.42786E-1
4.30283E-1 2.94398E-1 3.18675E-1 3.24023E-1 4.11852E-1 4.82607E-1 5.23048E-1 4.45116E-1 4.5741E-1 4.97516E-1 4.96338E-1 6.01814E-1 6.88721E-1 8.26638E-1 6.46415E-1 4.53786E-1 4.35734E-1 3.20882E-1 3.07528E-1 3.41245E-1 3.43493E-1 3.33557E-1 4.78495E-1 4.68153E-1 3.94404E-1 5.0328E-1 5.06957E-1 4.86867E-1 5.4702E-1 5.49192E-1 6.32773E-1 7.01499E-1 6.63031E-1 6.46029E-1 6.10167E-1 5.85404E-1 6.87384E-1 7.58562E-1 8.47935E-1 9.19568E-1 7.99337E-1 7.60071E-1 8.15169E-1 7.13735E-1 7.90393E-1 5.36531E-1 5.66452E-1 5.84846E-1 7.55554E-1 6.71547E-1 6.76939E-1 6.26407E-1 7.43753E-1 8.53476E-1 7.31645E-1 5.38729E-1 5.64971E-1 4.3698E-1 4.53065E-1 4.6229E-1 5.19816E-1 5.55917E-1 7.47518E-1 7.43904E-1 6.76231E-1
4.90388E-1 3.56162E-1 3.05746E-1 3.13492E-1 3.5153E-1 3.77021E-1 4.48244E-1 4.03318E-1 4.35534E-1 5.93809E-1 5.53794E-1 4.26943E-1 5.0119E-1 6.599E-1 6.34136E-1 5.92922E-1 5.85758E-1 4.20988E-1 2.96729E-1 2.93825E-1 2.92682E-1 3.09104E-1 3.83582E-1 4.79999E-1 7.80106E-1 6.62071E-1 5.73563E-1 6.48734E-1 5.71494E-1 4.97763E-1 5.77321E-1 5.63207E-1 7.14305E-1 7.97866E-1 8.0748E-1 6.6225E-1 6.45409E-1 6.7381E-1 7.57679E-1 8.24454E-1 7.75478E-1 6.87492E-1 7.19422E-1 7.17238E-1 6.19528E-1 5.51472E-1 5.45153E-1 6.38579E-1 5.86233E-1 5.51133E-1 5.78629E-1 5.46958E-1 6.58833E-1 6.38643E-1 6.00328E-1 5.24947E-1 5.25253E-1 7.04248E-1 4.5063E-1 4.74653E-1 4.78039E-1 4.54837E-1 4.89113E-1 6.44594E-1 7.62634E-1
4.79684E-1 8.24127E-1 4.86064E-1 3.48024E-1 3.37805E-1 3.41224E-1 3.82646E-1 3.83955E-1 5.11246E-1 4.01033E-1 3.97172E-1 5.68604E-1 4.91326E-1 6.00271E-1 7.39303E-1 6.92534E-1 4.52887E-1 6.02895E-1 3.12171E-1 3.07287E-1 3.13231E-1 3.2719E-1 4.23053E-1 4.43225E-1 3.6451E-1 7.21252E-1 7.26049E-1 8.02128E-1 6.54656E-1 4.53445E-1 5.57832E-1 5.45506E-1 6.18928E-1 6.71908E-1 7.19397E-1 7.97542E-1 6.84038E-1 7.51517E-1 8.10551E-1 9.17265E-1 7.52591E-1 5.88852E-1 6.46255E-1 6.46299E-1 4.99307E-1 5.23008E-1 5.45225E-1 6.00937E-1 6.34477E-1 5.10799E-1 5.16052E-1 5.2546E-1 4.70997E-1 4.88306E-1 6.96967E-1 6.20603E-1 7.73751E-1 6.60258E-1 7.22589E-1 4.38551E-1 4.5396E-1 5.24415E-1 6.41737E-1 4.85024E-1 5.03852E-1
4.57229E-1 3.96055E-1 6.37346E-1 3.30208E-1 3.49103E-1 3.76081E-1 3.81905E-1 4.59112E-1 3.8706E-1 3.54385E-1 4.21277E-1 5.84071E-1 6.45168E-1 5.67133E-1 5.16032E-1 6.82326E-1 5.23391E-1 4.24109E-1 4.95717E-1 3.18367E-1 3.91685E-1 4.06537E-1 4.55809E-1 5.49407E-1 5.28458E-1 7.06123E-1 7.38916E-1 7.48983E-1 6.90549E-1 5.9375E-1 5.6453E-1 6.01789E-1 6.6045E-1 6.34899E-1 6.7095E-1 7.16364E-1 8.44309E-1 7.11672E-1 8.16716E-1 8.15963E-1 7.59627E-1 6.38208E-1 4.71785E-1 4.68909E-1 4.80745E-1 5.13737E-1 5.06136E-1 5.10015E-1 5.20073E-1 4.91809E-1 5.21104E-1 5.58084E-1 5.01836E-1 5.21762E-1 5.94044E-1 6.61721E-1 6.60462E-1 6.92533E-1 7.08393E-1 5.59805E-1 4.50868E-1 4.61415E-1 4.79581E-1 6.48891E-1 4.59811E-1
4.02143E-1 5.50483E-1 5.56273E-1 3.55222E-1 3.5021E-1 3.43664E-1 3.71787E-1 4.67638E-1 5.2852E-1 3.68347E-1 3.72241E-1 4.34868E-1 3.56348E-1 4.07709E-1 4.06119E-1 6.62408E-1 5.38651E-1 5.04664E-1 5.21668E-1 5.86062E-1 3.16697E-1 3.75286E-1 3.90176E-1 3.60164E-1 4.5429E-1 5.79184E-1 7.63748E-1 8.3595E-1 7.47258E-1 7.7587E-1 7.08555E-1 6.17554E-1 6.68456E-1 6.76391E-1 7.96707E-1 6.58828E-1 7.57988E-1 9.03485E-1 7.7152E-1 7.308E-1 7.02586E-1 6.84726E-1 4.82958E-1 4.82794E-1 4.88603E-1 5.00835E-1 4.99146E-1 4.60787E-1 6.18616E-1 6.4059E-1 4.96822E-1 7.32526E-1 5.65316E-1 7.55037E-1 6.22098E-1 5.90978E-1 5.23472E-1 6.92908E-1 7.64122E-1 7.14995E-1 5.52791E-1 5.52176E-1 5.61837E-1 4.94053E-1 8.03592E-1
5.31344E-1 5.98395E-1 5.97134E-1 4.85911E-1 4.03504E-1 3.67154E-1 3.60077E-1 3.60807E-1 4.88062E-1 6.12262E-1 4.9473E-1 4.01821E-1 3.19642E-1 3.47345E-1 3.33116E-1 3.43054E-1 5.38641E-1 5.75E-1 7.12003E-1 6.94604E-1 4.83537E-1 3.30364E-1 4.24647E-1 4.26594E-1 4.97929E-1 4.25814E-1 4.90292E-1 6.96441E-1 9.40269E-1 8.35383E-1 7.77422E-1 7.25336E-1 6.51037E-1 6.81555E-1 7.38111E-1 7.94812E-1 8.29113E-1 7.72832E-1 6.68432E-1 6.90804E-1 6.93814E-1 4.58964E-1 4.97894E-1 5.83001E-1 5.44381E-1 6.1342E-1 6.1385E-1 5.05039E-1 6.23722E-1 7.38996E-1 6.22235E-1 7.54026E-1 5.60968E-1 6.76863E-1 7.3586E-1 6.55066E-1 7.823E-1 7.36913E-1 8.13716E-1 8.68884E-1 7.78388E-1 6.58866E-1 7.0056E-1 4.85772E-1 5.85292E-1
5.17197E-1 4.40289E-1 7.28845E-1 4.76678E-1 4.89851E-1 3.51735E-1 3.49484E-1 3.70936E-1 3.56759E-1 3.74983E-1 4.96022E-1 3.72357E-1 3.68348E-1 3.08326E-1 3.03497E-1 3.21655E-1 3.08391E-1 3.11368E-1 3.25989E-1 4.22062E-1 6.45818E-1 2.52195E-1 2.70819E-1 3.20898E-1 4.52429E-1 5.78019E-1 6.05052E-1 5.88768E-1 7.09783E-1 8.42099E-1 8.88028E-1 7.22865E-1 7.51061E-1 7.46682E-1 6.68855E-1 6.47522E-1 7.21398E-1 6.57036E-1 5.84484E-1 4.7076E-1 4.90504E-1 4.62402E-1 4.86886E-1 5.75477E-1 6.33195E-1 6.12856E-1 7.61687E-1 5.00179E-1 7.02188E-1 7.41621E-1 8.15491E-1 8.0768E-1 7.44465E-1 7.83344E-1 8.13695E-1 8.83142E-1 9.19596E-1 7.42115E-1 7.44706E-1 7.03074E-1 7.86541E-1 8.91578E-1 9.15767E-1 9.0952E-1 8.87399E-1
3.91361E-1 4.30355E-1 4.9423E-1 5.66383E-1 5.67048E-1 4.74322E-1 4.16471E-1 3.46692E-1 4.24735E-1 3.9935E-1 5.1542E-1 3.11253E-1 2.74649E-1 2.40062E-1 2.18137E-1 3.37434E-1 3.83799E-1 3.65259E-1 3.65432E-1 4.49136E-1 5.61248E-1 2.63481E-1 3.08434E-1 2.89264E-1 4.24464E-1 5.14792E-1 5.51427E-1 5.56318E-1 7.67146E-1 8.33374E-1 9.58102E-1 8.64809E-1 8.47952E-1 7.87816E-1 8.13791E-1 7.56202E-1 6.02805E-1 6.3566E-1 6.31981E-1 5.71883E-1 6.03629E-1 5.00124E-1 5.27697E-1 5.51111E-1 7.44425E-1 5.5444E-1 6.6703E-1 6.21653E-1 6.2854E-1 6.39649E-1 6.78732E-1 7.58443E-1 7.23022E-1 7.04176E-1 7.27972E-1 6.87551E-1 7.15625E-1 6.74645E-1 4.90907E-1 7.00367E-1 6.68139E-1 7.85332E-1 7.35517E-1 7.72815E-1 6.17111E-1
2.72905E-1 2.78683E-1 3.52164E-1 4.17169E-1 8.33897E-1 6.45216E-1 6.28422E-1 5.22346E-1 5.83315E-1 3.33973E-1 3.60532E-1 3.51795E-1 2.54075E-1 2.4267E-1 2.22698E-1 1.97039E-1 2.78741E-1 2.52595E-1 3.70068E-1 3.94826E-1 6.05771E-1 5.25373E-1 2.85518E-1 3.35819E-1 3.03382E-1 3.67304E-1 4.90314E-1 3.48637E-1 4.41582E-1 5.73747E-1 6.93628E-1 7.77231E-1 9.2342E-1 8.01432E-1 7.40723E-1 8.50509E-1 8.90565E-1 8.1025E-1 7.8792E-1 5.81123E-1 6.99288E-1 6.37628E-1 7.98976E-1 7.4988E-1 8.71859E-1 8.29289E-1 8.53723E-1 7.0777E-1 7.1657E-1 5.20735E-1 5.31204E-1 5.70485E-1 4.79645E-1 6.54949E-1 5.79914E-1 6.98059E-1 5.23156E-1 5.35966E-1 6.19292E-1 4.53972E-1 5.88849E-1 4.47263E-1 5.52237E-1 6.13794E-1 4.30406E-1
7.53902E-1 5.17758E-1 4.68255E-1 4.54609E-1 4.97424E-1 6.3401E-1 7.44465E-1 8.10771E-1 5.94431E-1 3.46034E-1 3.23418E-1 3.5306E-1 2.7794E-1 2.08894E-1 1.98246E-1 1.95836E-1 1.93663E-1 2.09745E-1 3.24551E-1 4.39222E-1 5.82873E-1 4.46126E-1 2.82596E-1 3.4062E-1 3.98932E-1 3.79493E-1 5.35495E-1 5.08785E-1 4.20007E-1 4.22109E-1 5.73072E-1 5.87643E-1 8.23681E-1 8.02635E-1 8.04912E-1 6.25987E-1 7.15099E-1 7.6023E-1 8.80839E-1 8.73561E-1 8.54472E-1 9.23233E-1 8E-1 8.35781E-1 6.46555E-1 5.82791E-1 7.52752E-1 7.87712E-1 9.38953E-1 6.6198E-1 6.06096E-1 6.73755E-1 5.88969E-1 5.13552E-1 4.95854E-1 6.59829E-1 5.44776E-1 4.28027E-1 4.10221E-1 4.12968E-1 3.90164E-1 4.02917E-1 4.13132E-1 4.4786E-1 6.79714E-1
5.81708E-1 7.50625E-1 7.18213E-1 6.75656E-1 7.31633E-1 4.73307E-1 6.67938E-1 7.00472E-1 6.50253E-1 7.40001E-1 3.68306E-1 4.38583E-1 4.79745E-1 2.25834E-1 2.31318E-1 2.44897E-1 1.89399E-1 2.01955E-1 2.25121E-1 4.37817E-1 6.03346E-1 4.47517E-1 3.89758E-1 3.3698E-1 5.28318E-1 5.34907E-1 4.95177E-1 6.41971E-1 3.76464E-1 4.22282E-1 6.49432E-1 6.91647E-1 9.117E-1 8.90168E-1 7.41081E-1 5.93503E-1 4.86325E-1 4.65597E-1 6.84042E-1 7.23073E-1 7.30523E-1 7.1809E-1 5.97676E-1 7.35265E-1 6.00993E-1 5.13205E-1 6.36182E-1 6.81928E-1 7.96636E-1 9.06586E-1 8.75027E-1 7.74102E-1 8.64801E-1 5.83478E-1 6.59138E-1 6.94238E-1 5.46956E-1 4.77854E-1 5.22339E-1 4.65604E-1 5.10595E-1 4.11584E-1 3.72866E-1 4.36599E-1 5.67759E-1
4.38337E-1 4.51528E-1 6.05551E-1 7.48548E-1 7.75286E-1 6.43432E-1 6.97978E-1 6.19022E-1 7.64059E-1 7.83377E-1 5.76469E-1 4.09015E-1 3.37882E-1 3.12733E-1 3.35752E-1 2.06061E-1 2.05487E-1 2.23552E-1 2.69925E-1 2.77089E-1 4.67E-1 6.45207E-1 6.74604E-1 5.25304E-1 7.92715E-1 7.61477E-1 8.543E-1 8.34461E-1 7.52726E-1 7.85429E-1 8.26803E-1 9.49057E-1 8.33289E-1 7.89924E-1 4.93581E-1 4.14276E-1 5.7703E-1 5.49558E-1 4.439E-1 6.43701E-1 6.17093E-1 4.51377E-1 5.34998E-1 5.84033E-1 5.98375E-1 4.94025E-1 4.58916E-1 4.82638E-1 6.28743E-1 7.21887E-1 8.05255E-1 7.77607E-1 8.38537E-1 8.69511E-1 7.68504E-1 7.92858E-1 6.18729E-1 6.77246E-1 6.81497E-1 4.41256E-1 5.05865E-1 4.70198E-1 5.32611E-1 4.30181E-1 4.37622E-1
3.85948E-1 3.79772E-1 4.82496E-1 5.47777E-1 5.82848E-1 5.02389E-1 5.13737E-1 5.62944E-1 5.55192E-1 7.25926E-1 5.28908E-1 6.42992E-1 4.19032E-1 5.23891E-1 3.60159E-1 4.76926E-1 2.86388E-1 2.03897E-1 2.1215E-1 2.81932E-1 2.08514E-1 3.0232E-1 4.26984E-1 4.12547E-1 4.54301E-1 6.28809E-1 7.89114E-1 7.63066E-1 8.47635E-1 8.39561E-1 8.6252E-1 8.49509E-1 6.50038E-1 7.41309E-1 5.79555E-1 4.48806E-1 4.16164E-1 3.81794E-1 4.38316E-1 6.59336E-1 5.89574E-1 5.17452E-1 5.27903E-1 6.1739E-1 7.73958E-1 7.07659E-1 7.96531E-1 8.17446E-1 8.03115E-1 8.86974E-1 8.81661E-1 8.38265E-1 8.94031E-1 8.94699E-1 9.04987E-1 8.35956E-1 9.00326E-1 8.69053E-1 8.64447E-1 5.6038E-1 5.04171E-1 4.63515E-1 4.75623E-1 4.36699E-1 5.23525E-1
2.38397E-1 2.30329E-1 2.70461E-1 5.18116E-1 5.64944E-1 3.13944E-1 3.89003E-1 4.6871E-1 3.62074E-1 3.56818E-1 3.88232E-1 3.50833E-1 3.72163E-1 3.74308E-1 3.8742E-1 4.26627E-1 4.34793E-1 2.74555E-1 2.10469E-1 3.19838E-1 2.54529E-1 4.16008E-1 5.0428E-1 4.81817E-1 5.12908E-1 3.71241E-1 3.69376E-1 4.30528E-1 5.07047E-1 5.11281E-1 5.04731E-1 5.55458E-1 6.9086E-1 6.11118E-1 4.90467E-1 4.07424E-1 4.35666E-1 4.13192E-1 4.96996E-1 5.13131E-1 6.23002E-1 7.28014E-1 6.80997E-1 8.01254E-1 7.2315E-1 8.00811E-1 8.68535E-1 8.84666E-1 8.85513E-1 8.77436E-1 8.53279E-1 8.59805E-1 8.06422E-1 9.00199E-1 6.90395E-1 7.31245E-1 6.866E-1 8.4052E-1 7.80771E-1 8.08868E-1 7.16976E-1 5.98041E-1 6.26328E-1 5.72499E-1 7.00631E-1
2.14147E-1 2.05317E-1 2.54509E-1 2.98762E-1 3.24091E-1 3.16307E-1 3.16787E-1 3.76063E-1 4.86947E-1 4.4075E-1 3.93678E-1 4.20208E-1 4.57001E-1 4.31846E-1 4.12368E-1 3.01072E-1 6.15995E-1 3.43173E-1 1.89315E-1 2.1842E-1 2.89647E-1 3.01029E-1 2.55513E-1 3.14174E-1 3.76084E-1 4.91124E-1 6.59411E-1 5.85648E-1 6.33602E-1 7.22375E-1 7.37953E-1 6.90193E-1 5.97127E-1 5.27678E-1 5.49262E-1 5.8553E-1 6.66969E-1 6.6719E-1 6.37845E-1 7.63167E-1 7.41871E-1 8.08656E-1 8.99039E-1 8.37352E-1 8.52953E-1 8.80329E-1 8.50606E-1 8.50288E-1 8.80589E-1 7.85808E-1 8.37006E-1 7.10747E-1 8.34E-1 8.04415E-1 6.13724E-1 7.0707E-1 6.50968E-1 8.02828E-1 7.08255E-1 8.31117E-1 9.49332E-1 9.20796E-1 9.71338E-1 8.64247E-1 8.33592E-1
2.0347E-1 1.85073E-1 1.90543E-1 2.24259E-1 2.60015E-1 3.68391E-1 3.54604E-1 3.64541E-1 3.84649E-1 3.93019E-1 3.54507E-1 3.26988E-1 3.10442E-1 3.23259E-1 3.32917E-1 4.20745E-1 5.49268E-1 4.28183E-1 2.03417E-1 1.94817E-1 2.16398E-1 2.24479E-1 2.25715E-1 2.59027E-1 3.39122E-1 4.39997E-1 5.1067E-1 5.03858E-1 5.2362E-1 5.6928E-1 5.25883E-1 3.98764E-1 4.08505E-1 4.09679E-1 5.18979E-1 6.34089E-1 6.8412E-1 8.14647E-1 8.28388E-1 8.03572E-1 8.01795E-1 7.15883E-1 7.44616E-1 7.4561E-1 8.3335E-1 7.39399E-1 8.22802E-1 7.75989E-1 8.48117E-1 8.3586E-1 5.82174E-1 7.22032E-1 6.78432E-1 5.79174E-1 6.7057E-1 6.28244E-1 6.81878E-1 6.70823E-1 6.08806E-1 6.87959E-1 7.25457E-1 6.49089E-1 7.19571E-1 5.8653E-1 7.12479E-1
2.03693E-1 1.79183E-1 1.61369E-1 1.78833E-1 2.10642E-1 2.48409E-1 2.59556E-1 4.77607E-1 4.13672E-1 3.57885E-1 3.06619E-1 3.27173E-1 2.69342E-1 3.14959E-1 3.42776E-1 3.67231E-1 5.84347E-1 4.03356E-1 2.90446E-1 3.03107E-1 2.11253E-1 2.17503E-1 2.3481E-1 3.0814E-1 3.4643E-1 3.78404E-1 4.05397E-1 4.19743E-1 3.67241E-1 3.58604E-1 3.81948E-1 3.9609E-1 3.96026E-1 4.00354E-1 4.16954E-1 4.23847E-1 6.29256E-1 7.47932E-1 7.16707E-1 7.2061E-1 7.56523E-1 6.56848E-1 6.99563E-1 7.99996E-1 7.73954E-1 7.04571E-1 7.75338E-1 7.16654E-1 7.47099E-1 6.98805E-1 4.65168E-1 4.64282E-1 5.07294E-1 5.0705E-1 5.95104E-1 6.89994E-1 7.17976E-1 5.74262E-1 6.34465E-1 7.01635E-1 6.28563E-1 4.58457E-1 5.09111E-1 4.89128E-1 6.56374E-1
1.85983E-1 1.88901E-1 1.7669E-1 1.64702E-1 1.70238E-1 1.93589E-1 2.04814E-1 2.39376E-1 2.8343E-1 3.21471E-1 4.80889E-1 3.46286E-1 3.45579E-1 2.74576E-1 2.95668E-1 2.98989E-1 4.573E-1 5.21525E-1 3.77058E-1 3.17712E-1 3.37485E-1 3.56156E-1 3.17708E-1 2.47631E-1 2.69277E-1 2.85124E-1 3.21604E-1 3.5361E-1 3.6823E-1 4.03707E-1 4.05804E-1 4.54555E-1 4.43354E-1 4.45968E-1 4.6372E-1 5.30206E-1 4.27359E-1 4.27598E-1 5.98955E-1 5.95787E-1 7.32714E-1 6.08091E-1 6.64965E-1 6.61142E-1 6.67276E-1 7.02007E-1 6.68296E-1 4.50629E-1 5.35366E-1 5.26932E-1 5.29111E-1 6.33883E-1 6.93605E-1 5.56115E-1 7.29595E-1 6.21954E-1 5.91351E-1 4.95245E-1 4.85774E-1 4.75896E-1 5.09802E-1 4.57362E-1 5.09227E-1 5.92899E-1 6.90486E-1
1.73343E-1 1.62363E-1 1.87592E-1 1.51692E-1 1.79987E-1 1.72037E-1 1.93664E-1 1.85927E-1 2.14267E-1 2.31234E-1 2.97359E-1 3.19564E-1 3.08313E-1 5.20735E-1 4.26416E-1 3.19129E-1 3.36181E-1 4.34763E-1 5.67887E-1 5.62705E-1 4.53046E-1 3.46049E-1 3.06067E-1 2.56547E-1 2.72007E-1 3.03877E-1 3.38491E-1 3.72557E-1 4.73929E-1 4.5901E-1 4.63584E-1 4.26761E-1 4.36E-1 4.70709E-1 5.75961E-1 5.03984E-1 4.70476E-1 4.97777E-1 4.38386E-1 4.26338E-1 6.5696E-1 5.88455E-1 6.37165E-1 6.46384E-1 6.24397E-1 4.5831E-1 5.18088E-1 5.44633E-1 5.43027E-1 5.48948E-1 5.25638E-1 6.64386E-1 5.46218E-1 5.88821E-1 5.82807E-1 6.2118E-1 4.87108E-1 4.57055E-1 4.74855E-1 4.74438E-1 5.15262E-1 6.8237E-1 5.9255E-1 7.06297E-1 7.17394E-1
1.71555E-1 1.44591E-1 1.67361E-1 1.41292E-1 1.60938E-1 1.70173E-1 1.59412E-1 1.65749E-1 1.884E-1 1.95262E-1 2.38201E-1 3.08733E-1 3.4461E-1 3.58726E-1 4.06435E-1 5.34783E-1 4.50926E-1 4.02376E-1 3.75184E-1 3.52795E-1 6.55512E-1 4.42046E-1 3.76914E-1 4.90983E-1 2.87813E-1 3.08119E-1 3.57235E-1 3.5968E-1 4.08897E-1 4.08346E-1 5.37827E-1 4.46223E-1 4.61875E-1 5.32837E-1 5.78311E-1 5.04155E-1 5.35605E-1 4.97812E-1 4.87948E-1 4.43915E-1 4.1965E-1 4.24771E-1 4.38307E-1 4.28713E-1 4.40257E-1 4.38579E-1 4.55718E-1 4.64397E-1 5.60047E-1 4.96126E-1 4.94103E-1 4.91143E-1 5.7946E-1 6.89638E-1 5.69395E-1 4.79863E-1 4.47383E-1 4.58213E-1 4.66758E-1 6.29302E-1 6.84724E-1 5.18154E-1 5.75803E-1 7.7717E-1 7.83166E-1
1.70623E-1 1.46328E-1 1.81412E-1 1.60514E-1 1.4732E-1 1.65714E-1 1.51644E-1 1.53257E-1 1.71234E-1 1.89232E-1 2.73962E-1 2.30198E-1 2.70829E-1 3.07633E-1 3.0775E-1 4.23783E-1 4.22973E-1 4.52299E-1 4.87549E-1 4.53661E-1 6.35499E-1 4.64176E-1 4.34457E-1 5.69427E-1 5.86496E-1 4.09358E-1 3.087E-1 3.45923E-1 3.77857E-1 4.21521E-1 4.12087E-1 5.26856E-1 5.53824E-1 6.08097E-1 6.56092E-1 4.7225E-1 5.39295E-1 6.8717E-1 5.34888E-1 4.26513E-1 4.55748E-1 4.85076E-1 4.63499E-1 4.5363E-1 4.66772E-1 4.65537E-1 4.49635E-1 4.44761E-1 4.61505E-1 4.80803E-1 4.59073E-1 5.17329E-1 5.63612E-1 5.69779E-1 4.75686E-1 4.21888E-1 4.52693E-1 4.81668E-1 4.94378E-1 5.59344E-1 4.90689E-1 5.24262E-1 6.86527E-1 7.33896E-1 9.7373E-1
1.54879E-1 2.26278E-1 2.05118E-1 2.19104E-1 1.76E-1 1.45501E-1 1.79434E-1 1.57865E-1 1.72557E-1 1.75195E-1 2.33365E-1 2.82921E-1 2.52579E-1 2.88274E-1 3.36191E-1 4.13683E-1 4.54079E-1 4.81595E-1 5.01486E-1 5.32099E-1 6.52182E-1 3.00983E-1 4.17445E-1 7.37839E-1 6.8209E-1 6.22532E-1 5.4065E-1 3.31798E-1 3.51505E-1 3.90977E-1 4.28543E-1 6.38923E-1 5.89518E-1 7.94608E-1 7.47316E-1 9.40162E-1 7.14243E-1 7.56986E-1 6.10812E-1 4.69405E-1 4.52769E-1 4.56306E-1 4.72093E-1 5.1416E-1 5.51046E-1 5.02461E-1 4.90885E-1 4.65439E-1 4.80006E-1 5.47404E-1 5.27061E-1 4.85139E-1 4.47772E-1 4.55345E-1 4.46729E-1 4.54579E-1 4.63209E-1 6.14525E-1 5.01188E-1 4.67484E-1 4.7362E-1 5.68494E-1 6.25153E-1 8.83828E-1 8.79827E-1
1.96464E-1 1.7109E-1 1.38166E-1 1.53286E-1 2.07284E-1 1.45765E-1 1.65229E-1 2.15948E-1 1.81863E-1 1.92547E-1 1.8767E-1 3.19007E-1 3.12274E-1 3.2722E-1 2.8121E-1 3.66374E-1 2.93624E-1 3.20943E-1 5.11226E-1 7.06017E-1 7.56953E-1 4.52239E-1 6.40013E-1 5.69841E-1 3.69238E-1 6.00834E-1 7.89874E-1 6.07152E-1 3.77021E-1 3.98131E-1 5.71805E-1 6.41403E-1 6.2319E-1 9.03668E-1 7.23951E-1 6.55065E-1 7.11527E-1 9.13556E-1 7.23276E-1 6.81404E-1 5.09548E-1 4.54471E-1 4.29478E-1 4.45885E-1 4.98059E-1 5.52942E-1 5.54933E-1 4.60666E-1 5.34201E-1 5.58268E-1 5.34063E-1 4.77107E-1 5.0419E-1 4.43716E-1 4.63933E-1 4.89471E-1 4.70663E-1 4.58733E-1 4.51395E-1 4.43931E-1 4.84052E-1 5.56247E-1 7.0036E-1 9.08414E-1 8.70949E-1
3.43981E-1 3.01143E-1 1.69122E-1 1.30571E-1 1.60631E-1 1.78159E-1 1.61324E-1 1.55889E-1 1.9234E-1 2.63393E-1 1.9765E-1 2.06701E-1 3.53308E-1 4.29514E-1 3.57767E-1 4.39049E-1 3.28934E-1 4.25869E-1 3.85628E-1 6.20551E-1 6.96055E-1 8.42633E-1 6.88789E-1 7.88045E-1 9.03295E-1 5.69341E-1 8.16429E-1 5.85148E-1 7.17047E-1 7.87522E-1 8.0116E-1 8.80747E-1 6.74422E-1 4.31474E-1 4.55858E-1 5.92461E-1 7.52892E-1 8.19701E-1 6.98719E-1 7.6338E-1 6.8015E-1 5.178E-1 5.65285E-1 4.54645E-1 4.76661E-1 5.91267E-1 7.57065E-1 6.02458E-1 6.0849E-1 6.10813E-1 5.65569E-1 5.49083E-1 6.75598E-1 6.01076E-1 4.7892E-1 4.69583E-1 4.59573E-1 4.44386E-1 4.32602E-1 4.54935E-1 4.84607E-1 5.17156E-1 7.73558E-1 8.69189E-1 7.95472E-1
3.62722E-1 3.71455E-1 4.33285E-1 1.52614E-1 1.80795E-1 3.74371E-1 1.94404E-1 1.86387E-1 1.72342E-1 2.14833E-1 2.4091E-1 2.38354E-1 2.19081E-1 3.67172E-1 5.17342E-1 4.0433E-1 3.43525E-1 4.30917E-1 4.86653E-1 4.24751E-1 4.81695E-1 5.05622E-1 6.99701E-1 5.13833E-1 5.21244E-1 4.39777E-1 3.81028E-1 4.00159E-1 4.44319E-1 5.95922E-1 5.51317E-1 5.59075E-1 5.48097E-1 5.13975E-1 4.22122E-1 5.32525E-1 5.18831E-1 9.48726E-1 7.34652E-1 7.31908E-1 7.37267E-1 7.78872E-1 5.87995E-1 6.41713E-1 5.69437E-1 4.9021E-1 5.87738E-1 5.08343E-1 7.36288E-1 7.85364E-1 7.7256E-1 8.13881E-1 9.2945E-1 7.81314E-1 6.01317E-1 4.93089E-1 4.56887E-1 4.41747E-1 4.54098E-1 4.86045E-1 4.9693E-1 5.46076E-1 7.84438E-1 8.71361E-1 8.0174E-1
