layers/trop.asc
ncols         638
nrows         825
xllcorner     -2985163.8955
yllcorner     -3022031.214
cellsize      10000.0
NODATA_value  -9999
[rows 348 to 376 of 825, columns 260 to 324 of 638]
1.98934E-1 2.98634E-1 3.65273E-1 3.77057E-1 3.9428E-1 4.10819E-1 5.64091E-1 8.08315E-1 8.15199E-1 5.69471E-1 4.84517E-1 4.09736E-1 4.01784E-1 4.14059E-1 4.05648E-1 4.68655E-1 5.43495E-1 7.30687E-1 6.99053E-1 7.0814E-1 4.66818E-1 4.57476E-1 3.69563E-1 3.13299E-1 2.605E-1 2.49072E-1 2.52186E-1 2.78847E-1 2.71483E-1 2.82547E-1 2.76814E-1 2.71405E-1 2.68457E-1 2.67325E-1 2.49516E-1 2.44541E-1 2.41501E-1 2.4705E-1 2.68703E-1 2.63661E-1 2.86757E-1 3.07944E-1 3.60385E-1 3.47454E-1 3.72591E-1 3.8729E-1 4.12139E-1 4.24176E-1 4.38977E-1 4.58068E-1 4.7331E-1 4.93773E-1 5.68451E-1 6.44304E-1 8.77532E-1 6.37447E-1 4.85691E-1 4.64156E-1 4.54567E-1 4.67004E-1 4.76349E-1 4.92197E-1 4.81052E-1 6.24364E-1 8.59569E-1
3.26353E-1 2.89212E-1 3.5251E-1 3.6511E-1 3.90644E-1 4.10595E-1 5.57329E-1 8.19013E-1 7.70194E-1 7.72156E-1 5.68116E-1 4.81833E-1 4.08751E-1 3.96626E-1 3.95779E-1 4.06323E-1 4.78711E-1 5.53164E-1 5.28285E-1 7.32481E-1 7.20828E-1 6.7638E-1 4.77683E-1 3.836E-1 3.17959E-1 3.23221E-1 2.81922E-1 3.13191E-1 2.98734E-1 3.02469E-1 2.99406E-1 2.90671E-1 2.80921E-1 2.67263E-1 2.61722E-1 2.5429E-1 2.42369E-1 2.33708E-1 2.31531E-1 2.53738E-1 2.67789E-1 2.8959E-1 2.9489E-1 3.33075E-1 3.62551E-1 3.7995E-1 4.07439E-1 4.17842E-1 4.29844E-1 4.48978E-1 4.63043E-1 4.76948E-1 4.96917E-1 6.45939E-1 8.64184E-1 6.41803E-1 4.88484E-1 4.80964E-1 4.70527E-1 4.57648E-1 4.60049E-1 4.70807E-1 4.82081E-1 5.38868E-1 6.21993E-1
3.19801E-1 3.37718E-1 3.54935E-1 3.66103E-1 3.86106E-1 4.00087E-1 4.75429E-1 5.72675E-1 5.7261E-1 7.67687E-1 8.06025E-1 5.64537E-1 4.8191E-1 4.07439E-1 3.90798E-1 3.9513E-1 4.1284E-1 4.10292E-1 4.65749E-1 5.36151E-1 5.38886E-1 7.23968E-1 7.17148E-1 4.99856E-1 3.9446E-1 3.63983E-1 3.58818E-1 3.43697E-1 3.29323E-1 3.29056E-1 3.14001E-1 2.59222E-1 2.48908E-1 2.76975E-1 2.61863E-1 2.55112E-1 2.38269E-1 2.27778E-1 2.25438E-1 2.46542E-1 2.56564E-1 2.8383E-1 3.11953E-1 3.33506E-1 3.48338E-1 3.47561E-1 3.90833E-1 4.12806E-1 4.26539E-1 4.40821E-1 4.60728E-1 4.74678E-1 4.9854E-1 6.46285E-1 8.69E-1 6.41038E-1 6.4059E-1 5.57853E-1 4.84971E-1 4.74192E-1 4.57328E-1 4.45826E-1 4.67076E-1 5.36161E-1 6.18997E-1
3.21852E-1 3.34142E-1 3.49403E-1 3.65417E-1 3.81757E-1 3.92862E-1 4.07687E-1 4.28325E-1 5.02096E-1 5.71824E-1 8.16837E-1 7.64885E-1 5.70351E-1 4.25234E-1 3.92989E-1 3.91015E-1 3.96007E-1 3.95484E-1 3.99044E-1 4.08955E-1 4.69573E-1 5.41092E-1 7.42572E-1 7.26459E-1 5.07582E-1 4.98793E-1 4.35832E-1 3.73931E-1 3.58259E-1 2.9885E-1 2.78209E-1 2.94117E-1 2.9629E-1 2.78281E-1 2.59949E-1 2.53152E-1 2.54978E-1 2.26849E-1 2.20742E-1 2.39241E-1 2.50865E-1 2.63054E-1 2.90291E-1 3.11262E-1 3.3836E-1 2.95677E-1 3.64935E-1 4.01761E-1 4.31335E-1 4.42055E-1 4.62167E-1 4.75798E-1 5.08454E-1 6.53461E-1 8.59242E-1 8.66895E-1 8.34158E-1 6.4479E-1 5.60289E-1 4.84844E-1 4.71866E-1 4.57742E-1 4.70682E-1 6.17606E-1 8.12264E-1
3.10455E-1 3.28467E-1 3.44269E-1 3.56008E-1 3.67999E-1 3.78394E-1 3.87262E-1 4.0418E-1 4.34019E-1 5.81221E-1 8.16819E-1 8.15379E-1 5.72108E-1 4.23177E-1 4.02182E-1 3.89178E-1 3.80345E-1 3.82617E-1 3.84452E-1 3.9957E-1 4.05433E-1 4.67925E-1 5.40997E-1 7.45155E-1 7.28783E-1 7.95895E-1 5.35563E-1 4.49495E-1 3.67647E-1 2.90679E-1 2.86995E-1 3.28182E-1 3.01464E-1 2.77691E-1 2.73451E-1 2.6939E-1 2.53551E-1 2.30775E-1 2.19604E-1 2.12349E-1 2.14944E-1 2.29422E-1 2.63707E-1 3.01776E-1 3.24263E-1 3.20092E-1 3.32396E-1 4.04268E-1 4.18516E-1 4.39612E-1 4.59409E-1 4.74461E-1 4.9477E-1 5.72653E-1 6.51007E-1 6.48198E-1 8.37031E-1 8.64757E-1 6.45031E-1 5.60208E-1 4.91547E-1 4.81934E-1 4.61272E-1 5.31641E-1 6.15917E-1
3.01233E-1 3.09603E-1 3.24108E-1 3.42856E-1 3.47632E-1 3.57254E-1 3.73208E-1 3.94476E-1 4.2567E-1 5.73208E-1 8.00426E-1 5.77338E-1 4.93426E-1 4.16305E-1 4.00595E-1 3.85907E-1 3.64468E-1 3.70854E-1 3.70298E-1 3.85694E-1 3.95138E-1 3.9667E-1 4.80694E-1 5.52466E-1 5.38902E-1 7.42029E-1 7.72375E-1 5.36442E-1 4.49626E-1 3.74405E-1 3.5544E-1 3.35573E-1 3.12428E-1 2.9999E-1 2.90233E-1 2.64322E-1 2.38435E-1 2.34065E-1 2.2816E-1 2.14204E-1 2.03413E-1 2.12609E-1 2.46404E-1 2.78189E-1 3.16844E-1 3.28295E-1 3.08258E-1 3.85182E-1 4.16863E-1 4.36555E-1 4.56959E-1 4.7222E-1 4.75488E-1 4.90531E-1 5.02072E-1 5.66484E-1 6.50176E-1 8.39296E-1 8.37312E-1 6.42953E-1 6.43949E-1 6.33466E-1 5.3264E-1 6.12797E-1 8.52694E-1
3.01281E-1 3.15436E-1 3.18781E-1 3.25481E-1 3.31693E-1 3.44476E-1 3.64066E-1 3.84183E-1 4.26626E-1 5.7575E-1 8.07919E-1 5.7777E-1 4.31939E-1 4.07354E-1 3.94448E-1 3.83976E-1 3.62153E-1 3.56766E-1 3.57069E-1 3.74961E-1 3.81193E-1 3.88199E-1 3.84508E-1 3.99504E-1 5.09068E-1 5.67006E-1 7.72357E-1 7.43978E-1 5.3736E-1 3.89504E-1 3.66816E-1 3.48567E-1 3.26274E-1 3.05533E-1 2.83845E-1 2.26893E-1 2.43783E-1 2.48767E-1 2.46254E-1 2.37092E-1 2.30311E-1 2.37365E-1 2.78614E-1 2.98465E-1 3.02991E-1 3.36196E-1 3.05134E-1 3.36595E-1 3.97395E-1 4.25086E-1 4.43652E-1 4.52847E-1 4.60707E-1 4.85902E-1 4.84064E-1 4.93522E-1 5.72391E-1 6.55134E-1 8.35938E-1 8.33827E-1 8.74696E-1 8.65049E-1 6.13287E-1 8.32472E-1 8.09829E-1
3.18216E-1 3.13517E-1 3.13705E-1 3.29582E-1 3.40877E-1 3.50397E-1 3.65448E-1 3.80538E-1 4.1779E-1 5.63525E-1 8.00119E-1 5.7285E-1 4.30838E-1 4.06195E-1 3.81883E-1 3.69553E-1 3.61939E-1 3.47595E-1 3.4841E-1 3.52084E-1 3.68771E-1 3.77333E-1 3.83027E-1 3.85105E-1 4.42874E-1 5.31619E-1 7.96827E-1 7.4299E-1 5.36085E-1 3.92668E-1 3.70078E-1 3.46739E-1 3.26499E-1 3.13187E-1 2.93729E-1 2.64585E-1 2.42948E-1 2.45938E-1 2.75772E-1 2.54981E-1 2.26491E-1 2.4137E-1 2.76951E-1 3.05091E-1 2.88675E-1 2.53658E-1 3.02395E-1 3.4307E-1 3.73716E-1 4.11238E-1 4.28568E-1 4.43278E-1 4.40646E-1 4.58559E-1 4.76206E-1 4.78898E-1 4.81618E-1 5.58402E-1 6.52079E-1 6.61968E-1 8.77262E-1 8.67849E-1 8.32086E-1 8.07999E-1 6.1118E-1
3.36096E-1 3.38423E-1 3.21397E-1 3.28216E-1 3.46569E-1 3.60313E-1 3.7389E-1 3.85976E-1 4.00786E-1 5.61359E-1 8.00876E-1 5.78671E-1 4.34063E-1 4.07844E-1 3.92834E-1 3.73943E-1 3.46585E-1 3.48332E-1 3.5881E-1 3.63633E-1 3.81453E-1 3.93551E-1 4.00097E-1 3.98186E-1 5.38364E-1 7.853E-1 8.0414E-1 5.2665E-1 4.49703E-1 3.82549E-1 3.70904E-1 3.42555E-1 3.21843E-1 3.10415E-1 2.99384E-1 2.80084E-1 2.70274E-1 2.63782E-1 2.77235E-1 2.60109E-1 2.33586E-1 2.31841E-1 2.57447E-1 2.63665E-1 2.72304E-1 2.40014E-1 2.48213E-1 3.17409E-1 3.39096E-1 3.92605E-1 4.04179E-1 4.21216E-1 4.30875E-1 4.36636E-1 4.52159E-1 4.68572E-1 4.76263E-1 4.71644E-1 4.72795E-1 5.51703E-1 6.32712E-1 8.8082E-1 9.10554E-1 6.43187E-1 6.14645E-1
4.29789E-1 3.44628E-1 3.45566E-1 3.39974E-1 3.58729E-1 3.70628E-1 3.83834E-1 3.88729E-1 4.59312E-1 5.48637E-1 7.94858E-1 5.79881E-1 4.26526E-1 4.15846E-1 3.91818E-1 3.65956E-1 3.49631E-1 3.53851E-1 3.68028E-1 3.77264E-1 3.87863E-1 3.95678E-1 4.69596E-1 5.43556E-1 5.36411E-1 7.79664E-1 5.14965E-1 4.21558E-1 4.06584E-1 3.45166E-1 3.39498E-1 3.27946E-1 3.10026E-1 2.96503E-1 2.81984E-1 2.65796E-1 2.54629E-1 2.62104E-1 2.7319E-1 2.70691E-1 2.71744E-1 2.41625E-1 2.21888E-1 2.48434E-1 2.4223E-1 2.44182E-1 2.6741E-1 2.91923E-1 2.76685E-1 3.42822E-1 3.871E-1 3.86361E-1 3.78755E-1 4.20267E-1 4.40712E-1 4.41714E-1 4.42969E-1 4.52745E-1 4.55465E-1 4.59852E-1 5.40965E-1 6.36135E-1 8.60961E-1 8.26349E-1 8.68089E-1
3.06138E-1 3.21037E-1 3.6656E-1 3.74699E-1 3.60543E-1 3.66968E-1 3.70144E-1 3.81677E-1 5.23901E-1 7.82762E-1 8.18494E-1 5.81658E-1 4.25797E-1 3.99993E-1 3.89472E-1 3.66148E-1 3.59517E-1 3.63838E-1 3.69993E-1 3.84766E-1 3.97357E-1 4.59776E-1 5.40685E-1 7.47636E-1 7.39219E-1 5.31078E-1 4.4699E-1 3.77127E-1 3.40522E-1 2.83756E-1 2.77972E-1 2.78136E-1 2.7949E-1 2.82132E-1 2.61223E-1 2.54399E-1 2.47519E-1 2.47594E-1 2.63204E-1 2.77069E-1 2.75387E-1 2.58691E-1 2.20435E-1 2.58041E-1 2.73855E-1 2.79625E-1 3.03568E-1 2.90208E-1 3.05315E-1 3.1776E-1 3.60036E-1 3.35591E-1 3.23546E-1 3.82569E-1 4.2533E-1 4.32031E-1 4.30445E-1 4.33381E-1 4.29954E-1 4.37725E-1 4.74614E-1 5.86702E-1 6.45298E-1 8.52522E-1 8.95861E-1
3.75787E-1 3.35218E-1 2.94939E-1 3.55587E-1 3.55003E-1 3.86193E-1 3.76652E-1 3.78528E-1 4.50343E-1 5.47584E-1 8.15612E-1 5.74588E-1 4.24745E-1 3.96178E-1 3.89004E-1 3.65526E-1 3.69562E-1 3.77489E-1 3.78113E-1 3.90806E-1 4.02746E-1 5.41465E-1 7.73139E-1 7.46301E-1 5.40749E-1 4.55508E-1 3.84889E-1 3.73518E-1 3.424E-1 3.13155E-1 2.66233E-1 2.46461E-1 2.4973E-1 2.4301E-1 2.54714E-1 2.52904E-1 2.60763E-1 2.61987E-1 2.40815E-1 2.54933E-1 2.75293E-1 2.73419E-1 2.40975E-1 2.12569E-1 2.39763E-1 2.46729E-1 2.73073E-1 2.88888E-1 2.60548E-1 2.84453E-1 3.30738E-1 2.91073E-1 3.30088E-1 3.81937E-1 4.0853E-1 4.08275E-1 4.26097E-1 4.12548E-1 4.06532E-1 4.14465E-1 4.42228E-1 5.10651E-1 5.92984E-1 5.26118E-1 8.85787E-1
3.96081E-1 3.22142E-1 3.97743E-1 2.8448E-1 3.64231E-1 3.76573E-1 3.66821E-1 3.77648E-1 5.29886E-1 7.45489E-1 7.98645E-1 5.59184E-1 4.16748E-1 4.01958E-1 3.74708E-1 3.61771E-1 3.8012E-1 3.88534E-1 3.93298E-1 4.04872E-1 4.63486E-1 5.40745E-1 7.56234E-1 5.29064E-1 4.55243E-1 3.87153E-1 3.73109E-1 3.55034E-1 3.30345E-1 2.93741E-1 2.63749E-1 2.4835E-1 2.42734E-1 2.46554E-1 2.53877E-1 2.68126E-1 2.83448E-1 2.72547E-1 2.49208E-1 2.37252E-1 2.69228E-1 2.76938E-1 2.68588E-1 2.55553E-1 2.36626E-1 2.22372E-1 2.29683E-1 2.31658E-1 2.76271E-1 2.60776E-1 3.11558E-1 2.78143E-1 3.03856E-1 3.57333E-1 3.51066E-1 3.36576E-1 3.92836E-1 4.00996E-1 3.95632E-1 3.92184E-1 4.20444E-1 4.47722E-1 6.46394E-1 8.18818E-1 8.94389E-1
4.38517E-1 3.42334E-1 3.23452E-1 2.89874E-1 3.5301E-1 3.33403E-1 3.51352E-1 3.71019E-1 5.29096E-1 7.92925E-1 5.61912E-1 4.77021E-1 3.99141E-1 3.83389E-1 3.677E-1 3.60259E-1 3.77094E-1 3.9692E-1 4.62718E-1 5.35926E-1 5.3139E-1 7.4465E-1 7.38334E-1 5.30993E-1 3.87485E-1 3.74912E-1 3.57557E-1 3.46839E-1 3.24802E-1 3.04272E-1 2.65865E-1 2.31488E-1 2.29176E-1 2.28001E-1 2.27476E-1 2.36334E-1 2.60683E-1 2.92804E-1 2.50266E-1 2.26652E-1 2.57217E-1 2.61589E-1 2.87566E-1 2.82427E-1 2.86745E-1 2.73097E-1 2.79364E-1 2.66895E-1 2.43248E-1 2.63272E-1 2.65464E-1 2.79231E-1 2.72983E-1 3.49086E-1 3.17138E-1 2.69851E-1 3.31645E-1 3.9523E-1 3.91991E-1 3.77503E-1 3.57768E-1 3.88499E-1 5.51094E-1 6.24743E-1 9.03866E-1
3.36666E-1 2.48604E-1 3.40827E-1 3.21647E-1 3.24842E-1 3.14179E-1 3.45516E-1 3.64614E-1 5.08428E-1 7.77504E-1 5.47857E-1 4.02569E-1 3.87598E-1 3.64758E-1 3.64781E-1 3.76464E-1 3.7734E-1 3.96061E-1 5.39433E-1 7.88986E-1 7.33084E-1 7.39792E-1 5.35412E-1 4.53441E-1 3.8206E-1 3.6118E-1 3.41494E-1 3.31781E-1 3.19743E-1 3.07154E-1 2.75161E-1 2.42204E-1 2.23203E-1 2.24083E-1 2.26922E-1 2.21497E-1 2.28042E-1 2.53276E-1 2.41736E-1 2.33431E-1 2.42272E-1 3.21904E-1 2.54377E-1 2.86228E-1 3.03919E-1 3.02E-1 2.92406E-1 2.93562E-1 2.6059E-1 2.3541E-1 2.49317E-1 2.51726E-1 2.7324E-1 2.8258E-1 2.90783E-1 2.97874E-1 3.35088E-1 3.72075E-1 3.88165E-1 3.66903E-1 3.35472E-1 3.89867E-1 4.94587E-1 6.75509E-1 9.04435E-1
2.8441E-1 2.21351E-1 3.42697E-1 3.04676E-1 3.08845E-1 3.264E-1 3.40388E-1 4.08458E-1 4.85567E-1 7.55305E-1 5.2469E-1 3.91473E-1 3.72227E-1 3.61229E-1 3.73242E-1 3.91255E-1 3.91504E-1 4.50209E-1 5.34502E-1 7.86471E-1 7.80376E-1 5.27012E-1 4.51597E-1 3.82535E-1 3.70548E-1 3.54507E-1 3.35132E-1 3.21948E-1 3.16458E-1 3.04404E-1 2.78408E-1 2.49251E-1 2.29753E-1 2.19926E-1 2.22287E-1 2.23263E-1 2.06753E-1 2.22549E-1 2.29639E-1 2.50615E-1 2.33747E-1 2.21169E-1 2.28879E-1 2.46571E-1 3.15233E-1 3.35957E-1 3.21294E-1 3.20635E-1 2.98688E-1 2.44981E-1 2.3875E-1 2.4352E-1 2.44013E-1 2.54628E-1 2.51931E-1 2.81737E-1 2.84559E-1 3.24055E-1 3.51334E-1 3.48065E-1 3.60651E-1 4.25823E-1 4.79034E-1 6.31597E-1 9.08803E-1
2.25169E-1 3.48273E-1 2.20218E-1 2.99984E-1 3.17594E-1 3.28465E-1 3.26761E-1 4.57422E-1 6.6818E-1 7.58706E-1 5.09066E-1 3.80586E-1 3.64063E-1 3.64195E-1 3.72508E-1 4.50909E-1 5.32601E-1 5.28026E-1 7.32449E-1 7.37386E-1 5.29274E-1 4.44939E-1 3.73534E-1 3.64471E-1 3.54704E-1 3.42683E-1 3.28236E-1 3.16003E-1 3.11997E-1 3.01114E-1 2.76018E-1 2.50626E-1 2.28837E-1 2.10015E-1 2.07109E-1 2.26427E-1 2.16704E-1 2.1279E-1 2.25406E-1 2.54281E-1 2.74988E-1 2.54753E-1 2.21281E-1 2.41139E-1 3.43474E-1 3.1582E-1 3.08211E-1 3.43166E-1 3.36101E-1 3.11454E-1 2.70552E-1 2.53613E-1 2.53055E-1 2.67639E-1 2.85383E-1 2.65767E-1 2.73525E-1 2.78759E-1 3.14659E-1 3.37615E-1 3.79857E-1 4.45168E-1 5.47663E-1 6.36257E-1 9.07984E-1
1.72165E-1 3.30459E-1 2.48325E-1 3.31771E-1 3.10868E-1 3.18233E-1 3.60302E-1 4.40721E-1 7.17038E-1 7.09671E-1 4.98242E-1 3.72085E-1 3.53652E-1 3.61743E-1 3.78735E-1 5.13781E-1 7.78574E-1 7.81033E-1 7.72295E-1 5.26448E-1 4.4353E-1 3.76466E-1 3.61499E-1 3.4468E-1 3.37042E-1 3.24025E-1 3.16585E-1 3.10874E-1 3.01816E-1 2.92946E-1 2.79912E-1 2.59883E-1 2.37836E-1 2.20854E-1 2.07836E-1 2.20776E-1 2.27712E-1 1.95987E-1 2.09303E-1 2.57671E-1 2.8438E-1 2.87627E-1 2.8972E-1 2.96608E-1 2.87718E-1 2.72873E-1 2.82447E-1 3.54757E-1 3.60235E-1 3.62596E-1 3.46216E-1 3.29801E-1 3.27796E-1 3.30779E-1 3.32367E-1 3.29769E-1 3.23477E-1 3.30538E-1 3.35943E-1 3.68689E-1 4.01042E-1 4.47102E-1 6.41579E-1 8.51355E-1 9.07032E-1
3.05215E-1 3.23499E-1 2.86633E-1 3.74129E-1 3.11456E-1 3.0251E-1 4.19207E-1 6.91464E-1 7.11649E-1 4.72208E-1 4.14236E-1 3.5579E-1 3.37928E-1 3.59943E-1 4.31404E-1 5.0821E-1 7.43647E-1 7.4977E-1 5.18198E-1 4.35354E-1 3.64648E-1 3.58537E-1 3.4502E-1 3.32365E-1 3.17727E-1 3.0894E-1 2.9843E-1 2.87597E-1 2.86693E-1 2.80517E-1 2.65417E-1 2.56385E-1 2.39718E-1 2.27285E-1 2.16825E-1 2.18688E-1 2.34893E-1 2.10591E-1 2.02923E-1 2.51628E-1 2.87395E-1 3.03756E-1 3.13884E-1 3.25112E-1 3.28642E-1 3.33008E-1 3.2346E-1 3.51324E-1 3.76112E-1 3.80306E-1 3.87315E-1 3.77338E-1 3.75905E-1 3.82406E-1 3.88113E-1 3.93708E-1 3.92258E-1 3.98317E-1 4.16026E-1 4.31666E-1 4.37314E-1 4.6228E-1 6.53112E-1 8.54408E-1 8.7689E-1
3.72943E-1 3.40028E-1 3.41568E-1 3.59423E-1 3.472E-1 3.48177E-1 4.10625E-1 6.4835E-1 4.49895E-1 3.86966E-1 3.3905E-1 3.35078E-1 3.3325E-1 3.5189E-1 4.98872E-1 7.04009E-1 7.52782E-1 5.06912E-1 4.28927E-1 3.65224E-1 3.49919E-1 3.34598E-1 3.27035E-1 3.15632E-1 3.08698E-1 2.98068E-1 2.88947E-1 2.72931E-1 2.64234E-1 2.65097E-1 2.50049E-1 2.30764E-1 2.31055E-1 2.24757E-1 2.24169E-1 2.17506E-1 2.32062E-1 2.44773E-1 2.24665E-1 2.37236E-1 2.79386E-1 3.04625E-1 3.19973E-1 3.3497E-1 3.54322E-1 3.64136E-1 3.77961E-1 3.93206E-1 3.97726E-1 3.95849E-1 4.16259E-1 4.06602E-1 4.12985E-1 4.2264E-1 4.284E-1 4.31606E-1 4.45095E-1 4.58881E-1 4.72879E-1 4.89736E-1 4.985E-1 5.68664E-1 6.51464E-1 8.61933E-1 6.84407E-1
4.33067E-1 4.3754E-1 4.43094E-1 3.87769E-1 4.42871E-1 4.14377E-1 5.9714E-1 4.16277E-1 3.66536E-1 3.14787E-1 3.19082E-1 3.08603E-1 3.2141E-1 3.38484E-1 4.08189E-1 4.89641E-1 4.92009E-1 4.24122E-1 3.57969E-1 3.50852E-1 3.36375E-1 3.19847E-1 3.06784E-1 2.99392E-1 2.92652E-1 2.80945E-1 2.75192E-1 2.64483E-1 2.4427E-1 2.40554E-1 2.38041E-1 2.16117E-1 2.09123E-1 2.1121E-1 2.29115E-1 2.1906E-1 2.35341E-1 2.60897E-1 2.54191E-1 2.40857E-1 2.62229E-1 2.98035E-1 3.25953E-1 3.3823E-1 3.58777E-1 3.74548E-1 4.01667E-1 4.14453E-1 4.19408E-1 4.25294E-1 4.33584E-1 4.22997E-1 4.34609E-1 4.42816E-1 4.45459E-1 4.42561E-1 4.57832E-1 4.72204E-1 4.87607E-1 5.01966E-1 5.75003E-1 6.46485E-1 8.45648E-1 9.12405E-1 7.23609E-1
3.50458E-1 4.79622E-1 4.62197E-1 3.65381E-1 6.58571E-1 6.22829E-1 6.48974E-1 4.12762E-1 3.0362E-1 2.98547E-1 2.93128E-1 2.85952E-1 3.01127E-1 3.21132E-1 3.32269E-1 3.445E-1 3.46603E-1 3.49035E-1 3.3712E-1 3.29312E-1 3.16641E-1 2.97942E-1 2.9136E-1 2.79205E-1 2.68858E-1 2.56938E-1 2.53338E-1 2.45827E-1 2.32914E-1 2.15555E-1 2.17199E-1 2.06492E-1 2.01812E-1 1.98015E-1 2.18726E-1 2.39729E-1 2.47402E-1 2.75732E-1 2.78864E-1 2.63989E-1 2.58193E-1 2.78342E-1 2.94949E-1 3.26206E-1 3.50582E-1 3.71393E-1 4.01581E-1 4.18265E-1 4.27229E-1 4.36216E-1 4.40062E-1 4.38893E-1 4.59722E-1 4.5995E-1 4.58295E-1 4.56385E-1 4.573E-1 4.73553E-1 4.88453E-1 5.02344E-1 6.47089E-1 8.66852E-1 9.31304E-1 9.34053E-1 7.31897E-1
3.44772E-1 4.04626E-1 6.62413E-1 6.29761E-1 5.68343E-1 6.13215E-1 4.08688E-1 3.42405E-1 2.92091E-1 2.82074E-1 2.69193E-1 2.64925E-1 2.80664E-1 2.98995E-1 3.09789E-1 3.15539E-1 3.12061E-1 3.14141E-1 3.10574E-1 3.02001E-1 2.84897E-1 2.66757E-1 2.65071E-1 2.56754E-1 2.43653E-1 2.3631E-1 2.26955E-1 2.27987E-1 2.15173E-1 2.09978E-1 2.04401E-1 2.00657E-1 2.05037E-1 2.00864E-1 2.14457E-1 2.54963E-1 2.60099E-1 2.8466E-1 2.97653E-1 2.87539E-1 2.75751E-1 2.6734E-1 2.16504E-1 2.33321E-1 3.25347E-1 3.62926E-1 3.91983E-1 4.11471E-1 4.345E-1 4.51064E-1 4.57693E-1 4.59542E-1 4.67809E-1 4.83398E-1 4.85839E-1 4.763E-1 4.63537E-1 4.68523E-1 4.8508E-1 5.00363E-1 6.43744E-1 9.09976E-1 9.27963E-1 7.51839E-1 7.43473E-1
4.19883E-1 3.62805E-1 6.17249E-1 6.23853E-1 4.28979E-1 4.26072E-1 3.55398E-1 2.89977E-1 2.84074E-1 2.65888E-1 2.55125E-1 2.50609E-1 2.60307E-1 2.74942E-1 2.83462E-1 2.86095E-1 2.89912E-1 2.80056E-1 2.76223E-1 2.66499E-1 2.56875E-1 2.42464E-1 2.42155E-1 2.36619E-1 2.26127E-1 2.23632E-1 2.16978E-1 2.15309E-1 2.07404E-1 1.95851E-1 1.90079E-1 1.94727E-1 2.151E-1 2.21633E-1 2.31984E-1 2.70053E-1 2.69984E-1 2.94979E-1 3.09578E-1 3.10836E-1 3.09487E-1 2.99586E-1 2.91299E-1 2.86117E-1 2.94461E-1 3.22681E-1 3.69403E-1 3.93769E-1 4.30888E-1 4.59034E-1 4.71166E-1 4.80087E-1 4.88554E-1 4.96811E-1 5.06179E-1 5.02752E-1 5.05039E-1 4.76126E-1 4.84899E-1 4.91666E-1 6.41791E-1 8.60604E-1 8.72534E-1 9.0194E-1 9.28861E-1
6.74306E-1 5.62548E-1 6.20171E-1 6.49077E-1 4.96675E-1 3.46241E-1 3.26841E-1 2.92116E-1 2.76848E-1 2.54807E-1 2.36829E-1 2.35947E-1 2.42131E-1 2.50238E-1 2.59538E-1 2.58214E-1 2.62229E-1 2.50661E-1 2.48507E-1 2.47456E-1 2.4411E-1 2.3414E-1 2.27771E-1 2.23506E-1 2.22657E-1 2.20741E-1 2.25741E-1 2.20534E-1 2.14104E-1 2.03984E-1 2.09233E-1 2.11894E-1 2.22442E-1 2.36025E-1 2.49632E-1 2.7594E-1 2.88534E-1 3.08064E-1 3.25361E-1 3.29241E-1 3.34589E-1 3.22911E-1 3.05333E-1 3.09985E-1 3.00365E-1 3.05946E-1 3.13053E-1 3.60003E-1 4.1216E-1 4.56491E-1 4.8653E-1 4.9428E-1 5.10294E-1 5.20716E-1 5.27025E-1 5.308E-1 5.23973E-1 4.98633E-1 4.73522E-1 4.47794E-1 5.22474E-1 6.13495E-1 6.0317E-1 7.10106E-1 9.44575E-1
4.28057E-1 4.71087E-1 4.2459E-1 4.68533E-1 4.05314E-1 3.49721E-1 3.12226E-1 2.81042E-1 2.79478E-1 2.43992E-1 2.2805E-1 2.21059E-1 2.18912E-1 2.25516E-1 2.3831E-1 2.41965E-1 2.39706E-1 2.381E-1 2.35902E-1 2.3379E-1 2.29793E-1 2.30414E-1 2.21493E-1 2.1596E-1 2.18778E-1 2.18297E-1 2.23141E-1 2.21665E-1 2.27911E-1 2.27313E-1 2.30372E-1 2.35044E-1 2.33281E-1 2.47857E-1 2.64982E-1 2.84646E-1 3.04448E-1 3.23216E-1 3.41499E-1 3.454E-1 3.41814E-1 3.41521E-1 3.30789E-1 3.32982E-1 3.30673E-1 2.5E-1 2.3026E-1 2.6423E-1 3.01938E-1 4.47047E-1 4.89096E-1 5.10334E-1 5.84857E-1 6.69187E-1 6.75363E-1 5.95914E-1 5.23671E-1 5.06579E-1 4.74716E-1 4.0092E-1 4.6257E-1 4.68957E-1 3.53475E-1 4.90263E-1 7.84761E-1
3.6002E-1 3.63229E-1 3.35946E-1 3.65303E-1 4.04685E-1 3.66625E-1 2.97029E-1 2.6783E-1 2.54743E-1 2.33751E-1 2.14981E-1 2.08188E-1 2.01107E-1 2.07964E-1 2.16743E-1 2.20669E-1 2.17707E-1 2.18063E-1 2.20045E-1 2.18445E-1 2.21458E-1 2.18477E-1 2.17529E-1 2.13319E-1 2.11539E-1 2.11302E-1 2.14306E-1 2.30749E-1 2.40453E-1 2.48376E-1 2.49159E-1 2.53503E-1 2.47734E-1 2.596E-1 2.81568E-1 3.00771E-1 3.22765E-1 3.3751E-1 3.55913E-1 3.6242E-1 3.66722E-1 3.63422E-1 3.64722E-1 3.61149E-1 3.64092E-1 3.44428E-1 3.31083E-1 2.52558E-1 2.78799E-1 4.22501E-1 4.74298E-1 5.21618E-1 6.68832E-1 8.4974E-1 8.53819E-1 6.71055E-1 5.82944E-1 5.08263E-1 4.91359E-1 4.42608E-1 4.7629E-1 5.10062E-1 4.42253E-1 3.96909E-1 7.83169E-1
3.25561E-1 3.15561E-1 3.33012E-1 3.77841E-1 3.78594E-1 3.79103E-1 2.85931E-1 2.54016E-1 2.31124E-1 2.14413E-1 2.00667E-1 1.914E-1 1.87093E-1 1.92124E-1 1.99707E-1 2.01663E-1 1.96437E-1 1.96448E-1 2.003E-1 2.02859E-1 2.13073E-1 2.05999E-1 2.0668E-1 2.01034E-1 1.96416E-1 2.06743E-1 2.19827E-1 2.32343E-1 2.45672E-1 2.59714E-1 2.68999E-1 2.74981E-1 2.77401E-1 2.80346E-1 2.8768E-1 3.09309E-1 3.29537E-1 3.58577E-1 3.70901E-1 3.80237E-1 3.90298E-1 3.9643E-1 4.01793E-1 4.04159E-1 3.95038E-1 3.84163E-1 3.65787E-1 3.40298E-1 3.5039E-1 4.03572E-1 4.65622E-1 5.06502E-1 5.76233E-1 6.53397E-1 8.8467E-1 8.4911E-1 6.5943E-1 5.10734E-1 4.94335E-1 4.67145E-1 4.62536E-1 4.85598E-1 4.67096E-1 4.988E-1 7.01353E-1
3.35135E-1 2.91201E-1 2.76239E-1 3.10972E-1 2.98387E-1 3.34766E-1 2.89757E-1 2.44333E-1 2.18343E-1 1.99822E-1 1.88459E-1 1.78426E-1 1.75124E-1 1.77094E-1 1.84485E-1 1.8599E-1 1.807E-1 1.78775E-1 1.81651E-1 1.87863E-1 1.92157E-1 1.94408E-1 1.94465E-1 1.93178E-1 1.87268E-1 2.04317E-1 2.17183E-1 2.27342E-1 2.41058E-1 2.66023E-1 2.87409E-1 2.94701E-1 2.99208E-1 2.99786E-1 3.01462E-1 3.12866E-1 3.33107E-1 3.64224E-1 3.79674E-1 3.97868E-1 4.1248E-1 4.24603E-1 4.42293E-1 4.47028E-1 4.36426E-1 3.26686E-1 3.00197E-1 2.76026E-1 3.2498E-1 3.92293E-1 4.51381E-1 4.85871E-1 4.97411E-1 5.66711E-1 6.6355E-1 8.66131E-1 6.54037E-1 5.02985E-1 4.87002E-1 4.63012E-1 4.67259E-1 4.88443E-1 5.48943E-1 6.12552E-1 8.99044E-1
