layers/trop.asc
ncols         638
nrows         825
xllcorner     -2985163.8955
yllcorner     -3022031.214
cellsize      10000.0
NODATA_value  -9999
[rows 203 to 231 of 825, columns 195 to 259 of 638]
4.97301E-1 4.27495E-1 4.40141E-1 4.65813E-1 4.64683E-1 3.71747E-1 3.80205E-1 3.53149E-1 3.76061E-1 3.90864E-1 4.24808E-1 4.35982E-1 4.37765E-1 4.39309E-1 5.42755E-1 7.59732E-1 8.33709E-1 7.79142E-1 5.18382E-1 4.62548E-1 4.00728E-1 3.74935E-1 3.31627E-1 2.90365E-1 2.77093E-1 2.45484E-1 2.12157E-1 1.90352E-1 2.00538E-1 2.04466E-1 2.8325E-1 5.92123E-1 5.04832E-1 2.38122E-1 1.54525E-1 1.28312E-1 9.902E-2 7.94127E-2 7.07916E-2 7.31066E-2 7.40249E-2 6.93625E-2 6.34053E-2 7.31153E-2 7.43973E-2 6.58635E-2 9.07587E-2 1.11546E-1 8.97249E-2 9.02162E-2 9.24554E-2 1.15348E-1 1.72212E-1 2.13366E-1 2.5552E-1 2.962E-1 3.37639E-1 3.71333E-1 4.27529E-1 4.7664E-1 5.4964E-1 5.71783E-1 5.96359E-1 6.02249E-1 5.98159E-1
5.26761E-1 4.42007E-1 4.72669E-1 5.02829E-1 4.5643E-1 4.32404E-1 3.90009E-1 3.75374E-1 3.91893E-1 4.03053E-1 4.13249E-1 4.13553E-1 4.05705E-1 4.10395E-1 4.5259E-1 5.5551E-1 8.33211E-1 5.47271E-1 4.41714E-1 3.95518E-1 4.1025E-1 3.73452E-1 3.60455E-1 3.22271E-1 2.9854E-1 2.74928E-1 2.42684E-1 2.15106E-1 2.24922E-1 2.57128E-1 3.62487E-1 6.00791E-1 4.7867E-1 2.26009E-1 1.49235E-1 1.11728E-1 8.98716E-2 7.52306E-2 7.00676E-2 6.62233E-2 6.66293E-2 6.8272E-2 6.59717E-2 7.04778E-2 6.60572E-2 7.35775E-2 9.51838E-2 1.03042E-1 8.26247E-2 7.70494E-2 8.37404E-2 1.09348E-1 1.57956E-1 1.98165E-1 2.38991E-1 2.80261E-1 3.05933E-1 3.51952E-1 4.1964E-1 4.88151E-1 5.38405E-1 5.7476E-1 5.9327E-1 5.60566E-1 5.70824E-1
6.00377E-1 4.61314E-1 5.07025E-1 4.86095E-1 4.21662E-1 4.22196E-1 3.95988E-1 3.97629E-1 3.95951E-1 4.12592E-1 3.9837E-1 3.95881E-1 3.98946E-1 4.00666E-1 5.06922E-1 7.48624E-1 8.30434E-1 5.46667E-1 3.95186E-1 3.67488E-1 4.16072E-1 3.80992E-1 3.69497E-1 3.49749E-1 3.22333E-1 2.99933E-1 2.98965E-1 2.70184E-1 2.5198E-1 3.32691E-1 5.88195E-1 5.31942E-1 2.96368E-1 1.85625E-1 1.37747E-1 1.048E-1 8.65358E-2 7.38149E-2 6.99036E-2 6.9289E-2 6.96228E-2 6.85529E-2 7.94231E-2 6.86284E-2 7.13766E-2 8.34169E-2 8.6763E-2 9.94414E-2 8.95743E-2 8.97251E-2 9.65168E-2 1.12155E-1 1.36175E-1 1.723E-1 2.29974E-1 2.73753E-1 2.97217E-1 3.70071E-1 3.97724E-1 4.4616E-1 4.48142E-1 5.19652E-1 5.42305E-1 5.61338E-1 5.98205E-1
5.10374E-1 4.82437E-1 4.81005E-1 4.61797E-1 3.98377E-1 4.03554E-1 3.82668E-1 3.91078E-1 3.88061E-1 4.10718E-1 3.87444E-1 3.87923E-1 3.92045E-1 4.3499E-1 5.18694E-1 7.83279E-1 5.61038E-1 4.52462E-1 3.74856E-1 3.74938E-1 3.85309E-1 3.91685E-1 3.85478E-1 3.6456E-1 3.38983E-1 3.25013E-1 3.2799E-1 3.08383E-1 3.22844E-1 3.88299E-1 6.25638E-1 5.44386E-1 2.8389E-1 1.60358E-1 1.39626E-1 1.0795E-1 8.91097E-2 7.84396E-2 7.27637E-2 7.22282E-2 7.21471E-2 7.57939E-2 8.3475E-2 7.69475E-2 7.44857E-2 7.47801E-2 7.37182E-2 8.13723E-2 7.93198E-2 8.7911E-2 9.78241E-2 1.0668E-1 1.27466E-1 1.78413E-1 2.25793E-1 2.66884E-1 2.78464E-1 3.18692E-1 3.31167E-1 3.73899E-1 4.30754E-1 4.88639E-1 5.4706E-1 5.99041E-1 6.14966E-1
4.46024E-1 4.40786E-1 4.5949E-1 4.3299E-1 3.90014E-1 3.71164E-1 3.73032E-1 3.77397E-1 3.68828E-1 4.12639E-1 3.84849E-1 3.79432E-1 3.78653E-1 4.90174E-1 7.76293E-1 7.4742E-1 5.5056E-1 4.01944E-1 3.85154E-1 3.79387E-1 3.63137E-1 3.94784E-1 4.1511E-1 3.92305E-1 3.70657E-1 3.51353E-1 3.36246E-1 3.22013E-1 3.93846E-1 6.41352E-1 6.22277E-1 3.48653E-1 2.19062E-1 1.69173E-1 1.39249E-1 1.00121E-1 8.45031E-2 7.93636E-2 8.59231E-2 8.31382E-2 7.91241E-2 8.13006E-2 8.67592E-2 7.32212E-2 6.67953E-2 5.94124E-2 5.98389E-2 6.07349E-2 6.60965E-2 7.39652E-2 8.92167E-2 1.04311E-1 1.28148E-1 1.76412E-1 2.16383E-1 2.41093E-1 2.50857E-1 2.81047E-1 3.11881E-1 3.49899E-1 3.89167E-1 4.45808E-1 5.43213E-1 5.88302E-1 5.89498E-1
4.20931E-1 4.09606E-1 4.42661E-1 3.89508E-1 3.74636E-1 3.67295E-1 3.723E-1 3.6143E-1 3.89066E-1 3.7861E-1 3.80466E-1 3.80865E-1 4.53131E-1 5.35571E-1 8.0076E-1 8.02818E-1 5.30565E-1 4.00532E-1 3.92764E-1 3.79082E-1 3.75358E-1 4.06499E-1 4.22085E-1 4.11301E-1 4.0509E-1 3.90018E-1 3.6967E-1 3.30303E-1 4.12637E-1 6.50175E-1 5.84912E-1 3.52739E-1 2.07739E-1 1.79348E-1 1.39776E-1 1.08559E-1 9.2054E-2 8.36369E-2 8.78962E-2 7.71745E-2 7.42575E-2 8.64961E-2 8.26565E-2 7.3214E-2 6.65206E-2 5.40813E-2 6.33136E-2 6.60423E-2 7.04576E-2 7.57082E-2 9.05388E-2 1.13712E-1 1.48521E-1 1.68888E-1 1.86528E-1 2.16787E-1 2.49907E-1 2.75575E-1 2.96216E-1 3.58077E-1 4.03579E-1 4.79084E-1 5.18407E-1 5.5636E-1 5.49768E-1
3.96982E-1 4.07083E-1 4.12617E-1 3.76152E-1 3.68547E-1 3.73042E-1 3.66856E-1 3.73597E-1 3.62182E-1 3.71189E-1 3.66617E-1 3.9865E-1 5.10355E-1 7.29122E-1 7.55146E-1 5.43749E-1 4.47687E-1 3.84866E-1 3.8855E-1 3.83783E-1 3.91135E-1 4.27578E-1 4.16169E-1 4.25621E-1 4.12375E-1 4.18435E-1 4.03596E-1 4.02273E-1 4.63998E-1 6.48634E-1 3.83477E-1 2.90541E-1 2.14049E-1 1.79293E-1 1.30172E-1 1.19948E-1 1.01113E-1 8.7951E-2 8.86253E-2 8.52768E-2 9.07013E-2 7.91311E-2 7.87493E-2 7.11895E-2 6.75296E-2 6.08261E-2 7.17745E-2 7.45756E-2 8.27181E-2 9.32526E-2 1.20775E-1 1.36456E-1 1.41154E-1 1.6291E-1 1.83145E-1 2.05427E-1 2.39174E-1 3.07034E-1 3.16894E-1 3.66054E-1 4.25943E-1 4.92987E-1 4.96608E-1 5.33466E-1 5.29624E-1
3.93156E-1 4.10537E-1 3.77955E-1 3.67215E-1 3.72276E-1 3.73526E-1 3.68701E-1 3.5422E-1 3.52608E-1 3.58214E-1 3.84409E-1 4.28469E-1 5.31651E-1 7.73053E-1 7.29594E-1 5.24786E-1 4.00413E-1 3.86016E-1 3.88435E-1 3.86063E-1 4.13912E-1 4.2547E-1 4.25722E-1 4.44092E-1 4.2347E-1 4.48052E-1 4.88448E-1 5.15243E-1 6.89349E-1 6.08782E-1 3.73034E-1 2.38431E-1 1.89514E-1 1.60964E-1 1.25673E-1 1.29279E-1 1.00245E-1 9.28617E-2 9.84524E-2 9.89926E-2 8.13521E-2 7.83059E-2 7.34585E-2 6.78736E-2 6.97098E-2 7.51725E-2 8.3312E-2 8.46721E-2 8.2351E-2 9.50125E-2 1.04115E-1 1.09857E-1 1.24319E-1 1.4204E-1 1.9023E-1 2.28612E-1 2.66598E-1 3.12283E-1 3.53701E-1 3.83718E-1 4.31892E-1 4.94054E-1 4.85738E-1 5.08085E-1 5.27016E-1
3.85005E-1 3.98692E-1 3.61534E-1 3.58419E-1 3.60906E-1 3.50308E-1 3.59334E-1 3.44829E-1 3.6122E-1 3.83973E-1 4.22843E-1 3.92124E-1 4.2775E-1 5.81662E-1 5.27293E-1 4.501E-1 3.98654E-1 3.90413E-1 3.88063E-1 3.98475E-1 4.29122E-1 4.3292E-1 4.41503E-1 4.52478E-1 4.72139E-1 4.84529E-1 5.6371E-1 7.79879E-1 7.60113E-1 4.72253E-1 3.04635E-1 2.10724E-1 1.76977E-1 1.60669E-1 1.34252E-1 1.26875E-1 1.00128E-1 1.02339E-1 1.06267E-1 9.53587E-2 8.6195E-2 7.6775E-2 7.09586E-2 6.59819E-2 7.14543E-2 7.70099E-2 7.76009E-2 8.07669E-2 7.60229E-2 8.34214E-2 9.24025E-2 1.03191E-1 1.22707E-1 1.57306E-1 1.95463E-1 2.22165E-1 2.49484E-1 2.68486E-1 3.28364E-1 4.06955E-1 4.53123E-1 4.53556E-1 4.55184E-1 4.78555E-1 5.09258E-1
3.8129E-1 3.66599E-1 3.62772E-1 3.55033E-1 3.40728E-1 3.48833E-1 3.51384E-1 3.69718E-1 3.86062E-1 4.10013E-1 3.73857E-1 3.62921E-1 3.8535E-1 4.48502E-1 3.95861E-1 3.79643E-1 3.95625E-1 4.01507E-1 4.07696E-1 4.12894E-1 4.27431E-1 4.34315E-1 4.68008E-1 4.84323E-1 4.90465E-1 4.93041E-1 6.14247E-1 8.29644E-1 7.32563E-1 4.49855E-1 2.63644E-1 2.16791E-1 1.87681E-1 1.74135E-1 1.48328E-1 1.3444E-1 1.25333E-1 1.16054E-1 1.06232E-1 8.80935E-2 8.52051E-2 7.4556E-2 7.39202E-2 7.42095E-2 7.43324E-2 6.9746E-2 6.40104E-2 6.55327E-2 6.95616E-2 7.74077E-2 9.98001E-2 1.12785E-1 1.28628E-1 1.49989E-1 1.7562E-1 2.04815E-1 2.44364E-1 2.98552E-1 3.62571E-1 3.8584E-1 3.93998E-1 4.38628E-1 4.47056E-1 4.6156E-1 4.71415E-1
3.67915E-1 3.6737E-1 3.47351E-1 3.44429E-1 3.43255E-1 3.48118E-1 3.67099E-1 3.83595E-1 3.91664E-1 3.69569E-1 3.56487E-1 3.57125E-1 3.86379E-1 4.13294E-1 3.8263E-1 3.80304E-1 3.99218E-1 4.04958E-1 4.11506E-1 4.19836E-1 4.27412E-1 4.40595E-1 4.7221E-1 5.36258E-1 6.13302E-1 5.8355E-1 6.17639E-1 8.35736E-1 5.41615E-1 3.43928E-1 2.54299E-1 2.25424E-1 2.02892E-1 1.70258E-1 1.73921E-1 1.46674E-1 1.26524E-1 1.07516E-1 9.31077E-2 8.79065E-2 7.819E-2 7.40635E-2 7.65271E-2 7.62515E-2 6.99873E-2 6.63253E-2 6.94242E-2 7.3728E-2 7.42512E-2 8.50422E-2 9.66975E-2 1.07629E-1 1.2823E-1 1.43323E-1 1.65725E-1 2.08656E-1 2.53933E-1 3.14162E-1 3.49955E-1 3.61371E-1 3.74835E-1 4.10914E-1 4.29186E-1 4.36091E-1 4.70077E-1
3.60077E-1 3.53424E-1 3.27591E-1 3.42132E-1 3.46595E-1 3.50142E-1 3.59518E-1 3.65156E-1 3.61044E-1 3.48678E-1 3.47383E-1 3.70392E-1 3.85694E-1 3.95663E-1 3.6782E-1 3.86403E-1 3.99508E-1 4.05369E-1 4.23065E-1 4.35716E-1 4.40115E-1 4.62036E-1 5.18963E-1 5.61012E-1 8.31574E-1 8.48823E-1 8.16992E-1 8.18806E-1 5.24693E-1 2.96641E-1 2.55187E-1 2.2795E-1 2.18799E-1 1.90189E-1 1.54558E-1 1.32294E-1 1.20833E-1 1.1456E-1 1.03966E-1 9.21437E-2 8.46974E-2 7.7065E-2 8.10511E-2 7.75762E-2 7.62198E-2 7.42135E-2 7.58668E-2 8.40658E-2 9.42895E-2 1.03831E-1 1.02888E-1 1.09227E-1 1.23956E-1 1.49589E-1 1.81122E-1 2.03404E-1 2.64525E-1 3.01474E-1 3.29123E-1 3.59969E-1 3.94912E-1 4.15731E-1 4.34949E-1 4.37465E-1 4.94341E-1
3.57957E-1 3.55848E-1 3.49105E-1 3.34543E-1 3.47061E-1 3.56377E-1 3.70549E-1 3.40283E-1 3.41104E-1 3.40447E-1 3.43056E-1 3.50866E-1 3.88542E-1 3.65939E-1 3.6978E-1 3.71236E-1 3.9319E-1 4.02035E-1 4.18135E-1 4.34951E-1 4.54531E-1 5.20033E-1 5.94735E-1 8.59145E-1 8.20403E-1 8.15733E-1 6.12954E-1 7.9478E-1 5.02728E-1 3.08924E-1 2.7143E-1 2.27844E-1 2.04224E-1 1.77769E-1 1.48339E-1 1.4405E-1 1.26547E-1 1.09407E-1 1.00776E-1 1.01235E-1 9.1358E-2 7.41704E-2 7.74333E-2 7.58475E-2 7.20825E-2 7.36364E-2 7.2611E-2 7.63418E-2 8.2764E-2 8.95102E-2 1.01042E-1 1.14479E-1 1.27473E-1 1.59759E-1 1.90716E-1 2.43453E-1 2.57339E-1 3.06596E-1 3.21882E-1 3.61913E-1 3.89117E-1 4.14148E-1 4.17979E-1 4.66049E-1 4.80234E-1
3.6097E-1 3.49529E-1 3.66601E-1 3.58277E-1 3.58817E-1 3.77394E-1 3.61488E-1 3.31679E-1 3.32009E-1 3.40485E-1 3.58525E-1 3.607E-1 3.63365E-1 3.57907E-1 3.62037E-1 3.80599E-1 3.97867E-1 4.09055E-1 4.16974E-1 4.28036E-1 4.78959E-1 6.09636E-1 8.11409E-1 8.58994E-1 5.97787E-1 5.93859E-1 4.84568E-1 5.28253E-1 4.17343E-1 3.23611E-1 2.82835E-1 2.38173E-1 2.08037E-1 1.83683E-1 1.57711E-1 1.47149E-1 1.37175E-1 1.14682E-1 1.03701E-1 9.71145E-2 8.81587E-2 7.79094E-2 8.19612E-2 8.33692E-2 8.05476E-2 7.52788E-2 7.23827E-2 7.70702E-2 7.26203E-2 7.92388E-2 8.85004E-2 1.16221E-1 1.3983E-1 1.92772E-1 2.17208E-1 2.41667E-1 2.71461E-1 3.0274E-1 3.24731E-1 3.77155E-1 3.92759E-1 4.18599E-1 4.48643E-1 4.79888E-1 4.87771E-1
3.64187E-1 3.55303E-1 3.61133E-1 3.81693E-1 3.84466E-1 3.64212E-1 3.30277E-1 3.32189E-1 3.28694E-1 3.5049E-1 3.29597E-1 3.66192E-1 3.60911E-1 3.66878E-1 3.62365E-1 3.93815E-1 3.91176E-1 4.0394E-1 4.13168E-1 4.32034E-1 5.52327E-1 8.09311E-1 8.55206E-1 8.3587E-1 5.81038E-1 4.15094E-1 3.85184E-1 3.80743E-1 3.64492E-1 3.3682E-1 2.75877E-1 2.35555E-1 2.12958E-1 1.96886E-1 1.78057E-1 1.56368E-1 1.40542E-1 1.2481E-1 1.13859E-1 1.0374E-1 9.40569E-2 8.34693E-2 8.15848E-2 8.15534E-2 7.68693E-2 7.33814E-2 7.08363E-2 8.05453E-2 7.81932E-2 7.56758E-2 9.42136E-2 1.30213E-1 1.69831E-1 1.90141E-1 2.40076E-1 3.17464E-1 3.56483E-1 3.89399E-1 4.30912E-1 4.07578E-1 5.4595E-1 6.15659E-1 5.60284E-1 4.99727E-1 5.43689E-1
3.52356E-1 3.70877E-1 3.54019E-1 3.8781E-1 3.73124E-1 3.40035E-1 3.30689E-1 3.34934E-1 3.32695E-1 3.38611E-1 3.33605E-1 3.57446E-1 3.62359E-1 3.5692E-1 3.64319E-1 3.96283E-1 3.99926E-1 4.10039E-1 4.74021E-1 5.58355E-1 5.97205E-1 8.61735E-1 8.58416E-1 8.42253E-1 5.78968E-1 4.08258E-1 3.76113E-1 3.74107E-1 3.59872E-1 3.41308E-1 3.15012E-1 2.58839E-1 2.35434E-1 2.27961E-1 1.98731E-1 1.64178E-1 1.44596E-1 1.28043E-1 1.15651E-1 1.08917E-1 9.54616E-2 8.69814E-2 9.26743E-2 8.76921E-2 7.87441E-2 7.24894E-2 7.54432E-2 8.45354E-2 1.01517E-1 1.04038E-1 1.11519E-1 1.40972E-1 1.67973E-1 1.84711E-1 2.72848E-1 4.84843E-1 5.33301E-1 6.46789E-1 6.72892E-1 5.10873E-1 7.43287E-1 8.22574E-1 6.38077E-1 6.88899E-1 7.109E-1
3.63651E-1 3.47149E-1 3.52808E-1 3.73158E-1 3.52089E-1 3.36102E-1 3.36072E-1 3.33329E-1 3.37214E-1 3.37742E-1 3.49291E-1 3.48514E-1 3.37422E-1 3.43776E-1 3.62529E-1 4.02747E-1 4.05141E-1 4.6733E-1 5.85532E-1 8.40001E-1 8.57013E-1 8.57961E-1 8.31289E-1 5.55027E-1 4.69527E-1 4.03784E-1 3.89176E-1 3.70638E-1 3.55895E-1 3.38317E-1 3.16084E-1 2.99915E-1 2.97662E-1 2.52139E-1 2.15606E-1 1.9235E-1 1.65086E-1 1.5042E-1 1.27268E-1 1.09893E-1 1.06602E-1 1.07797E-1 1.13923E-1 1.09752E-1 9.76445E-2 8.89571E-2 9.26285E-2 1.12527E-1 1.25368E-1 1.37584E-1 1.60848E-1 1.6963E-1 1.75384E-1 2.20101E-1 2.77088E-1 5.32177E-1 5.58117E-1 6.50742E-1 6.93253E-1 6.96959E-1 7.26878E-1 7.70094E-1 7.68157E-1 8.11535E-1 8.20273E-1
3.45897E-1 3.54406E-1 3.78475E-1 3.59287E-1 3.42249E-1 3.30564E-1 3.28336E-1 3.40447E-1 3.27267E-1 3.53398E-1 3.67087E-1 3.48714E-1 3.3525E-1 3.43394E-1 3.67099E-1 3.88312E-1 3.9791E-1 5.77403E-1 8.0271E-1 8.55286E-1 8.3111E-1 5.88787E-1 5.58006E-1 4.77701E-1 4.09499E-1 4.00417E-1 3.86574E-1 3.68618E-1 3.5313E-1 3.41141E-1 3.51728E-1 3.54949E-1 3.09012E-1 2.68876E-1 2.5288E-1 2.27506E-1 1.91539E-1 1.63668E-1 1.4025E-1 1.35522E-1 1.28336E-1 1.3238E-1 1.33083E-1 1.20989E-1 1.12415E-1 1.06952E-1 1.12112E-1 1.19719E-1 1.27623E-1 1.44156E-1 1.64642E-1 2.21104E-1 2.72939E-1 2.91895E-1 4.6821E-1 5.76597E-1 3.7919E-1 5.90389E-1 6.48456E-1 4.67066E-1 5.02847E-1 7.7092E-1 8.02423E-1 8.2394E-1 7.99707E-1
3.43089E-1 3.55219E-1 3.73877E-1 3.45754E-1 3.38702E-1 3.23104E-1 3.40023E-1 3.29973E-1 3.33536E-1 3.461E-1 3.64265E-1 3.52129E-1 3.4165E-1 3.46068E-1 3.76714E-1 4.50028E-1 5.47031E-1 6.02268E-1 8.53691E-1 8.13468E-1 5.51633E-1 4.78779E-1 4.17335E-1 4.07684E-1 4.01259E-1 3.85242E-1 4.001E-1 3.99272E-1 3.76487E-1 3.99217E-1 3.54848E-1 3.54945E-1 2.92372E-1 2.72251E-1 2.45445E-1 2.37053E-1 2.201E-1 2.03112E-1 1.8738E-1 1.8918E-1 1.76576E-1 1.65832E-1 1.62457E-1 1.45504E-1 1.46404E-1 1.41633E-1 1.42992E-1 1.37777E-1 1.42252E-1 1.39226E-1 2.02499E-1 2.66406E-1 4.64648E-1 4.93588E-1 5.57521E-1 5.94866E-1 3.79874E-1 3.67508E-1 3.68166E-1 3.60803E-1 4.28534E-1 5.38318E-1 5.98165E-1 8.26079E-1 6.2407E-1
3.58593E-1 3.72369E-1 3.48783E-1 3.28942E-1 3.26288E-1 3.30216E-1 3.31367E-1 3.19238E-1 3.32323E-1 3.54282E-1 3.38612E-1 3.5037E-1 3.44012E-1 3.51829E-1 3.65797E-1 5.20267E-1 7.92728E-1 8.55265E-1 8.04802E-1 5.68646E-1 4.70529E-1 4.14797E-1 4.1646E-1 4.04043E-1 3.90154E-1 3.76868E-1 3.81204E-1 4.23999E-1 4.07279E-1 3.71302E-1 3.31019E-1 3.29256E-1 3.18778E-1 3.05168E-1 2.7274E-1 2.58358E-1 2.52252E-1 2.46975E-1 2.22587E-1 1.92236E-1 1.66729E-1 1.55236E-1 1.47925E-1 1.4158E-1 1.39833E-1 1.37535E-1 1.49622E-1 1.5034E-1 1.6391E-1 2.09696E-1 2.67746E-1 4.57202E-1 4.87501E-1 5.29378E-1 5.83634E-1 6.08489E-1 3.92258E-1 3.03196E-1 2.75082E-1 3.15204E-1 3.64213E-1 3.83667E-1 4.97501E-1 6.03459E-1 5.27567E-1
3.5708E-1 3.58962E-1 3.32626E-1 3.26273E-1 3.31116E-1 3.25742E-1 3.30844E-1 3.27551E-1 3.50577E-1 3.36758E-1 3.48237E-1 3.66512E-1 3.52588E-1 3.52142E-1 3.59588E-1 5.16863E-1 8.09645E-1 8.13976E-1 5.70516E-1 4.7768E-1 3.99265E-1 3.98374E-1 4.14744E-1 3.98927E-1 3.86711E-1 3.88884E-1 3.90437E-1 3.94183E-1 3.58224E-1 3.42938E-1 3.36404E-1 3.29289E-1 3.36902E-1 3.1783E-1 2.91755E-1 2.71298E-1 2.47408E-1 2.40703E-1 1.93273E-1 1.53659E-1 1.38386E-1 1.29978E-1 1.22244E-1 1.21349E-1 1.1732E-1 1.18562E-1 1.2411E-1 1.34406E-1 1.98523E-1 2.77708E-1 4.82104E-1 3.15286E-1 2.77223E-1 2.89643E-1 5.00857E-1 5.77779E-1 5.89051E-1 3.82298E-1 2.68999E-1 3.05226E-1 3.41253E-1 3.50239E-1 4.1504E-1 4.34206E-1 4.32766E-1
3.53023E-1 3.50015E-1 3.1744E-1 3.16241E-1 3.22921E-1 3.27323E-1 3.34164E-1 3.32358E-1 3.39023E-1 3.43709E-1 3.38141E-1 3.5538E-1 3.52799E-1 3.60344E-1 3.6617E-1 5.1861E-1 8.22028E-1 8.15701E-1 5.92979E-1 3.98146E-1 3.94071E-1 4.08191E-1 3.96383E-1 3.7945E-1 3.73484E-1 3.67091E-1 3.94425E-1 3.88915E-1 3.51002E-1 3.38899E-1 3.33369E-1 3.23313E-1 3.2468E-1 3.24896E-1 3.00948E-1 2.72918E-1 2.42382E-1 2.07758E-1 1.71612E-1 1.55319E-1 1.48397E-1 1.41513E-1 1.46828E-1 1.3649E-1 1.35388E-1 1.36548E-1 1.49173E-1 1.63582E-1 2.4284E-1 4.75367E-1 5.36929E-1 3.13154E-1 2.18731E-1 2.54017E-1 3.22663E-1 6.33466E-1 6.68479E-1 4.08143E-1 3.30812E-1 3.16641E-1 3.55352E-1 3.78237E-1 4.05808E-1 3.99734E-1 4.01508E-1
3.49905E-1 3.30655E-1 3.27663E-1 3.35699E-1 3.45616E-1 3.39112E-1 3.4831E-1 3.42353E-1 3.38126E-1 3.25117E-1 3.42763E-1 3.50124E-1 3.57085E-1 4.16137E-1 4.95841E-1 5.44991E-1 7.91496E-1 8.25428E-1 5.4787E-1 3.99007E-1 3.9287E-1 3.85755E-1 3.78698E-1 3.7488E-1 3.74678E-1 3.67235E-1 3.67225E-1 3.56268E-1 3.45801E-1 3.36859E-1 3.36159E-1 3.24201E-1 3.21743E-1 3.19824E-1 3.14491E-1 2.94895E-1 2.57605E-1 2.2232E-1 1.86077E-1 1.80006E-1 1.65594E-1 1.6559E-1 1.59057E-1 1.5908E-1 1.51888E-1 1.69298E-1 1.7733E-1 1.91242E-1 2.86664E-1 5.36055E-1 5.63674E-1 3.24823E-1 2.43159E-1 2.26888E-1 3.73276E-1 6.49851E-1 7.06769E-1 6.33765E-1 4.41005E-1 3.35624E-1 3.72609E-1 4.15919E-1 3.5435E-1 3.44048E-1 3.65709E-1
3.48335E-1 3.37519E-1 3.33495E-1 3.27911E-1 3.28396E-1 3.58842E-1 3.3703E-1 3.32487E-1 3.33221E-1 3.46106E-1 3.50326E-1 3.46839E-1 3.57212E-1 4.81793E-1 7.11028E-1 5.58209E-1 8.2222E-1 7.88007E-1 5.33246E-1 3.91953E-1 3.83725E-1 3.7963E-1 3.73814E-1 3.78691E-1 3.67165E-1 3.67951E-1 3.56825E-1 3.4931E-1 3.45484E-1 3.35279E-1 3.34021E-1 3.27346E-1 3.2188E-1 3.14922E-1 3.11026E-1 3.01304E-1 2.67657E-1 2.37853E-1 2.1519E-1 1.97348E-1 1.94946E-1 1.99994E-1 1.82258E-1 1.96827E-1 1.69332E-1 1.85898E-1 2.52152E-1 2.95843E-1 3.38428E-1 6.02862E-1 5.25109E-1 3.37312E-1 2.50263E-1 2.57073E-1 3.6087E-1 4.70556E-1 6.99995E-1 4.85032E-1 4.13721E-1 3.70044E-1 3.91803E-1 3.77476E-1 3.2631E-1 3.18227E-1 3.61569E-1
3.46486E-1 3.51506E-1 3.41073E-1 3.53321E-1 3.45909E-1 3.43871E-1 3.37854E-1 3.48643E-1 3.52316E-1 3.50316E-1 3.50566E-1 3.52707E-1 4.17574E-1 4.97833E-1 7.78314E-1 7.74858E-1 7.56121E-1 5.09856E-1 4.21907E-1 3.61465E-1 3.49129E-1 3.50578E-1 3.59228E-1 3.70447E-1 3.54667E-1 3.53342E-1 3.49463E-1 3.44179E-1 3.40276E-1 3.36509E-1 3.33001E-1 3.23081E-1 3.19614E-1 3.08777E-1 3.0606E-1 3.01477E-1 2.82784E-1 2.65383E-1 2.94896E-1 3.48817E-1 3.29918E-1 3.08362E-1 2.96449E-1 2.94703E-1 2.8823E-1 2.76359E-1 4.7742E-1 5.62478E-1 5.42055E-1 5.69145E-1 3.58883E-1 3.01198E-1 2.6908E-1 2.7789E-1 4.51768E-1 7.07684E-1 7.73297E-1 5.1584E-1 3.90081E-1 3.96657E-1 3.80404E-1 3.50946E-1 3.13987E-1 3.22424E-1 3.74129E-1
3.39515E-1 3.47753E-1 3.60347E-1 3.62696E-1 3.4523E-1 3.40865E-1 3.48478E-1 3.61969E-1 3.52115E-1 3.56812E-1 3.50952E-1 4.11305E-1 4.89188E-1 7.4063E-1 8.06665E-1 5.78636E-1 5.57022E-1 3.97029E-1 3.32389E-1 3.3065E-1 3.20769E-1 3.10998E-1 3.22E-1 3.40002E-1 3.46856E-1 3.47661E-1 3.42028E-1 3.4241E-1 3.34222E-1 3.72699E-1 3.62265E-1 3.35536E-1 3.20038E-1 3.05652E-1 3.04173E-1 2.9778E-1 3.2009E-1 3.14652E-1 4.31101E-1 7.10275E-1 6.93884E-1 6.20406E-1 6.48742E-1 5.81471E-1 5.95501E-1 5.78854E-1 5.86339E-1 6.25692E-1 6.18757E-1 4.25416E-1 3.23007E-1 2.7631E-1 3.01403E-1 3.60761E-1 5.38356E-1 5.87019E-1 8.05882E-1 5.50883E-1 4.06885E-1 4.01152E-1 3.6926E-1 3.3427E-1 3.17006E-1 3.37023E-1 3.93333E-1
3.77488E-1 3.54965E-1 3.56898E-1 3.60822E-1 3.4827E-1 3.56406E-1 4.17139E-1 4.95237E-1 4.12251E-1 4.79403E-1 4.73443E-1 4.7041E-1 6.90506E-1 7.99573E-1 8.07455E-1 5.2684E-1 3.8997E-1 3.43436E-1 3.29558E-1 3.20384E-1 3.10417E-1 3.07844E-1 3.18657E-1 3.46462E-1 3.36979E-1 3.29721E-1 3.35972E-1 3.46093E-1 3.42117E-1 3.74206E-1 3.7633E-1 3.62871E-1 3.42751E-1 3.15356E-1 3.11497E-1 3.32823E-1 3.56181E-1 3.57907E-1 5.15547E-1 6.49376E-1 6.12075E-1 5.32755E-1 5.19575E-1 3.51322E-1 3.52821E-1 3.61601E-1 3.64464E-1 4.02745E-1 4.20849E-1 3.51516E-1 2.99283E-1 3.09226E-1 3.38732E-1 5.11412E-1 7.72709E-1 8.49637E-1 8.58369E-1 5.75697E-1 4.12913E-1 4.03169E-1 3.7508E-1 3.48009E-1 3.26305E-1 3.30262E-1 3.88979E-1
4.08197E-1 4.11614E-1 4.40377E-1 5.17423E-1 5.17292E-1 5.09145E-1 5.04421E-1 7.41404E-1 5.10152E-1 7.13957E-1 7.09317E-1 7.48178E-1 7.88198E-1 7.97652E-1 7.62958E-1 4.86326E-1 3.59555E-1 3.32887E-1 3.3047E-1 3.12609E-1 3.0038E-1 2.99593E-1 3.1384E-1 3.2731E-1 3.16211E-1 3.18181E-1 3.20376E-1 3.30193E-1 3.27561E-1 3.30032E-1 3.58648E-1 3.90597E-1 3.99419E-1 3.55696E-1 3.4909E-1 3.83527E-1 4.12097E-1 3.88459E-1 4.00265E-1 3.9685E-1 3.45397E-1 3.25465E-1 3.15604E-1 2.44953E-1 2.03702E-1 2.47553E-1 2.58049E-1 2.86702E-1 3.21347E-1 3.12842E-1 3.07629E-1 3.84234E-1 4.97565E-1 5.82733E-1 8.3076E-1 8.63778E-1 6.24745E-1 5.15181E-1 4.11786E-1 3.81847E-1 3.74235E-1 3.57475E-1 3.19174E-1 3.30134E-1 3.9192E-1
5.42889E-1 5.44107E-1 5.44217E-1 7.73088E-1 7.89633E-1 7.60738E-1 7.27839E-1 7.94769E-1 7.7066E-1 7.79157E-1 7.72467E-1 7.65366E-1 7.21146E-1 4.9707E-1 4.92503E-1 4.1494E-1 3.48377E-1 3.3362E-1 3.12945E-1 2.95495E-1 2.93042E-1 2.99649E-1 3.03016E-1 3.05206E-1 3.18438E-1 3.17663E-1 3.16382E-1 3.15183E-1 3.137E-1 3.38967E-1 3.51668E-1 3.77603E-1 3.80473E-1 4.07901E-1 4.22393E-1 4.1339E-1 3.66049E-1 3.30112E-1 3.05827E-1 2.82992E-1 2.6458E-1 2.57891E-1 2.43277E-1 2.28562E-1 2.24089E-1 2.4338E-1 2.64265E-1 3.20661E-1 3.23735E-1 2.91483E-1 3.18518E-1 4.88072E-1 7.92727E-1 8.29697E-1 8.52276E-1 6.20432E-1 5.53243E-1 4.71818E-1 3.99549E-1 3.35468E-1 3.47802E-1 3.38533E-1 3.14612E-1 3.24211E-1 3.79007E-1
