layers/trop.asc
ncols         638
nrows         825
xllcorner     -2985163.8955
yllcorner     -3022031.214
cellsize      10000.0
NODATA_value  -9999
[rows 261 to 289 of 825, columns 390 to 454 of 638]
1.74068E-1 2.232E-1 1.78682E-1 1.9966E-1 2.1502E-1 2.22377E-1 2.14271E-1 2.64963E-1 3.98496E-1 3.50728E-1 3.58161E-1 3.84679E-1 4.00894E-1 4.65492E-1 4.73923E-1 6.12315E-1 8.14186E-1 9.22657E-1 7.5392E-1 6.96158E-1 5.61066E-1 4.2123E-1 4.75267E-1 5.82417E-1 6.0957E-1 4.89047E-1 4.4291E-1 4.37279E-1 4.31046E-1 3.91954E-1 4.22318E-1 4.13406E-1 3.53746E-1 6.50025E-1 4.92892E-1 6.99735E-1 8.35662E-1 5.1567E-1 5.02462E-1 6.79136E-1 5.65224E-1 5.05948E-1 3.87361E-1 4.43202E-1 4.23335E-1 3.71208E-1 4.31145E-1 3.67416E-1 3.23608E-1 3.32774E-1 3.06893E-1 3.80421E-1 3.40726E-1 3.45745E-1 3.37575E-1 3.45232E-1 3.60323E-1 3.5258E-1 5.04331E-1 5.97407E-1 5.73151E-1 3.09695E-1 4.07889E-1 3.62892E-1 3.59365E-1
1.78261E-1 1.73259E-1 1.6959E-1 1.96516E-1 1.85427E-1 2.10351E-1 2.32223E-1 2.42403E-1 2.85044E-1 4.86002E-1 4.27766E-1 4.92802E-1 5.40412E-1 5.39748E-1 6.5915E-1 7.24835E-1 8.38332E-1 7.23316E-1 6.507E-1 7.83942E-1 5.20533E-1 4.17514E-1 5.41639E-1 6.20239E-1 5.70057E-1 5.02557E-1 4.25508E-1 4.36536E-1 4.25794E-1 3.72366E-1 3.70804E-1 3.39861E-1 5.11644E-1 6.74865E-1 5.0591E-1 8.74766E-1 8.01783E-1 7.51363E-1 6.65749E-1 5.29799E-1 4.66161E-1 4.4102E-1 4.36306E-1 4.53181E-1 5.71658E-1 4.24847E-1 5.68483E-1 3.66032E-1 3.11786E-1 3.48782E-1 3.5794E-1 3.69776E-1 3.21011E-1 3.14865E-1 3.37549E-1 3.27621E-1 3.12172E-1 3.6642E-1 3.77067E-1 5.99636E-1 6.02789E-1 3.1092E-1 3.61398E-1 2.82866E-1 3.53906E-1
1.30391E-1 1.45953E-1 1.59221E-1 1.73996E-1 1.86596E-1 2.76873E-1 3.35863E-1 2.89128E-1 2.69893E-1 4.54648E-1 5.64252E-1 5.83893E-1 6.71898E-1 5.80575E-1 7.59116E-1 8.65968E-1 8.69561E-1 6.15435E-1 6.60847E-1 7.2889E-1 6.44379E-1 5.4886E-1 4.65408E-1 4.64352E-1 4.52737E-1 4.68533E-1 4.16374E-1 4.61042E-1 4.03552E-1 4.13454E-1 4.42857E-1 4.13622E-1 4.50735E-1 6.3406E-1 9.50956E-1 5.72715E-1 6.62732E-1 8.31492E-1 5.74125E-1 4.93593E-1 5.05716E-1 5.42832E-1 6.29776E-1 7.41719E-1 5.17121E-1 5.41215E-1 4.94152E-1 3.65659E-1 3.07726E-1 2.67929E-1 3.61805E-1 3.36068E-1 3.01961E-1 2.95752E-1 3.14537E-1 3.55046E-1 3.65242E-1 3.36858E-1 3.78142E-1 7.66777E-1 3.72231E-1 3.13993E-1 3.63476E-1 3.59687E-1 3.5951E-1
1.43546E-1 1.55737E-1 1.31882E-1 2.01056E-1 1.41552E-1 2.32667E-1 2.84391E-1 3.35172E-1 4.31597E-1 3.71522E-1 6.19123E-1 5.92531E-1 6.80602E-1 5.7353E-1 7.77231E-1 9.3016E-1 7.75636E-1 5.55853E-1 5.90225E-1 6.62367E-1 5.92458E-1 4.21445E-1 6.44859E-1 5.39997E-1 4.48391E-1 4.28992E-1 5.10994E-1 4.25322E-1 3.93936E-1 3.89495E-1 5.20697E-1 4.39886E-1 6.06614E-1 5.84511E-1 7.35445E-1 4.46431E-1 6.44564E-1 4.9067E-1 5.07018E-1 4.71375E-1 6.49378E-1 6.33218E-1 6.86636E-1 6.38838E-1 6.64595E-1 6.4371E-1 4.22404E-1 4.30056E-1 3.68919E-1 3.0418E-1 3.20055E-1 3.03882E-1 2.56887E-1 2.0887E-1 2.97572E-1 3.17398E-1 3.29115E-1 3.62888E-1 5.40493E-1 3.78696E-1 3.77454E-1 3.12807E-1 3.42138E-1 3.55656E-1 3.50711E-1
1.12988E-1 1.07579E-1 1.37309E-1 1.37057E-1 1.21088E-1 2.36134E-1 2.99105E-1 3.28909E-1 3.16932E-1 3.79178E-1 3.46461E-1 4.80716E-1 5.82702E-1 7.63993E-1 7.84823E-1 7.74232E-1 6.75468E-1 5.43434E-1 6.10972E-1 5.64761E-1 5.25473E-1 6.24957E-1 4.57156E-1 4.59375E-1 4.21882E-1 4.26838E-1 4.49735E-1 4.06727E-1 3.64541E-1 3.79729E-1 2.66801E-1 4.21991E-1 6.90046E-1 9.58481E-1 5.27128E-1 4.5013E-1 4.40767E-1 4.48772E-1 9.44148E-1 6.32412E-1 6.94493E-1 7.85212E-1 7.27995E-1 6.37934E-1 6.87276E-1 7.36162E-1 4.28917E-1 3.75574E-1 3.69365E-1 3.29816E-1 3.63497E-1 2.98017E-1 2.94946E-1 3.06501E-1 3.0485E-1 3.32107E-1 3.10732E-1 3.77097E-1 3.68515E-1 4.37374E-1 4.79682E-1 3.8607E-1 3.45959E-1 3.29179E-1 2.88912E-1
1.34236E-1 1.01834E-1 1.31243E-1 1.80712E-1 2.46512E-1 2.83023E-1 3.25693E-1 3.90192E-1 3.57852E-1 3.35203E-1 4.27432E-1 5.39896E-1 6.00966E-1 6.89346E-1 7.78161E-1 7.68213E-1 6.97512E-1 5.84321E-1 6.4267E-1 5.68436E-1 5.61343E-1 4.03204E-1 5.08114E-1 4.26558E-1 4.55778E-1 4.20075E-1 4.12643E-1 3.85261E-1 3.47723E-1 3.55275E-1 2.88768E-1 3.5096E-1 5.05277E-1 9.62502E-1 4.67878E-1 4.46486E-1 3.82057E-1 4.29571E-1 9.23957E-1 5.00431E-1 6.99191E-1 8.75699E-1 6.63906E-1 6.94721E-1 5.01995E-1 6.15203E-1 4.13664E-1 3.61789E-1 3.88133E-1 3.76684E-1 2.97646E-1 3.1563E-1 2.67182E-1 2.99874E-1 3.17199E-1 2.51295E-1 2.85659E-1 3.31677E-1 3.68868E-1 4.13647E-1 5.25417E-1 3.73311E-1 3.73685E-1 2.13095E-1 2.60181E-1
1.48139E-1 1.19745E-1 1.61705E-1 2.21233E-1 2.11828E-1 3.57005E-1 3.36947E-1 5.70503E-1 5.55075E-1 5.97395E-1 5.84023E-1 4.90144E-1 6.40272E-1 7.07188E-1 8.71664E-1 7.41185E-1 5.97151E-1 5.23928E-1 4.8428E-1 5.98169E-1 6.04382E-1 4.36616E-1 5.04141E-1 4.41236E-1 4.11696E-1 4.1743E-1 4.46159E-1 3.62564E-1 3.58349E-1 4.07152E-1 4.33924E-1 4.79906E-1 6.97554E-1 8.69702E-1 4.79087E-1 4.29029E-1 4.16218E-1 7.28073E-1 5.48811E-1 4.61258E-1 5.12591E-1 6.92238E-1 7.28402E-1 5.2225E-1 3.74215E-1 4.2053E-1 4.90963E-1 4.11203E-1 6.42702E-1 3.71961E-1 3.12997E-1 2.84907E-1 3.10205E-1 3.30612E-1 3.51593E-1 2.96414E-1 3.33924E-1 3.49504E-1 3.06992E-1 5.40871E-1 4.15484E-1 2.60265E-1 2.8861E-1 2.5727E-1 2.85101E-1
1.32211E-1 1.04589E-1 2.23886E-1 2.73378E-1 3.06004E-1 3.09211E-1 3.32968E-1 3.65974E-1 3.13299E-1 5.12911E-1 6.17115E-1 6.92293E-1 7.69632E-1 8.20358E-1 7.50917E-1 7.04647E-1 6.26268E-1 4.67689E-1 4.56643E-1 5.91322E-1 4.49868E-1 5.55934E-1 4.45278E-1 5.26525E-1 4.43375E-1 3.74968E-1 3.76184E-1 3.88573E-1 3.68818E-1 4.20072E-1 4.22826E-1 4.80785E-1 7.50829E-1 5.71229E-1 4.32294E-1 4.3094E-1 4.52166E-1 5.1077E-1 8.04732E-1 7.3262E-1 5.10031E-1 6.512E-1 7.24783E-1 7.07136E-1 5.26081E-1 3.58043E-1 3.78072E-1 3.73216E-1 3.80822E-1 3.78047E-1 3.49303E-1 2.90678E-1 3.26809E-1 3.29467E-1 3.5051E-1 3.54694E-1 3.64313E-1 3.79126E-1 5.89525E-1 3.63403E-1 2.97892E-1 3.16973E-1 3.73955E-1 3.13802E-1 3.17037E-1
1.27967E-1 1.00721E-1 2.1938E-1 2.72479E-1 2.62815E-1 2.79985E-1 2.89795E-1 3.53248E-1 3.24471E-1 3.80329E-1 3.66817E-1 6.65167E-1 7.63297E-1 9.05584E-1 8.50795E-1 8.73533E-1 7.34124E-1 6.37382E-1 5.65166E-1 4.23571E-1 6.40239E-1 4.73258E-1 4.77376E-1 4.04881E-1 3.97542E-1 4.24645E-1 3.96103E-1 3.98419E-1 3.82945E-1 4.14632E-1 4.58272E-1 4.78429E-1 4.56167E-1 7.75902E-1 4.11749E-1 4.21966E-1 4.41409E-1 5.83276E-1 6.59091E-1 4.8819E-1 6.66328E-1 4.98559E-1 5.43061E-1 5.62532E-1 3.57556E-1 3.65715E-1 3.75275E-1 3.20821E-1 3.24274E-1 3.52472E-1 3.24889E-1 2.37725E-1 3.00897E-1 3.19599E-1 3.38414E-1 4.04058E-1 3.64451E-1 4.56697E-1 3.52894E-1 3.62777E-1 4.57147E-1 5.54745E-1 3.53776E-1 3.06505E-1 2.63444E-1
1.50888E-1 1.58401E-1 2.09512E-1 2.6284E-1 3.07068E-1 3.7982E-1 4.41917E-1 3.91015E-1 4.46042E-1 5.91254E-1 4.76366E-1 6.80099E-1 8.12991E-1 8.56744E-1 9.13789E-1 8.20926E-1 7.44954E-1 7.54666E-1 7.79459E-1 7.03926E-1 6.17419E-1 5.85552E-1 4.50608E-1 4.45216E-1 6.37364E-1 4.34687E-1 4.65929E-1 4.1527E-1 3.49167E-1 4.14773E-1 4.72697E-1 4.77323E-1 5.79436E-1 6.66637E-1 4.03443E-1 3.9841E-1 4.49225E-1 4.66818E-1 5.85593E-1 6.65013E-1 4.73219E-1 5.01116E-1 4.37824E-1 3.79792E-1 5.20606E-1 5.26686E-1 3.91422E-1 3.97275E-1 3.4941E-1 3.44079E-1 3.5104E-1 2.78187E-1 3.07899E-1 3.57997E-1 3.80833E-1 4.10423E-1 6.16406E-1 4.34432E-1 3.26916E-1 3.31764E-1 4.46971E-1 3.86218E-1 4.46216E-1 3.07525E-1 2.33556E-1
2.79477E-1 1.64707E-1 2.36908E-1 2.93509E-1 2.95861E-1 2.76656E-1 3.37873E-1 4.36377E-1 3.96058E-1 5.27081E-1 5.927E-1 7.79825E-1 8.82421E-1 7.88078E-1 9.32759E-1 9.04693E-1 6.83679E-1 7.39833E-1 7.78744E-1 6.92689E-1 7.28737E-1 6.43198E-1 6.95439E-1 5.25778E-1 4.35571E-1 3.9782E-1 4.09622E-1 4.19027E-1 3.87476E-1 4.07452E-1 4.74928E-1 4.99611E-1 4.2485E-1 9.37191E-1 3.56145E-1 3.83209E-1 4.47774E-1 5.36918E-1 9.06654E-1 4.49815E-1 5.43942E-1 4.80292E-1 6.12642E-1 3.67416E-1 3.28438E-1 4.14821E-1 4.43584E-1 5.23605E-1 4.09855E-1 3.58526E-1 3.40816E-1 3.08698E-1 3.45442E-1 3.48469E-1 3.78417E-1 3.63987E-1 4.08199E-1 3.66304E-1 3.02609E-1 3.27435E-1 4.37856E-1 3.5565E-1 4.42315E-1 3.24582E-1 3.40577E-1
2.54085E-1 2.12238E-1 2.59819E-1 3.13558E-1 3.9644E-1 3.72821E-1 3.0738E-1 3.64118E-1 5.51386E-1 6.30487E-1 7.47446E-1 8.78461E-1 7.95053E-1 8.44387E-1 9.25642E-1 8.80338E-1 7.10739E-1 6.8843E-1 6.80158E-1 6.25098E-1 6.14128E-1 5.65092E-1 4.37713E-1 6.72323E-1 4.40875E-1 4.97344E-1 3.78504E-1 3.56011E-1 5.05744E-1 4.4403E-1 4.39981E-1 5.31876E-1 4.414E-1 5.83719E-1 3.16893E-1 3.22738E-1 4.19778E-1 5.08862E-1 7.65682E-1 8.60445E-1 4.6797E-1 7.17042E-1 5.72588E-1 5.21004E-1 3.76287E-1 7.44577E-1 6.30121E-1 4.02729E-1 4.07622E-1 3.62811E-1 3.74068E-1 3.45729E-1 3.47034E-1 3.06905E-1 3.39341E-1 3.54719E-1 3.63424E-1 3.53281E-1 2.88416E-1 3.58652E-1 3.94469E-1 3.23028E-1 3.34571E-1 3.20142E-1 2.98852E-1
1.91713E-1 2.7195E-1 3.54123E-1 3.72978E-1 4.6515E-1 4.76529E-1 4.7841E-1 4.32807E-1 3.61282E-1 5.97694E-1 6.46417E-1 7.79608E-1 8.0764E-1 8.66364E-1 9.17075E-1 8.68219E-1 7.36079E-1 7.37437E-1 5.92526E-1 5.67146E-1 6.30824E-1 4.06849E-1 6.44364E-1 4.15496E-1 5.75854E-1 4.5427E-1 4.00834E-1 3.32521E-1 4.08732E-1 4.89413E-1 4.69403E-1 4.78494E-1 6.01812E-1 7.95095E-1 2.85831E-1 2.61718E-1 4.3222E-1 3.80584E-1 7.19376E-1 7.07503E-1 4.71594E-1 8.12796E-1 9.01529E-1 4.95086E-1 5.76912E-1 8.26183E-1 3.91097E-1 4.17323E-1 4.74099E-1 4.32099E-1 5.09984E-1 3.85944E-1 3.06916E-1 2.45293E-1 2.72951E-1 3.53397E-1 3.22821E-1 3.90037E-1 2.98343E-1 3.36405E-1 3.03316E-1 3.0838E-1 3.18822E-1 2.56024E-1 2.82395E-1
2.03079E-1 2.76109E-1 2.73707E-1 3.08683E-1 4.12244E-1 4.74278E-1 3.78675E-1 5.25195E-1 6.92355E-1 7.34466E-1 7.59568E-1 7.53348E-1 8.30634E-1 8.09366E-1 9.00877E-1 8.1739E-1 8.56405E-1 6.09506E-1 8.60053E-1 7.17582E-1 7.08979E-1 6.28736E-1 4.68686E-1 4.27643E-1 4.38023E-1 4.86754E-1 4.22025E-1 3.82981E-1 3.74041E-1 4.13326E-1 3.88001E-1 5.3392E-1 9.20019E-1 5.31684E-1 2.72458E-1 2.45382E-1 3.52455E-1 4.28704E-1 4.6108E-1 5.82267E-1 4.40634E-1 4.02388E-1 5.7574E-1 7.45046E-1 5.33118E-1 4.6938E-1 8.34073E-1 4.40163E-1 3.98716E-1 3.85787E-1 4.23771E-1 3.24262E-1 2.58816E-1 2.40415E-1 2.99024E-1 3.07454E-1 3.02603E-1 3.19987E-1 3.01841E-1 3.32055E-1 3.12379E-1 2.56268E-1 3.04234E-1 2.58229E-1 2.5232E-1
1.96553E-1 1.61032E-1 2.13039E-1 3.24987E-1 3.36093E-1 4.32863E-1 3.41679E-1 3.54346E-1 3.72698E-1 6.99667E-1 8.21378E-1 7.75459E-1 8.1939E-1 7.94427E-1 8.84365E-1 9.17626E-1 8.79756E-1 7.80844E-1 7.68718E-1 7.9183E-1 6.80777E-1 5.25671E-1 6.49882E-1 4.24783E-1 4.48947E-1 4.14511E-1 4.03211E-1 4.55818E-1 4.54664E-1 4.98208E-1 4.80843E-1 4.48993E-1 9.20597E-1 4.37813E-1 3.48968E-1 2.43865E-1 3.08892E-1 3.65239E-1 4.48876E-1 4.98891E-1 4.92152E-1 3.58951E-1 5.21581E-1 6.18988E-1 6.91245E-1 3.79847E-1 4.55409E-1 9.3408E-1 6.73689E-1 3.9724E-1 3.80115E-1 3.38247E-1 2.78302E-1 2.72529E-1 2.85082E-1 2.90699E-1 2.98424E-1 2.64295E-1 3.24881E-1 3.13536E-1 3.08761E-1 2.4481E-1 2.64778E-1 2.4323E-1 2.88852E-1
1.97812E-1 1.51766E-1 1.77852E-1 2.76726E-1 3.51508E-1 4.25613E-1 3.29813E-1 3.79791E-1 5.94246E-1 6.39078E-1 7.05292E-1 8.19903E-1 7.96655E-1 8.04765E-1 8.92494E-1 8.20881E-1 8.59764E-1 7.22744E-1 6.24305E-1 6.82173E-1 6.22242E-1 5.16583E-1 5.9257E-1 3.98311E-1 4.18586E-1 4.08491E-1 4.55572E-1 5.10863E-1 4.87359E-1 5.89448E-1 6.17871E-1 7.47217E-1 8.20391E-1 5.87633E-1 4.46027E-1 2.72252E-1 3.60448E-1 6.39553E-1 5.12864E-1 5.82563E-1 4.2351E-1 3.73026E-1 3.87085E-1 7.5023E-1 5.80369E-1 4.29873E-1 5.09847E-1 4.30135E-1 7.6988E-1 4.33898E-1 3.93202E-1 3.60719E-1 3.13078E-1 2.79154E-1 2.58036E-1 2.06704E-1 2.04185E-1 1.94685E-1 2.85502E-1 2.49039E-1 2.37239E-1 1.92062E-1 2.2255E-1 2.43826E-1 2.551E-1
3.56023E-1 1.7195E-1 3.68479E-1 6.27088E-1 6.10754E-1 6.88734E-1 6.61178E-1 4.05683E-1 5.53638E-1 7.71188E-1 7.4469E-1 7.85522E-1 8.10276E-1 8.82163E-1 9.0691E-1 8.81929E-1 8.09236E-1 7.80448E-1 7.54541E-1 7.36745E-1 7.38258E-1 5.96482E-1 6.61588E-1 4.23848E-1 4.28412E-1 4.05572E-1 4.28987E-1 4.51683E-1 6.6643E-1 4.61948E-1 3.76171E-1 4.10132E-1 8.13306E-1 8.29186E-1 5.59552E-1 2.57738E-1 3.07092E-1 4.19601E-1 7.57501E-1 5.86058E-1 6.02934E-1 4.77348E-1 4.55875E-1 6.19356E-1 5.51487E-1 3.90998E-1 4.20126E-1 3.76E-1 3.95893E-1 4.55524E-1 3.66874E-1 3.6673E-1 3.33546E-1 2.74308E-1 2.3152E-1 1.8354E-1 1.76008E-1 1.97597E-1 2.2765E-1 2.17097E-1 1.92218E-1 1.20489E-1 1.57244E-1 2.42973E-1 2.21724E-1
5.34726E-1 4.95911E-1 6.7843E-1 7.28926E-1 7.07933E-1 8.4902E-1 8.78204E-1 8.38222E-1 7.92538E-1 8.29522E-1 7.6032E-1 7.51439E-1 8.13079E-1 8.16106E-1 8.86537E-1 8.96679E-1 8.36081E-1 7.57024E-1 7.13151E-1 6.96457E-1 5.53462E-1 4.72112E-1 5.65732E-1 4.17101E-1 4.13946E-1 3.78573E-1 4.38442E-1 4.42164E-1 4.03944E-1 4.36994E-1 4.4453E-1 6.71594E-1 7.6096E-1 5.97378E-1 5.2491E-1 2.78908E-1 3.19503E-1 4.1587E-1 9.17111E-1 4.42505E-1 4.57839E-1 6.46026E-1 3.87772E-1 4.0824E-1 3.86618E-1 3.41383E-1 3.67402E-1 3.50778E-1 3.76662E-1 3.71179E-1 3.63166E-1 3.29209E-1 3.31082E-1 2.71466E-1 2.22795E-1 2.02564E-1 1.85704E-1 1.70555E-1 1.65428E-1 1.47936E-1 1.15679E-1 1.16951E-1 1.23403E-1 1.63352E-1 1.77653E-1
7.80795E-1 3.3856E-1 6.33678E-1 8.49917E-1 8.50813E-1 8.5965E-1 7.88429E-1 8.14141E-1 7.50313E-1 8.12778E-1 7.90032E-1 7.76425E-1 7.9159E-1 8.82835E-1 8.97601E-1 9.6501E-1 9.34552E-1 7.22023E-1 6.62791E-1 6.36247E-1 5.45475E-1 6.27686E-1 5.33971E-1 5.30304E-1 4.31284E-1 4.12153E-1 3.70437E-1 4.33899E-1 4.15629E-1 4.53728E-1 4.96559E-1 5.48554E-1 6.46888E-1 5.05404E-1 5.39566E-1 3.92484E-1 3.1056E-1 4.45405E-1 4.20662E-1 3.96813E-1 4.04751E-1 4.09117E-1 3.39496E-1 3.29935E-1 3.21658E-1 4.8759E-1 4.46141E-1 3.21281E-1 3.5942E-1 3.76042E-1 3.23111E-1 3.10677E-1 3.03695E-1 2.65803E-1 2.26402E-1 2.01472E-1 1.83839E-1 1.76309E-1 1.57189E-1 1.43398E-1 1.14934E-1 1.13232E-1 1.14936E-1 1.20129E-1 1.60303E-1
8.42306E-1 7.2496E-1 8.0549E-1 8.09427E-1 8.31642E-1 8.89818E-1 7.83628E-1 8.29442E-1 8.792E-1 7.40212E-1 7.27739E-1 6.77187E-1 7.93208E-1 8.81467E-1 8.83001E-1 9.05921E-1 8.6441E-1 8.63981E-1 7.06468E-1 5.54282E-1 6.97088E-1 7.07244E-1 7.1003E-1 4.30168E-1 4.26776E-1 4.05053E-1 4.02173E-1 3.65348E-1 4.27565E-1 3.84191E-1 5.87174E-1 7.47249E-1 4.86976E-1 4.49217E-1 5.40828E-1 3.88046E-1 2.59617E-1 3.26238E-1 4.57811E-1 3.89979E-1 4.54593E-1 4.78249E-1 3.39291E-1 3.296E-1 3.24155E-1 4.11375E-1 3.84708E-1 3.2702E-1 3.25186E-1 3.65172E-1 3.24708E-1 2.45362E-1 2.58425E-1 2.7149E-1 2.39031E-1 2.3578E-1 1.75789E-1 1.70875E-1 1.57248E-1 1.36331E-1 1.1577E-1 1.12248E-1 1.12273E-1 1.15089E-1 1.3398E-1
8.55938E-1 8.32033E-1 8.3544E-1 8.30518E-1 8.1349E-1 7.62295E-1 7.4341E-1 7.46166E-1 8.25992E-1 7.48389E-1 7.59311E-1 7.25325E-1 7.45304E-1 8.40143E-1 9.17397E-1 9.44076E-1 8.89042E-1 9.04366E-1 7.96689E-1 8.53432E-1 8.06276E-1 7.18237E-1 6.64825E-1 4.3519E-1 4.06948E-1 4.06735E-1 4.4908E-1 5.32953E-1 3.65582E-1 4.36523E-1 4.09594E-1 6.0434E-1 6.02341E-1 4.32367E-1 4.24576E-1 3.82312E-1 2.86194E-1 3.65183E-1 6.51656E-1 7.03127E-1 4.64483E-1 5.99373E-1 4.9424E-1 5.46029E-1 3.8774E-1 4.66335E-1 4.11245E-1 3.53543E-1 2.95237E-1 3.44375E-1 3.44982E-1 2.92487E-1 2.85779E-1 2.73828E-1 2.57807E-1 1.99411E-1 1.85414E-1 1.58192E-1 1.44837E-1 1.32624E-1 1.1738E-1 1.11721E-1 1.13817E-1 1.1408E-1 1.57327E-1
8.19643E-1 8.1644E-1 8.31296E-1 8.29096E-1 7.50755E-1 8.14653E-1 7.21484E-1 7.63266E-1 8.60285E-1 7.16768E-1 7.21678E-1 9.01227E-1 6.7194E-1 8.07814E-1 8.76945E-1 8.59261E-1 8.96063E-1 8.7521E-1 7.96385E-1 8.34508E-1 7.54877E-1 7.11078E-1 4.98449E-1 4.44599E-1 4.4344E-1 4.16748E-1 5.39739E-1 4.39441E-1 4.02829E-1 4.69914E-1 4.38686E-1 7.39677E-1 6.41165E-1 6.01156E-1 3.90888E-1 3.91815E-1 3.70051E-1 3.75729E-1 4.45178E-1 4.02535E-1 4.97704E-1 4.27098E-1 4.48604E-1 3.95618E-1 3.58762E-1 3.84951E-1 3.85464E-1 3.67434E-1 2.89413E-1 3.15824E-1 3.46417E-1 2.90407E-1 2.57472E-1 2.38662E-1 2.31751E-1 2.05608E-1 1.75676E-1 1.68806E-1 1.41363E-1 1.29492E-1 1.12948E-1 1.14622E-1 6.7702E-2 5.52306E-2 1.26443E-1
8.26983E-1 7.9854E-1 7.93938E-1 8.72004E-1 7.61616E-1 5.82809E-1 7.93896E-1 7.44847E-1 7.79831E-1 7.61826E-1 7.26564E-1 8.63359E-1 8.71168E-1 8.63198E-1 8.76002E-1 9.07022E-1 9.09491E-1 8.79103E-1 7.58627E-1 6.67946E-1 6.38236E-1 4.48864E-1 4.47194E-1 4.24957E-1 4.24844E-1 5.29096E-1 5.81553E-1 5.46042E-1 3.89728E-1 4.47288E-1 8.32551E-1 7.32231E-1 4.30054E-1 6.5105E-1 3.97172E-1 4.50146E-1 3.61931E-1 3.47361E-1 3.6511E-1 4.27182E-1 4.08428E-1 3.90997E-1 3.53171E-1 3.11273E-1 3.03689E-1 3.49238E-1 3.98282E-1 3.81946E-1 2.76372E-1 2.87464E-1 3.11883E-1 2.72428E-1 2.61306E-1 2.38611E-1 2.10102E-1 1.90968E-1 1.99636E-1 1.75218E-1 1.60261E-1 1.34099E-1 1.24222E-1 1.19974E-1 7.06069E-2 5.32185E-2 6.7701E-2
7.79311E-1 7.66037E-1 8.11901E-1 7.53211E-1 7.00698E-1 5.92091E-1 7.43573E-1 7.91029E-1 7.06405E-1 7.81279E-1 7.04913E-1 8.56497E-1 8.9238E-1 8.87044E-1 8.8124E-1 9.12195E-1 8.8788E-1 8.29116E-1 7.62108E-1 8.04319E-1 7.34793E-1 6.63713E-1 4.27015E-1 3.97733E-1 4.76521E-1 6.54595E-1 6.69058E-1 6.87591E-1 6.41207E-1 7.23915E-1 8.11294E-1 4.37939E-1 4.15695E-1 4.38817E-1 4.19498E-1 3.95439E-1 3.77776E-1 3.2067E-1 3.39551E-1 4.04013E-1 4.61597E-1 3.87251E-1 3.49199E-1 3.32324E-1 3.24209E-1 2.90976E-1 3.68332E-1 3.42322E-1 2.74018E-1 2.62514E-1 3.03984E-1 2.76584E-1 2.49115E-1 2.29616E-1 1.8246E-1 1.9533E-1 1.90049E-1 1.51249E-1 1.54663E-1 1.55354E-1 1.39726E-1 1.41822E-1 8.18802E-2 5.57559E-2 6.09118E-2
7.43079E-1 6.77967E-1 6.47029E-1 7.29215E-1 7.06316E-1 5.76837E-1 7.4115E-1 8.16974E-1 7.62644E-1 7.74703E-1 7.31592E-1 8.86809E-1 8.4413E-1 8.13454E-1 9.087E-1 8.75573E-1 8.88234E-1 8.06126E-1 6.71285E-1 6.40785E-1 6.56843E-1 5.8636E-1 4.92266E-1 3.96331E-1 5.88468E-1 7.35283E-1 5.61746E-1 6.651E-1 7.76541E-1 7.80034E-1 8.74296E-1 3.97409E-1 4.53712E-1 3.83736E-1 4.41866E-1 3.9175E-1 4.01338E-1 5.16485E-1 2.64468E-1 2.60109E-1 2.45052E-1 2.69317E-1 3.26232E-1 3.16615E-1 3.41402E-1 3.10841E-1 3.18464E-1 3.25068E-1 2.75066E-1 2.3817E-1 2.65618E-1 2.71866E-1 2.52639E-1 2.24937E-1 2.04167E-1 1.96207E-1 1.86061E-1 1.577E-1 1.49122E-1 1.53607E-1 2.0231E-1 1.8335E-1 1.78675E-1 9.24738E-2 6.36946E-2
7.16123E-1 6.34821E-1 7.30818E-1 7.30198E-1 6.90146E-1 7.63071E-1 8.10166E-1 7.38537E-1 6.97135E-1 7.19612E-1 7.6804E-1 8.53799E-1 8.68541E-1 8.34319E-1 8.88501E-1 8.92315E-1 8.44928E-1 9.1565E-1 7.83982E-1 6.75267E-1 5.51046E-1 5.74124E-1 4.30492E-1 4.41286E-1 4.07575E-1 4.30368E-1 4.10731E-1 5.15268E-1 5.09574E-1 4.65254E-1 7.404E-1 5.40386E-1 4.55444E-1 5.29332E-1 3.77868E-1 3.89695E-1 3.74027E-1 3.82178E-1 3.26532E-1 1.99284E-1 1.92348E-1 2.3198E-1 2.99222E-1 3.08765E-1 2.44295E-1 2.83494E-1 2.58108E-1 3.05335E-1 2.59937E-1 2.16516E-1 2.3044E-1 2.24598E-1 2.34551E-1 2.17611E-1 2.07418E-1 2.01362E-1 1.85459E-1 1.64429E-1 1.44301E-1 1.46218E-1 1.58671E-1 1.70806E-1 3.17579E-1 1.21975E-1 5.9966E-2
6.59763E-1 6.45493E-1 6.06905E-1 7.11036E-1 6.36688E-1 7.82233E-1 8.8954E-1 7.32728E-1 6.67399E-1 6.86189E-1 8.64835E-1 8.3979E-1 8.04079E-1 8.19462E-1 8.71993E-1 8.74531E-1 8.32239E-1 8.36388E-1 7.05891E-1 7.75004E-1 5.82653E-1 4.2246E-1 4.7606E-1 4.19444E-1 5.01359E-1 3.97372E-1 4.5931E-1 6.89017E-1 5.25754E-1 4.95198E-1 4.99192E-1 7.14085E-1 6.60374E-1 6.28103E-1 5.29002E-1 4.82311E-1 4.29877E-1 3.69233E-1 2.23619E-1 1.84506E-1 1.58819E-1 1.66141E-1 2.71255E-1 2.35183E-1 2.34458E-1 2.4131E-1 2.4404E-1 2.61878E-1 2.709E-1 2.21987E-1 2.15536E-1 2.29491E-1 2.2147E-1 2.14427E-1 2.08422E-1 1.92873E-1 2.02195E-1 1.7092E-1 1.7896E-1 1.51964E-1 1.7766E-1 1.6293E-1 2.02453E-1 3.53986E-1 2.24822E-1
3.86676E-1 5.56669E-1 6.37787E-1 7.48425E-1 7.84497E-1 6.83506E-1 8.16538E-1 8.33228E-1 6.66312E-1 6.82031E-1 8.43748E-1 8.49139E-1 7.92964E-1 8.29339E-1 8.68604E-1 8.24593E-1 8.06002E-1 9.369E-1 7.00903E-1 7.22044E-1 6.30055E-1 4.27509E-1 3.78872E-1 4.52326E-1 4.48504E-1 4.163E-1 4.67987E-1 6.24508E-1 4.56013E-1 8.23596E-1 7.87934E-1 7.60739E-1 4.94812E-1 4.32645E-1 4.49513E-1 4.58118E-1 3.7603E-1 3.89519E-1 2.63971E-1 2.02357E-1 1.55794E-1 1.68977E-1 1.37769E-1 1.85695E-1 2.23951E-1 1.97317E-1 2.36159E-1 2.29305E-1 2.59619E-1 2.20635E-1 2.72718E-1 2.21021E-1 2.28744E-1 1.95821E-1 1.96317E-1 1.94247E-1 1.92699E-1 1.84961E-1 1.69896E-1 1.39355E-1 1.37164E-1 2.28433E-1 2.0821E-1 1.54756E-1 1.24778E-1
3.97022E-1 5.5518E-1 6.85772E-1 7.05229E-1 7.69225E-1 6.17795E-1 6.89207E-1 8.78888E-1 7.1606E-1 7.42097E-1 8.33142E-1 8.10199E-1 7.75212E-1 8.18115E-1 7.74791E-1 8.48289E-1 8.10649E-1 9.06444E-1 7.86336E-1 8.13072E-1 5.27981E-1 5.94077E-1 3.67512E-1 3.96862E-1 4.54399E-1 4.05657E-1 4.52324E-1 4.52549E-1 4.46614E-1 7.50429E-1 4.75524E-1 6.08776E-1 8.43884E-1 6.09362E-1 5.10175E-1 4.19739E-1 5.26769E-1 4.96985E-1 4.05455E-1 3.60693E-1 2.91146E-1 2.00503E-1 1.38182E-1 2.74757E-1 3.36196E-1 2.6992E-1 2.39586E-1 2.39259E-1 2.50482E-1 2.40046E-1 2.45619E-1 2.19335E-1 2.3026E-1 2.1514E-1 1.93446E-1 2.08191E-1 1.96093E-1 1.88914E-1 1.5269E-1 1.49888E-1 1.34031E-1 1.02535E-1 8.02904E-2 7.72183E-2 6.26494E-2
