layers/trop.asc
ncols         638
nrows         825
xllcorner     -2985163.8955
yllcorner     -3022031.214
cellsize      10000.0
NODATA_value  -9999
[rows 580 to 608 of 825, columns 260 to 324 of 638]
1.25269E-2 1.58736E-2 1.56511E-2 1.42569E-2 1.32606E-2 1.30438E-2 1.25511E-2 1.29987E-2 1.39182E-2 1.47374E-2 1.58445E-2 1.64128E-2 1.78059E-2 2.04083E-2 2.13204E-2 2.2533E-2 2.37606E-2 2.50478E-2 2.55959E-2 2.41697E-2 2.42672E-2 2.53573E-2 2.50841E-2 2.48628E-2 2.47806E-2 2.38011E-2 2.33125E-2 2.36486E-2 2.4241E-2 2.54658E-2 2.52489E-2 2.46299E-2 2.43822E-2 2.4398E-2 2.2858E-2 2.44705E-2 2.44472E-2 2.2638E-2 2.43517E-2 2.60152E-2 1.89673E-2 1.96173E-2 2.62409E-2 3.16937E-2 3.31807E-2 3.43899E-2 3.508E-2 3.73062E-2 4.17718E-2 5.81881E-2 7.65339E-2 9.17368E-2 1.12687E-1 1.50171E-1 1.95809E-1 2.36955E-1 2.76119E-1 3.31824E-1 4.24922E-1 4.94128E-1 5.4527E-1 5.97256E-1 6.331E-1 6.7792E-1 6.96432E-1
1.22229E-2 1.18973E-2 1.21076E-2 1.29177E-2 1.2445E-2 1.20902E-2 1.16096E-2 1.14341E-2 1.17719E-2 1.20646E-2 1.34006E-2 1.40176E-2 1.69374E-2 1.83017E-2 1.95611E-2 2.04479E-2 2.12782E-2 2.09145E-2 2.13265E-2 2.13995E-2 2.27178E-2 2.22611E-2 2.2177E-2 2.23141E-2 2.17433E-2 2.16543E-2 2.25028E-2 2.37E-2 2.47945E-2 2.61276E-2 2.63582E-2 2.58164E-2 2.53742E-2 2.3966E-2 2.32589E-2 2.3974E-2 2.28396E-2 2.30321E-2 2.28611E-2 1.83114E-2 1.72885E-2 2.37947E-2 2.60087E-2 2.82468E-2 2.69453E-2 2.85297E-2 3.10991E-2 3.33177E-2 3.64804E-2 4.76019E-2 6.34376E-2 7.68663E-2 9.55156E-2 1.26997E-1 1.73488E-1 2.18726E-1 2.5063E-1 3.01095E-1 4.04928E-1 4.72797E-1 5.12184E-1 5.55801E-1 6.06755E-1 6.48639E-1 6.59567E-1
9.53906E-3 9.63686E-3 1.10841E-2 1.1398E-2 1.1682E-2 1.12445E-2 1.04392E-2 1.00339E-2 1.06126E-2 1.06997E-2 1.27869E-2 1.36073E-2 1.53606E-2 1.50421E-2 1.60113E-2 1.62108E-2 1.74098E-2 1.83601E-2 1.87125E-2 1.99256E-2 1.95352E-2 1.97559E-2 1.94192E-2 1.96197E-2 1.97917E-2 2.14765E-2 2.27961E-2 2.45611E-2 2.55097E-2 2.66802E-2 2.75578E-2 2.68924E-2 2.60726E-2 2.48553E-2 2.34062E-2 2.36695E-2 2.37669E-2 2.32919E-2 2.32406E-2 2.39946E-2 2.18201E-2 2.56127E-2 2.40434E-2 2.61613E-2 2.58085E-2 2.58172E-2 2.92159E-2 2.87287E-2 3.02708E-2 3.85803E-2 5.05785E-2 6.45584E-2 8.63585E-2 1.1708E-1 1.56652E-1 1.94152E-1 2.16891E-1 2.66095E-1 3.71129E-1 4.32743E-1 4.64546E-1 5.17369E-1 5.80992E-1 6.01864E-1 6.08366E-1
9.51408E-3 9.09782E-3 1.00322E-2 1.07219E-2 1.13219E-2 1.0599E-2 1.01172E-2 1.00849E-2 1.17307E-2 1.19851E-2 1.29115E-2 1.04849E-2 1.21166E-2 1.35199E-2 1.38849E-2 1.50805E-2 1.53664E-2 1.58248E-2 1.58187E-2 1.70403E-2 1.73234E-2 1.7568E-2 1.81261E-2 1.881E-2 1.97849E-2 2.1656E-2 2.31354E-2 2.49774E-2 2.63198E-2 2.73602E-2 2.84843E-2 2.75852E-2 2.75313E-2 2.71766E-2 2.5883E-2 2.54955E-2 2.40548E-2 2.36608E-2 2.38578E-2 2.31442E-2 2.44797E-2 2.601E-2 1.86093E-2 1.88575E-2 2.0278E-2 2.7217E-2 2.77901E-2 2.8193E-2 2.99761E-2 3.27797E-2 4.14815E-2 5.37135E-2 7.18739E-2 9.85857E-2 1.31558E-1 1.67282E-1 1.91972E-1 2.45893E-1 3.42002E-1 4.08397E-1 4.41988E-1 5.00326E-1 5.53893E-1 5.78841E-1 -9999
9.51836E-3 9.41471E-3 9.50046E-3 9.93775E-3 1.06729E-2 1.12168E-2 1.11817E-2 1.16775E-2 1.2077E-2 1.10489E-2 1.25115E-2 1.25071E-2 1.38764E-2 1.47496E-2 1.45983E-2 1.32411E-2 1.47066E-2 1.48896E-2 1.51646E-2 1.60686E-2 1.69767E-2 1.74136E-2 1.80563E-2 1.89484E-2 1.9925E-2 2.16343E-2 2.36399E-2 2.54317E-2 2.69504E-2 2.87431E-2 3.00596E-2 2.96227E-2 2.88651E-2 2.87181E-2 2.85528E-2 2.80082E-2 2.517E-2 2.50366E-2 2.60395E-2 2.45521E-2 2.44962E-2 2.54628E-2 2.47236E-2 2.57042E-2 2.00492E-2 1.96796E-2 2.04857E-2 2.29586E-2 2.90477E-2 2.98331E-2 3.74398E-2 4.43362E-2 5.78133E-2 7.87551E-2 1.0702E-1 1.399E-1 1.72168E-1 2.28629E-1 3.25485E-1 3.97407E-1 4.37049E-1 4.90721E-1 5.36919E-1 6.04604E-1 -9999
9.97257E-3 1.03629E-2 9.25579E-3 9.46859E-3 9.48844E-3 9.81083E-3 9.05191E-3 9.01044E-3 1.06844E-2 1.12277E-2 1.17402E-2 1.29356E-2 1.31757E-2 1.37772E-2 1.39938E-2 1.43129E-2 1.49144E-2 1.51997E-2 1.54689E-2 1.62774E-2 1.62333E-2 1.69983E-2 1.76028E-2 1.93853E-2 2.08884E-2 2.23647E-2 2.40944E-2 2.56385E-2 2.81077E-2 3.01981E-2 3.11309E-2 3.07676E-2 3.09357E-2 3.05052E-2 3.02908E-2 2.93206E-2 2.66468E-2 2.69187E-2 2.71321E-2 2.71147E-2 2.64151E-2 2.43713E-2 2.58277E-2 2.58665E-2 2.57831E-2 2.95364E-2 1.95395E-2 2.07189E-2 3.04841E-2 3.07952E-2 3.43611E-2 3.91119E-2 5.42667E-2 7.13399E-2 9.55704E-2 1.27177E-1 1.64378E-1 2.12884E-1 2.95408E-1 3.65637E-1 4.30686E-1 4.78919E-1 5.15695E-1 -9999 -9999
1.02761E-2 9.40888E-3 8.3205E-3 8.25114E-3 8.70585E-3 8.07351E-3 8.82683E-3 9.66344E-3 1.13542E-2 1.07643E-2 1.14244E-2 1.14483E-2 1.28076E-2 1.38218E-2 1.31566E-2 1.46781E-2 1.5004E-2 1.52352E-2 1.55288E-2 1.57574E-2 1.61862E-2 1.6883E-2 1.85265E-2 1.99435E-2 2.13686E-2 2.29085E-2 2.3618E-2 2.61745E-2 2.83657E-2 3.08328E-2 3.26514E-2 3.30121E-2 3.1997E-2 3.19483E-2 3.21233E-2 3.14535E-2 3.12002E-2 2.93681E-2 2.91718E-2 2.84179E-2 2.77057E-2 2.81939E-2 2.84966E-2 3.04965E-2 2.89422E-2 2.26E-2 1.99205E-2 2.0041E-2 3.11568E-2 3.2335E-2 3.3202E-2 3.4077E-2 4.59018E-2 6.24384E-2 8.50893E-2 1.15206E-1 1.51481E-1 2.02862E-1 2.66408E-1 3.46398E-1 4.16803E-1 4.91511E-1 5.44679E-1 -9999 -9999
9.4267E-3 8.85773E-3 8.89146E-3 7.95165E-3 9.21626E-3 8.48941E-3 9.54875E-3 9.57489E-3 1.06311E-2 1.04115E-2 1.13562E-2 1.22587E-2 1.29831E-2 1.33088E-2 1.40922E-2 1.28388E-2 1.26701E-2 1.29299E-2 1.47005E-2 1.47889E-2 1.59206E-2 1.64905E-2 1.88769E-2 1.91447E-2 2.09248E-2 2.25032E-2 2.43222E-2 2.65593E-2 2.88765E-2 3.10338E-2 3.27648E-2 3.44626E-2 3.41117E-2 3.44961E-2 3.38371E-2 3.43637E-2 3.23069E-2 3.17889E-2 3.13462E-2 3.08285E-2 3.00405E-2 3.00008E-2 2.888E-2 2.20196E-2 1.81164E-2 1.96379E-2 2.26941E-2 2.21685E-2 3.18758E-2 3.62491E-2 2.72732E-2 3.32943E-2 3.78595E-2 3.9497E-2 5.46886E-2 9.1959E-2 1.26807E-1 1.71152E-1 2.45452E-1 3.28626E-1 4.01636E-1 4.78521E-1 -9999 -9999 -9999
9.61274E-3 7.83903E-3 9.88806E-3 8.64533E-3 8.59094E-3 8.37076E-3 8.70084E-3 8.96904E-3 8.65363E-3 9.92177E-3 9.7124E-3 1.09873E-2 1.17709E-2 1.23802E-2 1.27881E-2 1.29639E-2 1.21946E-2 1.28191E-2 9.84443E-3 1.23156E-2 1.46804E-2 1.63155E-2 1.83335E-2 1.87657E-2 2.04693E-2 2.25388E-2 2.52381E-2 2.63509E-2 2.84557E-2 3.17402E-2 3.35415E-2 3.54043E-2 3.66369E-2 3.75323E-2 3.68476E-2 3.67649E-2 3.50637E-2 3.36636E-2 3.33663E-2 3.27654E-2 3.17841E-2 3.14996E-2 3.2628E-2 3.31655E-2 2.51038E-2 2.32964E-2 2.05148E-2 3.10727E-2 3.25065E-2 3.54012E-2 3.67171E-2 3.90674E-2 3.67879E-2 4.24054E-2 4.33409E-2 8.05765E-2 1.07454E-1 1.52921E-1 2.3872E-1 3.24995E-1 3.82674E-1 -9999 -9999 -9999 -9999
7.07325E-3 3.77184E-3 3.89949E-3 7.90514E-3 8.23771E-3 8.70884E-3 4.27465E-3 4.667E-3 8.90334E-3 1.05734E-2 1.0093E-2 1.17431E-2 1.1462E-2 1.0588E-2 1.29924E-2 1.29535E-2 1.09669E-2 1.1971E-2 1.2191E-2 9.93716E-3 8.46428E-3 1.37358E-2 1.63592E-2 1.79112E-2 2.0313E-2 2.15525E-2 2.42454E-2 2.65532E-2 2.93684E-2 2.99451E-2 3.28133E-2 3.69223E-2 3.91596E-2 3.96779E-2 3.99478E-2 3.93072E-2 3.82401E-2 3.65488E-2 3.66162E-2 3.6197E-2 3.57835E-2 3.56327E-2 3.69849E-2 3.82701E-2 3.95925E-2 3.9044E-2 4.09472E-2 2.82873E-2 3.8443E-2 3.7935E-2 3.13416E-2 3.85428E-2 4.24744E-2 4.23571E-2 3.58503E-2 7.66755E-2 1.06283E-1 1.542E-1 2.37053E-1 3.1692E-1 -9999 -9999 -9999 -9999 -9999
9.644E-3 4.27276E-3 4.543E-3 9.20215E-3 1.08442E-2 1.15307E-2 1.11957E-2 1.2457E-2 1.22966E-2 1.17508E-2 1.10935E-2 1.22136E-2 1.12577E-2 1.04161E-2 1.08454E-2 1.23558E-2 1.07675E-2 1.01729E-2 1.32377E-2 1.22162E-2 7.82806E-3 1.26056E-2 1.12642E-2 1.5719E-2 1.80822E-2 2.05707E-2 2.27698E-2 2.50909E-2 2.79496E-2 3.13196E-2 3.31289E-2 3.65046E-2 4.08959E-2 4.32956E-2 4.31757E-2 4.25389E-2 4.19955E-2 4.13305E-2 4.00864E-2 3.97823E-2 3.96162E-2 3.98038E-2 4.07296E-2 4.23688E-2 4.31569E-2 4.50347E-2 4.63552E-2 4.4026E-2 4.11844E-2 4.16862E-2 4.57712E-2 2.93929E-2 3.6834E-2 4.77096E-2 5.11621E-2 4.31668E-2 6.86622E-2 1.3532E-1 2.3518E-1 2.68696E-1 -9999 -9999 -9999 -9999 -9999
8.83136E-3 1.04677E-2 1.12356E-2 9.7919E-3 1.14553E-2 1.15E-2 1.32927E-2 1.32728E-2 1.32973E-2 1.29242E-2 1.11485E-2 1.22593E-2 1.15592E-2 1.08417E-2 1.24655E-2 1.10222E-2 1.02884E-2 1.16959E-2 1.49664E-2 4.8936E-3 5.31008E-3 8.05591E-3 9.63118E-3 1.27801E-2 1.65664E-2 1.88601E-2 2.08901E-2 2.30629E-2 2.59112E-2 3.00148E-2 3.21882E-2 3.4714E-2 3.79496E-2 4.16803E-2 4.33526E-2 4.68446E-2 4.66872E-2 4.82231E-2 4.53264E-2 4.41016E-2 4.40251E-2 4.50702E-2 4.60533E-2 4.8425E-2 4.84834E-2 4.98611E-2 4.96842E-2 4.93403E-2 4.93127E-2 4.84041E-2 5.14562E-2 3.71595E-2 4.80272E-2 4.9611E-2 4.6179E-2 3.73213E-2 4.74981E-2 8.92631E-2 2.27332E-1 -9999 -9999 -9999 -9999 -9999 -9999
1.12686E-2 1.01659E-2 1.02115E-2 1.0265E-2 1.08973E-2 1.30458E-2 1.38873E-2 1.41744E-2 1.37409E-2 1.29456E-2 1.49367E-2 1.49282E-2 1.41183E-2 1.19231E-2 1.22625E-2 9.99378E-3 4.90172E-3 5.26002E-3 1.25139E-2 1.07045E-2 4.39676E-3 6.92145E-3 1.21946E-2 1.35186E-2 1.46343E-2 1.77401E-2 1.96605E-2 2.15756E-2 2.47861E-2 2.77801E-2 3.09253E-2 3.45527E-2 3.79007E-2 4.14194E-2 4.24539E-2 4.67133E-2 4.98718E-2 5.31436E-2 5.17216E-2 4.95583E-2 5.015E-2 5.15174E-2 5.18962E-2 5.42521E-2 5.53052E-2 5.54895E-2 5.5465E-2 5.43846E-2 5.51603E-2 5.74091E-2 5.79908E-2 5.68864E-2 5.49035E-2 6.2569E-2 5.11089E-2 6.81805E-2 5.40452E-2 9.12816E-2 1.82934E-1 -9999 -9999 -9999 -9999 -9999 -9999
1.59212E-2 3.92407E-2 3.61665E-2 2.35135E-2 1.73493E-2 1.49046E-2 1.45627E-2 1.66161E-2 1.45673E-2 1.58522E-2 1.61448E-2 1.50336E-2 1.53956E-2 1.37781E-2 1.23758E-2 1.01597E-2 1.21226E-2 1.05381E-2 1.24704E-2 1.26224E-2 4.65541E-3 7.32935E-3 1.17171E-2 1.11773E-2 1.5324E-2 1.1413E-2 1.81095E-2 1.90767E-2 2.2914E-2 2.62683E-2 3.0007E-2 3.45355E-2 3.82916E-2 4.14274E-2 4.20361E-2 4.53331E-2 5.08886E-2 5.36403E-2 5.4274E-2 5.55128E-2 5.98012E-2 6.06532E-2 6.12962E-2 6.25218E-2 6.17293E-2 6.19254E-2 6.20591E-2 6.23395E-2 6.72778E-2 7.14895E-2 7.48078E-2 7.95401E-2 8.37302E-2 8.19686E-2 9.2815E-2 9.25306E-2 9.74045E-2 1.14312E-1 1.63811E-1 -9999 -9999 -9999 -9999 -9999 -9999
7.72586E-3 2.66381E-2 3.13133E-2 2.8742E-2 2.67392E-2 4.39254E-2 4.04594E-2 2.58686E-2 1.41826E-2 1.60836E-2 1.52619E-2 1.60162E-2 1.3257E-2 1.43839E-2 1.05696E-2 1.18423E-2 1.40257E-2 1.41694E-2 1.4333E-2 1.50257E-2 1.24423E-2 1.40014E-2 1.20363E-2 1.45261E-2 1.63652E-2 1.66685E-2 1.76697E-2 1.85049E-2 2.18536E-2 2.58957E-2 2.99331E-2 3.41779E-2 3.83113E-2 3.99334E-2 4.26456E-2 4.55303E-2 5.17146E-2 5.55022E-2 5.84041E-2 5.94192E-2 6.49361E-2 6.94443E-2 7.28039E-2 7.19371E-2 7.06226E-2 7.53042E-2 8.63204E-2 8.34767E-2 8.2749E-2 9.23328E-2 1.02528E-1 1.14369E-1 1.25779E-1 1.35479E-1 1.56729E-1 1.7456E-1 1.35687E-1 1.24421E-1 1.73519E-1 -9999 -9999 -9999 -9999 -9999 -9999
8.13719E-3 1.64416E-2 2.79164E-2 3.5694E-2 4.47667E-2 7.21872E-2 9.72322E-2 4.11675E-2 1.77781E-2 1.74432E-2 1.63741E-2 1.66575E-2 1.23212E-2 1.51832E-2 6.29888E-3 1.42541E-2 1.33977E-2 1.59094E-2 1.68146E-2 1.42061E-2 1.15679E-2 1.57059E-2 1.03065E-2 1.32575E-2 1.60975E-2 1.86753E-2 1.86662E-2 1.91355E-2 2.1538E-2 2.61186E-2 3.02462E-2 3.41871E-2 3.87649E-2 4.11352E-2 4.47828E-2 4.6711E-2 5.40102E-2 5.85063E-2 6.22879E-2 6.58626E-2 7.15946E-2 7.81017E-2 8.2763E-2 9.81211E-2 1.04316E-1 1.14178E-1 1.3105E-1 1.2251E-1 1.18878E-1 1.30263E-1 1.48019E-1 1.67625E-1 1.89538E-1 2.17679E-1 2.44652E-1 2.87323E-1 -9999 -9999 -9999 -9999 -9999 -9999 -9999 -9999 -9999
1.30015E-2 1.35505E-2 2.5471E-2 5.73467E-2 8.34885E-2 7.35982E-2 5.39369E-2 3.44079E-2 1.98501E-2 2.11218E-2 1.97509E-2 1.78581E-2 1.42027E-2 1.53488E-2 1.48276E-2 1.96063E-2 1.78131E-2 1.87544E-2 1.45851E-2 1.31794E-2 1.29896E-2 1.48015E-2 1.18329E-2 1.39645E-2 1.82835E-2 1.84431E-2 1.72899E-2 1.65175E-2 2.36354E-2 2.5673E-2 3.04726E-2 3.43035E-2 3.85305E-2 4.34806E-2 4.77927E-2 4.97875E-2 5.59123E-2 6.14126E-2 6.48929E-2 7.13005E-2 7.78485E-2 1.01392E-1 1.20968E-1 1.41142E-1 1.54666E-1 1.66941E-1 1.81927E-1 1.90561E-1 2.01114E-1 2.10994E-1 2.24556E-1 2.41861E-1 2.94795E-1 3.83175E-1 3.57281E-1 -9999 -9999 -9999 -9999 -9999 -9999 -9999 -9999 -9999 -9999
1.7567E-2 1.4275E-2 2.86382E-2 6.95839E-2 7.26557E-2 6.29096E-2 4.5825E-2 4.04058E-2 3.01929E-2 3.86398E-2 3.92636E-2 1.3431E-2 1.06498E-2 1.88699E-2 1.92626E-2 1.92591E-2 1.99921E-2 1.435E-2 1.55895E-2 1.50323E-2 1.42997E-2 1.78238E-2 1.65804E-2 1.67495E-2 1.90188E-2 1.98259E-2 1.78108E-2 1.73182E-2 2.42778E-2 2.60506E-2 3.00983E-2 3.42621E-2 3.80435E-2 4.43318E-2 4.95684E-2 5.38438E-2 7.03541E-2 7.68055E-2 8.34231E-2 9.3118E-2 1.16008E-1 1.51863E-1 1.84413E-1 2.11159E-1 2.31926E-1 2.53195E-1 2.89314E-1 2.91114E-1 3.12524E-1 2.94705E-1 3.17355E-1 -9999 -9999 -9999 -9999 -9999 -9999 -9999 -9999 -9999 -9999 -9999 -9999 -9999 -9999
2.00526E-2 1.90816E-2 2.42E-2 5.58125E-2 4.47249E-2 4.05601E-2 3.67359E-2 4.76082E-2 1.02243E-1 6.18858E-2 5.38185E-2 8.5762E-2 7.62821E-2 4.63618E-2 3.42808E-2 2.53379E-2 1.92169E-2 1.64476E-2 1.71566E-2 2.0881E-2 2.22969E-2 1.93188E-2 2.1102E-2 2.05529E-2 2.16032E-2 1.94112E-2 1.71983E-2 1.64229E-2 2.52314E-2 2.55024E-2 2.90792E-2 3.48585E-2 4.02616E-2 5.25548E-2 5.95952E-2 7.80949E-2 1.00163E-1 1.14003E-1 1.27432E-1 1.39926E-1 1.77952E-1 2.30301E-1 2.80604E-1 3.44407E-1 3.58772E-1 4.08483E-1 4.44363E-1 4.1982E-1 -9999 -9999 -9999 -9999 -9999 -9999 -9999 -9999 -9999 -9999 -9999 -9999 -9999 -9999 -9999 -9999 -9999
9.87999E-3 1.89347E-2 3.75054E-2 8.20671E-2 7.05227E-2 4.45193E-2 3.37471E-2 2.93527E-2 4.35477E-2 6.46699E-2 7.33108E-2 4.09805E-2 9.9072E-2 9.23741E-2 6.56959E-2 4.38063E-2 5.28434E-2 5.54499E-2 5.35782E-2 3.68781E-2 2.99266E-2 2.23669E-2 2.14176E-2 2.23659E-2 2.2341E-2 2.22307E-2 1.85351E-2 2.31957E-2 2.3999E-2 2.60902E-2 3.02724E-2 3.73681E-2 5.78936E-2 7.81081E-2 9.21827E-2 1.20541E-1 1.53205E-1 1.76E-1 1.97411E-1 2.37152E-1 2.94445E-1 3.87189E-1 4.37959E-1 4.6298E-1 4.23547E-1 4.00374E-1 -9999 -9999 -9999 -9999 -9999 -9999 -9999 -9999 -9999 -9999 -9999 -9999 -9999 -9999 -9999 -9999 -9999 -9999 -9999
2.63263E-2 1.38288E-2 4.92301E-2 1.09319E-1 8.86486E-2 5.03217E-2 3.22272E-2 2.94473E-2 3.08581E-2 6.08235E-2 8.9706E-2 6.51882E-2 7.87541E-2 1.32004E-1 1.05938E-1 8.37196E-2 1.13814E-1 1.33712E-1 1.27928E-1 8.57994E-2 4.89911E-2 3.77669E-2 3.06362E-2 2.93161E-2 2.80822E-2 2.96802E-2 3.16929E-2 3.03111E-2 3.46383E-2 3.85064E-2 4.50099E-2 6.03778E-2 8.90967E-2 1.16148E-1 1.43902E-1 1.91918E-1 2.33184E-1 2.86605E-1 3.26054E-1 3.63962E-1 4.21693E-1 -9999 -9999 -9999 -9999 -9999 -9999 -9999 -9999 -9999 -9999 -9999 -9999 -9999 -9999 -9999 -9999 -9999 -9999 -9999 -9999 -9999 -9999 -9999 -9999
4.11883E-2 5.03643E-2 5.15144E-2 5.93259E-2 4.6707E-2 4.61544E-2 4.62522E-2 3.90932E-2 3.71918E-2 5.18697E-2 6.32811E-2 7.51136E-2 8.13927E-2 8.65323E-2 8.88141E-2 8.37679E-2 9.49108E-2 1.2653E-1 1.33524E-1 -9999 -9999 8.97918E-2 7.42449E-2 6.95609E-2 6.25822E-2 7.05457E-2 7.44555E-2 7.4829E-2 9.03512E-2 1.03919E-1 1.11003E-1 1.26231E-1 1.62195E-1 2.00567E-1 2.49225E-1 2.3862E-1 -9999 -9999 -9999 -9999 -9999 -9999 -9999 -9999 -9999 -9999 -9999 -9999 -9999 -9999 -9999 -9999 -9999 -9999 -9999 -9999 -9999 -9999 -9999 -9999 -9999 -9999 -9999 -9999 -9999
8.33685E-2 8.7259E-2 8.94738E-2 5.12283E-2 5.07086E-2 5.17935E-2 5.1475E-2 4.68101E-2 5.41426E-2 6.31736E-2 6.0779E-2 6.44821E-2 5.86013E-2 7.44587E-2 8.27243E-2 8.90958E-2 9.33361E-2 1.1267E-1 1.12245E-1 -9999 -9999 -9999 1.16671E-1 1.06132E-1 1.077E-1 1.27388E-1 1.25708E-1 1.27417E-1 1.64733E-1 1.99291E-1 1.78906E-1 -9999 -9999 -9999 -9999 -9999 -9999 -9999 -9999 -9999 -9999 -9999 -9999 -9999 -9999 -9999 -9999 -9999 -9999 -9999 -9999 -9999 -9999 -9999 -9999 -9999 -9999 -9999 -9999 -9999 -9999 -9999 -9999 -9999 -9999
4.40329E-2 4.68025E-2 8.67068E-2 1.00129E-1 1.12767E-1 6.9563E-2 6.8571E-2 3.47689E-2 8.141E-2 4.09974E-2 6.38995E-2 3.95488E-2 4.82811E-2 8.48832E-2 8.82206E-2 9.77242E-2 9.92306E-2 1.12818E-1 1.12359E-1 -9999 -9999 -9999 -9999 -9999 -9999 -9999 -9999 -9999 -9999 -9999 -9999 -9999 -9999 -9999 -9999 -9999 -9999 -9999 -9999 -9999 -9999 -9999 -9999 -9999 -9999 -9999 -9999 -9999 -9999 -9999 -9999 -9999 -9999 -9999 -9999 -9999 -9999 -9999 -9999 -9999 -9999 -9999 -9999 -9999 -9999
2.53379E-2 3.31843E-2 4.40204E-2 5.16506E-2 1.05663E-1 1.34483E-1 1.25624E-1 8.5599E-2 8.04179E-2 7.82583E-2 8.71269E-2 6.01425E-2 6.73306E-2 9.98747E-2 1.14689E-1 1.17706E-1 1.18254E-1 1.34842E-1 1.31995E-1 -9999 -9999 1.6493E-1 -9999 -9999 -9999 -9999 -9999 -9999 -9999 -9999 -9999 -9999 -9999 -9999 -9999 -9999 -9999 -9999 -9999 -9999 -9999 -9999 -9999 -9999 -9999 -9999 -9999 -9999 -9999 -9999 -9999 -9999 -9999 -9999 -9999 -9999 -9999 -9999 -9999 -9999 -9999 -9999 -9999 -9999 -9999
2.17829E-2 2.4475E-2 2.65838E-2 3.92152E-2 5.50722E-2 1.15347E-1 1.30687E-1 1.11891E-1 6.2829E-2 7.68664E-2 1.00256E-1 1.00773E-1 1.11812E-1 1.17231E-1 1.42897E-1 1.46825E-1 1.49349E-1 1.77462E-1 1.77421E-1 -9999 1.71543E-1 -9999 -9999 -9999 -9999 -9999 -9999 -9999 -9999 -9999 -9999 -9999 -9999 -9999 -9999 -9999 -9999 -9999 -9999 -9999 -9999 -9999 -9999 -9999 -9999 -9999 -9999 -9999 -9999 -9999 -9999 -9999 -9999 -9999 -9999 -9999 -9999 -9999 -9999 -9999 -9999 -9999 -9999 -9999 -9999
1.90379E-2 2.181E-2 2.45964E-2 3.01491E-2 3.68933E-2 5.18736E-2 5.98886E-2 7.90535E-2 1.21227E-1 1.73377E-1 1.32969E-1 1.78733E-1 1.84936E-1 1.5528E-1 1.48164E-1 1.56268E-1 1.65191E-1 1.75482E-1 1.87292E-1 -9999 1.74683E-1 -9999 -9999 -9999 -9999 -9999 -9999 -9999 -9999 -9999 -9999 -9999 -9999 -9999 -9999 -9999 -9999 -9999 -9999 -9999 -9999 -9999 -9999 -9999 -9999 -9999 -9999 -9999 -9999 -9999 -9999 -9999 -9999 -9999 -9999 -9999 -9999 -9999 -9999 -9999 -9999 -9999 -9999 -9999 -9999
1.8874E-2 2.43074E-2 2.59409E-2 2.71513E-2 2.63196E-2 2.88408E-2 4.75852E-2 5.8068E-2 1.14485E-1 1.76348E-1 2.49217E-1 3.52781E-1 3.85605E-1 1.96366E-1 2.13903E-1 2.22773E-1 1.96732E-1 1.76991E-1 1.90232E-1 1.79834E-1 -9999 -9999 -9999 -9999 -9999 -9999 -9999 -9999 -9999 -9999 -9999 -9999 -9999 -9999 -9999 -9999 -9999 -9999 -9999 -9999 -9999 -9999 -9999 -9999 -9999 -9999 -9999 -9999 -9999 -9999 -9999 -9999 -9999 -9999 -9999 -9999 -9999 -9999 -9999 -9999 -9999 -9999 -9999 -9999 -9999
1.40077E-2 1.49377E-2 1.80142E-2 2.12576E-2 2.51706E-2 2.95408E-2 4.2344E-2 5.21453E-2 6.56437E-2 1.01419E-1 1.50377E-1 1.8773E-1 3.62579E-1 3.64167E-1 3.41289E-1 3.44125E-1 2.31726E-1 1.97586E-1 1.7941E-1 1.69838E-1 1.70757E-1 -9999 -9999 -9999 -9999 -9999 -9999 -9999 -9999 -9999 -9999 -9999 -9999 -9999 -9999 -9999 -9999 -9999 -9999 -9999 -9999 -9999 -9999 -9999 -9999 -9999 -9999 -9999 -9999 -9999 -9999 -9999 -9999 -9999 -9999 -9999 -9999 -9999 -9999 -9999 -9999 -9999 -9999 -9999 -9999
