layers/trop.asc
ncols         638
nrows         825
xllcorner     -2985163.8955
yllcorner     -3022031.214
cellsize      10000.0
NODATA_value  -9999
[rows 58 to 86 of 825, columns 65 to 129 of 638]
-9999 -9999 -9999 -9999 -9999 -9999 -9999 -9999 -9999 -9999 -9999 -9999 -9999 -9999 -9999 -9999 -9999 -9999 -9999 -9999 -9999 -9999 -9999 -9999 -9999 -9999 -9999 -9999 -9999 -9999 -9999 -9999 -9999 -9999 -9999 -9999 -9999 -9999 -9999 -9999 -9999 -9999 -9999 -9999 -9999 -9999 7.22202E-2 2.25702E-2 2.15448E-2 7.19498E-2 1.39793E-1 8.07255E-2 9.33107E-2 1.14478E-1 1.09534E-1 9.67642E-2 1.02189E-1 9.60946E-2 8.04331E-2 8.15951E-2 7.86351E-2 8.01309E-2 8.10473E-2 6.401E-2 3.05275E-2
-9999 -9999 -9999 -9999 -9999 -9999 -9999 -9999 -9999 -9999 -9999 -9999 -9999 -9999 -9999 -9999 -9999 -9999 -9999 -9999 -9999 -9999 -9999 -9999 -9999 -9999 -9999 -9999 -9999 -9999 -9999 -9999 -9999 -9999 -9999 -9999 -9999 -9999 -9999 -9999 -9999 -9999 -9999 -9999 -9999 8.88476E-2 2.92383E-2 2.56724E-2 3.27708E-2 1.60695E-1 7.61208E-2 9.82056E-2 1.25709E-1 1.73086E-1 9.01464E-2 1.53689E-1 1.31982E-1 1.0394E-1 1.00657E-1 8.39211E-2 8.34013E-2 9.13302E-2 1.1279E-1 1.01586E-1 6.15985E-2
-9999 -9999 -9999 -9999 -9999 -9999 -9999 -9999 -9999 -9999 -9999 -9999 -9999 -9999 -9999 -9999 -9999 -9999 -9999 -9999 -9999 -9999 -9999 -9999 -9999 -9999 -9999 -9999 -9999 -9999 -9999 -9999 -9999 -9999 -9999 -9999 -9999 -9999 -9999 -9999 -9999 -9999 -9999 -9999 -9999 -9999 3.41895E-2 4.47256E-2 1.21644E-1 1.31399E-1 5.42601E-2 6.29618E-2 1.856E-1 1.11644E-1 2.18756E-1 1.67769E-1 1.08158E-1 1.10175E-1 1.028E-1 1.03949E-1 1.03586E-1 1.10659E-1 1.62036E-1 1.35802E-1 1.14691E-1
-9999 -9999 -9999 -9999 -9999 -9999 -9999 -9999 -9999 -9999 -9999 -9999 -9999 -9999 -9999 -9999 -9999 -9999 -9999 -9999 -9999 -9999 -9999 -9999 -9999 -9999 -9999 -9999 -9999 -9999 -9999 -9999 -9999 -9999 -9999 -9999 -9999 -9999 -9999 -9999 -9999 -9999 -9999 -9999 -9999 1.57853E-1 -9999 5.2177E-2 1.48453E-1 7.89605E-2 4.018E-2 4.95196E-2 2.2056E-1 2.71353E-1 3.12762E-1 1.82616E-1 1.032E-1 1.11314E-1 1.11898E-1 1.10287E-1 1.09653E-1 1.2699E-1 1.9465E-1 2.60473E-1 2.60835E-1
-9999 -9999 -9999 -9999 -9999 -9999 -9999 -9999 -9999 -9999 -9999 -9999 -9999 -9999 -9999 -9999 -9999 -9999 -9999 -9999 -9999 -9999 -9999 -9999 -9999 -9999 -9999 -9999 -9999 -9999 -9999 -9999 -9999 -9999 -9999 -9999 -9999 -9999 -9999 -9999 -9999 -9999 -9999 -9999 -9999 -9999 1.98579E-1 1.72949E-1 1.47891E-1 4.55137E-2 3.54505E-2 4.5045E-2 7.63858E-2 1.04138E-1 2.54508E-1 1.19132E-1 9.95966E-2 1.16828E-1 1.10756E-1 1.14075E-1 1.19E-1 1.27191E-1 1.54569E-1 2.7465E-1 3.40818E-1
-9999 -9999 -9999 -9999 -9999 -9999 -9999 -9999 -9999 -9999 -9999 -9999 -9999 -9999 -9999 -9999 -9999 -9999 -9999 -9999 -9999 -9999 -9999 -9999 -9999 -9999 -9999 -9999 -9999 -9999 -9999 -9999 -9999 -9999 -9999 -9999 -9999 -9999 -9999 -9999 -9999 -9999 -9999 -9999 -9999 1.36269E-1 9.46666E-2 1.70094E-1 1.13141E-1 3.5683E-2 2.94519E-2 3.85375E-2 7.74538E-2 3.90466E-1 1.36762E-1 9.80977E-2 1.12307E-1 1.31866E-1 1.19382E-1 1.25202E-1 1.29579E-1 1.32247E-1 1.30523E-1 1.54548E-1 2.84755E-1
-9999 -9999 -9999 -9999 -9999 -9999 -9999 -9999 -9999 -9999 -9999 -9999 -9999 -9999 -9999 -9999 -9999 -9999 -9999 -9999 -9999 -9999 -9999 -9999 -9999 -9999 -9999 -9999 -9999 -9999 -9999 -9999 -9999 -9999 -9999 -9999 -9999 -9999 -9999 -9999 -9999 -9999 -9999 -9999 -9999 9.66368E-2 8.54199E-2 1.01444E-1 4.58707E-2 4.11227E-2 3.29923E-2 4.73422E-2 7.36701E-2 2.0719E-1 3.03055E-1 2.17505E-1 1.19182E-1 1.30166E-1 1.3432E-1 1.51852E-1 1.62223E-1 1.58267E-1 1.52285E-1 1.7558E-1 2.16752E-1
-9999 -9999 -9999 -9999 -9999 -9999 -9999 -9999 -9999 -9999 -9999 -9999 -9999 -9999 -9999 -9999 -9999 -9999 -9999 -9999 -9999 -9999 -9999 -9999 -9999 -9999 -9999 -9999 -9999 -9999 -9999 -9999 -9999 -9999 -9999 -9999 -9999 -9999 -9999 -9999 -9999 -9999 -9999 -9999 -9999 1.01035E-1 1.00037E-1 4.05198E-2 2.89993E-2 2.44164E-2 3.78241E-2 5.14382E-2 7.24886E-2 1.20578E-1 3.58883E-1 3.68519E-1 1.57477E-1 1.65325E-1 1.85938E-1 1.6603E-1 1.69635E-1 1.79339E-1 1.72558E-1 1.68159E-1 2.03267E-1
-9999 -9999 -9999 -9999 -9999 -9999 -9999 -9999 -9999 -9999 -9999 -9999 -9999 -9999 -9999 -9999 -9999 -9999 -9999 -9999 -9999 -9999 -9999 -9999 -9999 -9999 -9999 -9999 -9999 -9999 -9999 -9999 -9999 -9999 -9999 -9999 -9999 -9999 -9999 -9999 -9999 -9999 -9999 -9999 3.24766E-1 2.20566E-1 1.21139E-1 4.77903E-2 2.3615E-2 2.40998E-2 3.97198E-2 5.00061E-2 7.93476E-2 9.50734E-2 2.97931E-1 3.65194E-1 2.62744E-1 2.01604E-1 2.07867E-1 1.7473E-1 2.50648E-1 1.73715E-1 2.20292E-1 1.62005E-1 2.26333E-1
-9999 -9999 -9999 -9999 -9999 -9999 -9999 -9999 -9999 -9999 -9999 -9999 -9999 -9999 -9999 -9999 -9999 -9999 -9999 -9999 -9999 -9999 -9999 -9999 -9999 -9999 -9999 -9999 -9999 -9999 -9999 -9999 -9999 -9999 -9999 -9999 -9999 -9999 -9999 -9999 -9999 -9999 -9999 -9999 -9999 3.02606E-1 1.62177E-1 4.22442E-2 2.44107E-2 2.99736E-2 3.65951E-2 4.85401E-2 6.58808E-2 1.90041E-1 3.36789E-1 3.07362E-1 2.40797E-1 2.92149E-1 3.00432E-1 3.01039E-1 2.67512E-1 3.17618E-1 2.36592E-1 2.08534E-1 2.56622E-1
-9999 -9999 -9999 -9999 -9999 -9999 -9999 -9999 -9999 -9999 -9999 -9999 -9999 -9999 -9999 -9999 -9999 -9999 -9999 -9999 -9999 -9999 -9999 -9999 -9999 -9999 -9999 -9999 -9999 -9999 -9999 -9999 -9999 -9999 -9999 -9999 -9999 -9999 -9999 -9999 -9999 -9999 -9999 -9999 -9999 2.13432E-1 1.40729E-1 5.10795E-2 4.14803E-2 3.49021E-2 4.46323E-2 5.3612E-2 7.23372E-2 1.28322E-1 3.03876E-1 3.62353E-1 3.94136E-1 4.37597E-1 2.94867E-1 5.84211E-1 3.92805E-1 3.8741E-1 3.01578E-1 2.24188E-1 1.83084E-1
-9999 -9999 -9999 -9999 -9999 -9999 -9999 -9999 -9999 -9999 -9999 -9999 -9999 -9999 -9999 -9999 -9999 -9999 -9999 -9999 -9999 -9999 -9999 -9999 -9999 -9999 -9999 -9999 -9999 -9999 -9999 -9999 -9999 -9999 -9999 -9999 -9999 -9999 -9999 -9999 -9999 -9999 -9999 2.57768E-1 2.91728E-1 2.28109E-1 9.20858E-2 5.29725E-2 4.55267E-2 4.16378E-2 4.6054E-2 5.40868E-2 7.53285E-2 8.53357E-2 1.87934E-1 2.72068E-1 3.25347E-1 3.86798E-1 4.43397E-1 4.57661E-1 4.16421E-1 5.67699E-1 3.90022E-1 3.35159E-1 3.23693E-1
-9999 -9999 -9999 -9999 -9999 -9999 -9999 -9999 -9999 -9999 -9999 -9999 -9999 -9999 -9999 -9999 -9999 -9999 -9999 -9999 -9999 -9999 -9999 -9999 -9999 -9999 -9999 -9999 -9999 -9999 -9999 -9999 -9999 -9999 -9999 -9999 -9999 -9999 -9999 -9999 -9999 3.33501E-1 8.84519E-2 7.61323E-2 1.32021E-1 1.13452E-1 5.82803E-2 4.22487E-2 4.18892E-2 4.72455E-2 5.57171E-2 6.25006E-2 8.1294E-2 1.42543E-1 1.32404E-1 3.56063E-1 3.12418E-1 4.17875E-1 3.82702E-1 3.6989E-1 4.23515E-1 4.5095E-1 4.36682E-1 4.09466E-1 4.48399E-1
-9999 -9999 -9999 -9999 -9999 -9999 -9999 -9999 -9999 -9999 -9999 -9999 -9999 -9999 -9999 -9999 -9999 -9999 -9999 -9999 -9999 -9999 -9999 -9999 -9999 -9999 -9999 -9999 -9999 -9999 -9999 -9999 -9999 -9999 -9999 -9999 -9999 -9999 -9999 1.25438E-1 1.79364E-1 3.07484E-1 2.99362E-1 3.1624E-1 3.51706E-1 1.53113E-1 5.64524E-2 4.98992E-2 4.7174E-2 5.40237E-2 6.26842E-2 7.54049E-2 1.13762E-1 2.08563E-1 2.49272E-1 3.52417E-1 3.62715E-1 4.32075E-1 4.3979E-1 3.22667E-1 3.56912E-1 3.35465E-1 3.11289E-1 3.56748E-1 2.80428E-1
-9999 -9999 -9999 3.42449E-2 -9999 -9999 -9999 -9999 -9999 -9999 -9999 -9999 -9999 -9999 -9999 -9999 -9999 -9999 -9999 -9999 -9999 -9999 -9999 -9999 -9999 -9999 -9999 -9999 -9999 -9999 -9999 -9999 -9999 -9999 -9999 -9999 -9999 -9999 -9999 8.57101E-2 9.04474E-2 1.49909E-1 3.88463E-1 2.85838E-1 2.76679E-1 1.55686E-1 9.80485E-2 5.82269E-2 7.05962E-2 8.85548E-2 1.01226E-1 1.17718E-1 1.55687E-1 2.17457E-1 3.51001E-1 3.23853E-1 4.59224E-1 3.8956E-1 4.20328E-1 3.37776E-1 3.52123E-1 3.07709E-1 3.57624E-1 3.57434E-1 2.52887E-1
1.2005E-2 9.63198E-3 1.09064E-2 -9999 -9999 -9999 -9999 8.98638E-3 2.51127E-2 2.85504E-2 -9999 1.63113E-2 -9999 -9999 -9999 -9999 -9999 -9999 -9999 -9999 -9999 -9999 -9999 -9999 -9999 -9999 -9999 -9999 -9999 -9999 -9999 -9999 -9999 -9999 -9999 -9999 -9999 -9999 1.87758E-1 1.88702E-1 7.95683E-2 1.36119E-1 3.18716E-1 2.54154E-1 2.33119E-1 2.2699E-1 1.69324E-1 6.96949E-2 7.31636E-2 1.3355E-1 1.21956E-1 1.88236E-1 2.49301E-1 2.73497E-1 3.3908E-1 3.55043E-1 2.94718E-1 2.78327E-1 3.19697E-1 3.40708E-1 4.64649E-1 4.65506E-1 3.98718E-1 1.2525E-1 1.2818E-1
5.33266E-3 5.07281E-3 8.10873E-3 8.73017E-3 9.5824E-3 6.53408E-3 5.22439E-3 5.73765E-3 5.8662E-3 6.9415E-3 6.98086E-3 9.22048E-3 8.91317E-3 8.57144E-3 9.88483E-3 1.0027E-2 7.15828E-2 -9999 -9999 -9999 -9999 -9999 -9999 -9999 -9999 -9999 -9999 -9999 -9999 -9999 -9999 -9999 -9999 -9999 -9999 -9999 -9999 -9999 1.70695E-1 7.84833E-2 6.21839E-2 1.34923E-1 2.90035E-1 2.10141E-1 2.24989E-1 1.84328E-1 1.33228E-1 5.87257E-2 7.43827E-2 9.67804E-2 1.70407E-1 2.37066E-1 2.61357E-1 3.34395E-1 2.49514E-1 2.91401E-1 2.93052E-1 2.52326E-1 3.00065E-1 3.6598E-1 3.86871E-1 3.28224E-1 3.27317E-1 8.6229E-2 8.54021E-2
3.15805E-3 3.07719E-3 5.51531E-3 6.42073E-3 8.24486E-3 9.40529E-3 9.44213E-3 2.43547E-2 2.40285E-2 1.13057E-2 1.37969E-2 7.28365E-3 6.13505E-3 6.74517E-3 5.74978E-3 8.75035E-3 8.40987E-3 3.20655E-2 -9999 -9999 -9999 -9999 -9999 -9999 -9999 -9999 -9999 -9999 -9999 -9999 -9999 -9999 -9999 -9999 -9999 -9999 -9999 -9999 1.15176E-1 5.58724E-2 1.20648E-1 2.24664E-1 2.98078E-1 2.11771E-1 2.19462E-1 8.16689E-2 5.85287E-2 4.64192E-2 6.29851E-2 9.06938E-2 1.3434E-1 2.41032E-1 3.13747E-1 2.62268E-1 2.15277E-1 2.18847E-1 2.16858E-1 2.11633E-1 2.93111E-1 2.53575E-1 2.6995E-1 3.6093E-1 7.70028E-2 7.30783E-2 8.57811E-2
3.73397E-3 4.80729E-3 1.34823E-2 3.76092E-2 4.36417E-2 1.09449E-2 1.60795E-2 1.79861E-2 1.40676E-2 1.16841E-2 2.12147E-2 5.59611E-3 8.25399E-3 8.47108E-3 8.88849E-3 7.70358E-3 9.72272E-3 9.47257E-3 1.47161E-2 7.25644E-2 -9999 -9999 -9999 -9999 -9999 -9999 -9999 -9999 -9999 -9999 -9999 -9999 -9999 -9999 -9999 1.14366E-1 6.8965E-2 7.68336E-2 6.19635E-2 4.80379E-2 1.80692E-1 2.77426E-1 1.9844E-1 2.24131E-1 1.40441E-1 4.43339E-2 4.49506E-2 4.6748E-2 6.32432E-2 9.41308E-2 1.14361E-1 3.04466E-1 2.5422E-1 2.41874E-1 2.32172E-1 2.08817E-1 2.13101E-1 2.54507E-1 3.11558E-1 2.39917E-1 2.59697E-1 1.23589E-1 2.9165E-2 2.83621E-2 1.20899E-1
1.48187E-2 2.11156E-2 2.52305E-2 3.16699E-2 2.08336E-2 1.10628E-2 8.2663E-3 7.4321E-3 7.7201E-3 6.4678E-3 8.2228E-3 7.86947E-3 1.00926E-2 1.15781E-2 1.29825E-2 1.35304E-2 1.4109E-2 1.49012E-2 1.28214E-2 1.31419E-2 6.85032E-2 -9999 -9999 -9999 -9999 -9999 -9999 -9999 -9999 -9999 -9999 -9999 -9999 -9999 1.3945E-1 1.03907E-1 9.20231E-2 5.10775E-2 4.21287E-2 5.06984E-2 2.38784E-1 2.33157E-1 1.77058E-1 1.02939E-1 6.61191E-2 4.08234E-2 4.36335E-2 5.34847E-2 6.21477E-2 9.00543E-2 1.65485E-1 2.56232E-1 2.63813E-1 2.14443E-1 2.0409E-1 2.01219E-1 2.34804E-1 2.39349E-1 2.54357E-1 1.74223E-1 2.31594E-1 2.66064E-2 3.07268E-2 2.63589E-2 2.46826E-2
-9999 -9999 -9999 -9999 -9999 2.79873E-2 2.00672E-2 8.80445E-3 5.94424E-3 4.22792E-3 4.45917E-3 7.70444E-3 7.64555E-3 9.99151E-3 1.51014E-2 1.6946E-2 2.10473E-2 2.8089E-2 1.9168E-2 1.84749E-2 1.96788E-2 1.41076E-2 5.6145E-2 -9999 -9999 -9999 -9999 -9999 -9999 -9999 -9999 -9999 1.75974E-1 8.89341E-2 3.97913E-2 4.30732E-2 9.41262E-2 6.64507E-2 3.66962E-2 5.99763E-2 2.13145E-1 1.96639E-1 1.22242E-1 1.24171E-1 6.4415E-2 4.91722E-2 5.53374E-2 6.2598E-2 9.33364E-2 1.0612E-1 1.84686E-1 1.95339E-1 3.66136E-1 1.8662E-1 1.87921E-1 1.93232E-1 1.87688E-1 2.26556E-1 3.38863E-1 1.63486E-1 3.83919E-2 2.09796E-2 2.55385E-2 2.65E-2 2.8663E-2
-9999 -9999 -9999 -9999 -9999 -9999 -9999 -9999 1.09822E-2 3.01906E-2 1.01418E-2 7.36073E-3 1.05687E-2 1.00234E-2 3.28805E-2 3.42375E-2 2.73137E-2 5.81553E-2 3.51793E-2 2.68721E-2 1.77729E-2 2.28774E-2 2.01143E-2 3.94951E-2 2.06945E-2 -9999 -9999 -9999 -9999 -9999 1.79019E-1 1.65456E-1 6.57028E-2 7.34094E-2 3.50633E-2 3.27164E-2 3.75266E-2 6.16158E-2 4.56646E-2 4.83479E-2 1.25774E-1 2.15677E-1 1.65122E-1 1.60337E-1 1.57118E-1 5.99916E-2 6.26441E-2 7.88757E-2 1.31183E-1 1.59757E-1 1.8056E-1 1.78713E-1 2.95799E-1 1.95783E-1 1.7302E-1 1.75976E-1 2.50071E-1 2.48854E-1 1.22052E-1 1.63496E-1 2.41936E-2 3.5962E-2 3.30307E-2 2.75716E-2 3.56496E-2
-9999 -9999 -9999 -9999 -9999 -9999 -9999 -9999 -9999 -9999 3.35781E-2 8.17846E-3 1.25434E-2 1.1579E-2 3.41243E-2 9.32237E-2 3.60006E-2 5.72031E-2 6.48164E-2 3.53728E-2 3.65299E-2 2.31263E-2 3.07673E-2 2.83886E-2 2.15057E-2 5.841E-2 -9999 -9999 -9999 -9999 -9999 -9999 7.61917E-2 4.95359E-2 3.51389E-2 3.09505E-2 3.24982E-2 4.46091E-2 3.91414E-2 4.81544E-2 1.96393E-1 1.89163E-1 1.73389E-1 1.86417E-1 1.73886E-1 8.12991E-2 1.02835E-1 1.08442E-1 8.52254E-2 1.31983E-1 2.26865E-1 1.36232E-1 1.62743E-1 1.39189E-1 1.54744E-1 1.81173E-1 2.19921E-1 2.15336E-1 4.37154E-2 2.58271E-2 2.70343E-2 2.93605E-2 3.81571E-2 2.5286E-2 2.9878E-2
-9999 -9999 -9999 -9999 -9999 -9999 -9999 -9999 -9999 -9999 -9999 3.04223E-2 6.15879E-2 3.36756E-2 9.55541E-2 3.52246E-2 3.2294E-2 3.67722E-2 9.36992E-2 6.03943E-2 5.30585E-2 3.97495E-2 2.83148E-2 5.06762E-2 4.23668E-2 2.31538E-2 5.3937E-2 2.68862E-2 -9999 -9999 -9999 -9999 1.51702E-1 2.87158E-2 2.82207E-2 3.04832E-2 2.98365E-2 3.2232E-2 3.85699E-2 7.8874E-2 1.77272E-1 1.49062E-1 1.23176E-1 1.09446E-1 9.45668E-2 6.31946E-2 8.15742E-2 8.42798E-2 1.15729E-1 1.78083E-1 1.12061E-1 8.16435E-2 7.88716E-2 9.53301E-2 1.16467E-1 1.86335E-1 2.65142E-1 5.23282E-2 7.28918E-2 2.5261E-2 4.41296E-2 3.1258E-2 3.81834E-2 2.72696E-2 2.64162E-2
-9999 -9999 -9999 -9999 -9999 -9999 -9999 -9999 -9999 -9999 -9999 3.26958E-2 -9999 8.61776E-2 -9999 -9999 1.17462E-1 6.18577E-2 2.73028E-2 5.96924E-2 8.81435E-2 4.90211E-2 3.85661E-2 3.18976E-2 4.52878E-2 7.67456E-2 2.72666E-2 2.29508E-2 2.53068E-2 -9999 -9999 -9999 -9999 -9999 2.36395E-2 2.53264E-2 2.74066E-2 2.57187E-2 3.66812E-2 5.5479E-2 1.13783E-1 8.22165E-2 6.73968E-2 4.73638E-2 4.43124E-2 5.12786E-2 7.01209E-2 6.97583E-2 1.13328E-1 1.82793E-1 9.66843E-2 1.40442E-1 1.78783E-1 2.56889E-1 1.98538E-1 1.72072E-1 2.02104E-1 6.49026E-2 2.36509E-2 2.46893E-2 2.4028E-2 4.12465E-2 2.11543E-2 2.81826E-2 2.59487E-2
-9999 -9999 -9999 -9999 -9999 -9999 1.26306E-2 -9999 -9999 -9999 -9999 -9999 -9999 -9999 -9999 -9999 5.65132E-2 5.5855E-2 9.28188E-2 2.94907E-2 8.6817E-2 5.60516E-2 4.26145E-2 2.08186E-2 4.34561E-2 5.81118E-2 7.59461E-2 3.00823E-2 3.50314E-2 1.50679E-1 2.77011E-1 -9999 -9999 -9999 2.39988E-2 2.52113E-2 2.55752E-2 2.31952E-2 3.01684E-2 3.80807E-2 5.28344E-2 3.75726E-2 4.28549E-2 3.71508E-2 5.39204E-2 6.69827E-2 1.00531E-1 1.32486E-1 1.48352E-1 1.24942E-1 2.1455E-1 2.75304E-1 1.17701E-1 1.29599E-1 1.95385E-1 1.8047E-1 1.94485E-1 3.05569E-2 2.46215E-2 2.54277E-2 3.2943E-2 3.34742E-2 2.13931E-2 2.81736E-2 2.48687E-2
-9999 -9999 -9999 -9999 -9999 -9999 2.1736E-2 2.0891E-2 -9999 -9999 -9999 -9999 -9999 -9999 -9999 3.98256E-2 2.00463E-2 5.57355E-2 7.29917E-2 1.23423E-1 3.3542E-2 7.77506E-2 5.35009E-2 2.14189E-2 3.40556E-2 8.92025E-2 4.86508E-2 3.98373E-2 2.48571E-2 1.22864E-1 1.11353E-1 1.9934E-1 -9999 -9999 5.14653E-2 2.942E-2 3.20395E-2 2.48762E-2 3.13997E-2 2.94598E-2 3.52654E-2 4.83519E-2 3.87468E-2 3.54201E-2 5.35313E-2 6.5635E-2 6.02572E-2 8.26268E-2 7.94466E-2 1.3464E-1 1.94915E-1 2.77296E-1 7.1461E-2 1.30503E-1 1.42455E-1 1.27181E-1 2.63637E-1 1.19606E-1 3.67954E-2 2.899E-2 3.76223E-2 3.82219E-2 2.50867E-2 2.3879E-2 3.0273E-2
-9999 -9999 -9999 -9999 -9999 -9999 -9999 -9999 -9999 -9999 -9999 -9999 -9999 -9999 -9999 1.72809E-2 2.03624E-2 1.67595E-2 4.25549E-2 8.80146E-2 7.251E-2 1.63877E-2 3.76889E-2 2.10406E-2 1.92622E-2 4.1642E-2 4.70138E-2 5.07797E-2 2.87632E-2 1.23855E-1 1.02928E-1 -9999 -9999 -9999 8.31604E-2 2.64214E-2 3.3109E-2 2.79746E-2 3.03944E-2 2.49902E-2 3.14887E-2 2.79999E-2 3.20077E-2 4.55465E-2 5.26729E-2 5.6681E-2 4.8875E-2 5.31126E-2 7.73168E-2 1.2078E-1 1.77707E-1 1.26489E-1 8.07864E-2 1.27567E-1 1.06565E-1 2.33836E-1 2.3837E-1 7.13579E-2 4.00386E-2 3.26537E-2 3.49768E-2 5.25E-2 2.46216E-2 2.52299E-2 2.67915E-2
-9999 -9999 -9999 -9999 -9999 -9999 -9999 -9999 -9999 -9999 -9999 -9999 -9999 4.33338E-2 -9999 7.2598E-2 1.39321E-2 1.29232E-2 1.46995E-2 4.18864E-2 1.90129E-2 5.08746E-2 1.39578E-2 2.44373E-2 1.8333E-2 1.4439E-2 2.15263E-2 2.28584E-2 5.07047E-2 1.22546E-1 1.03583E-1 1.23253E-1 1.43331E-1 1.29975E-1 6.12208E-2 2.22663E-2 3.2442E-2 2.20121E-2 2.54978E-2 2.2014E-2 2.3123E-2 2.91553E-2 2.73005E-2 4.08084E-2 4.37727E-2 4.86334E-2 2.71448E-2 2.69287E-2 8.91421E-2 8.03815E-2 2.38528E-1 1.14908E-1 4.9057E-2 7.61217E-2 2.59711E-1 3.38959E-1 3.37325E-1 8.70859E-2 3.82354E-2 3.9225E-2 3.37683E-2 4.15341E-2 2.5464E-2 2.92118E-2 2.58457E-2
