layers/trop_ele.asc
ncols         638
nrows         825
xllcorner     -2985163.8955
yllcorner     -3022031.214
cellsize      10000.0
NODATA_value  -9999
[rows 116 to 144 of 825, columns 65 to 129 of 638]
-9999 -9999 -9999 -9999 -9999 -9999 -9999 -9999 -9999 -9999 -9999 -9999 -9999 -9999 -9999 -9999 -9999 -9999 -9999 -9999 -9999 -9999 -9999 -9999 -9999 -9999 -9999 -9999 -9999 6.5916E-2 6.7525E-2 6.22066E-2 5.21712E-2 4.15552E-2 3.74343E-2 4.74234E-2 6.31464E-2 6.55225E-2 4.57994E-2 1.71105E-1 2.19749E-1 8.27232E-2 5.45314E-2 3.17124E-2 4.24989E-2 6.4035E-2 4.18185E-2 5.59298E-2 7.70994E-2 3.82416E-2 2.40544E-2 8.07174E-3 8.71524E-3 1.08624E-2 1.52383E-2 1.9047E-2 5.46247E-2 7.66561E-2 2.91761E-1 3.07058E-1 1.27191E-1 1.21491E-1 2.02252E-1 2.05475E-1 2.01468E-1
-9999 -9999 -9999 -9999 -9999 -9999 -9999 -9999 -9999 -9999 -9999 -9999 -9999 -9999 -9999 -9999 -9999 -9999 -9999 -9999 -9999 -9999 -9999 -9999 -9999 -9999 -9999 -9999 -9999 -9999 9.76199E-2 9.54242E-2 5.19925E-2 3.94364E-2 3.6776E-2 4.83617E-2 7.09521E-2 5.33729E-2 6.97301E-2 4.26584E-1 2.79621E-1 5.88129E-2 2.31117E-2 2.78962E-2 5.54311E-2 7.99828E-2 4.2777E-2 5.27486E-2 6.21523E-2 4.97763E-2 3.13851E-2 2.66911E-2 2.31964E-2 1.23E-2 7.05644E-3 1.55508E-2 5.10704E-2 7.84341E-2 2.60002E-1 2.9161E-1 1.63204E-1 1.3615E-1 1.37592E-1 1.37602E-1 7.353E-2
-9999 -9999 -9999 -9999 -9999 -9999 -9999 -9999 -9999 -9999 -9999 -9999 -9999 -9999 -9999 -9999 -9999 -9999 -9999 -9999 -9999 -9999 -9999 -9999 -9999 -9999 -9999 -9999 -9999 -9999 1.09466E-1 1.23866E-1 6.52498E-2 4.5002E-2 3.42857E-2 4.20468E-2 6.5155E-2 3.87657E-2 3.83556E-2 8.35261E-2 9.21241E-2 5.61274E-2 2.73496E-2 2.80605E-2 4.49905E-2 4.56346E-2 4.79852E-2 5.86891E-2 6.87156E-2 4.12058E-2 1.90493E-2 1.79939E-2 4.17572E-2 2.31935E-2 1.1381E-2 2.53354E-2 6.00014E-2 1.11824E-1 1.80465E-1 1.68611E-1 1.67787E-1 1.53271E-1 1.38362E-1 1.43839E-1 9.23633E-2
-9999 -9999 -9999 -9999 -9999 -9999 -9999 -9999 -9999 -9999 -9999 -9999 -9999 -9999 -9999 -9999 -9999 -9999 -9999 -9999 -9999 -9999 -9999 -9999 -9999 -9999 -9999 -9999 -9999 -9999 -9999 1.39588E-1 8.10999E-2 5.10332E-2 4.01471E-2 4.55835E-2 4.59069E-2 2.69247E-2 2.76771E-2 2.58266E-2 3.99346E-2 5.27882E-2 3.30173E-2 2.76063E-2 4.47968E-2 3.58313E-2 4.40671E-2 4.69427E-2 7.54119E-2 5.90097E-2 1.71203E-2 1.41783E-2 4.89536E-2 5.11284E-2 4.18908E-2 7.98919E-2 9.4315E-2 1.1631E-1 1.72374E-1 2.23343E-1 2.22665E-1 1.20182E-1 8.40228E-2 1.04143E-1 1.09673E-1
-9999 -9999 -9999 -9999 -9999 -9999 -9999 -9999 -9999 -9999 -9999 -9999 -9999 -9999 -9999 -9999 -9999 -9999 -9999 -9999 -9999 -9999 -9999 -9999 -9999 -9999 -9999 -9999 -9999 -9999 -9999 1.5226E-1 9.57847E-2 6.35694E-2 6.99481E-2 4.2951E-2 2.69598E-2 2.52945E-2 2.16255E-2 2.72098E-2 3.37247E-2 5.95596E-2 3.73302E-2 6.43558E-2 5.50832E-2 2.88467E-2 3.78592E-2 4.62177E-2 5.70983E-2 4.23424E-2 2.08213E-2 2.04548E-2 4.28981E-2 3.25203E-2 4.72937E-2 6.6017E-2 9.31426E-2 1.55947E-1 1.86538E-1 2.36757E-1 2.27227E-1 1.84365E-1 9.97735E-2 1.22535E-1 9.85582E-2
-9999 -9999 -9999 -9999 -9999 -9999 -9999 -9999 -9999 -9999 -9999 -9999 -9999 -9999 -9999 -9999 -9999 -9999 -9999 -9999 -9999 -9999 -9999 -9999 -9999 -9999 -9999 -9999 -9999 -9999 1.53488E-1 1.43337E-1 1.10259E-1 6.76281E-2 6.90945E-2 4.26634E-2 2.46619E-2 2.62806E-2 3.3703E-2 2.65919E-2 4.53317E-2 3.41134E-2 2.99788E-2 6.31198E-2 4.77713E-2 2.89405E-2 3.74925E-2 4.4908E-2 4.62723E-2 2.70941E-2 1.37643E-2 1.33858E-2 2.11566E-2 2.51793E-2 5.28798E-2 7.51908E-2 9.04624E-2 2.07461E-1 2.33346E-1 2.44087E-1 2.68599E-1 2.13777E-1 1.2201E-1 1.38419E-1 9.65533E-2
-9999 -9999 -9999 -9999 -9999 -9999 -9999 -9999 -9999 -9999 -9999 -9999 -9999 -9999 -9999 -9999 -9999 -9999 -9999 -9999 -9999 -9999 -9999 -9999 -9999 -9999 -9999 -9999 -9999 -9999 1.85915E-1 1.30175E-1 1.27583E-1 8.48595E-2 6.69254E-2 4.08095E-2 2.34277E-2 3.66431E-2 6.38523E-2 4.46396E-2 1.67567E-2 2.52301E-2 2.97498E-2 2.98876E-2 3.42387E-2 3.43589E-2 4.24154E-2 3.38692E-2 4.5075E-2 9.83308E-3 1.08056E-2 1.20822E-2 4.59459E-2 5.68265E-2 6.26079E-2 6.68088E-2 1.58298E-1 2.2132E-1 2.5203E-1 2.7864E-1 2.27049E-1 1.37829E-1 1.71283E-1 1.21709E-1 8.46732E-2
-9999 -9999 -9999 -9999 -9999 -9999 -9999 -9999 -9999 -9999 -9999 -9999 -9999 -9999 -9999 -9999 -9999 -9999 -9999 -9999 -9999 -9999 -9999 -9999 -9999 -9999 -9999 -9999 -9999 5.75263E-2 2.10487E-1 1.5933E-1 8.33484E-2 4.52866E-2 5.25905E-2 3.46381E-2 2.39927E-2 4.88344E-2 7.15604E-2 3.69963E-2 7.93451E-3 3.86821E-2 5.43577E-2 2.64078E-2 3.6473E-2 4.9625E-2 2.38485E-2 2.24122E-2 8.15243E-3 4.87706E-3 1.04962E-2 1.88469E-2 5.90979E-2 5.34761E-2 4.87529E-2 1.26701E-1 2.34133E-1 2.39038E-1 2.86921E-1 3.13331E-1 1.45115E-1 1.42233E-1 1.74054E-1 1.11421E-1 1.86174E-1
-9999 -9999 -9999 -9999 -9999 -9999 -9999 -9999 -9999 -9999 -9999 -9999 -9999 -9999 -9999 -9999 -9999 -9999 -9999 -9999 -9999 -9999 -9999 -9999 -9999 -9999 -9999 -9999 5.46066E-2 5.85422E-2 1.99351E-1 1.86165E-1 6.7643E-2 3.82164E-2 4.57643E-2 2.91048E-2 2.52933E-2 4.79848E-2 6.2652E-2 1.03292E-2 9.00626E-3 4.01789E-2 5.20957E-2 2.74129E-2 3.01832E-2 1.8058E-2 1.26921E-2 1.56454E-2 9.55501E-3 7.86654E-3 9.9335E-3 3.51589E-2 4.5042E-2 3.79085E-2 9.80213E-2 1.6668E-1 2.34126E-1 2.74407E-1 3.14962E-1 2.69626E-1 1.57008E-1 1.72543E-1 1.26831E-1 1.43495E-1 5.87985E-2
-9999 -9999 -9999 -9999 -9999 -9999 -9999 -9999 -9999 -9999 -9999 -9999 -9999 -9999 -9999 -9999 -9999 -9999 -9999 -9999 -9999 -9999 -9999 -9999 -9999 -9999 -9999 -9999 -9999 7.14906E-2 2.409E-1 2.06462E-1 1.22481E-1 6.65134E-2 4.64341E-2 3.34738E-2 3.03348E-2 2.23034E-2 1.35393E-2 2.41862E-3 5.58084E-3 2.80017E-2 4.21295E-2 2.75039E-2 3.93012E-2 1.41671E-2 5.78313E-3 5.26369E-3 7.52993E-3 2.51842E-2 3.08247E-2 7.16729E-2 5.51955E-2 6.87028E-2 1.45654E-1 2.49308E-1 2.29001E-1 3.03112E-1 3.10701E-1 2.52031E-1 2.12384E-1 1.91713E-1 1.05427E-1 6.71232E-2 3.66398E-2
-9999 -9999 -9999 -9999 -9999 -9999 -9999 -9999 -9999 -9999 -9999 -9999 -9999 -9999 -9999 -9999 -9999 -9999 -9999 -9999 -9999 -9999 -9999 -9999 -9999 -9999 -9999 -9999 -9999 -9999 2.39734E-1 1.86271E-1 -9999 1.16575E-1 5.3639E-2 3.6996E-2 3.41075E-2 1.33646E-2 7.09661E-3 3.97232E-3 8.93655E-3 2.55946E-2 3.27186E-2 1.91308E-2 1.43739E-2 2.15667E-2 1.28395E-2 6.22246E-3 6.85117E-3 1.90879E-2 4.36136E-2 1.13706E-1 1.41727E-1 9.67345E-2 1.79664E-1 2.46546E-1 2.85425E-1 2.86375E-1 2.79383E-1 1.90645E-1 2.2105E-1 1.58148E-1 1.92633E-1 7.51493E-2 3.88736E-2
-9999 -9999 -9999 -9999 -9999 -9999 -9999 -9999 -9999 -9999 -9999 -9999 -9999 -9999 -9999 -9999 -9999 -9999 -9999 -9999 -9999 -9999 -9999 -9999 -9999 -9999 -9999 -9999 -9999 -9999 -9999 -9999 2.10942E-1 1.58388E-1 -9999 4.58197E-2 2.61021E-2 1.23802E-2 5.42941E-3 9.63757E-3 1.4008E-2 1.86396E-2 2.53311E-2 3.30968E-2 9.00001E-3 1.08979E-2 1.41263E-2 1.02311E-2 6.27716E-3 1.16296E-2 2.38076E-2 7.99538E-2 1.0121E-1 9.96357E-2 9.76356E-2 1.42082E-1 2.05824E-1 3.09276E-1 1.81752E-1 1.763E-1 1.75687E-1 2.0637E-1 1.59461E-1 3.29672E-2 3.15652E-2
-9999 -9999 -9999 -9999 -9999 -9999 -9999 -9999 -9999 -9999 -9999 -9999 -9999 -9999 -9999 -9999 -9999 -9999 -9999 -9999 -9999 -9999 -9999 -9999 -9999 -9999 -9999 -9999 -9999 -9999 -9999 -9999 -9999 1.49453E-1 3.90049E-2 3.03823E-2 1.416E-2 8.99009E-3 9.84117E-3 2.40703E-2 2.53973E-2 2.26468E-2 2.4832E-2 3.69969E-2 3.60927E-2 2.43023E-2 1.12718E-2 1.15625E-2 1.31923E-2 2.09137E-2 3.16219E-2 8.97905E-2 1.01211E-1 9.25097E-2 9.86378E-2 1.28232E-1 1.93226E-1 2.06689E-1 2.10797E-1 2.18556E-1 2.10335E-1 2.30652E-1 1.1698E-1 1.00491E-1 5.76902E-2
-9999 -9999 -9999 -9999 -9999 -9999 -9999 -9999 -9999 -9999 -9999 -9999 -9999 -9999 -9999 -9999 -9999 -9999 -9999 -9999 -9999 -9999 -9999 -9999 -9999 -9999 -9999 -9999 -9999 -9999 -9999 -9999 -9999 9.09575E-2 3.78447E-2 2.08205E-2 1.3835E-2 6.68529E-3 1.43675E-2 2.75541E-2 4.78343E-2 2.38447E-2 2.49914E-2 3.66883E-2 5.0378E-2 2.1263E-2 8.00445E-3 5.98463E-3 9.8925E-3 6.53055E-2 1.81814E-1 1.57875E-1 1.01913E-1 9.73515E-2 1.13395E-1 1.33838E-1 2.21125E-1 1.73537E-1 2.50987E-1 2.5413E-1 2.54658E-1 1.67131E-1 1.4667E-1 2.39966E-1 1.60668E-1
-9999 -9999 -9999 -9999 -9999 -9999 -9999 -9999 -9999 -9999 -9999 -9999 -9999 -9999 -9999 -9999 -9999 -9999 -9999 -9999 -9999 -9999 -9999 -9999 -9999 -9999 -9999 -9999 -9999 -9999 -9999 -9999 -9999 4.61635E-2 3.4374E-2 1.78287E-2 8.43709E-3 7.78319E-3 1.14323E-2 1.60529E-2 3.40451E-2 2.35592E-2 2.77252E-2 3.73985E-2 5.43002E-2 1.17808E-2 5.50272E-3 8.86701E-3 2.13217E-2 4.69826E-2 1.78783E-1 1.45503E-1 9.31317E-2 8.9555E-2 1.33084E-1 1.44745E-1 3.12346E-1 1.79658E-1 2.5261E-1 2.74037E-1 3.10036E-1 1.66131E-1 1.65268E-1 2.67614E-1 2.70495E-1
-9999 -9999 -9999 -9999 -9999 -9999 -9999 -9999 -9999 -9999 -9999 -9999 -9999 -9999 -9999 -9999 -9999 -9999 -9999 -9999 -9999 -9999 -9999 -9999 -9999 -9999 -9999 -9999 -9999 -9999 -9999 -9999 7.10272E-2 5.749E-2 3.54457E-2 1.93871E-2 7.86253E-3 7.32594E-3 3.55034E-3 1.64554E-2 3.4223E-2 2.65091E-2 3.07632E-2 3.83023E-2 8.60745E-2 1.49302E-2 4.68934E-3 5.71442E-3 1.37673E-2 4.63214E-2 1.15987E-1 1.44467E-1 8.1507E-2 1.16626E-1 1.3817E-1 2.19051E-1 3.12184E-1 2.40482E-1 2.45605E-1 3.41557E-1 2.89755E-1 9.07463E-2 1.13909E-1 3.7081E-1 3.18037E-1
-9999 -9999 -9999 -9999 -9999 -9999 -9999 -9999 -9999 -9999 -9999 -9999 -9999 -9999 -9999 -9999 -9999 -9999 -9999 -9999 -9999 -9999 -9999 -9999 -9999 -9999 -9999 -9999 -9999 -9999 -9999 9.94769E-2 8.11756E-2 6.10152E-2 3.74616E-2 3.25507E-2 1.53786E-2 6.97173E-3 1.50772E-3 9.92893E-3 3.17231E-2 3.08009E-2 3.45028E-2 3.85352E-2 8.59006E-2 2.77896E-2 6.28259E-3 1.08553E-2 7.59837E-2 5.21363E-2 4.91497E-2 2.18966E-1 1.05878E-1 1.38578E-1 1.71636E-1 3.11371E-1 3.09357E-1 2.53728E-1 2.42127E-1 1.28135E-1 9.51142E-2 6.08479E-2 1.90983E-1 3.58436E-1 3.33818E-1
-9999 -9999 -9999 -9999 -9999 -9999 -9999 -9999 -9999 -9999 -9999 -9999 -9999 -9999 -9999 -9999 -9999 -9999 -9999 -9999 -9999 -9999 -9999 -9999 -9999 -9999 -9999 -9999 -9999 -9999 2.36988E-1 1.26906E-1 1.0567E-1 7.79264E-2 4.90566E-2 3.46829E-2 1.99418E-2 8.32022E-3 4.67075E-3 1.1717E-2 2.8171E-2 3.31303E-2 4.26456E-2 4.53154E-2 1.05856E-1 3.16846E-2 9.05107E-3 1.46312E-2 3.27804E-2 2.97815E-2 5.133E-2 1.47884E-1 1.09311E-1 1.91303E-1 2.08985E-1 3.18817E-1 2.97771E-1 2.93406E-1 2.6281E-1 9.87987E-2 6.20641E-2 6.77429E-2 1.88978E-1 2.93897E-1 3.56791E-1
-9999 -9999 -9999 -9999 -9999 -9999 -9999 -9999 -9999 -9999 -9999 -9999 -9999 -9999 -9999 -9999 -9999 -9999 -9999 -9999 -9999 -9999 -9999 -9999 -9999 -9999 -9999 -9999 -9999 -9999 5.46525E-1 4.93275E-1 1.94257E-1 1.22164E-1 7.07487E-2 7.02265E-2 2.34502E-2 2.52949E-2 3.28836E-2 2.60927E-2 2.57679E-2 3.32596E-2 6.09346E-2 6.06157E-2 8.4458E-2 1.84932E-2 1.05912E-2 1.64177E-2 2.92249E-2 5.17582E-2 7.91906E-2 4.78707E-2 6.84061E-2 2.30568E-1 3.17896E-1 3.12836E-1 2.94607E-1 3.37213E-1 1.76159E-1 6.65126E-2 3.46937E-2 9.01638E-2 2.81495E-1 4.29352E-1 3.31519E-1
-9999 -9999 -9999 -9999 -9999 -9999 -9999 -9999 -9999 -9999 -9999 -9999 -9999 -9999 -9999 -9999 -9999 -9999 -9999 -9999 -9999 -9999 -9999 -9999 -9999 -9999 -9999 -9999 -9999 -9999 4.35658E-1 2.35346E-1 2.12607E-1 2.06835E-1 1.56224E-1 7.87857E-2 5.51104E-2 5.00581E-2 4.48911E-2 3.80835E-2 4.57713E-2 6.71676E-2 5.12583E-2 8.55759E-2 3.29512E-2 1.24672E-2 5.914E-3 9.1115E-3 2.1657E-2 3.88842E-2 2.65829E-2 1.02255E-1 2.00655E-1 2.92928E-1 3.09938E-1 3.24436E-1 3.82163E-1 5.16551E-1 8.30582E-2 3.48289E-2 7.87024E-2 1.0098E-1 2.20363E-1 3.84159E-1 3.58403E-1
-9999 -9999 -9999 -9999 -9999 -9999 -9999 -9999 -9999 -9999 -9999 -9999 -9999 -9999 -9999 -9999 -9999 -9999 -9999 -9999 -9999 -9999 -9999 -9999 -9999 -9999 -9999 -9999 -9999 5.65696E-1 3.34347E-1 3.03703E-1 3.39721E-1 3.48925E-1 4.09445E-1 4.00077E-1 1.73714E-1 6.53744E-2 5.16024E-2 5.1471E-2 6.19378E-2 1.01134E-1 7.1523E-2 5.29734E-2 2.21993E-2 7.33896E-3 7.46934E-3 1.52739E-2 2.05958E-2 1.74437E-2 2.24721E-2 6.96402E-2 2.58402E-1 3.04156E-1 2.88834E-1 3.80399E-1 5.11828E-1 2.73167E-1 7.07659E-2 1.08923E-1 1.81806E-1 9.15644E-2 2.48567E-1 1.97094E-1 4.17037E-1
-9999 -9999 -9999 -9999 -9999 -9999 -9999 -9999 -9999 -9999 -9999 -9999 -9999 -9999 -9999 -9999 -9999 -9999 -9999 -9999 -9999 -9999 -9999 -9999 -9999 -9999 -9999 -9999 -9999 5.33894E-1 2.85587E-1 2.79406E-1 4.74216E-1 4.41339E-1 3.59428E-1 3.80623E-1 3.88478E-1 1.05212E-1 5.93416E-2 4.70357E-2 5.94961E-2 9.49141E-2 3.73866E-2 2.51762E-2 2.14255E-2 1.42938E-2 2.06178E-2 4.33471E-2 2.69717E-2 3.27028E-2 8.35508E-2 1.22201E-1 2.4431E-1 3.36278E-1 3.69762E-1 4.84414E-1 4.54549E-1 1.36966E-1 9.65846E-2 2.31145E-1 1.68864E-1 2.06352E-1 3.83624E-1 2.21997E-1 3.41638E-1
-9999 -9999 -9999 -9999 -9999 -9999 -9999 -9999 -9999 -9999 -9999 -9999 -9999 -9999 -9999 -9999 -9999 -9999 -9999 -9999 -9999 -9999 -9999 -9999 -9999 -9999 -9999 -9999 3.55492E-1 3.85544E-1 2.86107E-1 3.35129E-1 3.00603E-1 3.79191E-1 2.63516E-1 2.9434E-1 4.59674E-1 1.1862E-1 6.07115E-2 4.01252E-2 4.09026E-2 4.80994E-2 2.51663E-2 1.30763E-2 1.56251E-2 3.00411E-2 3.69341E-2 5.83558E-2 5.30163E-2 7.02438E-2 1.95526E-1 2.40397E-1 3.33571E-1 2.9216E-1 3.26362E-1 4.91645E-1 3.03935E-1 1.45362E-1 8.44791E-2 1.96962E-1 1.84901E-1 2.31935E-1 3.10458E-1 3.1177E-1 2.81498E-1
-9999 -9999 -9999 -9999 -9999 -9999 -9999 -9999 -9999 -9999 -9999 -9999 -9999 -9999 -9999 -9999 -9999 -9999 -9999 -9999 -9999 -9999 -9999 -9999 -9999 -9999 -9999 3.32511E-1 2.83771E-1 1.92619E-1 1.7858E-1 2.59115E-1 2.71109E-1 2.12352E-1 1.72308E-1 3.66296E-1 3.57815E-1 9.61986E-2 4.19351E-2 3.6691E-2 3.70449E-2 2.27299E-2 1.57678E-2 1.48334E-2 1.70635E-2 3.13565E-2 5.03458E-2 1.04579E-1 2.01646E-1 1.91992E-1 2.72201E-1 3.19317E-1 4.24929E-1 3.20451E-1 3.98937E-1 4.90043E-1 1.30574E-1 7.50106E-2 1.62712E-1 2.79738E-1 3.78388E-1 2.37854E-1 2.82134E-1 3.04067E-1 2.949E-1
-9999 -9999 -9999 -9999 -9999 -9999 -9999 -9999 -9999 -9999 -9999 -9999 -9999 -9999 -9999 -9999 -9999 -9999 -9999 -9999 -9999 -9999 -9999 -9999 -9999 -9999 -9999 3.30948E-1 2.49106E-1 1.29935E-1 1.17691E-1 1.422E-1 2.37578E-1 1.57044E-1 1.18381E-1 1.8461E-1 2.14801E-1 5.41629E-2 2.91991E-2 2.93767E-2 3.6598E-2 2.17263E-2 1.88184E-2 1.74914E-2 2.42213E-2 4.37674E-2 1.09575E-1 1.88947E-1 2.3521E-1 2.51736E-1 4.04677E-1 4.66522E-1 4.70383E-1 4.60399E-1 3.73248E-1 1.82902E-1 7.35134E-2 9.65338E-2 2.24635E-1 3.09813E-1 3.08517E-1 2.8319E-1 2.56435E-1 3.07229E-1 3.09397E-1
-9999 -9999 -9999 -9999 -9999 -9999 -9999 -9999 -9999 -9999 -9999 -9999 -9999 -9999 -9999 -9999 -9999 -9999 -9999 -9999 -9999 -9999 -9999 -9999 -9999 1.44882E-1 2.21449E-1 3.05337E-1 2.13851E-1 1.10995E-1 7.88344E-2 6.88015E-2 1.03851E-1 9.24321E-2 1.46463E-1 1.60973E-1 9.50344E-2 3.68989E-2 2.49822E-2 3.72073E-2 3.17875E-2 2.27436E-2 2.15427E-2 1.91354E-2 2.60594E-2 5.13012E-2 8.44303E-2 1.33008E-1 1.5739E-1 2.00459E-1 2.12097E-1 3.48876E-1 5.30947E-1 5.30956E-1 1.87883E-1 4.35571E-2 6.74784E-2 2.14822E-1 2.55657E-1 2.32893E-1 2.70289E-1 2.58144E-1 2.24055E-1 3.17443E-1 2.93261E-1
-9999 -9999 -9999 -9999 -9999 -9999 -9999 -9999 -9999 -9999 -9999 -9999 -9999 -9999 -9999 -9999 -9999 -9999 -9999 -9999 -9999 -9999 -9999 5.02315E-2 1.19218E-1 1.68562E-1 1.4592E-1 1.60086E-1 1.14079E-1 7.41056E-2 5.20661E-2 3.83575E-2 6.03233E-2 4.45094E-2 4.67718E-2 3.11887E-2 3.86516E-2 3.22049E-2 4.27714E-2 2.57082E-2 2.26348E-2 2.2227E-2 2.39379E-2 1.7738E-2 2.47598E-2 5.22195E-2 9.55656E-2 1.4969E-1 2.2419E-1 1.7294E-1 2.39283E-1 4.72023E-1 4.12002E-1 6.06673E-1 9.96015E-2 6.0957E-2 1.87813E-1 1.95072E-1 3.21144E-1 2.09538E-1 2.43118E-1 1.97341E-1 2.94955E-1 2.9186E-1 2.64097E-1
-9999 -9999 -9999 -9999 -9999 -9999 -9999 -9999 -9999 -9999 -9999 -9999 -9999 -9999 -9999 -9999 -9999 -9999 -9999 7.53331E-2 7.87375E-2 8.05546E-2 8.95037E-2 1.19524E-1 1.61568E-1 1.32598E-1 8.86531E-2 7.56119E-2 5.42076E-2 4.5026E-2 4.34833E-2 6.94061E-3 5.86197E-3 2.31925E-2 2.81946E-2 1.85841E-2 2.45646E-2 4.37774E-2 3.27019E-2 2.73744E-2 1.97433E-2 2.30233E-2 1.77547E-2 1.3728E-2 3.58266E-2 9.07244E-2 1.30662E-1 2.05402E-1 2.32173E-1 2.46247E-1 3.32681E-1 5.2251E-1 5.16821E-1 4.14652E-1 7.80225E-2 2.18471E-1 3.34746E-1 2.02721E-1 2.12775E-1 1.86583E-1 2.32013E-1 2.76665E-1 2.9746E-1 2.57428E-1 2.19888E-1
-9999 -9999 -9999 -9999 -9999 -9999 -9999 -9999 -9999 -9999 -9999 -9999 -9999 -9999 -9999 -9999 -9999 -9999 -9999 7.46551E-2 7.94297E-2 9.38456E-2 1.11287E-1 1.93033E-1 1.94977E-1 1.06256E-1 7.27963E-2 4.60779E-2 5.35864E-2 3.84686E-2 3.51313E-2 5.3315E-3 2.77813E-3 1.08327E-2 5.35758E-3 9.75769E-3 2.96189E-2 2.5759E-2 2.91967E-2 2.54777E-2 2.07244E-2 2.17004E-2 2.88498E-2 3.92275E-2 7.66583E-2 1.31476E-1 1.57953E-1 1.61283E-1 1.20535E-1 2.5896E-1 3.3742E-1 4.6019E-1 5.09619E-1 1.23728E-1 1.14042E-1 2.7577E-1 3.80109E-1 2.16155E-1 2.25917E-1 2.45634E-1 2.43014E-1 2.7897E-1 2.69575E-1 2.36025E-1 2.21734E-1
