old_layers/suit_drivs.asc
ncols         638
nrows         825
xllcorner     -2985163.8955
yllcorner     -3022031.214
cellsize      10000.0
NODATA_value  -9999
[rows 348 to 376 of 825, columns 325 to 389 of 638]
8.37013E-1 6.47378E-1 5.19777E-1 5.00165E-1 5.03571E-1 5.24423E-1 6.86647E-1 8.92782E-1 8.90535E-1 6.95063E-1 6.05552E-1 6.97818E-1 8.99228E-1 7.08534E-1 5.55238E-1 5.56966E-1 5.70266E-1 5.71023E-1 5.7424E-1 5.959E-1 5.86545E-1 5.71202E-1 5.21134E-1 5.32994E-1 5.5116E-1 4.71472E-1 3.88124E-1 3.54326E-1 3.54358E-1 3.85748E-1 4.20902E-1 4.01697E-1 3.34031E-1 2.81646E-1 2.79784E-1 2.71162E-1 2.61659E-1 2.55629E-1 2.49581E-1 2.44602E-1 2.34022E-1 2.34228E-1 2.50799E-1 3.0427E-1 3.41464E-1 3.29598E-1 3.11927E-1 3.01382E-1 2.92034E-1 2.87782E-1 2.98093E-1 2.69439E-1 2.64811E-1 2.7336E-1 2.52612E-1 2.5274E-1 2.63471E-1 2.45412E-1 2.40401E-1 2.42295E-1 2.583E-1 2.59344E-1 2.75757E-1 2.24447E-1 2.15993E-1
8.37004E-1 6.45184E-1 5.18647E-1 4.97524E-1 5.06302E-1 5.18458E-1 5.93606E-1 6.881E-1 8.77844E-1 6.90401E-1 6.92372E-1 8.95124E-1 9.00532E-1 7.1061E-1 7.16372E-1 6.32381E-1 5.63206E-1 5.56607E-1 5.53786E-1 5.55551E-1 5.61246E-1 5.46382E-1 5.00272E-1 5.0034E-1 5.37033E-1 4.74091E-1 3.91354E-1 3.62185E-1 3.13467E-1 3.35046E-1 3.23866E-1 3.38311E-1 2.63839E-1 2.74836E-1 2.9301E-1 2.76983E-1 2.64143E-1 2.60571E-1 2.49508E-1 2.45842E-1 2.35627E-1 2.33189E-1 2.72397E-1 2.85845E-1 3.06816E-1 3.0661E-1 3.13545E-1 3.14958E-1 3.06009E-1 2.88325E-1 2.68668E-1 2.60974E-1 2.66563E-1 2.65677E-1 2.4774E-1 2.53213E-1 2.65326E-1 2.51696E-1 2.39028E-1 2.53826E-1 2.51069E-1 2.25609E-1 2.50864E-1 2.34986E-1 2.11986E-1
8.59117E-1 6.44255E-1 5.17753E-1 4.99054E-1 5.13429E-1 5.86547E-1 6.80557E-1 8.7791E-1 6.86593E-1 6.85881E-1 8.93035E-1 8.96835E-1 8.99022E-1 8.90241E-1 9.09079E-1 7.20133E-1 6.34071E-1 5.67787E-1 5.70947E-1 5.60511E-1 5.49341E-1 4.99118E-1 4.88771E-1 4.90591E-1 5.11158E-1 4.54871E-1 3.70664E-1 3.37931E-1 3.16498E-1 2.96115E-1 2.98426E-1 2.88286E-1 2.773E-1 2.8403E-1 2.92946E-1 2.69241E-1 2.56903E-1 2.45368E-1 2.42047E-1 2.57059E-1 2.4914E-1 2.45559E-1 2.38876E-1 2.58813E-1 2.7428E-1 2.86999E-1 2.98217E-1 2.77117E-1 2.85107E-1 2.77028E-1 2.60885E-1 2.55786E-1 2.66845E-1 2.54781E-1 2.42416E-1 2.56058E-1 2.84549E-1 2.5551E-1 2.5361E-1 2.41308E-1 2.28713E-1 2.399E-1 2.3796E-1 2.28479E-1 2.22824E-1
8.60687E-1 6.74799E-1 5.15676E-1 5.10168E-1 5.82208E-1 6.72427E-1 8.83408E-1 8.87741E-1 8.88667E-1 8.91743E-1 8.9307E-1 8.94258E-1 8.84159E-1 9.02151E-1 9.08121E-1 9.0807E-1 7.20103E-1 7.22447E-1 6.40377E-1 5.69972E-1 5.59899E-1 5.48139E-1 5.40242E-1 5.27736E-1 4.85078E-1 3.67545E-1 3.32666E-1 3.08736E-1 3.00377E-1 2.85295E-1 2.95445E-1 2.88228E-1 2.93685E-1 2.77171E-1 2.66875E-1 2.43291E-1 2.35612E-1 2.30907E-1 2.40296E-1 2.74898E-1 2.80499E-1 2.58157E-1 2.43322E-1 2.31572E-1 2.273E-1 2.36153E-1 2.57697E-1 2.81281E-1 2.44831E-1 2.59465E-1 2.46369E-1 2.49959E-1 2.54912E-1 2.49697E-1 2.66024E-1 2.67961E-1 2.66987E-1 2.55843E-1 2.50509E-1 2.4096E-1 2.40149E-1 2.36832E-1 2.49801E-1 2.14609E-1 2.34731E-1
7.79367E-1 6.73168E-1 5.11637E-1 5.13786E-1 6.72797E-1 8.81615E-1 8.81994E-1 8.70731E-1 8.81467E-1 8.89439E-1 8.78885E-1 6.90074E-1 6.93763E-1 7.00535E-1 9.06328E-1 9.07803E-1 8.98273E-1 9.0115E-1 7.26364E-1 6.47477E-1 5.75728E-1 5.59433E-1 5.60702E-1 5.36949E-1 4.92221E-1 3.66452E-1 3.25324E-1 2.96543E-1 2.86216E-1 2.83115E-1 2.68931E-1 2.59248E-1 2.54404E-1 2.42951E-1 2.38781E-1 2.32364E-1 2.26992E-1 2.31527E-1 2.60979E-1 2.8827E-1 2.94636E-1 2.72238E-1 2.55869E-1 2.25825E-1 2.23115E-1 2.18714E-1 2.264E-1 2.47694E-1 2.4756E-1 2.21358E-1 2.24496E-1 2.40277E-1 2.40938E-1 2.46373E-1 2.8572E-1 2.74656E-1 2.55469E-1 2.38016E-1 2.34293E-1 2.39709E-1 2.41996E-1 2.40115E-1 2.42523E-1 2.32947E-1 2.52146E-1
8.13919E-1 6.68505E-1 5.10479E-1 5.80786E-1 6.67771E-1 8.79876E-1 8.70375E-1 6.76655E-1 6.80255E-1 6.80788E-1 6.85443E-1 5.98768E-1 5.33672E-1 6.04824E-1 7.06293E-1 7.12766E-1 7.1562E-1 9.13547E-1 9.04312E-1 7.32701E-1 5.84574E-1 5.72378E-1 5.31139E-1 5.50813E-1 4.94436E-1 3.54078E-1 3.1354E-1 2.76829E-1 2.65909E-1 2.60842E-1 2.57299E-1 2.71082E-1 2.55131E-1 2.3736E-1 2.36391E-1 2.28943E-1 2.33919E-1 2.55738E-1 2.82885E-1 3.02441E-1 3.03173E-1 2.77477E-1 2.59123E-1 2.44939E-1 2.37786E-1 2.3378E-1 2.32239E-1 2.27763E-1 2.11811E-1 2.11834E-1 2.25044E-1 2.41886E-1 2.23407E-1 2.4631E-1 2.66241E-1 2.62438E-1 2.47032E-1 2.36869E-1 2.48706E-1 2.61283E-1 2.61139E-1 2.47828E-1 2.58894E-1 2.72157E-1 2.71024E-1
6.04426E-1 5.81249E-1 5.76537E-1 6.6626E-1 8.77698E-1 8.57861E-1 6.38646E-1 5.805E-1 5.16324E-1 5.1919E-1 5.2478E-1 5.22032E-1 5.15204E-1 5.31525E-1 5.44889E-1 5.51244E-1 6.25092E-1 7.20132E-1 7.26099E-1 6.4524E-1 5.78877E-1 5.55753E-1 4.96669E-1 5.02128E-1 4.87363E-1 3.46135E-1 3.0431E-1 3.25629E-1 3.25136E-1 3.07723E-1 2.8708E-1 2.49635E-1 2.33772E-1 2.44606E-1 2.41943E-1 2.25783E-1 2.46462E-1 2.75204E-1 3.01959E-1 3.1782E-1 3.14328E-1 2.90197E-1 2.7743E-1 2.73817E-1 2.71849E-1 2.72149E-1 2.42472E-1 2.26408E-1 2.24261E-1 2.27601E-1 2.43499E-1 2.57719E-1 2.56361E-1 2.54564E-1 2.56405E-1 2.49591E-1 2.58343E-1 2.84297E-1 2.95866E-1 2.85719E-1 2.63027E-1 2.74826E-1 2.74133E-1 2.83337E-1 2.85383E-1
5.15733E-1 5.13277E-1 6.65726E-1 8.70485E-1 8.75612E-1 6.02921E-1 5.45519E-1 4.74464E-1 4.36398E-1 4.62032E-1 4.72182E-1 5.01968E-1 4.9597E-1 5.08494E-1 5.20809E-1 5.3083E-1 5.49074E-1 5.60004E-1 5.65194E-1 5.68734E-1 5.64327E-1 5.4407E-1 4.99811E-1 5.00661E-1 4.70701E-1 3.60367E-1 3.3612E-1 3.04811E-1 2.79532E-1 2.7516E-1 2.71407E-1 2.78463E-1 2.56816E-1 2.60673E-1 2.48731E-1 2.5424E-1 2.36513E-1 2.62226E-1 2.82088E-1 2.85124E-1 3.02589E-1 3.3018E-1 3.06914E-1 3.02699E-1 3.01458E-1 3.06388E-1 3.02295E-1 2.90849E-1 2.93276E-1 2.98041E-1 3.04261E-1 2.98547E-1 2.9774E-1 2.75783E-1 2.8082E-1 2.94594E-1 3.24082E-1 3.25969E-1 3.04822E-1 2.78791E-1 2.79238E-1 2.7452E-1 2.71081E-1 2.75769E-1 2.71649E-1
6.06101E-1 6.38842E-1 6.32721E-1 8.54324E-1 8.62284E-1 6.34965E-1 4.7849E-1 4.61916E-1 4.48005E-1 4.41507E-1 4.24754E-1 4.54645E-1 4.78731E-1 4.8839E-1 4.99592E-1 5.13528E-1 5.29588E-1 5.35695E-1 5.41501E-1 5.46502E-1 5.45008E-1 5.39716E-1 5.14449E-1 5.21541E-1 4.9546E-1 4.10147E-1 3.20334E-1 2.82745E-1 2.75747E-1 2.55712E-1 2.74418E-1 2.81848E-1 2.80147E-1 2.75046E-1 2.7895E-1 2.68461E-1 2.49464E-1 2.35722E-1 2.54622E-1 2.60494E-1 2.79156E-1 3.16642E-1 3.35632E-1 3.3637E-1 3.37294E-1 3.28747E-1 3.29291E-1 3.36006E-1 3.22249E-1 3.18869E-1 3.16633E-1 3.35044E-1 3.30797E-1 3.33005E-1 3.09453E-1 3.35867E-1 3.5245E-1 3.19224E-1 2.95174E-1 2.81256E-1 2.83806E-1 2.87371E-1 2.83917E-1 2.83323E-1 2.89117E-1
8.40551E-1 8.37351E-1 8.37122E-1 8.63757E-1 6.66792E-1 5.1545E-1 4.75581E-1 4.55529E-1 4.37255E-1 4.27747E-1 4.31698E-1 4.33549E-1 4.57447E-1 4.65564E-1 4.76788E-1 4.94345E-1 5.06051E-1 5.11381E-1 5.18089E-1 5.24499E-1 5.24155E-1 5.27912E-1 5.22467E-1 5.17049E-1 4.95798E-1 4.30975E-1 3.44114E-1 3.42955E-1 3.32816E-1 3.03814E-1 2.70074E-1 2.66931E-1 2.97075E-1 3.64077E-1 3.82775E-1 3.59865E-1 2.98152E-1 2.53285E-1 2.31585E-1 2.32285E-1 2.54139E-1 3.01065E-1 3.34174E-1 3.83136E-1 3.62304E-1 3.4807E-1 3.52336E-1 3.62954E-1 3.38263E-1 3.40943E-1 3.41076E-1 3.45049E-1 3.53659E-1 3.71789E-1 3.7004E-1 3.63813E-1 3.45436E-1 2.96629E-1 2.81755E-1 2.78037E-1 2.88535E-1 2.88851E-1 2.96159E-1 2.96011E-1 3.01367E-1
8.74612E-1 6.33446E-1 6.3354E-1 6.68491E-1 5.7843E-1 5.03979E-1 4.62769E-1 4.2011E-1 4.05136E-1 4.2418E-1 4.3179E-1 4.61229E-1 4.64098E-1 4.77312E-1 4.89462E-1 5.01784E-1 5.07058E-1 5.06517E-1 5.14567E-1 5.23318E-1 5.27599E-1 5.36374E-1 5.3065E-1 5.33388E-1 5.30427E-1 4.26696E-1 3.56589E-1 4.5097E-1 4.82731E-1 4.49494E-1 4.05064E-1 3.70987E-1 3.98284E-1 3.93375E-1 3.95629E-1 3.75725E-1 2.98221E-1 2.88009E-1 2.32305E-1 2.15949E-1 2.44645E-1 2.88318E-1 3.31058E-1 3.54864E-1 3.80763E-1 3.86567E-1 4.03789E-1 4.03329E-1 3.76534E-1 3.48467E-1 3.6178E-1 3.50751E-1 3.54234E-1 3.75949E-1 3.60248E-1 3.4624E-1 3.19048E-1 2.76498E-1 2.67526E-1 2.79005E-1 2.85078E-1 2.87649E-1 2.92002E-1 3.02935E-1 3.02464E-1
6.58592E-1 5.1299E-1 4.80084E-1 5.10791E-1 5.04276E-1 4.92896E-1 4.76586E-1 4.35708E-1 4.06051E-1 4.46732E-1 4.27126E-1 4.81651E-1 4.846E-1 4.95651E-1 5.12877E-1 5.21119E-1 5.27099E-1 5.27822E-1 5.35222E-1 5.41003E-1 5.4252E-1 5.45361E-1 5.47499E-1 5.51134E-1 5.49377E-1 4.70298E-1 4.45505E-1 5.06603E-1 4.86451E-1 4.72986E-1 4.81833E-1 4.41356E-1 4.12351E-1 4.10643E-1 4.18131E-1 3.91445E-1 3.61453E-1 3.03063E-1 2.26553E-1 2.31305E-1 2.48223E-1 2.81298E-1 3.1023E-1 3.42347E-1 3.76969E-1 4.32413E-1 4.33275E-1 4.1687E-1 3.98479E-1 3.78964E-1 3.88706E-1 3.70787E-1 3.77093E-1 3.67267E-1 3.29958E-1 3.13774E-1 3.00994E-1 2.58535E-1 2.63238E-1 2.7014E-1 2.8306E-1 2.89042E-1 2.89605E-1 2.97432E-1 3.08573E-1
6.03975E-1 5.16348E-1 4.4445E-1 4.89026E-1 4.8636E-1 4.76208E-1 4.02733E-1 4.04534E-1 4.17032E-1 4.30884E-1 4.41865E-1 4.46219E-1 4.78494E-1 5.12488E-1 5.30832E-1 5.42602E-1 5.46792E-1 5.45558E-1 5.53555E-1 5.59414E-1 5.58778E-1 5.57784E-1 5.62446E-1 5.67488E-1 5.6868E-1 5.30302E-1 5.01737E-1 4.84892E-1 4.90051E-1 4.704E-1 4.4205E-1 3.94207E-1 4.16636E-1 4.44792E-1 4.09496E-1 3.85552E-1 3.74508E-1 3.50439E-1 3.02115E-1 2.52559E-1 2.46953E-1 2.81916E-1 3.32485E-1 3.48543E-1 3.75478E-1 4.27444E-1 4.37079E-1 4.51199E-1 4.25009E-1 4.08613E-1 4.135E-1 4.13126E-1 3.75118E-1 3.58291E-1 3.24051E-1 2.9031E-1 2.65731E-1 2.61376E-1 2.67586E-1 2.75681E-1 2.80399E-1 2.88139E-1 2.94585E-1 2.98184E-1 3.22442E-1
8.32495E-1 6.05986E-1 4.52162E-1 4.52732E-1 4.61207E-1 4.5803E-1 4.13866E-1 4.24506E-1 4.311E-1 4.47908E-1 4.89842E-1 4.65965E-1 4.67899E-1 4.76868E-1 5.48374E-1 6.71852E-1 7.05099E-1 6.18137E-1 6.83542E-1 6.87249E-1 5.81268E-1 5.73492E-1 5.77244E-1 5.83589E-1 5.83146E-1 5.52077E-1 4.79554E-1 4.64821E-1 4.96793E-1 4.80154E-1 4.55666E-1 4.32772E-1 4.63014E-1 4.4696E-1 4.10926E-1 3.77159E-1 3.68126E-1 3.63156E-1 3.53094E-1 3.1989E-1 2.66656E-1 2.79405E-1 2.92087E-1 3.24792E-1 3.7572E-1 4.14472E-1 4.40626E-1 4.61836E-1 4.78987E-1 4.53949E-1 4.28393E-1 4.01138E-1 3.61078E-1 3.51173E-1 3.27162E-1 3.08853E-1 2.83838E-1 2.59366E-1 2.60533E-1 2.72326E-1 2.81633E-1 2.84817E-1 3.00697E-1 3.00438E-1 3.11078E-1
8.34529E-1 6.07285E-1 4.75548E-1 4.84529E-1 4.70563E-1 4.2358E-1 4.29742E-1 4.42923E-1 4.49848E-1 5.17715E-1 6.16344E-1 6.20167E-1 6.23936E-1 6.29968E-1 6.39931E-1 8.46807E-1 8.68812E-1 6.56834E-1 8.56257E-1 8.65196E-1 6.94045E-1 7.24641E-1 7.30754E-1 7.35001E-1 6.43922E-1 5.17867E-1 4.55784E-1 4.86492E-1 4.99583E-1 5.00893E-1 5.00209E-1 4.62642E-1 4.60786E-1 4.37228E-1 4.13984E-1 3.88686E-1 3.53926E-1 3.30051E-1 3.23708E-1 3.14114E-1 2.57235E-1 2.33261E-1 2.74799E-1 3.26991E-1 3.80681E-1 4.01104E-1 4.271E-1 4.48756E-1 4.84469E-1 4.50357E-1 4.11327E-1 3.85233E-1 3.61566E-1 3.38021E-1 3.11778E-1 2.89293E-1 2.71378E-1 2.31798E-1 2.57227E-1 2.65076E-1 2.78114E-1 2.89713E-1 2.91879E-1 3.01113E-1 2.90604E-1
8.32577E-1 6.02391E-1 4.78326E-1 4.84913E-1 4.88341E-1 4.41559E-1 4.46086E-1 5.12587E-1 6.04338E-1 6.10066E-1 8.19466E-1 8.26441E-1 8.28946E-1 8.32188E-1 8.42548E-1 8.65697E-1 8.18789E-1 8.73273E-1 8.88802E-1 9.06238E-1 8.97318E-1 8.98902E-1 9.01608E-1 8.90468E-1 7.1854E-1 5.71987E-1 4.97459E-1 5.48756E-1 5.27684E-1 5.07389E-1 4.5561E-1 4.25984E-1 4.29746E-1 4.12204E-1 3.94188E-1 3.92692E-1 3.55214E-1 3.18297E-1 3.21093E-1 2.76566E-1 2.46098E-1 2.34731E-1 2.71878E-1 3.25626E-1 3.67802E-1 3.89655E-1 4.12863E-1 4.50105E-1 4.70392E-1 4.25298E-1 3.76799E-1 3.59716E-1 3.42154E-1 3.19177E-1 2.88916E-1 2.6903E-1 2.43785E-1 2.26516E-1 2.5139E-1 2.72414E-1 2.74472E-1 2.87346E-1 2.96315E-1 3.01581E-1 2.99389E-1
8.19407E-1 6.04575E-1 4.49256E-1 4.59787E-1 4.41808E-1 5.12585E-1 6.3408E-1 6.01219E-1 8.55507E-1 8.4207E-1 8.22086E-1 6.1741E-1 6.21051E-1 6.31492E-1 6.39241E-1 6.5033E-1 7.04053E-1 7.04984E-1 7.06663E-1 7.0903E-1 7.15323E-1 7.17536E-1 7.18882E-1 9.12051E-1 9.0453E-1 6.46435E-1 6.08728E-1 5.86759E-1 5.39779E-1 5.05773E-1 4.3934E-1 4.09194E-1 3.99947E-1 3.71264E-1 3.73871E-1 3.81923E-1 3.61751E-1 3.20589E-1 3.11476E-1 2.41883E-1 2.26345E-1 2.34887E-1 2.76227E-1 3.13086E-1 3.45132E-1 3.75774E-1 4.03564E-1 4.42719E-1 4.38498E-1 3.95471E-1 3.70903E-1 3.49679E-1 3.22259E-1 3.00305E-1 2.80497E-1 2.75211E-1 2.51527E-1 2.49156E-1 2.4728E-1 2.63481E-1 2.72703E-1 2.85146E-1 3.01044E-1 3.01629E-1 3.05133E-1
8.329E-1 6.37349E-1 4.80606E-1 4.67634E-1 5.38712E-1 5.98643E-1 8.09806E-1 8.28938E-1 8.27423E-1 6.05777E-1 6.15373E-1 5.27241E-1 4.64075E-1 4.76195E-1 5.13045E-1 4.91488E-1 5.44106E-1 5.45681E-1 5.46648E-1 5.48158E-1 5.53642E-1 5.56535E-1 7.15775E-1 8.97561E-1 9.00487E-1 8.70704E-1 7.39941E-1 6.53692E-1 5.53355E-1 5.09802E-1 4.51086E-1 4.63877E-1 4.19864E-1 4.21562E-1 4.12553E-1 4.07384E-1 3.8102E-1 3.56989E-1 3.34914E-1 2.47348E-1 2.36369E-1 2.57155E-1 2.85273E-1 3.13185E-1 3.44069E-1 3.75995E-1 4.02149E-1 4.33574E-1 4.06608E-1 3.76407E-1 3.64245E-1 3.24725E-1 3.06296E-1 2.87155E-1 2.78227E-1 2.5337E-1 2.56144E-1 2.66167E-1 2.6566E-1 2.58635E-1 2.79333E-1 3.05197E-1 2.98096E-1 2.99553E-1 3.1735E-1
6.33074E-1 5.44237E-1 4.72025E-1 5.40664E-1 5.95635E-1 8.22687E-1 8.22218E-1 8.16726E-1 5.9933E-1 5.17076E-1 4.57139E-1 4.81254E-1 4.72179E-1 4.73695E-1 4.89157E-1 4.89289E-1 5.19195E-1 5.22384E-1 5.18025E-1 5.25272E-1 5.25475E-1 5.46933E-1 6.25257E-1 7.1014E-1 6.86461E-1 8.72785E-1 9.12297E-1 7.33065E-1 5.52062E-1 5.00947E-1 4.67506E-1 4.61485E-1 4.55489E-1 4.55455E-1 4.3293E-1 4.01478E-1 3.9517E-1 3.81611E-1 3.22924E-1 2.6734E-1 2.62614E-1 2.5469E-1 2.80971E-1 3.13257E-1 3.40636E-1 3.70839E-1 4.01583E-1 4.17574E-1 3.77983E-1 3.49479E-1 3.14688E-1 3.38211E-1 2.73645E-1 2.55625E-1 2.46301E-1 2.58551E-1 2.62726E-1 2.65503E-1 2.76167E-1 2.88249E-1 2.72795E-1 2.92747E-1 3.04629E-1 3.01432E-1 3.30623E-1
5.65163E-1 4.88388E-1 5.44041E-1 6.30268E-1 8.50124E-1 8.05387E-1 5.92191E-1 5.9669E-1 5.12093E-1 4.48529E-1 4.38133E-1 4.5949E-1 4.52659E-1 4.74965E-1 4.57968E-1 4.61615E-1 4.90531E-1 4.92486E-1 4.95375E-1 4.97682E-1 5.10104E-1 5.27572E-1 5.46929E-1 5.44379E-1 5.47176E-1 6.1927E-1 7.17987E-1 6.38564E-1 5.50629E-1 5.03692E-1 4.85374E-1 4.58915E-1 4.28384E-1 4.18174E-1 4.04856E-1 3.46307E-1 3.54586E-1 3.64586E-1 3.37112E-1 2.92137E-1 2.79558E-1 2.59466E-1 2.86359E-1 2.97524E-1 3.396E-1 3.76169E-1 4.03975E-1 4.03578E-1 3.6506E-1 3.25775E-1 2.93681E-1 2.70182E-1 2.54574E-1 2.37476E-1 2.31374E-1 2.53747E-1 2.66489E-1 2.79605E-1 2.89054E-1 2.84587E-1 2.951E-1 2.89126E-1 3.12586E-1 3.10532E-1 3.36532E-1
5.2105E-1 5.90263E-1 6.0875E-1 8.248E-1 8.21721E-1 5.93438E-1 5.02979E-1 4.38486E-1 4.37503E-1 4.28813E-1 4.18744E-1 4.36149E-1 4.5856E-1 4.51538E-1 4.59127E-1 4.62322E-1 4.67464E-1 4.70271E-1 4.71895E-1 4.80479E-1 4.97076E-1 5.13541E-1 5.23019E-1 5.13777E-1 4.31565E-1 4.69097E-1 5.28996E-1 5.35275E-1 5.39167E-1 5.02066E-1 4.81408E-1 4.11098E-1 3.91942E-1 4.0615E-1 3.63335E-1 3.54454E-1 3.64531E-1 3.45293E-1 2.74705E-1 2.46396E-1 2.50621E-1 2.44491E-1 2.60401E-1 2.97416E-1 3.51454E-1 3.62652E-1 3.79232E-1 3.72761E-1 3.67673E-1 3.52325E-1 2.99465E-1 2.67894E-1 2.51968E-1 2.37576E-1 2.47431E-1 2.51123E-1 2.55369E-1 2.68277E-1 2.9017E-1 3.05098E-1 2.98179E-1 3.09338E-1 3.2112E-1 3.27194E-1 3.34496E-1
6.11052E-1 6.70017E-1 8.36894E-1 8.16089E-1 5.95634E-1 5.04391E-1 4.33935E-1 4.19681E-1 4.17837E-1 4.11796E-1 4.29744E-1 4.16088E-1 4.37402E-1 4.30504E-1 4.3253E-1 4.40659E-1 4.4407E-1 4.4591E-1 4.54729E-1 4.62881E-1 4.84907E-1 4.96384E-1 5.01418E-1 4.80681E-1 3.86176E-1 4.71676E-1 4.90799E-1 4.69989E-1 5.10161E-1 4.62447E-1 4.55398E-1 3.90106E-1 3.86704E-1 3.70833E-1 3.48269E-1 3.21358E-1 3.01545E-1 2.90801E-1 2.44789E-1 2.62872E-1 2.5615E-1 2.45575E-1 2.34902E-1 3.31508E-1 3.39095E-1 3.67824E-1 3.54837E-1 3.41896E-1 3.37668E-1 3.33082E-1 2.97952E-1 2.68695E-1 2.37371E-1 2.44143E-1 2.54446E-1 2.65711E-1 2.76638E-1 2.801E-1 2.7205E-1 2.99393E-1 3.28514E-1 3.20938E-1 3.36442E-1 3.57427E-1 3.21973E-1
7.09361E-1 8.86965E-1 8.59019E-1 6.21683E-1 5.14256E-1 4.38089E-1 4.22112E-1 4.04849E-1 4.26299E-1 4.21191E-1 4.10974E-1 3.99976E-1 4.15473E-1 4.10731E-1 3.89287E-1 4.1863E-1 4.22071E-1 4.27742E-1 4.3289E-1 4.55434E-1 4.69776E-1 4.77796E-1 4.7796E-1 4.01924E-1 3.752E-1 4.62291E-1 4.43606E-1 4.53327E-1 4.74902E-1 4.43032E-1 4.24124E-1 3.83294E-1 3.81654E-1 3.38158E-1 3.12957E-1 2.93988E-1 2.77911E-1 2.62132E-1 2.56798E-1 2.60811E-1 2.51251E-1 2.4861E-1 3.00822E-1 3.34776E-1 3.60636E-1 3.62633E-1 3.38017E-1 3.16238E-1 3.04099E-1 2.95964E-1 2.86066E-1 2.55745E-1 2.43903E-1 2.60814E-1 2.60532E-1 2.6931E-1 2.85735E-1 2.9616E-1 3.00678E-1 2.90926E-1 3.14788E-1 3.4692E-1 3.34241E-1 3.66406E-1 3.38027E-1
9.01138E-1 8.48642E-1 6.57906E-1 5.44333E-1 4.56617E-1 4.38188E-1 4.46585E-1 4.26971E-1 4.06754E-1 3.98306E-1 3.91245E-1 3.83854E-1 3.99578E-1 3.68721E-1 3.71185E-1 3.99767E-1 4.05343E-1 4.0845E-1 4.1859E-1 4.39611E-1 4.57759E-1 4.6262E-1 4.591E-1 3.08908E-1 3.60347E-1 4.00064E-1 3.7888E-1 3.86763E-1 3.96579E-1 4.54823E-1 4.22918E-1 3.94755E-1 3.70194E-1 3.35359E-1 3.25464E-1 3.07244E-1 2.98947E-1 2.77142E-1 2.77315E-1 2.65892E-1 2.61484E-1 2.81167E-1 3.10097E-1 3.35585E-1 3.32181E-1 3.20555E-1 3.09287E-1 3.01602E-1 2.77514E-1 2.76192E-1 2.57937E-1 2.40851E-1 2.50678E-1 2.70021E-1 2.66049E-1 2.67416E-1 2.74913E-1 3.02009E-1 3.2488E-1 3.10632E-1 3.43694E-1 3.57278E-1 3.79037E-1 3.72725E-1 3.70596E-1
9.24707E-1 9.03837E-1 6.76269E-1 4.9473E-1 4.99489E-1 4.74687E-1 4.58853E-1 4.56296E-1 4.30039E-1 4.0446E-1 3.9059E-1 3.80436E-1 3.72226E-1 3.90748E-1 3.85361E-1 3.83456E-1 3.87196E-1 3.95151E-1 4.1273E-1 4.26132E-1 4.44852E-1 4.24458E-1 4.35351E-1 3.24148E-1 3.49077E-1 3.63291E-1 3.68597E-1 3.52282E-1 3.77723E-1 4.54693E-1 4.27605E-1 4.03065E-1 3.79383E-1 3.46862E-1 3.37182E-1 3.07826E-1 2.89809E-1 2.8741E-1 2.7196E-1 2.5891E-1 2.50216E-1 2.86166E-1 3.12845E-1 3.10497E-1 2.90931E-1 2.42927E-1 2.65566E-1 2.65116E-1 2.65303E-1 2.57777E-1 2.39357E-1 2.41682E-1 2.50858E-1 2.65896E-1 2.75162E-1 2.65167E-1 2.74493E-1 2.96103E-1 3.17125E-1 3.42121E-1 3.41067E-1 3.44581E-1 3.94089E-1 4.14852E-1 4.17641E-1
9.30379E-1 9.16731E-1 7.03131E-1 6.68838E-1 5.80045E-1 5.00243E-1 4.92244E-1 4.86369E-1 4.59339E-1 4.33081E-1 4.11673E-1 3.95402E-1 3.86179E-1 3.79164E-1 3.95425E-1 3.85083E-1 3.75791E-1 3.81614E-1 3.98786E-1 3.92484E-1 4.10747E-1 3.91915E-1 4.19059E-1 3.27701E-1 3.28618E-1 3.20934E-1 3.35376E-1 3.53221E-1 3.71172E-1 4.04129E-1 4.13939E-1 3.97221E-1 3.62147E-1 3.52987E-1 3.16753E-1 2.93208E-1 2.86033E-1 2.78687E-1 2.63698E-1 2.48925E-1 2.65767E-1 2.93417E-1 3.03704E-1 2.85777E-1 2.66461E-1 2.60423E-1 2.50047E-1 2.53821E-1 2.67403E-1 2.51726E-1 2.47697E-1 2.49768E-1 2.56561E-1 2.64812E-1 2.75753E-1 2.7604E-1 2.8266E-1 2.98902E-1 3.06501E-1 3.18641E-1 3.60818E-1 3.59673E-1 3.6344E-1 3.92762E-1 4.33363E-1
9.36206E-1 9.30768E-1 9.05195E-1 8.75784E-1 6.81407E-1 6.7489E-1 5.8724E-1 5.13E-1 4.91432E-1 4.62531E-1 4.49379E-1 4.58253E-1 4.00565E-1 3.88495E-1 4.0671E-1 3.94956E-1 3.85395E-1 3.77574E-1 3.63312E-1 3.7837E-1 3.95808E-1 3.74442E-1 4.12995E-1 3.30745E-1 3.15828E-1 3.23849E-1 3.32365E-1 3.54957E-1 3.519E-1 3.51777E-1 3.90478E-1 3.8488E-1 3.47376E-1 3.28614E-1 2.81528E-1 2.79997E-1 2.83568E-1 2.70822E-1 2.52739E-1 2.67223E-1 2.83096E-1 2.79977E-1 2.52349E-1 2.46726E-1 2.56962E-1 2.58104E-1 2.47395E-1 2.29303E-1 2.3931E-1 2.4611E-1 2.56379E-1 2.33187E-1 2.59434E-1 2.51827E-1 2.65508E-1 2.86585E-1 2.99163E-1 3.13198E-1 3.39225E-1 3.44553E-1 3.52979E-1 3.87992E-1 4.12526E-1 3.96429E-1 4.36875E-1
9.28227E-1 7.45398E-1 7.20921E-1 9.19817E-1 9.10634E-1 8.90593E-1 6.97246E-1 5.9705E-1 5.13852E-1 4.95188E-1 4.67925E-1 4.37057E-1 4.10516E-1 4.23185E-1 4.13054E-1 4.03457E-1 3.94717E-1 3.85712E-1 3.55149E-1 3.71079E-1 3.86927E-1 3.77796E-1 3.52741E-1 4.00384E-1 3.66909E-1 2.9035E-1 3.4975E-1 3.61128E-1 3.49265E-1 3.56222E-1 3.47779E-1 3.60152E-1 3.37779E-1 3.0389E-1 2.79815E-1 2.9091E-1 2.81179E-1 2.63588E-1 2.47407E-1 2.7323E-1 2.76657E-1 2.54903E-1 2.39099E-1 2.51652E-1 2.51112E-1 2.58245E-1 2.59795E-1 2.59919E-1 2.67791E-1 2.67906E-1 2.63115E-1 2.66515E-1 2.51551E-1 2.4763E-1 2.51366E-1 2.65895E-1 3.19559E-1 3.51064E-1 3.72806E-1 3.72035E-1 3.70021E-1 3.72063E-1 4.25295E-1 4.37508E-1 4.37276E-1
9.26497E-1 7.40436E-1 7.17421E-1 7.10932E-1 9.19048E-1 8.66231E-1 8.57059E-1 6.87361E-1 5.9128E-1 5.15792E-1 4.84784E-1 4.50447E-1 4.21587E-1 4.2945E-1 4.17523E-1 4.09153E-1 4.0075E-1 3.68728E-1 3.61582E-1 3.60669E-1 3.65409E-1 3.22393E-1 3.57879E-1 4.29088E-1 3.76364E-1 3.06654E-1 3.37853E-1 3.45881E-1 3.5038E-1 3.32628E-1 3.30366E-1 3.40832E-1 3.19046E-1 2.94343E-1 2.75967E-1 2.89266E-1 2.66104E-1 2.52229E-1 2.63491E-1 2.9282E-1 2.47743E-1 2.51125E-1 2.43906E-1 2.57456E-1 2.36665E-1 2.41012E-1 2.77583E-1 2.70217E-1 2.86031E-1 2.83254E-1 2.64053E-1 2.60918E-1 2.4829E-1 2.60678E-1 2.81289E-1 2.87332E-1 3.05907E-1 3.3318E-1 3.36724E-1 3.61782E-1 3.94038E-1 4.10389E-1 4.09081E-1 4.40161E-1 5.27107E-1
