old_layers/suit_drivs.asc
ncols         638
nrows         825
xllcorner     -2985163.8955
yllcorner     -3022031.214
cellsize      10000.0
NODATA_value  -9999
[rows 87 to 115 of 825, columns 195 to 259 of 638]
4.86034E-1 4.61494E-1 4.3762E-1 4.33811E-1 4.48507E-1 4.77676E-1 5.17072E-1 5.56992E-1 6.14704E-1 6.32331E-1 5.70319E-1 5.66003E-1 5.8384E-1 6.34097E-1 6.79824E-1 6.68367E-1 7.0102E-1 8.4205E-1 9.43756E-1 9.99147E-1 6.13597E-1 4.58712E-1 4.64166E-1 4.67364E-1 3.21625E-1 1.76837E-1 1.08027E-1 1.05065E-1 9.62617E-2 9.76919E-2 2.50925E-1 2.92737E-1 3.19515E-1 2.62538E-1 1.11989E-1 2.24619E-1 1.94229E-1 1.03923E-1 8.98317E-2 9.45198E-2 2.48785E-1 4.36034E-1 4.10164E-1 1.98641E-1 2.91143E-1 7.47732E-1 7.31233E-1 5.73026E-1 3.24721E-1 1.67754E-1 1.84751E-1 2.49369E-1 2.49417E-1 2.54477E-1 2.47254E-1 2.4035E-1 2.54991E-1 2.68786E-1 2.8784E-1 3.26607E-1 3.52081E-1 4.03616E-1 6.47577E-1 4.34231E-1 3.59901E-1
4.6993E-1 4.506E-1 4.25429E-1 4.20645E-1 4.24781E-1 4.52328E-1 4.669E-1 4.89728E-1 5.26118E-1 5.50915E-1 5.27646E-1 5.18568E-1 5.17044E-1 5.44701E-1 5.92774E-1 6.34085E-1 6.80573E-1 8.62122E-1 9.62347E-1 9.31302E-1 6.3854E-1 4.679E-1 4.61285E-1 4.23268E-1 2.85852E-1 1.23998E-1 9.36292E-2 1.06926E-1 8.3808E-2 1.09791E-1 2.22873E-1 2.42349E-1 2.4347E-1 2.16435E-1 8.4675E-2 1.0518E-1 8.88067E-2 4.88065E-2 5.72155E-2 5.57568E-2 6.02829E-2 9.84817E-2 1.08965E-1 1.71665E-1 3.97988E-1 4.80598E-1 7.50415E-1 5.33795E-1 2.53621E-1 1.41697E-1 1.65697E-1 2.50413E-1 2.4652E-1 2.56789E-1 2.49105E-1 2.49011E-1 2.61636E-1 2.70429E-1 2.77286E-1 2.80443E-1 3.72027E-1 6.1057E-1 4.11093E-1 3.40502E-1 2.74832E-1
4.22805E-1 4.32864E-1 4.31559E-1 4.17632E-1 4.02566E-1 4.05573E-1 4.02798E-1 4.07226E-1 4.29207E-1 4.5261E-1 4.71341E-1 4.63761E-1 4.32617E-1 4.55432E-1 5.04327E-1 5.27202E-1 5.35165E-1 6.75555E-1 8.35148E-1 6.38319E-1 5.42557E-1 4.55353E-1 4.31295E-1 4.07818E-1 1.98476E-1 1.31316E-1 9.28096E-2 9.0788E-2 8.88723E-2 8.43649E-2 1.08197E-1 1.64513E-1 1.64727E-1 1.14223E-1 7.07206E-2 7.71377E-2 6.52671E-2 4.17297E-2 4.36037E-2 4.2059E-2 4.64112E-2 7.75694E-2 1.22544E-1 2.6887E-1 3.34429E-1 4.58662E-1 6.95092E-1 4.99093E-1 2.99159E-1 1.72758E-1 2.29594E-1 2.4049E-1 2.47457E-1 2.50716E-1 2.43364E-1 2.45206E-1 2.54559E-1 2.43644E-1 2.54853E-1 3.04801E-1 3.7538E-1 5.71656E-1 2.61889E-1 2.54599E-1 2.47132E-1
4.61858E-1 4.85124E-1 5.01428E-1 5.09194E-1 4.89633E-1 4.72731E-1 4.96392E-1 5.37952E-1 5.46472E-1 5.50431E-1 5.44795E-1 5.3848E-1 5.30193E-1 5.43476E-1 5.65578E-1 5.81101E-1 6.78783E-1 8.22422E-1 8.26032E-1 6.14903E-1 3.54868E-1 1.43129E-1 1.45319E-1 1.58058E-1 1.17751E-1 1.15936E-1 8.09606E-2 7.87229E-2 9.47782E-2 3.88424E-2 5.11873E-2 5.03137E-2 1.13852E-1 8.32164E-2 7.65229E-2 7.51865E-2 8.5837E-2 4.93812E-2 3.40095E-2 3.44621E-2 3.48655E-2 3.98118E-2 8.53439E-2 1.46874E-1 2.89806E-1 4.32048E-1 6.38269E-1 2.8921E-1 2.80713E-1 2.09981E-1 3.1514E-1 2.63553E-1 2.31767E-1 2.3908E-1 2.25565E-1 2.30555E-1 2.38498E-1 2.46448E-1 2.55341E-1 3.52573E-1 3.94868E-1 3.11977E-1 1.78512E-1 1.17941E-1 1.04099E-1
4.87731E-1 5.00849E-1 5.25186E-1 5.48564E-1 5.50802E-1 5.32841E-1 5.65162E-1 6.09577E-1 6.2328E-1 6.26067E-1 6.11736E-1 6.17735E-1 6.33484E-1 6.28309E-1 6.15883E-1 6.76831E-1 8.14682E-1 9.88805E-1 8.22613E-1 3.69627E-1 2.20945E-1 1.45601E-1 1.04292E-1 9.93873E-2 7.70121E-2 1.38509E-1 1.02359E-1 7.88121E-2 6.04693E-2 5.03102E-2 3.12865E-2 7.86326E-2 8.28386E-2 6.82615E-2 6.19095E-2 6.66826E-2 8.49674E-2 5.056E-2 4.12322E-2 3.49395E-2 4.53227E-2 3.69718E-2 4.45681E-2 8.84131E-2 2.35814E-1 3.45088E-1 4.29715E-1 3.03182E-1 2.95832E-1 3.33387E-1 4.47934E-1 2.81396E-1 2.28969E-1 2.3454E-1 2.05212E-1 2.26042E-1 2.45314E-1 3.04167E-1 1.80362E-1 1.80206E-1 3.0736E-1 2.72177E-1 1.75065E-1 1.10055E-1 9.80093E-2
4.25078E-1 4.27158E-1 4.45313E-1 4.73239E-1 4.89142E-1 5.08418E-1 5.36405E-1 5.77609E-1 6.67344E-1 7.6826E-1 7.76404E-1 7.99463E-1 8.23768E-1 8.24432E-1 7.34767E-1 7.84023E-1 9.53647E-1 9.95067E-1 5.16456E-1 2.53599E-1 1.89963E-1 1.52217E-1 1.26153E-1 1.00405E-1 9.65791E-2 1.20112E-1 6.31854E-2 7.75344E-2 3.18979E-2 3.78458E-2 2.03891E-2 6.54218E-2 6.54971E-2 5.97603E-2 2.26788E-2 5.89816E-2 2.97649E-2 1.97806E-2 3.75747E-2 5.17834E-2 5.07946E-2 3.19182E-2 4.57967E-2 6.98327E-2 2.39278E-1 3.37833E-1 4.00466E-1 2.41053E-1 3.44305E-1 2.43379E-1 4.11458E-1 2.68058E-1 2.02414E-1 1.89553E-1 2.10415E-1 2.32099E-1 2.36669E-1 2.2663E-1 3.42213E-1 2.89263E-1 2.95504E-1 1.75685E-1 1.22522E-1 1.03912E-1 1.21168E-1
4.17462E-1 4.31704E-1 5.05537E-1 6.15034E-1 5.54948E-1 6.74394E-1 7.01259E-1 7.32254E-1 7.71888E-1 9.5959E-1 9.74137E-1 9.78564E-1 9.87361E-1 9.82367E-1 8.82626E-1 9.73885E-1 9.44398E-1 5.81681E-1 4.88933E-1 1.52744E-1 1.77566E-1 1.32397E-1 1.03284E-1 9.55237E-2 8.87239E-2 9.36375E-2 7.45513E-2 5.57777E-2 3.78102E-2 3.14406E-2 1.63136E-2 6.87604E-2 6.12478E-2 3.54552E-2 2.03406E-2 2.41526E-2 2.66804E-2 3.08814E-2 3.7111E-2 3.97414E-2 4.1154E-2 3.38561E-2 5.29272E-2 5.70504E-2 1.14886E-1 1.0742E-1 1.31521E-1 1.52252E-1 2.39243E-1 2.38373E-1 3.94574E-1 2.35491E-1 1.8623E-1 1.72204E-1 1.83094E-1 2.21307E-1 2.19514E-1 1.44141E-1 3.54025E-1 2.72357E-1 2.26709E-1 1.27761E-1 1.27026E-1 1.16062E-1 1.51401E-1
5.59193E-1 5.87741E-1 6.23996E-1 8.55866E-1 6.92882E-1 9.14291E-1 9.27356E-1 9.60045E-1 9.76884E-1 9.8571E-1 9.12448E-1 9.32088E-1 9.54659E-1 9.55488E-1 9.96078E-1 9.98107E-1 6.26041E-1 2.96257E-1 4.17583E-1 2.67132E-1 2.24241E-1 1.10229E-1 1.05257E-1 9.91351E-2 7.83319E-2 7.51139E-2 5.65597E-2 4.55527E-2 1.77811E-2 2.79859E-2 2.46194E-2 5.8129E-2 5.38697E-2 2.08894E-2 2.35716E-2 1.32895E-2 3.01336E-2 3.8945E-2 3.99683E-2 3.71552E-2 3.2003E-2 4.15008E-2 6.65591E-2 7.22994E-2 6.24883E-2 8.36337E-2 7.4426E-2 2.12118E-1 1.59287E-1 2.55519E-1 4.04223E-1 2.41587E-1 1.95658E-1 1.67784E-1 1.5722E-1 1.9171E-1 1.93835E-1 1.46126E-1 2.78095E-1 1.7144E-1 1.37673E-1 1.04388E-1 1.12386E-1 1.44568E-1 1.36399E-1
8.44834E-1 8.14165E-1 8.01533E-1 8.67335E-1 8.9904E-1 9.15255E-1 9.53994E-1 8.63216E-1 9.82295E-1 9.04619E-1 8.43038E-1 8.21732E-1 8.68459E-1 9.57944E-1 9.91753E-1 7.68718E-1 3.23411E-1 1.50492E-1 1.68498E-1 4.29271E-1 3.67661E-1 1.17994E-1 9.23263E-2 8.15525E-2 6.26926E-2 6.56179E-2 4.96541E-2 3.89746E-2 1.52324E-2 2.69584E-2 2.69109E-2 3.30045E-2 5.39266E-2 2.08519E-2 2.46118E-2 2.53225E-2 4.22529E-2 3.63396E-2 3.51776E-2 3.56601E-2 1.6354E-2 4.35588E-2 8.02661E-2 8.5286E-2 8.07943E-2 8.05169E-2 1.57733E-1 1.75511E-1 1.7262E-1 2.35291E-1 3.65897E-1 3.59028E-1 2.62248E-1 1.65389E-1 1.53508E-1 1.85831E-1 1.82047E-1 1.19349E-1 2.19836E-1 1.53368E-1 1.34341E-1 1.22008E-1 1.37469E-1 1.72085E-1 1.50862E-1
6.91772E-1 5.78547E-1 5.47192E-1 6.91772E-1 7.67957E-1 7.74095E-1 8.37638E-1 8.28616E-1 9.0394E-1 8.29933E-1 7.20418E-1 7.46387E-1 8.74899E-1 9.37005E-1 9.69942E-1 7.59323E-1 5.20059E-1 3.56268E-1 1.57475E-1 1.39988E-1 1.46566E-1 1.10531E-1 9.00402E-2 7.85644E-2 5.50257E-2 4.04318E-2 3.71576E-2 3.24454E-2 1.3464E-2 3.01489E-2 2.63198E-2 2.50056E-2 2.97144E-2 3.09957E-2 3.2539E-2 3.08908E-2 3.66454E-2 3.97204E-2 3.99508E-2 4.16336E-2 3.85456E-2 4.11248E-2 5.76284E-2 7.04222E-2 9.09883E-2 8.89199E-2 1.7813E-1 1.74974E-1 1.70143E-1 2.06102E-1 2.33535E-1 2.20998E-1 1.87964E-1 1.53497E-1 1.4656E-1 1.2295E-1 1.13272E-1 1.84924E-1 2.08373E-1 2.04115E-1 1.48955E-1 1.07601E-1 1.55003E-1 1.85698E-1 1.7175E-1
5.06448E-1 4.25609E-1 4.40947E-1 5.18682E-1 5.50764E-1 5.50656E-1 6.04612E-1 6.47786E-1 6.61214E-1 6.33951E-1 5.54363E-1 5.64178E-1 7.54955E-1 9.64079E-1 9.61289E-1 5.0406E-1 4.11444E-1 2.15184E-1 1.24272E-1 1.24049E-1 9.13775E-2 9.15769E-2 6.71879E-2 5.5935E-2 4.19E-2 3.6515E-2 3.20885E-2 3.09003E-2 2.98248E-2 2.80759E-2 2.04475E-2 2.09802E-2 2.66114E-2 3.70826E-2 3.57177E-2 2.14945E-2 3.55571E-2 4.22479E-2 4.75866E-2 5.03661E-2 4.17587E-2 4.34078E-2 6.39713E-2 1.0084E-1 9.69214E-2 1.41995E-1 1.89701E-1 1.85833E-1 1.77835E-1 1.74014E-1 1.77391E-1 1.60745E-1 1.58329E-1 1.47802E-1 1.49598E-1 6.95374E-2 2.21275E-1 2.14988E-1 1.72251E-1 2.79948E-1 2.00792E-1 1.53274E-1 1.69401E-1 1.64902E-1 2.77464E-1
4.07022E-1 4.46173E-1 4.79523E-1 5.05018E-1 5.1393E-1 4.93628E-1 5.11011E-1 5.34076E-1 5.51636E-1 5.38258E-1 4.89422E-1 4.88938E-1 6.41962E-1 8.87414E-1 6.16243E-1 3.54847E-1 2.57749E-1 1.11036E-1 9.53968E-2 8.74626E-2 7.35636E-2 5.23527E-2 5.73237E-2 4.25678E-2 3.6597E-2 3.23861E-2 3.97511E-2 3.82644E-2 3.25437E-2 2.62501E-2 2.29694E-2 2.88155E-2 2.87755E-2 4.57892E-2 3.85585E-2 4.65261E-2 3.75609E-2 4.18811E-2 5.38382E-2 3.78227E-2 4.71639E-2 4.98532E-2 7.38631E-2 1.21123E-1 1.0463E-1 2.30885E-1 2.2523E-1 2.00219E-1 1.81093E-1 1.71083E-1 1.74236E-1 1.65029E-1 1.49772E-1 8.87664E-2 9.30147E-2 1.57237E-1 2.35787E-1 5.30728E-1 4.10807E-1 5.515E-1 3.88852E-1 2.19406E-1 2.93393E-1 3.35547E-1 4.19746E-1
4.12404E-1 5.2476E-1 6.00065E-1 6.09123E-1 5.84901E-1 5.21769E-1 4.97681E-1 4.91323E-1 5.26405E-1 5.57065E-1 5.76495E-1 5.87613E-1 7.36529E-1 6.98754E-1 3.69817E-1 2.33116E-1 1.43625E-1 8.394E-2 6.87293E-2 6.33547E-2 5.69147E-2 5.06824E-2 4.58006E-2 4.68534E-2 3.47959E-2 3.73196E-2 4.14896E-2 4.20313E-2 3.96058E-2 3.22275E-2 3.65315E-2 3.67498E-2 4.70122E-2 4.80605E-2 5.19896E-2 3.90746E-2 4.78177E-2 4.33825E-2 6.08088E-2 1.32841E-1 7.77763E-2 7.16112E-2 1.35394E-1 1.64545E-1 1.46618E-1 1.91655E-1 1.93297E-1 1.90825E-1 1.83138E-1 1.75162E-1 1.7203E-1 1.78292E-1 1.57349E-1 1.0119E-1 7.918E-2 1.10714E-1 1.78126E-1 2.07254E-1 1.86113E-1 3.29332E-1 4.27371E-1 4.00359E-1 4.80731E-1 5.1281E-1 3.88712E-1
3.93086E-1 4.97333E-1 5.74404E-1 5.38155E-1 4.95332E-1 4.55418E-1 4.38461E-1 4.60477E-1 5.36708E-1 5.58736E-1 4.80777E-1 4.50599E-1 5.93479E-1 6.05694E-1 3.61547E-1 2.37247E-1 1.55556E-1 7.95353E-2 7.13199E-2 5.26097E-2 4.76289E-2 4.49095E-2 4.28257E-2 4.49053E-2 4.39282E-2 4.06598E-2 3.57523E-2 4.14339E-2 4.38505E-2 5.02339E-2 5.93063E-2 6.94885E-2 6.62269E-2 1.04632E-1 4.96237E-2 4.20227E-2 4.19751E-2 4.66411E-2 9.82874E-2 9.79271E-2 7.29082E-2 6.71877E-2 1.46898E-1 1.62061E-1 1.7193E-1 1.30325E-1 2.4138E-1 1.89596E-1 1.85635E-1 1.80866E-1 1.77389E-1 1.8274E-1 1.70103E-1 1.66001E-1 1.41697E-1 1.06006E-1 1.09147E-1 1.1093E-1 1.59982E-1 2.54417E-1 3.03013E-1 5.19852E-1 7.02039E-1 5.05776E-1 4.78925E-1
3.9248E-1 4.26428E-1 4.46537E-1 3.90969E-1 3.59784E-1 3.56361E-1 3.78702E-1 4.20094E-1 5.48855E-1 5.47046E-1 3.23436E-1 3.27278E-1 4.22074E-1 5.54118E-1 3.39361E-1 2.1521E-1 1.31665E-1 8.3608E-2 7.01418E-2 5.444E-2 5.30935E-2 5.42164E-2 4.75823E-2 4.82189E-2 4.61335E-2 5.66502E-2 4.02553E-2 3.73252E-2 4.93193E-2 6.54266E-2 1.72674E-1 1.7552E-1 1.68196E-1 1.74591E-1 1.81276E-1 7.89283E-2 5.25053E-2 1.55215E-1 1.73752E-1 8.17149E-2 7.51057E-2 7.64706E-2 1.0724E-1 1.66757E-1 1.3543E-1 1.40823E-1 1.72443E-1 1.93202E-1 1.9205E-1 1.90271E-1 1.87245E-1 1.77279E-1 1.98528E-1 1.85447E-1 2.34841E-1 3.33828E-1 2.15614E-1 1.49861E-1 1.64669E-1 1.65299E-1 2.14977E-1 3.32843E-1 7.69977E-1 7.4605E-1 5.96678E-1
4.05342E-1 3.76072E-1 3.43864E-1 3.2311E-1 3.23296E-1 3.5159E-1 3.81388E-1 4.16345E-1 4.35914E-1 4.60784E-1 4.28255E-1 4.06634E-1 6.34941E-1 3.05677E-1 2.215E-1 1.62225E-1 1.00336E-1 7.12649E-2 6.40439E-2 5.41821E-2 5.65239E-2 6.30182E-2 6.14929E-2 5.35397E-2 4.42917E-2 4.90396E-2 4.70277E-2 4.73683E-2 5.44164E-2 6.29333E-2 7.18082E-2 1.26929E-1 2.05643E-1 1.99684E-1 1.93009E-1 2.51614E-1 1.37274E-1 1.13696E-1 1.19041E-1 1.08273E-1 1.04666E-1 9.96799E-2 1.03011E-1 1.62755E-1 1.39208E-1 1.7089E-1 1.69882E-1 1.93004E-1 1.9304E-1 1.93184E-1 1.93991E-1 2.18065E-1 2.45249E-1 2.31788E-1 2.15897E-1 2.37117E-1 2.55791E-1 2.05012E-1 2.55871E-1 2.65009E-1 2.85353E-1 5.04431E-1 8.06702E-1 7.7914E-1 5.7601E-1
4.06107E-1 3.29792E-1 2.78203E-1 2.78902E-1 2.90768E-1 3.40597E-1 3.71076E-1 4.15621E-1 3.63012E-1 4.61328E-1 6.65465E-1 6.65058E-1 4.62928E-1 1.98167E-1 1.56777E-1 1.64373E-1 1.06144E-1 7.39037E-2 7.46624E-2 7.18641E-2 6.80195E-2 5.46285E-2 5.6087E-2 4.9578E-2 6.20809E-2 5.94664E-2 8.05106E-2 8.64482E-2 7.69994E-2 6.9616E-2 1.00047E-1 1.47504E-1 2.26855E-1 2.17244E-1 2.11755E-1 1.89304E-1 1.82427E-1 1.29114E-1 1.16886E-1 1.72931E-1 1.42595E-1 1.30827E-1 1.18643E-1 1.86798E-1 1.38818E-1 1.26424E-1 1.29196E-1 1.26597E-1 1.75362E-1 1.99659E-1 2.13462E-1 2.00887E-1 2.38254E-1 2.69364E-1 2.41362E-1 2.78476E-1 3.04456E-1 3.84862E-1 4.02616E-1 3.87517E-1 4.27596E-1 4.7319E-1 5.32631E-1 6.4612E-1 5.78456E-1
3.16386E-1 2.82505E-1 2.68059E-1 2.71096E-1 2.90846E-1 3.21514E-1 3.47837E-1 3.91155E-1 3.90069E-1 5.02705E-1 7.15451E-1 5.39997E-1 2.65613E-1 1.7211E-1 1.73023E-1 2.06358E-1 1.17165E-1 8.5544E-2 1.40156E-1 8.19267E-2 6.23985E-2 8.05239E-2 6.00772E-2 6.29848E-2 7.27754E-2 7.38718E-2 9.86239E-2 2.55316E-1 2.56127E-1 2.64291E-1 2.6739E-1 2.53623E-1 2.46955E-1 2.42095E-1 2.36741E-1 2.17552E-1 2.21403E-1 2.05809E-1 2.02322E-1 1.91977E-1 1.7761E-1 1.19551E-1 1.37602E-1 1.7706E-1 1.42106E-1 1.24636E-1 1.33176E-1 1.19342E-1 1.08617E-1 9.72609E-2 8.84576E-2 1.57309E-1 2.15359E-1 2.56979E-1 2.3638E-1 2.89692E-1 3.50292E-1 3.05047E-1 2.10262E-1 3.35268E-1 4.73232E-1 4.54368E-1 4.42834E-1 4.21084E-1 5.76574E-1
2.9144E-1 2.838E-1 2.68919E-1 2.66741E-1 2.86841E-1 3.22236E-1 3.45773E-1 3.65467E-1 3.78755E-1 5.00584E-1 7.01591E-1 4.65793E-1 2.74103E-1 1.75639E-1 1.93345E-1 1.83884E-1 1.17908E-1 7.92472E-2 9.52057E-2 9.06364E-2 9.27365E-2 8.90886E-2 7.93059E-2 8.72371E-2 1.06166E-1 9.74557E-2 1.76808E-1 2.2001E-1 3.96575E-1 3.30582E-1 2.85756E-1 2.81305E-1 2.70072E-1 2.66069E-1 2.58493E-1 2.55169E-1 2.42817E-1 2.20972E-1 1.9719E-1 1.7498E-1 1.79187E-1 1.38387E-1 1.31629E-1 1.41101E-1 1.51076E-1 1.39404E-1 1.28828E-1 1.21473E-1 9.28482E-2 9.55344E-2 1.186E-1 1.51349E-1 1.18277E-1 2.20365E-1 2.46296E-1 3.23105E-1 1.65348E-1 1.73025E-1 1.7879E-1 3.10489E-1 4.50283E-1 4.298E-1 4.69967E-1 4.31038E-1 4.40317E-1
3.02929E-1 2.95486E-1 2.91255E-1 2.82475E-1 2.97245E-1 3.39985E-1 3.38936E-1 3.25689E-1 3.09405E-1 3.46963E-1 3.86523E-1 4.50057E-1 2.67627E-1 2.00003E-1 2.19071E-1 1.13237E-1 1.27585E-1 9.46518E-2 8.06841E-2 1.15672E-1 1.21345E-1 9.41662E-2 7.42565E-2 1.16759E-1 1.1993E-1 1.0806E-1 9.84334E-2 1.72624E-1 6.28047E-1 4.18275E-1 2.91368E-1 2.93623E-1 2.86608E-1 2.85244E-1 2.82724E-1 2.78545E-1 2.4542E-1 2.25782E-1 1.9079E-1 1.69332E-1 1.7241E-1 1.72418E-1 1.20241E-1 1.36257E-1 1.54154E-1 1.57469E-1 1.35461E-1 1.25985E-1 1.0704E-1 8.35239E-2 9.76118E-2 1.3059E-1 1.70838E-1 1.77092E-1 2.17676E-1 1.96852E-1 1.49802E-1 2.16525E-1 2.82191E-1 5.15863E-1 4.84949E-1 3.31712E-1 2.56818E-1 2.27806E-1 3.20317E-1
3.3837E-1 3.19582E-1 3.00078E-1 3.28552E-1 3.99581E-1 4.20644E-1 4.20185E-1 4.09085E-1 4.20871E-1 4.06215E-1 6.03612E-1 4.6648E-1 2.82032E-1 2.15847E-1 2.26348E-1 1.43541E-1 1.17779E-1 1.38313E-1 1.00308E-1 1.05772E-1 9.95277E-2 8.23046E-2 7.10673E-2 1.15434E-1 1.4117E-1 1.3067E-1 1.05801E-1 1.88876E-1 5.91962E-1 4.28326E-1 3.5629E-1 3.27548E-1 3.14187E-1 3.01345E-1 2.8757E-1 2.67965E-1 2.40884E-1 2.15696E-1 1.18756E-1 1.55541E-1 7.8468E-2 7.7364E-2 1.67087E-1 1.35212E-1 1.44844E-1 1.55273E-1 1.3966E-1 1.34698E-1 9.713E-2 7.04947E-2 1.57459E-1 1.27652E-1 1.49365E-1 1.40049E-1 1.66989E-1 2.33269E-1 1.77887E-1 2.28933E-1 2.85272E-1 3.61131E-1 4.17473E-1 2.00164E-1 2.46472E-1 2.59279E-1 2.48243E-1
3.53261E-1 3.65734E-1 4.0774E-1 3.97552E-1 5.90074E-1 5.41217E-1 5.9483E-1 6.55457E-1 6.28371E-1 6.33126E-1 6.76738E-1 5.26373E-1 3.00099E-1 2.44014E-1 2.42273E-1 1.13394E-1 2.68472E-1 2.43818E-1 2.49281E-1 1.13257E-1 7.28386E-2 9.30389E-2 8.45259E-2 1.02825E-1 1.33095E-1 1.43458E-1 1.10034E-1 2.26651E-1 4.69119E-1 6.43769E-1 4.41876E-1 3.25082E-1 3.1393E-1 3.09606E-1 2.86645E-1 2.57023E-1 1.61752E-1 1.43622E-1 7.89996E-2 8.24659E-2 8.00544E-2 7.83105E-2 1.15522E-1 1.27217E-1 1.49078E-1 1.72228E-1 1.53229E-1 1.46357E-1 1.39875E-1 9.3962E-2 1.37091E-1 1.79823E-1 1.37049E-1 1.99639E-1 1.72085E-1 2.87217E-1 2.558E-1 1.58796E-1 2.53469E-1 3.35604E-1 1.95157E-1 2.3097E-1 3.25692E-1 2.78952E-1 3.09805E-1
4.00814E-1 4.31301E-1 6.4324E-1 5.84068E-1 5.60886E-1 5.54373E-1 3.74077E-1 5.71111E-1 3.61935E-1 3.78979E-1 4.62779E-1 5.03098E-1 3.32527E-1 2.61699E-1 2.64313E-1 2.68333E-1 2.83766E-1 2.75022E-1 2.76596E-1 1.96144E-1 1.0962E-1 1.05654E-1 8.03767E-2 1.26855E-1 1.77265E-1 1.14493E-1 1.18912E-1 1.52529E-1 1.92792E-1 6.49055E-1 4.42881E-1 3.10935E-1 3.06584E-1 3.13434E-1 2.96145E-1 1.76641E-1 1.62117E-1 9.08147E-2 8.37876E-2 1.01218E-1 8.24932E-2 8.21096E-2 1.28583E-1 1.23943E-1 1.36616E-1 1.81136E-1 1.7277E-1 1.85041E-1 1.65495E-1 1.57699E-1 1.77074E-1 1.40619E-1 9.27347E-2 1.54856E-1 2.01124E-1 3.41256E-1 2.97319E-1 2.80612E-1 1.811E-1 2.3954E-1 2.05589E-1 2.6079E-1 3.27963E-1 2.55996E-1 3.04029E-1
5.37804E-1 5.67482E-1 6.15926E-1 5.49133E-1 3.39634E-1 3.72918E-1 2.96695E-1 3.40839E-1 2.88268E-1 2.74203E-1 4.70408E-1 5.32693E-1 3.54008E-1 2.68055E-1 2.83522E-1 3.06495E-1 3.05618E-1 3.01376E-1 2.91282E-1 2.78878E-1 1.40378E-1 1.1031E-1 1.32342E-1 1.52861E-1 2.17372E-1 1.19189E-1 1.20937E-1 1.34024E-1 2.12625E-1 6.50931E-1 4.29336E-1 3.09033E-1 3.0579E-1 2.97356E-1 3.08009E-1 2.02147E-1 9.31675E-2 1.24196E-1 9.72836E-2 1.35702E-1 1.22927E-1 8.82398E-2 1.91637E-1 1.38417E-1 1.48718E-1 1.73372E-1 1.67274E-1 2.30346E-1 1.98853E-1 1.89437E-1 1.96359E-1 1.82129E-1 2.35128E-1 3.04706E-1 2.59808E-1 2.75267E-1 2.37201E-1 2.96457E-1 3.15265E-1 2.89573E-1 2.94417E-1 3.00309E-1 3.67732E-1 2.61967E-1 2.62551E-1
5.34728E-1 5.39456E-1 3.41391E-1 3.68767E-1 3.06766E-1 2.7522E-1 2.80153E-1 2.82773E-1 2.84112E-1 3.17729E-1 5.51993E-1 5.55748E-1 3.85625E-1 3.44039E-1 3.10987E-1 3.21845E-1 3.10706E-1 3.1501E-1 3.03953E-1 1.28E-1 1.64505E-1 1.69639E-1 1.50925E-1 1.79268E-1 1.72856E-1 1.32839E-1 2.66978E-1 3.16352E-1 4.34982E-1 5.79846E-1 4.22343E-1 3.09651E-1 2.98758E-1 2.98806E-1 3.02097E-1 2.03754E-1 1.10051E-1 1.16918E-1 1.16437E-1 9.15632E-2 9.58701E-2 1.03948E-1 1.58522E-1 1.45922E-1 1.54279E-1 1.66221E-1 1.93476E-1 1.86235E-1 1.99891E-1 1.90119E-1 2.10467E-1 1.91122E-1 1.94372E-1 2.73493E-1 2.91781E-1 2.40312E-1 2.37461E-1 2.79218E-1 2.9886E-1 2.32598E-1 3.06819E-1 4.35427E-1 4.43209E-1 3.31647E-1 2.34919E-1
3.46895E-1 3.24164E-1 2.70071E-1 2.67825E-1 2.93691E-1 2.97246E-1 2.85844E-1 2.8783E-1 2.95476E-1 2.87322E-1 3.6331E-1 5.76854E-1 6.0188E-1 4.28201E-1 3.14339E-1 3.1742E-1 3.287E-1 3.01136E-1 1.93412E-1 1.50028E-1 2.09379E-1 1.61055E-1 1.72794E-1 2.15793E-1 3.33455E-1 3.12445E-1 3.06988E-1 3.77142E-1 4.34215E-1 5.79676E-1 4.18151E-1 2.96678E-1 2.96343E-1 2.99276E-1 2.19064E-1 2.4108E-1 2.2954E-1 1.25987E-1 1.12402E-1 8.91421E-2 1.90015E-1 1.69205E-1 1.44335E-1 1.59771E-1 1.60611E-1 1.64068E-1 1.79579E-1 1.66056E-1 1.81475E-1 2.09138E-1 2.10779E-1 1.93672E-1 2.01995E-1 2.20263E-1 2.43604E-1 2.16126E-1 2.18653E-1 2.50522E-1 3.2278E-1 2.35508E-1 2.1418E-1 3.58193E-1 4.2498E-1 3.45237E-1 2.42895E-1
2.67421E-1 2.33645E-1 2.41866E-1 2.5372E-1 2.8856E-1 2.89405E-1 2.92189E-1 3.06026E-1 3.10024E-1 2.65055E-1 3.19111E-1 3.95832E-1 6.25052E-1 4.40291E-1 3.24412E-1 3.24317E-1 3.45563E-1 3.04522E-1 1.73859E-1 1.694E-1 1.77369E-1 2.25059E-1 3.35258E-1 3.29852E-1 3.26947E-1 3.7734E-1 4.19245E-1 4.41078E-1 6.4389E-1 6.17764E-1 4.43049E-1 3.1199E-1 3.17577E-1 2.95202E-1 3.91523E-1 2.03687E-1 2.10077E-1 2.27412E-1 2.13541E-1 1.92859E-1 1.83038E-1 1.82018E-1 1.74127E-1 1.92326E-1 1.6578E-1 1.61035E-1 1.53448E-1 1.69544E-1 1.47086E-1 2.18889E-1 3.44927E-1 2.54538E-1 2.5811E-1 2.57434E-1 2.58296E-1 2.14568E-1 2.45569E-1 2.84592E-1 2.65015E-1 2.23924E-1 1.98192E-1 2.94513E-1 3.97512E-1 4.03843E-1 3.07818E-1
2.36835E-1 2.40144E-1 2.4186E-1 2.3637E-1 2.57354E-1 2.8584E-1 3.01659E-1 3.07524E-1 3.04357E-1 2.58461E-1 2.85937E-1 4.13511E-1 6.23982E-1 4.50132E-1 3.3836E-1 3.2818E-1 3.36016E-1 2.44863E-1 3.08556E-1 1.55473E-1 2.77479E-1 4.11804E-1 4.7298E-1 4.61343E-1 4.34123E-1 4.58829E-1 6.69776E-1 6.49252E-1 6.50764E-1 4.52008E-1 4.02734E-1 3.16274E-1 3.04895E-1 3.31715E-1 3.13097E-1 2.61327E-1 2.52365E-1 2.22857E-1 1.89903E-1 1.91995E-1 1.92879E-1 1.87692E-1 1.90033E-1 1.48439E-1 1.6652E-1 1.61412E-1 1.47004E-1 1.748E-1 1.96188E-1 2.10966E-1 2.65791E-1 2.96092E-1 3.06107E-1 2.85637E-1 2.84653E-1 2.86366E-1 2.22871E-1 2.29945E-1 2.47755E-1 2.30161E-1 2.6579E-1 2.05522E-1 2.8561E-1 4.11393E-1 3.623E-1
2.36427E-1 2.59477E-1 2.74145E-1 2.61942E-1 2.67272E-1 2.80169E-1 2.93592E-1 3.05142E-1 3.09436E-1 3.61183E-1 5.02824E-1 4.20356E-1 5.72951E-1 4.56884E-1 4.81233E-1 4.01035E-1 3.53667E-1 3.27484E-1 3.20294E-1 3.32574E-1 4.33249E-1 5.12841E-1 6.70866E-1 6.46967E-1 6.56561E-1 6.81031E-1 6.80045E-1 4.5766E-1 4.76643E-1 3.95896E-1 3.59388E-1 3.39411E-1 3.02182E-1 2.68603E-1 3.18173E-1 2.59725E-1 2.44133E-1 2.41075E-1 2.04118E-1 1.9973E-1 2.08242E-1 1.8188E-1 1.83869E-1 1.7171E-1 1.56646E-1 1.54684E-1 1.65211E-1 1.54893E-1 1.82799E-1 2.42385E-1 3.20355E-1 2.80392E-1 3.11886E-1 3.34938E-1 3.3513E-1 3.11049E-1 3.50512E-1 2.17755E-1 2.1021E-1 2.15735E-1 2.07009E-1 2.89534E-1 3.20167E-1 4.03163E-1 5.68454E-1
