old_layers/suit_drivs.asc
ncols         638
nrows         825
xllcorner     -2985163.8955
yllcorner     -3022031.214
cellsize      10000.0
NODATA_value  -9999
[rows 232 to 260 of 825, columns 195 to 259 of 638]
7.8085E-1 7.85268E-1 7.61676E-1 7.61006E-1 7.4814E-1 7.4E-1 5.14758E-1 5.13161E-1 5.08209E-1 5.00693E-1 4.99059E-1 4.99312E-1 5.01764E-1 4.15768E-1 3.74838E-1 3.72039E-1 3.52868E-1 3.30346E-1 3.21595E-1 3.12095E-1 3.20705E-1 3.29735E-1 3.22297E-1 3.22157E-1 3.36586E-1 3.30055E-1 3.40177E-1 3.37863E-1 3.5713E-1 3.53284E-1 3.65048E-1 3.85273E-1 3.91811E-1 3.7931E-1 3.73016E-1 3.68037E-1 3.28954E-1 3.11639E-1 3.03734E-1 2.88197E-1 2.84598E-1 2.83876E-1 2.74128E-1 2.74705E-1 2.65155E-1 2.8041E-1 3.27464E-1 3.55954E-1 3.26008E-1 3.14831E-1 3.81164E-1 5.70499E-1 8.35962E-1 8.54666E-1 6.59195E-1 5.59593E-1 5.17803E-1 5.07254E-1 4.30654E-1 3.65174E-1 3.55984E-1 3.46823E-1 3.44059E-1 3.5099E-1 3.95769E-1
7.41255E-1 7.54249E-1 5.36443E-1 7.23419E-1 5.0961E-1 5.15917E-1 4.16E-1 3.60098E-1 3.56746E-1 3.57294E-1 3.59771E-1 3.58931E-1 3.63021E-1 3.60822E-1 3.64473E-1 3.69397E-1 3.6881E-1 3.51325E-1 3.41135E-1 3.3434E-1 3.34545E-1 3.35534E-1 3.45324E-1 3.47954E-1 3.6999E-1 3.57478E-1 3.59582E-1 3.73253E-1 3.77316E-1 3.74424E-1 3.75435E-1 3.47216E-1 3.39604E-1 3.18053E-1 3.28668E-1 3.29024E-1 3.25294E-1 3.12578E-1 2.92509E-1 3.0049E-1 3.13586E-1 2.93259E-1 2.86713E-1 2.95433E-1 2.88525E-1 3.31728E-1 3.62413E-1 3.69102E-1 3.30873E-1 3.30645E-1 4.19454E-1 6.33628E-1 8.54552E-1 8.55735E-1 6.54402E-1 4.88237E-1 5.09844E-1 5.21401E-1 4.30047E-1 3.6858E-1 3.5735E-1 3.53147E-1 3.48157E-1 3.48225E-1 3.92151E-1
5.28425E-1 5.11661E-1 4.35377E-1 4.90788E-1 4.11295E-1 3.59142E-1 3.52308E-1 3.4497E-1 3.4987E-1 3.42741E-1 3.45103E-1 3.43097E-1 3.41054E-1 3.42215E-1 3.53234E-1 3.66502E-1 3.62676E-1 3.53344E-1 3.50027E-1 3.51891E-1 3.52455E-1 3.4843E-1 3.56557E-1 3.40468E-1 3.42982E-1 3.36136E-1 3.45414E-1 3.43323E-1 3.52411E-1 3.59514E-1 3.4195E-1 3.34217E-1 3.19789E-1 3.02276E-1 3.06756E-1 3.15648E-1 3.15563E-1 2.97969E-1 2.95257E-1 3.03381E-1 3.24214E-1 2.99851E-1 2.94998E-1 2.95346E-1 3.03894E-1 3.33132E-1 3.50435E-1 3.81387E-1 3.83119E-1 4.07901E-1 4.67867E-1 6.41203E-1 8.54464E-1 8.45547E-1 5.95028E-1 4.37667E-1 4.44616E-1 5.13445E-1 4.44149E-1 3.91367E-1 3.54717E-1 3.46518E-1 3.43323E-1 3.5843E-1 3.74897E-1
3.90693E-1 3.7571E-1 3.65337E-1 3.70457E-1 3.53939E-1 3.45537E-1 3.45722E-1 3.35407E-1 3.31511E-1 3.22986E-1 3.19111E-1 3.17237E-1 3.22003E-1 3.31732E-1 3.42079E-1 3.49791E-1 3.5549E-1 3.55255E-1 3.67012E-1 3.6578E-1 3.6604E-1 3.64748E-1 3.58076E-1 3.2952E-1 2.99179E-1 3.06857E-1 3.24013E-1 3.17855E-1 3.25395E-1 3.21823E-1 3.19245E-1 3.25158E-1 3.03771E-1 2.94841E-1 2.98637E-1 3.07681E-1 3.00177E-1 2.92923E-1 2.94786E-1 2.98433E-1 3.20206E-1 3.03607E-1 3.04069E-1 3.09371E-1 3.22089E-1 3.30422E-1 3.51612E-1 4.09545E-1 4.48715E-1 4.6893E-1 5.55034E-1 6.55178E-1 8.61053E-1 8.26378E-1 5.38423E-1 3.9734E-1 4.23225E-1 4.86005E-1 4.6267E-1 4.20357E-1 3.65817E-1 3.44197E-1 3.54569E-1 3.68726E-1 3.65551E-1
3.69596E-1 3.53374E-1 3.47081E-1 3.51587E-1 3.50062E-1 3.50739E-1 3.38868E-1 3.23147E-1 3.12036E-1 3.09042E-1 3.10321E-1 3.18448E-1 3.21183E-1 3.13995E-1 3.29508E-1 3.33425E-1 3.33197E-1 3.31226E-1 3.51193E-1 3.57049E-1 3.61067E-1 3.62469E-1 3.35543E-1 3.11448E-1 3.05209E-1 3.07693E-1 3.04573E-1 3.04173E-1 2.94473E-1 2.96951E-1 3.05954E-1 3.05864E-1 2.99798E-1 3.015E-1 3.07529E-1 3.1808E-1 3.00453E-1 3.14196E-1 3.10343E-1 3.05754E-1 3.16687E-1 3.20241E-1 3.21752E-1 3.32776E-1 3.45844E-1 3.59172E-1 3.98232E-1 4.33571E-1 5.23158E-1 6.20361E-1 6.4681E-1 8.69826E-1 8.6942E-1 8.50732E-1 5.93059E-1 4.1011E-1 4.16285E-1 4.65631E-1 4.52484E-1 4.07625E-1 3.6935E-1 3.47963E-1 3.70428E-1 3.80489E-1 3.71023E-1
3.55866E-1 3.39243E-1 3.4981E-1 3.58309E-1 3.49907E-1 3.26206E-1 3.0959E-1 3.13567E-1 3.0646E-1 3.03831E-1 3.06402E-1 3.07538E-1 3.11391E-1 3.14751E-1 3.17398E-1 3.22565E-1 3.26599E-1 3.28238E-1 3.37035E-1 3.6043E-1 3.62537E-1 3.44413E-1 3.17261E-1 3.10259E-1 3.06388E-1 3.01822E-1 3.00522E-1 3.11969E-1 3.05738E-1 3.04462E-1 3.08786E-1 3.09823E-1 3.15846E-1 3.21494E-1 3.25441E-1 3.24165E-1 3.08313E-1 3.35655E-1 3.28127E-1 3.29058E-1 3.33293E-1 3.40806E-1 3.38927E-1 3.49715E-1 3.65682E-1 3.8596E-1 4.77113E-1 6.15505E-1 6.35522E-1 8.62257E-1 8.72636E-1 8.78089E-1 8.46007E-1 6.56309E-1 5.62897E-1 4.20116E-1 4.08136E-1 4.73888E-1 4.50949E-1 4.14889E-1 3.78395E-1 3.52832E-1 3.70384E-1 3.81202E-1 3.74016E-1
3.3812E-1 3.39504E-1 3.4588E-1 3.42463E-1 3.51518E-1 3.47492E-1 3.39064E-1 3.05778E-1 2.95146E-1 2.9193E-1 2.97562E-1 2.97733E-1 3.06357E-1 3.13378E-1 3.23461E-1 3.40495E-1 3.46486E-1 3.4524E-1 3.51049E-1 3.53689E-1 3.47125E-1 3.31714E-1 3.23016E-1 3.19464E-1 3.16904E-1 3.12293E-1 3.14588E-1 3.145E-1 3.16738E-1 3.18887E-1 3.1337E-1 3.18245E-1 3.30722E-1 3.37322E-1 3.3848E-1 3.3515E-1 3.35393E-1 3.41513E-1 3.34835E-1 3.36884E-1 3.43152E-1 3.56135E-1 3.61969E-1 3.71133E-1 3.81141E-1 4.78655E-1 6.15732E-1 8.33665E-1 8.35702E-1 8.63566E-1 8.82514E-1 8.76307E-1 6.66709E-1 5.73415E-1 4.88864E-1 4.13754E-1 4.10541E-1 4.4379E-1 4.42559E-1 4.47212E-1 3.90901E-1 3.61007E-1 3.62405E-1 3.74212E-1 3.81509E-1
3.41949E-1 3.48605E-1 3.43598E-1 3.30207E-1 3.27147E-1 3.36611E-1 3.26925E-1 3.278E-1 3.27495E-1 3.1026E-1 3.10186E-1 3.0881E-1 3.15305E-1 3.30231E-1 3.40046E-1 4.00362E-1 4.79819E-1 4.85184E-1 4.83318E-1 4.63948E-1 3.79496E-1 3.26569E-1 3.23177E-1 3.31862E-1 3.28029E-1 3.1929E-1 3.22438E-1 3.21327E-1 3.30566E-1 3.39137E-1 3.33748E-1 3.3303E-1 3.42291E-1 3.4752E-1 3.48902E-1 3.48634E-1 3.49376E-1 3.48482E-1 3.55115E-1 3.4627E-1 3.58611E-1 3.69703E-1 3.75315E-1 4.35654E-1 5.69009E-1 6.14033E-1 8.35582E-1 8.41673E-1 8.36968E-1 8.58943E-1 8.58996E-1 6.43767E-1 5.39177E-1 4.95947E-1 4.89842E-1 4.13666E-1 4.10117E-1 4.50354E-1 4.30362E-1 4.37997E-1 3.8299E-1 3.60568E-1 3.68729E-1 3.82972E-1 3.94468E-1
3.52278E-1 3.48282E-1 3.31692E-1 3.24628E-1 3.19841E-1 3.16E-1 2.90309E-1 2.90381E-1 3.00738E-1 3.24858E-1 3.47208E-1 3.31555E-1 3.45527E-1 3.6942E-1 3.78896E-1 5.11912E-1 7.13685E-1 7.40792E-1 7.28E-1 6.96155E-1 4.61981E-1 3.88203E-1 3.3441E-1 3.31472E-1 3.37615E-1 3.41121E-1 3.39283E-1 3.33444E-1 3.28479E-1 3.42853E-1 3.51286E-1 3.5408E-1 3.59661E-1 4.19788E-1 5.15502E-1 4.92689E-1 4.79192E-1 4.04827E-1 3.67961E-1 3.75588E-1 3.69405E-1 4.23589E-1 5.09937E-1 5.59842E-1 8.04316E-1 8.37513E-1 8.30319E-1 8.09644E-1 6.29338E-1 8.59219E-1 8.21927E-1 5.95519E-1 4.38281E-1 4.76137E-1 4.88617E-1 4.18765E-1 4.04011E-1 4.5989E-1 4.33991E-1 4.23267E-1 3.73796E-1 3.62746E-1 3.74098E-1 3.85695E-1 3.97096E-1
3.40416E-1 3.40309E-1 3.24498E-1 3.20115E-1 3.12451E-1 3.12072E-1 2.96888E-1 2.86365E-1 2.86386E-1 3.03493E-1 3.37283E-1 3.53605E-1 3.60989E-1 3.56347E-1 3.42564E-1 3.89974E-1 4.5577E-1 6.72906E-1 6.93178E-1 7.46159E-1 7.28595E-1 4.74794E-1 4.81017E-1 4.72051E-1 3.97066E-1 3.41479E-1 3.38785E-1 3.42554E-1 3.42161E-1 3.43236E-1 4.04674E-1 5.18644E-1 5.32124E-1 5.31654E-1 7.72411E-1 7.63992E-1 6.88547E-1 5.08827E-1 5.08723E-1 5.12275E-1 5.14076E-1 5.18003E-1 7.57984E-1 8.0288E-1 8.25394E-1 7.99583E-1 5.81667E-1 5.75475E-1 6.11228E-1 8.63205E-1 8.39196E-1 5.97501E-1 4.41186E-1 4.45287E-1 4.49533E-1 4.07822E-1 3.97804E-1 4.50895E-1 4.35161E-1 4.09446E-1 3.69636E-1 3.70334E-1 3.77771E-1 3.85189E-1 3.95818E-1
3.30527E-1 3.21753E-1 3.23623E-1 3.17164E-1 3.13348E-1 3.1227E-1 2.93897E-1 3.06562E-1 3.12134E-1 3.21782E-1 3.25755E-1 3.49433E-1 3.50764E-1 3.33664E-1 3.29694E-1 3.26333E-1 3.82305E-1 4.74679E-1 4.72052E-1 6.76949E-1 7.18895E-1 7.11849E-1 7.19128E-1 7.09817E-1 4.78797E-1 4.7262E-1 4.73401E-1 4.76328E-1 4.99698E-1 5.04479E-1 5.0161E-1 7.52329E-1 7.51531E-1 7.55369E-1 7.86428E-1 7.75582E-1 7.71921E-1 7.67021E-1 7.38147E-1 7.284E-1 7.44089E-1 7.38286E-1 7.84956E-1 8.01668E-1 8.10595E-1 5.71006E-1 4.77605E-1 5.66324E-1 8.28707E-1 8.4784E-1 6.46521E-1 5.26345E-1 4.40216E-1 4.32825E-1 4.2284E-1 4.11261E-1 4.10087E-1 4.4526E-1 4.26714E-1 4.01129E-1 3.82697E-1 3.75691E-1 3.92628E-1 3.97394E-1 4.04962E-1
3.2386E-1 3.27193E-1 3.23155E-1 3.09694E-1 3.13199E-1 3.0288E-1 2.99464E-1 3.07548E-1 3.05137E-1 3.1781E-1 3.12038E-1 3.13559E-1 3.13692E-1 3.15423E-1 3.17328E-1 3.26818E-1 3.36093E-1 3.36047E-1 3.83161E-1 4.66321E-1 4.71546E-1 4.78227E-1 4.76526E-1 7.04384E-1 7.09116E-1 7.15928E-1 7.16722E-1 7.18935E-1 7.31604E-1 7.28654E-1 7.48269E-1 7.26466E-1 5.22494E-1 5.15201E-1 5.09859E-1 5.1972E-1 7.59654E-1 7.69512E-1 7.59639E-1 7.67419E-1 7.85244E-1 7.89225E-1 8.04403E-1 6.00695E-1 5.68109E-1 4.72662E-1 5.73347E-1 8.30903E-1 8.26309E-1 5.94112E-1 5.1268E-1 4.44906E-1 4.35292E-1 4.30412E-1 4.25128E-1 4.13834E-1 4.18646E-1 4.36379E-1 4.22813E-1 3.95514E-1 3.87375E-1 3.89805E-1 3.85576E-1 3.97935E-1 4.14051E-1
3.22462E-1 3.3191E-1 3.04288E-1 3.09541E-1 3.09381E-1 2.98111E-1 3.04367E-1 2.99291E-1 2.87312E-1 2.99456E-1 2.97906E-1 2.9741E-1 3.04686E-1 3.09923E-1 3.09017E-1 3.16901E-1 3.25299E-1 3.34506E-1 3.56153E-1 3.59034E-1 3.5205E-1 3.46655E-1 4.0185E-1 4.81861E-1 4.98424E-1 7.31907E-1 7.52141E-1 7.52325E-1 7.57752E-1 5.21765E-1 7.34639E-1 7.14877E-1 4.91321E-1 3.65895E-1 3.63621E-1 4.19126E-1 5.2006E-1 5.41894E-1 5.52628E-1 5.68503E-1 5.73104E-1 5.95427E-1 5.97564E-1 4.84397E-1 4.15091E-1 5.59051E-1 8.23807E-1 8.00032E-1 5.97354E-1 4.83958E-1 4.36557E-1 4.43686E-1 4.32319E-1 4.27069E-1 4.1924E-1 4.08256E-1 4.14193E-1 4.28156E-1 4.12651E-1 3.8758E-1 3.9021E-1 3.99942E-1 4.14497E-1 4.23917E-1 4.36952E-1
3.34297E-1 3.14387E-1 2.98832E-1 3.08771E-1 3.04008E-1 2.98076E-1 3.03798E-1 2.93517E-1 2.8458E-1 2.90725E-1 2.84842E-1 2.90343E-1 3.03642E-1 2.97756E-1 3.10597E-1 3.13289E-1 3.21555E-1 3.31448E-1 3.41138E-1 3.42831E-1 3.46786E-1 3.54279E-1 3.57464E-1 4.10143E-1 4.93102E-1 7.32697E-1 7.45426E-1 5.1894E-1 5.12472E-1 4.19008E-1 4.89863E-1 4.88532E-1 4.1397E-1 3.61307E-1 3.60897E-1 3.6461E-1 3.73189E-1 3.81242E-1 3.86704E-1 4.03898E-1 4.25167E-1 4.55774E-1 4.32289E-1 4.05577E-1 4.83163E-1 5.74364E-1 8.27164E-1 8.5298E-1 6.06617E-1 4.42633E-1 4.34173E-1 4.31976E-1 4.27752E-1 4.18054E-1 4.08923E-1 3.99364E-1 3.91509E-1 4.29675E-1 4.08959E-1 3.87137E-1 4.01881E-1 4.15294E-1 4.23481E-1 4.17579E-1 4.33667E-1
3.24656E-1 3.09212E-1 3.03808E-1 3.1346E-1 3.00117E-1 3.01092E-1 3.10185E-1 2.94844E-1 2.76838E-1 2.7652E-1 2.83523E-1 2.98794E-1 3.18301E-1 3.00914E-1 3.09213E-1 3.10021E-1 3.12659E-1 3.20861E-1 3.26066E-1 3.27668E-1 3.34843E-1 3.44561E-1 3.58458E-1 5.013E-1 7.42488E-1 7.47064E-1 7.20405E-1 5.09896E-1 3.70654E-1 3.61541E-1 3.64085E-1 3.6569E-1 3.62924E-1 3.57267E-1 3.53553E-1 3.68399E-1 3.72092E-1 3.72773E-1 3.81197E-1 3.94627E-1 4.31013E-1 4.14747E-1 4.15767E-1 4.7132E-1 5.58219E-1 8.20951E-1 8.26504E-1 8.38163E-1 5.92356E-1 4.45373E-1 4.34019E-1 4.22098E-1 4.13363E-1 4.05662E-1 3.97402E-1 3.92428E-1 3.82014E-1 4.01275E-1 4.07948E-1 4.03755E-1 4.07329E-1 4.15204E-1 4.28432E-1 4.3638E-1 4.39737E-1
3.14876E-1 3.08956E-1 3.11893E-1 3.18402E-1 3.0357E-1 2.98687E-1 3.14946E-1 3.02361E-1 2.73515E-1 2.7458E-1 2.80227E-1 2.79872E-1 3.04819E-1 3.17751E-1 2.94637E-1 3.04212E-1 3.11954E-1 3.19743E-1 3.19379E-1 3.33816E-1 3.45029E-1 3.50937E-1 3.61541E-1 4.99723E-1 7.36978E-1 7.53183E-1 5.26235E-1 4.28249E-1 3.73604E-1 3.48869E-1 3.55568E-1 3.59076E-1 3.5608E-1 3.61625E-1 3.72591E-1 3.82386E-1 3.89755E-1 3.8521E-1 3.88925E-1 3.96882E-1 4.63718E-1 5.49721E-1 5.49957E-1 5.64272E-1 8.07021E-1 8.11969E-1 8.00023E-1 5.90175E-1 5.03811E-1 4.41484E-1 4.30985E-1 4.19233E-1 4.08396E-1 3.97071E-1 3.93094E-1 3.89359E-1 3.8408E-1 3.85112E-1 4.01711E-1 4.16412E-1 4.20288E-1 4.25792E-1 4.30071E-1 4.43462E-1 4.59387E-1
3.13232E-1 3.15339E-1 3.19014E-1 3.19471E-1 2.9943E-1 3.03971E-1 3.23853E-1 3.14967E-1 3.0404E-1 3.08785E-1 3.162E-1 3.16837E-1 3.08512E-1 3.25508E-1 3.16362E-1 3.12526E-1 3.07631E-1 3.14604E-1 3.26907E-1 3.35282E-1 3.46416E-1 3.54263E-1 4.09399E-1 5.06615E-1 7.53502E-1 7.32983E-1 5.11289E-1 3.7505E-1 3.66076E-1 3.48457E-1 3.5467E-1 3.57319E-1 3.56673E-1 3.56183E-1 3.48279E-1 3.47392E-1 3.52278E-1 3.66562E-1 3.80424E-1 3.94717E-1 5.39276E-1 7.54252E-1 7.86483E-1 7.75062E-1 7.77827E-1 8.00159E-1 5.93673E-1 5.03389E-1 4.44543E-1 4.42973E-1 4.32262E-1 4.22862E-1 4.16465E-1 4.04784E-1 3.93862E-1 3.88848E-1 3.94239E-1 4.00885E-1 4.11489E-1 4.3265E-1 4.30542E-1 4.35456E-1 4.42385E-1 4.50463E-1 4.61127E-1
3.04552E-1 3.11608E-1 3.24491E-1 3.17634E-1 3.06663E-1 3.27945E-1 3.30851E-1 3.19734E-1 3.14647E-1 3.2455E-1 3.16511E-1 3.12728E-1 3.26107E-1 3.21435E-1 3.14165E-1 3.17868E-1 3.2479E-1 3.22805E-1 3.30757E-1 3.35463E-1 3.46183E-1 3.55382E-1 4.86432E-1 7.08008E-1 7.82261E-1 5.36738E-1 4.43702E-1 3.84922E-1 3.72227E-1 3.53237E-1 3.38354E-1 3.48709E-1 3.41404E-1 3.53493E-1 3.38747E-1 3.47209E-1 3.5494E-1 3.69028E-1 3.81808E-1 3.91961E-1 5.38907E-1 7.83609E-1 7.99877E-1 7.79864E-1 5.79361E-1 5.78928E-1 5.07682E-1 4.46783E-1 4.4167E-1 4.34882E-1 4.27716E-1 4.19386E-1 4.08159E-1 3.98191E-1 3.8939E-1 3.94759E-1 4.03616E-1 4.10836E-1 4.18434E-1 4.44125E-1 4.44277E-1 4.48606E-1 4.63303E-1 4.69063E-1 5.37855E-1
3.0869E-1 3.17922E-1 3.23138E-1 3.22265E-1 3.28031E-1 3.49768E-1 3.40569E-1 3.13601E-1 3.42517E-1 3.42519E-1 3.29335E-1 3.40165E-1 3.30516E-1 3.10194E-1 2.9674E-1 3.07671E-1 3.22163E-1 3.41308E-1 3.3645E-1 3.43386E-1 3.57894E-1 3.64636E-1 4.91109E-1 7.59435E-1 7.60317E-1 5.36898E-1 3.88918E-1 3.66147E-1 3.56032E-1 3.47154E-1 3.37895E-1 3.38083E-1 3.39527E-1 3.35361E-1 3.35925E-1 3.49989E-1 3.61728E-1 3.72852E-1 3.8601E-1 3.99821E-1 5.70002E-1 7.97681E-1 7.44909E-1 5.56225E-1 4.88634E-1 4.34686E-1 4.47518E-1 4.42797E-1 4.22018E-1 4.17438E-1 4.1702E-1 4.10591E-1 4.01995E-1 3.96144E-1 4.05751E-1 4.05835E-1 4.20237E-1 4.23682E-1 4.3426E-1 4.41674E-1 4.5674E-1 4.6666E-1 5.32399E-1 6.2887E-1 6.34073E-1
3.15779E-1 3.27074E-1 3.26305E-1 3.30529E-1 3.45014E-1 3.44459E-1 3.42971E-1 3.28945E-1 3.29305E-1 3.2741E-1 3.45165E-1 3.36832E-1 3.17736E-1 3.10535E-1 3.15583E-1 3.20347E-1 3.23404E-1 3.37172E-1 3.52014E-1 3.55556E-1 3.58011E-1 3.74446E-1 5.08725E-1 7.79407E-1 7.52939E-1 5.30719E-1 3.80315E-1 3.68232E-1 3.56538E-1 3.4389E-1 3.35702E-1 3.34823E-1 3.32421E-1 3.28805E-1 3.40586E-1 3.48763E-1 3.55364E-1 3.69413E-1 3.89544E-1 4.09632E-1 5.05411E-1 5.69945E-1 5.88216E-1 5.14419E-1 4.28398E-1 4.23043E-1 4.30324E-1 4.31259E-1 4.17055E-1 4.11165E-1 4.06745E-1 3.96603E-1 3.94721E-1 4.02842E-1 4.04032E-1 4.1563E-1 4.26544E-1 4.37549E-1 4.41435E-1 4.56377E-1 4.66674E-1 5.29612E-1 6.54449E-1 8.66988E-1 8.80036E-1
3.24067E-1 3.28269E-1 3.27813E-1 3.43753E-1 3.42174E-1 3.5523E-1 3.55716E-1 3.49991E-1 3.66426E-1 3.69007E-1 3.64595E-1 3.35165E-1 3.22044E-1 3.26971E-1 3.3877E-1 3.43328E-1 3.31972E-1 3.32997E-1 3.501E-1 3.64692E-1 3.898E-1 3.84508E-1 5.25536E-1 7.77238E-1 7.62257E-1 5.24369E-1 3.85801E-1 3.7569E-1 3.59953E-1 3.49095E-1 3.44794E-1 3.36273E-1 3.24347E-1 3.2009E-1 3.32558E-1 3.45519E-1 3.50279E-1 3.72283E-1 3.86593E-1 3.99708E-1 4.30169E-1 4.37442E-1 4.37834E-1 4.57712E-1 4.24345E-1 4.14664E-1 4.16792E-1 4.26619E-1 4.1855E-1 4.19209E-1 4.10732E-1 3.96243E-1 4.00899E-1 4.13769E-1 4.24471E-1 4.41943E-1 4.45755E-1 4.51144E-1 4.60187E-1 4.72597E-1 5.43631E-1 6.45978E-1 9.03687E-1 9.13553E-1 9.04941E-1
3.36902E-1 3.39878E-1 3.37651E-1 3.48178E-1 3.36766E-1 3.56607E-1 3.52292E-1 3.62242E-1 3.69154E-1 3.61734E-1 3.58494E-1 3.53752E-1 3.46356E-1 3.33484E-1 3.40245E-1 3.5447E-1 3.56388E-1 3.45549E-1 3.60201E-1 3.69436E-1 3.81957E-1 3.9505E-1 5.28793E-1 7.66932E-1 5.56041E-1 4.51041E-1 3.86167E-1 3.72275E-1 3.62128E-1 3.57506E-1 3.47731E-1 3.30945E-1 3.18258E-1 3.21078E-1 3.25438E-1 3.3936E-1 3.5176E-1 3.63564E-1 3.82216E-1 3.95387E-1 4.12149E-1 4.21836E-1 4.28626E-1 4.45409E-1 4.29025E-1 4.17404E-1 4.14185E-1 4.17197E-1 4.11764E-1 4.11852E-1 4.15456E-1 4.17387E-1 4.16451E-1 4.27026E-1 4.34E-1 4.47388E-1 4.59378E-1 4.63262E-1 4.71148E-1 5.46784E-1 6.56728E-1 8.85489E-1 8.94299E-1 7.14739E-1 7.03991E-1
3.41326E-1 3.4382E-1 3.34054E-1 3.45163E-1 3.54001E-1 3.65221E-1 3.59345E-1 3.71376E-1 3.56507E-1 3.66043E-1 3.79285E-1 3.89672E-1 3.76026E-1 3.69012E-1 3.77473E-1 3.70525E-1 3.7789E-1 3.65465E-1 3.67725E-1 3.69778E-1 3.78916E-1 3.87156E-1 5.36881E-1 7.67749E-1 7.55302E-1 5.53391E-1 3.9455E-1 3.83307E-1 3.72261E-1 3.58664E-1 3.45031E-1 3.30583E-1 3.20116E-1 3.23072E-1 3.32423E-1 3.42363E-1 3.55903E-1 3.62128E-1 3.76873E-1 4.01195E-1 4.11352E-1 4.03713E-1 4.16062E-1 4.25538E-1 4.19151E-1 4.25158E-1 4.16486E-1 4.09255E-1 4.04933E-1 4.1535E-1 4.37873E-1 4.33848E-1 4.361E-1 4.39083E-1 4.48663E-1 4.55483E-1 4.63857E-1 4.73889E-1 5.41182E-1 6.35342E-1 8.62032E-1 8.84844E-1 7.02484E-1 6.02953E-1 5.65058E-1
3.32432E-1 3.41973E-1 3.54201E-1 3.72263E-1 4.36857E-1 5.14204E-1 5.17498E-1 5.13083E-1 4.99779E-1 5.14531E-1 4.49026E-1 3.94362E-1 4.02497E-1 3.92105E-1 3.91804E-1 3.79823E-1 3.79477E-1 3.70782E-1 3.64825E-1 4.22182E-1 5.13924E-1 5.21501E-1 5.2858E-1 7.93762E-1 5.82995E-1 4.80726E-1 3.96238E-1 3.88444E-1 3.74835E-1 3.56116E-1 3.45784E-1 3.38449E-1 3.34446E-1 3.31337E-1 3.44773E-1 3.51605E-1 3.65637E-1 3.86801E-1 3.98888E-1 4.00739E-1 3.93257E-1 4.04642E-1 4.17217E-1 4.15938E-1 4.04591E-1 3.7693E-1 3.96812E-1 4.05136E-1 4.18695E-1 4.29299E-1 4.32518E-1 4.40852E-1 4.55015E-1 4.55172E-1 4.61262E-1 4.78949E-1 4.83997E-1 5.45097E-1 6.34044E-1 8.81098E-1 8.95757E-1 7.13701E-1 6.15546E-1 5.4526E-1 5.20003E-1
3.45631E-1 3.76774E-1 4.35893E-1 5.17656E-1 5.23387E-1 7.46502E-1 7.46588E-1 7.68465E-1 7.72525E-1 7.59049E-1 5.36019E-1 4.54716E-1 4.10036E-1 3.94267E-1 3.80192E-1 3.86109E-1 3.67203E-1 4.41077E-1 5.25017E-1 5.367E-1 7.42899E-1 7.83105E-1 7.8629E-1 7.95727E-1 7.81158E-1 5.60691E-1 4.07954E-1 3.89287E-1 3.77664E-1 3.61478E-1 3.54475E-1 3.49292E-1 3.44863E-1 3.30107E-1 3.30404E-1 3.40594E-1 3.5619E-1 3.62652E-1 3.83231E-1 3.81195E-1 3.80518E-1 4.01926E-1 4.06898E-1 4.15668E-1 4.11218E-1 4.11938E-1 4.00963E-1 4.16548E-1 4.29442E-1 4.45535E-1 4.42451E-1 4.47197E-1 4.69065E-1 4.80199E-1 4.81785E-1 4.99924E-1 5.65629E-1 6.46491E-1 8.40784E-1 9.03833E-1 7.10048E-1 6.09121E-1 5.39764E-1 5.31537E-1 5.1102E-1
3.64015E-1 4.10578E-1 4.97347E-1 7.28782E-1 7.38251E-1 7.37558E-1 7.52827E-1 7.48452E-1 7.86814E-1 7.99836E-1 7.62196E-1 5.37547E-1 4.50224E-1 3.81829E-1 3.74152E-1 4.39082E-1 5.17613E-1 5.27582E-1 7.67118E-1 7.78849E-1 8.19465E-1 7.82119E-1 5.59128E-1 7.96707E-1 8.03634E-1 5.68146E-1 4.10316E-1 3.92726E-1 3.69658E-1 3.59845E-1 3.57282E-1 3.53389E-1 3.34604E-1 3.22458E-1 3.226E-1 3.45139E-1 3.38535E-1 3.28079E-1 3.64637E-1 3.69227E-1 3.83942E-1 3.85302E-1 3.90391E-1 3.98901E-1 3.99451E-1 4.04729E-1 4.13235E-1 4.23238E-1 4.28237E-1 4.50974E-1 4.54085E-1 4.67105E-1 4.83081E-1 4.95874E-1 5.02456E-1 5.6772E-1 6.58749E-1 8.69571E-1 8.59277E-1 8.49574E-1 6.50736E-1 4.88467E-1 5.06345E-1 4.85891E-1 4.36245E-1
5.22573E-1 5.04272E-1 7.62209E-1 7.63444E-1 7.30559E-1 5.03124E-1 5.08659E-1 5.23083E-1 5.38123E-1 7.89497E-1 7.95173E-1 7.58907E-1 5.46987E-1 5.26049E-1 5.22776E-1 5.30867E-1 7.54703E-1 8.20083E-1 8.0403E-1 7.82777E-1 5.67187E-1 5.60195E-1 5.56761E-1 7.74846E-1 7.86602E-1 5.54892E-1 4.04098E-1 3.86236E-1 3.74623E-1 3.72885E-1 3.67517E-1 3.51595E-1 3.34769E-1 3.34463E-1 3.26887E-1 3.10249E-1 3.03026E-1 3.34237E-1 3.42285E-1 3.42585E-1 3.66159E-1 3.82183E-1 3.83779E-1 4.00849E-1 4.1679E-1 4.30556E-1 4.33612E-1 4.25509E-1 4.60642E-1 4.54707E-1 4.54394E-1 2.84372E-1 5.6011E-1 6.51932E-1 6.74415E-1 6.62281E-1 8.75461E-1 8.65348E-1 8.40149E-1 6.29064E-1 5.49949E-1 4.76784E-1 4.89056E-1 4.69326E-1 4.10139E-1
7.43768E-1 7.68209E-1 7.60041E-1 7.2835E-1 5.0493E-1 4.36619E-1 3.87018E-1 3.96462E-1 4.71134E-1 5.53652E-1 7.8068E-1 7.90284E-1 7.73643E-1 7.99957E-1 8.10084E-1 8.01824E-1 8.08906E-1 8.00971E-1 5.66021E-1 5.59054E-1 4.58095E-1 4.044E-1 5.54285E-1 7.95711E-1 7.75516E-1 5.45868E-1 3.96484E-1 3.79832E-1 3.86775E-1 3.69239E-1 3.58879E-1 3.49613E-1 3.47173E-1 3.45904E-1 3.33485E-1 3.25117E-1 3.30619E-1 3.45558E-1 3.42655E-1 3.44733E-1 3.73891E-1 3.93579E-1 4.0109E-1 4.16431E-1 4.38663E-1 4.55336E-1 4.597E-1 4.15931E-1 4.47231E-1 3.70485E-1 3.70046E-1 3.34639E-1 6.43611E-1 8.79116E-1 8.69935E-1 8.67402E-1 8.60949E-1 6.30004E-1 6.12654E-1 5.36587E-1 4.75207E-1 4.59581E-1 4.7614E-1 4.6005E-1 4.09296E-1
7.62387E-1 7.43485E-1 5.00616E-1 5.04996E-1 4.58356E-1 4.10687E-1 4.02256E-1 4.09195E-1 4.15977E-1 4.75838E-1 5.71701E-1 5.54928E-1 7.79495E-1 7.88054E-1 7.67785E-1 7.62235E-1 5.66136E-1 5.64632E-1 4.65071E-1 4.05049E-1 3.97017E-1 4.7492E-1 5.62471E-1 7.97352E-1 5.64253E-1 4.56154E-1 4.02934E-1 3.96077E-1 3.86135E-1 3.64584E-1 3.56194E-1 3.51864E-1 3.55727E-1 3.51033E-1 3.48001E-1 3.54656E-1 3.60244E-1 3.41057E-1 3.51391E-1 3.69656E-1 3.92398E-1 4.11955E-1 4.2302E-1 4.25422E-1 4.54311E-1 4.38797E-1 4.38926E-1 2.57472E-1 3.59099E-1 2.90829E-1 3.64262E-1 4.22191E-1 7.52107E-1 8.56752E-1 6.63646E-1 6.65065E-1 6.69731E-1 5.55385E-1 4.78097E-1 4.72001E-1 4.49916E-1 4.28841E-1 4.57673E-1 4.5035E-1 4.08947E-1
