old_layers/suit_drivs.asc
ncols         638
nrows         825
xllcorner     -2985163.8955
yllcorner     -3022031.214
cellsize      10000.0
NODATA_value  -9999
[rows 174 to 202 of 825, columns 325 to 389 of 638]
3.68104E-1 3.82477E-1 3.92337E-1 4.04295E-1 4.08347E-1 3.80043E-1 3.49514E-1 3.32933E-1 3.58197E-1 4.09689E-1 4.24554E-1 4.66093E-1 7.49772E-1 6.21949E-1 7.70032E-1 9.76365E-1 9.94171E-1 9.94624E-1 9.97004E-1 9.96013E-1 8.22438E-1 4.59277E-1 4.62056E-1 4.5276E-1 4.59439E-1 4.77871E-1 5.07648E-1 5.39955E-1 5.52902E-1 7.39774E-1 8.92637E-1 8.7211E-1 7.14644E-1 6.20955E-1 5.10346E-1 3.85895E-1 3.9214E-1 3.66907E-1 3.97352E-1 4.52971E-1 4.3137E-1 3.28639E-1 2.51082E-1 1.60052E-1 1.43197E-1 1.77078E-1 2.05965E-1 1.89527E-1 3.00358E-1 2.5951E-1 3.30991E-1 3.35225E-1 3.72029E-1 3.5181E-1 4.02247E-1 4.7313E-1 4.12064E-1 3.19393E-1 2.41162E-1 6.35898E-1 6.60923E-1 6.96856E-1 7.09458E-1 7.17525E-1 7.25E-1
3.91239E-1 4.18219E-1 4.27966E-1 4.34204E-1 4.44974E-1 4.23234E-1 3.81175E-1 3.17263E-1 2.93955E-1 2.82516E-1 2.81073E-1 3.39724E-1 4.35652E-1 4.20941E-1 5.34702E-1 6.67034E-1 7.16248E-1 8.85664E-1 9.96468E-1 9.98589E-1 8.94845E-1 6.07986E-1 4.72774E-1 4.6059E-1 4.74166E-1 4.78377E-1 5.0192E-1 5.00434E-1 4.81337E-1 6.42423E-1 8.46327E-1 7.88485E-1 8.29288E-1 7.10537E-1 5.83233E-1 5.95967E-1 4.31845E-1 3.30566E-1 3.45786E-1 4.18995E-1 4.43816E-1 3.90054E-1 2.90939E-1 2.48227E-1 2.06623E-1 1.60159E-1 2.0623E-1 1.85838E-1 1.34873E-1 2.82238E-1 4.51424E-1 2.36031E-1 3.52864E-1 5.1956E-1 5.34307E-1 6.35476E-1 7.02308E-1 6.49284E-1 4.64523E-1 8.05115E-1 8.98896E-1 9.0438E-1 8.97164E-1 8.96878E-1 9.03981E-1
3.8257E-1 3.91419E-1 4.0579E-1 4.57182E-1 4.81118E-1 4.81131E-1 4.27813E-1 3.53001E-1 3.2991E-1 3.07218E-1 3.0823E-1 3.23276E-1 3.06335E-1 3.37564E-1 4.16947E-1 4.39166E-1 4.38072E-1 7.57089E-1 9.58973E-1 9.99215E-1 9.9348E-1 7.80138E-1 5.71814E-1 5.46666E-1 5.51936E-1 5.37406E-1 4.98853E-1 5.13838E-1 5.23159E-1 5.76736E-1 7.63426E-1 7.4412E-1 5.98154E-1 5.3645E-1 4.36642E-1 4.72764E-1 3.16714E-1 2.36884E-1 2.89764E-1 3.86685E-1 4.23735E-1 4.14551E-1 4.4927E-1 3.40965E-1 2.10221E-1 1.6293E-1 1.80976E-1 3.67553E-1 9.47348E-2 3.44841E-1 3.35423E-1 2.11535E-1 4.33799E-1 6.98255E-1 7.47233E-1 8.06432E-1 8.9312E-1 9.04022E-1 8.49589E-1 8.88922E-1 8.7893E-1 6.9139E-1 7.06951E-1 7.08074E-1 6.83848E-1
3.13855E-1 3.19417E-1 3.11981E-1 3.26965E-1 3.57704E-1 4.49738E-1 4.97444E-1 4.62931E-1 4.28967E-1 4.15935E-1 4.13948E-1 4.23581E-1 4.12764E-1 4.32403E-1 4.75233E-1 6.12148E-1 8.25527E-1 9.55644E-1 9.99088E-1 9.99278E-1 9.96103E-1 9.52309E-1 8.41029E-1 7.18923E-1 6.47297E-1 5.25585E-1 5.10708E-1 5.30804E-1 6.50717E-1 7.4836E-1 6.81022E-1 4.95982E-1 4.40627E-1 3.72068E-1 3.48853E-1 3.1776E-1 2.71907E-1 2.53801E-1 3.30115E-1 4.26719E-1 3.90198E-1 3.14462E-1 2.44512E-1 2.00499E-1 2.42574E-1 3.81053E-1 5.28331E-1 2.53111E-1 1.33665E-1 3.27775E-1 4.28471E-1 4.54156E-1 7.43507E-1 7.84328E-1 5.84052E-1 6.35684E-1 6.98263E-1 7.17899E-1 7.22469E-1 6.99645E-1 8.79889E-1 8.37844E-1 8.98581E-1 9.18575E-1 9.03677E-1
2.87397E-1 2.91524E-1 2.8672E-1 2.74624E-1 3.09619E-1 3.99227E-1 4.77852E-1 5.78145E-1 6.79928E-1 6.93419E-1 6.95019E-1 6.15927E-1 5.66772E-1 5.65769E-1 5.93594E-1 8.04414E-1 9.64322E-1 9.98184E-1 9.99038E-1 9.77879E-1 9.83685E-1 9.99899E-1 9.95815E-1 9.55141E-1 8.0944E-1 6.0543E-1 5.31027E-1 5.15091E-1 6.06377E-1 6.04477E-1 7.55496E-1 6.65082E-1 4.67988E-1 3.26398E-1 3.28317E-1 2.88189E-1 2.56198E-1 2.57455E-1 3.07423E-1 3.87486E-1 3.53532E-1 2.70413E-1 3.36889E-1 2.69583E-1 4.51665E-1 7.11633E-1 7.85718E-1 8.1035E-1 7.30819E-1 3.92108E-1 8.3361E-1 8.36486E-1 8.63519E-1 6.09378E-1 5.42738E-1 4.92922E-1 5.12478E-1 5.24199E-1 5.2621E-1 6.69131E-1 8.59808E-1 7.80917E-1 7.04167E-1 7.5964E-1 7.70988E-1
3.07039E-1 2.95652E-1 2.95512E-1 2.78559E-1 2.87052E-1 3.33946E-1 3.91027E-1 6.0839E-1 9.13343E-1 9.67444E-1 9.70223E-1 8.37233E-1 7.09431E-1 7.37338E-1 8.66506E-1 9.40283E-1 9.9845E-1 9.99124E-1 9.99314E-1 9.99691E-1 9.99854E-1 9.99486E-1 9.99714E-1 9.62195E-1 9.85722E-1 8.21283E-1 5.53042E-1 4.77934E-1 4.98254E-1 6.74964E-1 8.75961E-1 8.03046E-1 5.5163E-1 4.72137E-1 4.05615E-1 3.47751E-1 3.83709E-1 2.8537E-1 3.1563E-1 3.92153E-1 4.28148E-1 3.83508E-1 7.44018E-1 7.37324E-1 7.95463E-1 8.50017E-1 9.04081E-1 5.54105E-1 5.80692E-1 5.3218E-1 6.34081E-1 6.2135E-1 5.98053E-1 5.22985E-1 4.7173E-1 4.7059E-1 4.77594E-1 4.66993E-1 4.86106E-1 6.76978E-1 8.70641E-1 8.60302E-1 7.71632E-1 6.58456E-1 6.94228E-1
2.96196E-1 3.0788E-1 3.13431E-1 2.99844E-1 2.98693E-1 3.08235E-1 3.51638E-1 5.04248E-1 7.38961E-1 9.78204E-1 9.87728E-1 9.08824E-1 9.06936E-1 9.31189E-1 9.38119E-1 9.99192E-1 9.98789E-1 9.99231E-1 9.99684E-1 9.99738E-1 9.99659E-1 9.89186E-1 9.81104E-1 9.56468E-1 9.59975E-1 9.90014E-1 7.88696E-1 7.48017E-1 8.10224E-1 8.17878E-1 8.23429E-1 8.98872E-1 8.88101E-1 6.89609E-1 6.48582E-1 7.13658E-1 6.87733E-1 4.37557E-1 3.18294E-1 4.29375E-1 5.94505E-1 7.88183E-1 8.85622E-1 6.97505E-1 6.537E-1 6.14774E-1 6.38595E-1 5.41563E-1 4.42677E-1 4.18232E-1 4.31035E-1 4.20564E-1 3.91387E-1 4.24265E-1 4.26372E-1 4.70019E-1 4.48147E-1 5.42243E-1 6.20147E-1 7.64388E-1 9.08017E-1 7.18172E-1 7.01939E-1 6.80885E-1 6.71281E-1
3.01839E-1 3.12927E-1 3.32355E-1 3.29579E-1 3.12383E-1 3.03664E-1 3.27312E-1 4.49291E-1 6.71937E-1 8.98445E-1 9.91099E-1 9.94259E-1 9.92567E-1 9.94002E-1 9.96943E-1 9.98138E-1 9.99475E-1 9.99759E-1 9.7431E-1 9.70677E-1 9.71433E-1 9.34949E-1 9.06974E-1 9.18291E-1 9.60182E-1 9.76946E-1 9.93309E-1 9.93369E-1 9.9706E-1 9.95835E-1 9.80337E-1 9.69521E-1 9.62741E-1 9.64067E-1 9.64757E-1 9.73398E-1 8.72707E-1 6.13596E-1 5.1972E-1 7.12199E-1 9.56673E-1 8.08116E-1 7.49122E-1 5.53803E-1 3.97462E-1 3.95354E-1 4.19863E-1 3.96746E-1 3.58959E-1 3.33497E-1 3.63197E-1 3.51241E-1 3.48255E-1 3.6335E-1 3.82985E-1 3.52501E-1 3.38975E-1 5.33054E-1 7.01863E-1 8.3407E-1 9.45778E-1 7.89703E-1 8.28472E-1 7.15518E-1 6.88539E-1
6.67346E-1 7.06041E-1 7.15816E-1 4.97457E-1 3.89315E-1 4.31037E-1 5.09715E-1 6.12539E-1 7.30581E-1 8.45345E-1 9.21565E-1 9.93972E-1 9.39073E-1 9.41615E-1 9.98656E-1 9.98961E-1 9.65044E-1 8.97904E-1 7.00991E-1 6.57212E-1 7.30752E-1 7.70723E-1 8.39397E-1 8.27483E-1 9.20691E-1 9.55376E-1 9.48638E-1 9.70985E-1 9.82479E-1 9.94301E-1 9.42187E-1 9.92392E-1 9.83148E-1 8.8907E-1 9.87087E-1 9.85195E-1 8.93725E-1 6.93596E-1 6.94323E-1 7.9609E-1 9.84185E-1 8.15387E-1 5.82807E-1 5.37366E-1 5.65424E-1 4.82008E-1 4.12912E-1 3.23E-1 3.23675E-1 3.51104E-1 3.25728E-1 3.51503E-1 4.20095E-1 5.04407E-1 5.00515E-1 3.96567E-1 5.07647E-1 6.02002E-1 6.30207E-1 6.99967E-1 8.70534E-1 7.49294E-1 7.5872E-1 7.45777E-1 7.25159E-1
9.88986E-1 9.96741E-1 9.95644E-1 7.83314E-1 6.48324E-1 6.84494E-1 7.33609E-1 8.11906E-1 8.11651E-1 8.35337E-1 8.94454E-1 9.41372E-1 9.43652E-1 9.9296E-1 9.74064E-1 9.7236E-1 9.03178E-1 5.59649E-1 4.07881E-1 4.15893E-1 4.89226E-1 6.14388E-1 6.69089E-1 7.0013E-1 7.57893E-1 8.60957E-1 8.88832E-1 9.60662E-1 9.89119E-1 9.66236E-1 9.70741E-1 9.51046E-1 9.96958E-1 9.95922E-1 9.95504E-1 9.4281E-1 9.46407E-1 9.08568E-1 8.41572E-1 9.77332E-1 9.92285E-1 8.38361E-1 6.22902E-1 6.61566E-1 6.3092E-1 4.93044E-1 4.58607E-1 3.48784E-1 4.1451E-1 4.62008E-1 3.44341E-1 3.82956E-1 4.63282E-1 5.03004E-1 4.38105E-1 5.7436E-1 7.20083E-1 7.08837E-1 6.24356E-1 6.10718E-1 7.89037E-1 6.34865E-1 6.6214E-1 7.43262E-1 7.28989E-1
9.9653E-1 9.61214E-1 9.44677E-1 9.92623E-1 9.83651E-1 9.18645E-1 9.34143E-1 9.31989E-1 9.37572E-1 9.43907E-1 9.46673E-1 9.4971E-1 9.96515E-1 9.98735E-1 9.58136E-1 8.51971E-1 7.44342E-1 4.91351E-1 3.80767E-1 3.96882E-1 4.18696E-1 4.44188E-1 4.59614E-1 4.98194E-1 5.12083E-1 5.83418E-1 7.50841E-1 9.5542E-1 9.99354E-1 9.99187E-1 9.99489E-1 9.99789E-1 9.99816E-1 9.99606E-1 9.97419E-1 9.57953E-1 9.97746E-1 9.9698E-1 9.97029E-1 9.96264E-1 9.96042E-1 8.60901E-1 6.94043E-1 6.06583E-1 5.12532E-1 4.30506E-1 4.38776E-1 3.95314E-1 4.19044E-1 4.63548E-1 3.59337E-1 3.89939E-1 3.76749E-1 3.79486E-1 4.65928E-1 5.93648E-1 6.60135E-1 6.35901E-1 5.74378E-1 5.85552E-1 6.52595E-1 6.80219E-1 5.98528E-1 7.8462E-1 7.73353E-1
9.96986E-1 9.33823E-1 8.85674E-1 9.4129E-1 9.89956E-1 9.67223E-1 9.98229E-1 9.94483E-1 9.95922E-1 9.94774E-1 9.94127E-1 9.96496E-1 9.99085E-1 9.96718E-1 9.15827E-1 6.62552E-1 5.21435E-1 4.09558E-1 3.80486E-1 3.8682E-1 4.16386E-1 4.26232E-1 4.36985E-1 4.86984E-1 4.89204E-1 5.33723E-1 6.52271E-1 9.14465E-1 9.99199E-1 9.99013E-1 9.74681E-1 9.5769E-1 9.54916E-1 9.94866E-1 9.99012E-1 9.99676E-1 9.99582E-1 9.88469E-1 9.62016E-1 9.93369E-1 9.97857E-1 9.05343E-1 5.99525E-1 4.96075E-1 4.25986E-1 3.91702E-1 3.68766E-1 3.63325E-1 3.73661E-1 3.77157E-1 3.70929E-1 3.7126E-1 3.64731E-1 3.77637E-1 4.90436E-1 5.31818E-1 5.65082E-1 5.73751E-1 5.83945E-1 5.73513E-1 7.07626E-1 8.47104E-1 8.6969E-1 7.99329E-1 7.64092E-1
9.35578E-1 8.75839E-1 8.69954E-1 9.27604E-1 9.96882E-1 9.97213E-1 9.48715E-1 9.48637E-1 9.69979E-1 9.70091E-1 9.98891E-1 9.97956E-1 9.53031E-1 9.00809E-1 6.25751E-1 4.47471E-1 3.74032E-1 3.66706E-1 3.80142E-1 4.4624E-1 4.79139E-1 5.14505E-1 5.85054E-1 6.58727E-1 6.74238E-1 6.45772E-1 6.41143E-1 8.65903E-1 9.9983E-1 9.46689E-1 7.15105E-1 5.48017E-1 5.8024E-1 6.60785E-1 8.45448E-1 9.8994E-1 9.92373E-1 9.37132E-1 7.57062E-1 8.98399E-1 9.67797E-1 7.26486E-1 4.89074E-1 4.48655E-1 4.24036E-1 3.81532E-1 3.60619E-1 3.39631E-1 3.4259E-1 3.43506E-1 3.38968E-1 3.47022E-1 3.62815E-1 3.79725E-1 5.01675E-1 4.96312E-1 4.91296E-1 5.96028E-1 6.19888E-1 6.28542E-1 6.71822E-1 7.19316E-1 9.35716E-1 7.52242E-1 8.02166E-1
9.07349E-1 9.43755E-1 9.40076E-1 9.91446E-1 9.92464E-1 9.94884E-1 9.95544E-1 9.95498E-1 9.96003E-1 9.95455E-1 9.71467E-1 8.21013E-1 7.12539E-1 5.51824E-1 4.33438E-1 3.93399E-1 3.77346E-1 3.80157E-1 3.94785E-1 4.10133E-1 4.50429E-1 5.33735E-1 5.07806E-1 4.43835E-1 4.45985E-1 4.75451E-1 6.0653E-1 9.18601E-1 9.91068E-1 8.35803E-1 4.96704E-1 4.60391E-1 4.91673E-1 5.1401E-1 6.40822E-1 8.46814E-1 8.6043E-1 8.117E-1 8.0499E-1 9.2042E-1 7.1134E-1 6.01097E-1 5.10554E-1 4.51586E-1 4.20914E-1 3.81762E-1 3.51415E-1 3.40333E-1 3.31554E-1 3.2859E-1 3.24863E-1 3.33399E-1 3.47187E-1 3.63547E-1 4.26873E-1 4.89509E-1 5.47808E-1 5.99411E-1 6.31941E-1 6.58086E-1 5.98582E-1 7.69267E-1 9.45042E-1 9.24204E-1 8.27504E-1
9.30106E-1 9.89428E-1 9.92867E-1 9.93383E-1 9.91521E-1 9.92239E-1 9.92274E-1 9.40616E-1 9.92451E-1 9.59766E-1 7.28411E-1 4.48832E-1 3.68918E-1 3.59802E-1 3.54374E-1 3.54422E-1 3.88211E-1 4.03398E-1 4.10418E-1 4.23277E-1 4.80329E-1 5.83315E-1 4.40595E-1 4.56865E-1 4.54165E-1 4.58408E-1 6.28772E-1 8.45073E-1 9.84683E-1 6.92248E-1 4.09843E-1 4.67404E-1 5.75307E-1 5.94937E-1 6.00678E-1 6.19437E-1 6.26576E-1 6.90047E-1 8.94743E-1 8.51612E-1 5.41352E-1 5.34636E-1 6.76884E-1 4.77306E-1 4.11045E-1 3.82966E-1 3.5964E-1 3.60358E-1 3.63266E-1 3.65906E-1 3.26022E-1 3.33389E-1 3.36297E-1 3.50494E-1 3.70212E-1 4.36005E-1 5.30152E-1 5.74687E-1 6.01858E-1 6.43102E-1 6.42066E-1 6.56129E-1 7.48677E-1 8.96512E-1 7.96425E-1
9.92384E-1 9.43784E-1 9.45645E-1 9.44546E-1 9.49981E-1 9.613E-1 9.56059E-1 9.09101E-1 9.49483E-1 9.13466E-1 6.88638E-1 5.24193E-1 4.06529E-1 3.68142E-1 3.40856E-1 3.60661E-1 3.81728E-1 4.06891E-1 4.09196E-1 4.33239E-1 4.7623E-1 5.58673E-1 4.68426E-1 4.56209E-1 4.27478E-1 5.08452E-1 5.9557E-1 9.28033E-1 9.83308E-1 6.85764E-1 4.00084E-1 4.99306E-1 6.01395E-1 6.65447E-1 6.9564E-1 7.2064E-1 5.97711E-1 5.62455E-1 6.19827E-1 5.12263E-1 4.16755E-1 4.7212E-1 6.74228E-1 4.3734E-1 3.90527E-1 3.86752E-1 3.81549E-1 3.62947E-1 3.50937E-1 3.34223E-1 3.10492E-1 3.20766E-1 3.44796E-1 3.54554E-1 3.6928E-1 4.0597E-1 4.44889E-1 4.49502E-1 4.93911E-1 5.71141E-1 6.08033E-1 7.02965E-1 9.20374E-1 8.97946E-1 7.98682E-1
9.93513E-1 9.5014E-1 8.75025E-1 8.71468E-1 8.78755E-1 8.94236E-1 8.72466E-1 8.60408E-1 8.63756E-1 8.55069E-1 7.34103E-1 6.33012E-1 4.25744E-1 3.65965E-1 3.47205E-1 3.52879E-1 3.62075E-1 4.01733E-1 4.2427E-1 4.48482E-1 4.9815E-1 5.6563E-1 5.13017E-1 4.57136E-1 4.11443E-1 5.31764E-1 7.85135E-1 9.74752E-1 9.69051E-1 6.11413E-1 3.95043E-1 5.24792E-1 6.22676E-1 7.25475E-1 7.51294E-1 7.30261E-1 5.44094E-1 4.56121E-1 4.39394E-1 4.20198E-1 3.93014E-1 4.02766E-1 5.85002E-1 4.30182E-1 3.69983E-1 3.53462E-1 3.49081E-1 3.54376E-1 3.42979E-1 3.23488E-1 3.21536E-1 3.5872E-1 3.54925E-1 3.79145E-1 3.83802E-1 3.87991E-1 4.04612E-1 4.17266E-1 4.36671E-1 4.9838E-1 5.39975E-1 5.93085E-1 8.87809E-1 7.65983E-1 7.87782E-1
9.5834E-1 9.18231E-1 8.76094E-1 8.67681E-1 8.77642E-1 8.84901E-1 8.60754E-1 8.48866E-1 8.45928E-1 8.3783E-1 7.27594E-1 6.41865E-1 4.43835E-1 3.6574E-1 3.4546E-1 3.55516E-1 3.7241E-1 3.86771E-1 4.00205E-1 4.40179E-1 4.90083E-1 5.11406E-1 4.41859E-1 4.29902E-1 4.0103E-1 4.27742E-1 6.06817E-1 9.64168E-1 8.60368E-1 5.20275E-1 4.36689E-1 5.27241E-1 5.99979E-1 6.89169E-1 6.18339E-1 5.38E-1 4.51484E-1 4.00787E-1 3.66239E-1 3.82555E-1 3.70706E-1 3.6185E-1 4.16282E-1 4.20882E-1 3.8837E-1 3.49998E-1 3.35859E-1 3.64102E-1 3.42776E-1 3.30907E-1 3.53072E-1 3.82745E-1 3.84141E-1 3.87964E-1 4.13865E-1 4.07707E-1 4.01953E-1 4.1726E-1 4.51446E-1 5.3083E-1 5.8005E-1 5.44196E-1 6.25291E-1 8.55396E-1 9.08459E-1
9.53924E-1 8.73243E-1 8.59242E-1 8.50063E-1 8.65206E-1 8.5098E-1 8.3549E-1 8.24831E-1 8.13991E-1 8.06722E-1 7.40821E-1 6.45328E-1 4.98495E-1 4.02748E-1 3.71341E-1 3.74587E-1 3.95735E-1 3.92979E-1 4.00708E-1 4.47021E-1 4.97014E-1 5.01854E-1 4.42582E-1 4.17438E-1 4.21755E-1 5.20529E-1 8.62915E-1 9.58842E-1 7.09013E-1 4.57225E-1 4.43294E-1 5.24899E-1 5.74474E-1 5.5725E-1 4.72549E-1 4.60741E-1 3.84273E-1 3.59942E-1 3.5633E-1 3.57074E-1 3.48426E-1 3.66762E-1 3.79948E-1 3.58356E-1 3.66077E-1 3.54644E-1 3.41674E-1 3.79733E-1 3.431E-1 3.47634E-1 3.61407E-1 3.87609E-1 4.39751E-1 4.32026E-1 4.58627E-1 4.5656E-1 4.42779E-1 4.36781E-1 4.6287E-1 5.16915E-1 5.70061E-1 5.72173E-1 5.78918E-1 6.11094E-1 8.53621E-1
9.52874E-1 8.6152E-1 8.37474E-1 8.22338E-1 8.18551E-1 7.93347E-1 8.03633E-1 7.89616E-1 7.68317E-1 7.5339E-1 7.2989E-1 6.63999E-1 5.92629E-1 4.88077E-1 4.11605E-1 4.03391E-1 4.15592E-1 4.03341E-1 4.06171E-1 4.47681E-1 4.87727E-1 5.12788E-1 4.80407E-1 4.17399E-1 4.63773E-1 5.28336E-1 8.70001E-1 7.65764E-1 4.93629E-1 3.81622E-1 4.00198E-1 5.15055E-1 5.13551E-1 3.92593E-1 4.11756E-1 5.02047E-1 3.98952E-1 3.62261E-1 3.34446E-1 3.60073E-1 3.57849E-1 3.56129E-1 3.44666E-1 3.2238E-1 3.07542E-1 4.0383E-1 4.12301E-1 3.98998E-1 3.41418E-1 3.45513E-1 3.63618E-1 4.03649E-1 5.26948E-1 5.42334E-1 5.15716E-1 5.25968E-1 5.33652E-1 4.83477E-1 4.62429E-1 4.70406E-1 5.45749E-1 6.62031E-1 5.8222E-1 5.03556E-1 5.60459E-1
9.52409E-1 8.4247E-1 7.9571E-1 7.93921E-1 7.93352E-1 7.51963E-1 7.19951E-1 7.36936E-1 7.38046E-1 7.19024E-1 6.71398E-1 6.29943E-1 5.84001E-1 5.34258E-1 4.57392E-1 4.32802E-1 4.266E-1 3.9332E-1 3.80503E-1 4.32659E-1 4.77274E-1 4.85354E-1 3.99967E-1 3.98615E-1 5.31261E-1 7.88159E-1 9.50952E-1 7.80701E-1 4.00328E-1 3.6009E-1 4.06E-1 4.68093E-1 4.14581E-1 3.22944E-1 3.31013E-1 4.35752E-1 3.56133E-1 2.91816E-1 3.14389E-1 3.18551E-1 2.79755E-1 3.11181E-1 3.00034E-1 3.09887E-1 3.12375E-1 4.21489E-1 4.73025E-1 4.0745E-1 3.50077E-1 3.35164E-1 3.71447E-1 4.05574E-1 5.01398E-1 5.07618E-1 4.93639E-1 4.84235E-1 4.87689E-1 4.60123E-1 4.70093E-1 5.22277E-1 6.99564E-1 9.50411E-1 6.28007E-1 4.72723E-1 4.73701E-1
9.41909E-1 8.6515E-1 7.53125E-1 7.59131E-1 7.6271E-1 6.96574E-1 6.7269E-1 6.48105E-1 6.52738E-1 6.58315E-1 6.01952E-1 5.77317E-1 5.64577E-1 5.1419E-1 4.47698E-1 4.43321E-1 4.34522E-1 3.79744E-1 3.54176E-1 4.11158E-1 4.52153E-1 4.70956E-1 3.98546E-1 3.63701E-1 5.39507E-1 9.15349E-1 9.92145E-1 8.13423E-1 3.78931E-1 3.71643E-1 4.07974E-1 3.92348E-1 3.29912E-1 2.99586E-1 2.88419E-1 3.63295E-1 3.06171E-1 2.74287E-1 2.90459E-1 2.91842E-1 3.00846E-1 2.81998E-1 3.05044E-1 3.21295E-1 3.61814E-1 4.53887E-1 4.80251E-1 3.91072E-1 3.64189E-1 3.45412E-1 3.85125E-1 4.20379E-1 4.66693E-1 4.38292E-1 4.26702E-1 4.34197E-1 4.41018E-1 4.60017E-1 4.77063E-1 6.21193E-1 9.10917E-1 9.91768E-1 9.08409E-1 5.67277E-1 4.75186E-1
9.91362E-1 8.93781E-1 7.7418E-1 6.89629E-1 6.84729E-1 6.52066E-1 6.43515E-1 6.02393E-1 6.00607E-1 5.91783E-1 5.42916E-1 5.32956E-1 5.07022E-1 4.69038E-1 4.43781E-1 4.3857E-1 4.33046E-1 3.64921E-1 3.75836E-1 4.48577E-1 4.82596E-1 4.318E-1 3.76099E-1 3.71075E-1 5.3778E-1 9.29937E-1 8.20179E-1 5.86343E-1 3.64579E-1 3.70336E-1 4.00583E-1 4.23014E-1 3.79128E-1 3.5455E-1 3.61963E-1 4.21455E-1 3.33535E-1 2.69299E-1 2.86876E-1 2.75059E-1 2.7042E-1 2.80049E-1 2.83182E-1 2.8857E-1 3.39967E-1 4.39309E-1 4.96595E-1 4.07068E-1 3.82082E-1 3.59445E-1 3.83236E-1 4.21108E-1 4.35831E-1 3.96473E-1 4.03674E-1 4.21424E-1 4.40799E-1 4.50429E-1 3.64768E-1 7.16533E-1 9.75933E-1 8.84545E-1 9.90551E-1 8.66966E-1 8.55713E-1
9.85511E-1 9.73105E-1 8.22698E-1 6.28164E-1 5.99187E-1 6.25343E-1 6.18695E-1 5.52293E-1 5.29941E-1 5.46161E-1 5.00801E-1 4.63626E-1 4.50811E-1 4.41388E-1 4.27335E-1 4.23935E-1 4.04568E-1 3.49791E-1 3.71411E-1 4.60848E-1 4.87357E-1 4.31599E-1 3.71083E-1 4.33104E-1 5.2423E-1 9.40486E-1 7.25185E-1 4.49601E-1 3.32251E-1 3.39986E-1 3.71265E-1 4.18058E-1 3.93762E-1 3.65595E-1 3.67979E-1 3.95066E-1 3.1332E-1 2.47112E-1 2.61373E-1 2.62727E-1 2.43384E-1 2.59498E-1 2.74047E-1 2.74475E-1 3.24076E-1 4.36345E-1 4.7773E-1 4.15643E-1 3.95406E-1 3.52737E-1 3.626E-1 3.59241E-1 3.86089E-1 3.67817E-1 3.85298E-1 4.14614E-1 4.57858E-1 4.38056E-1 6.96083E-1 9.17261E-1 9.85612E-1 8.58319E-1 9.27449E-1 9.97899E-1 9.95314E-1
8.87003E-1 8.40777E-1 6.94558E-1 5.83099E-1 5.61984E-1 6.02502E-1 5.76331E-1 5.0631E-1 4.64535E-1 4.86174E-1 4.64281E-1 4.31267E-1 3.81445E-1 3.83378E-1 4.22253E-1 4.09495E-1 3.62105E-1 3.31186E-1 3.58011E-1 4.40069E-1 4.79572E-1 5.17312E-1 4.95773E-1 5.32348E-1 8.99354E-1 9.73491E-1 7.84672E-1 4.94301E-1 3.33099E-1 3.4603E-1 3.28526E-1 3.39465E-1 3.02662E-1 2.75129E-1 2.98518E-1 3.01033E-1 2.99538E-1 2.45257E-1 2.45538E-1 2.60886E-1 2.41517E-1 2.58008E-1 2.77832E-1 2.7134E-1 3.15891E-1 4.50025E-1 4.67127E-1 4.10456E-1 3.98057E-1 3.48136E-1 3.35484E-1 3.24395E-1 3.50026E-1 3.68356E-1 3.76556E-1 3.43406E-1 4.47134E-1 6.56502E-1 9.72921E-1 9.63593E-1 8.04171E-1 7.89107E-1 8.82081E-1 9.82748E-1 9.83239E-1
7.54958E-1 6.77974E-1 5.62755E-1 5.14924E-1 5.09176E-1 5.58753E-1 5.2219E-1 4.45005E-1 4.14735E-1 4.32384E-1 4.26691E-1 4.1038E-1 3.5961E-1 3.57955E-1 4.1514E-1 3.93116E-1 3.54891E-1 3.34763E-1 3.2864E-1 3.92706E-1 4.67502E-1 6.36731E-1 7.43695E-1 9.33175E-1 9.49294E-1 8.2439E-1 7.13371E-1 4.7231E-1 3.19514E-1 3.10561E-1 3.05777E-1 3.05008E-1 2.6865E-1 2.57389E-1 2.9739E-1 2.89411E-1 3.13608E-1 2.82469E-1 2.63314E-1 2.64669E-1 2.54128E-1 2.6356E-1 2.94632E-1 3.19389E-1 3.5395E-1 4.18706E-1 3.48748E-1 3.29045E-1 3.25982E-1 3.22423E-1 3.91348E-1 3.62015E-1 4.15037E-1 4.87694E-1 3.31755E-1 4.13145E-1 5.25786E-1 9.30193E-1 8.61133E-1 6.86875E-1 6.30103E-1 6.219E-1 7.04844E-1 7.78286E-1 9.21824E-1
7.2487E-1 6.44278E-1 5.23916E-1 4.56973E-1 4.36343E-1 5.22988E-1 4.86708E-1 4.13967E-1 3.83712E-1 3.73145E-1 3.8318E-1 4.02248E-1 3.69046E-1 3.55166E-1 4.03746E-1 3.85469E-1 3.63477E-1 3.45226E-1 3.33961E-1 3.34461E-1 4.50988E-1 7.95184E-1 9.78415E-1 9.84547E-1 6.96951E-1 5.57838E-1 5.42519E-1 4.39016E-1 3.05338E-1 2.88304E-1 3.04432E-1 3.03915E-1 2.886E-1 3.09244E-1 3.25559E-1 3.20213E-1 3.30733E-1 3.35033E-1 2.841E-1 2.63674E-1 2.56581E-1 2.67817E-1 2.95753E-1 3.23059E-1 2.98859E-1 3.27496E-1 3.19482E-1 3.9459E-1 3.93959E-1 4.66503E-1 4.96666E-1 4.97169E-1 4.92768E-1 8.06285E-1 5.16973E-1 8.32119E-1 7.73344E-1 6.54077E-1 4.92227E-1 4.31877E-1 5.81042E-1 4.98416E-1 5.90218E-1 5.74683E-1 6.60559E-1
6.95537E-1 6.11005E-1 4.6864E-1 4.34714E-1 4.21983E-1 5.16026E-1 4.67937E-1 3.92081E-1 3.8008E-1 3.74294E-1 3.66245E-1 3.73274E-1 3.65269E-1 3.53885E-1 3.70646E-1 3.6573E-1 3.79685E-1 3.81802E-1 3.84751E-1 4.59761E-1 5.79417E-1 8.75961E-1 9.80979E-1 8.22466E-1 5.5864E-1 4.43825E-1 5.16028E-1 4.49754E-1 3.40841E-1 3.10933E-1 3.17527E-1 2.89879E-1 2.77687E-1 2.97897E-1 2.67744E-1 2.50594E-1 2.47995E-1 2.8668E-1 2.6182E-1 2.52677E-1 2.54662E-1 2.51266E-1 2.50098E-1 2.7345E-1 3.42348E-1 3.72036E-1 3.72594E-1 4.2275E-1 5.63508E-1 5.87661E-1 8.95628E-1 7.35631E-1 9.15668E-1 8.64579E-1 8.21502E-1 7.33307E-1 8.36785E-1 5.08094E-1 3.5208E-1 3.7926E-1 4.11212E-1 3.8231E-1 4.21432E-1 4.33435E-1 4.76101E-1
6.62548E-1 5.65884E-1 4.20376E-1 4.20645E-1 4.23991E-1 4.85626E-1 4.55656E-1 3.72496E-1 3.80412E-1 3.84096E-1 3.53833E-1 3.59441E-1 3.74492E-1 3.63153E-1 3.59027E-1 3.56009E-1 3.92264E-1 4.23146E-1 5.12821E-1 7.34149E-1 8.15806E-1 9.86745E-1 9.4806E-1 6.58616E-1 4.2325E-1 4.05237E-1 4.47718E-1 4.07088E-1 3.5161E-1 2.98003E-1 3.03162E-1 2.89523E-1 2.83255E-1 2.64391E-1 2.73664E-1 2.48167E-1 2.37227E-1 2.62324E-1 2.67361E-1 2.69398E-1 2.56689E-1 1.76056E-1 2.26932E-1 2.58156E-1 2.74768E-1 3.4677E-1 3.38229E-1 4.92995E-1 8.26035E-1 9.20178E-1 9.04686E-1 9.68783E-1 9.78769E-1 7.4638E-1 4.85617E-1 4.94634E-1 6.92307E-1 5.05608E-1 3.35867E-1 3.55338E-1 2.7342E-1 2.72049E-1 3.67939E-1 3.75161E-1 4.23718E-1
