R/wo_max/veg_4400/arrival.asc
NCOLS 638
NROWS 825
XLLCORNER -2985163.8955
YLLCORNER -3022031.214
CELLSIZE 10000
NODATA_value -1
[rows 376 to 422 of 825, columns 288 to 383 of 638]
-1 -1 -1 -1 -1 -1 -1 -1 -1 -1 -1 -1 -1 -1 -1 -1 -1 -1 610 638 639 655 668 692 700 700 722 724 746 768 768 778 800 800 1823 1836 1839 1855 1862 1883 1884 1890 1890 1977 1969 1969 1992 1994 2000 2099 2076 2056 2056 2033 2025 2000 2006 2001 2009 2001 2010 2001 1991 2002 2002 2024 2024 2033 2053 2066 2054 2054 2076 2053 2099 2113 2113 2100 2100 2144 2144 2144 2155 2178 2178 2178 2192 2200 2192 2178 2191 2200 2200 2200 2378 2378
-1 -1 -1 -1 -1 -1 -1 -1 -1 -1 -1 -1 -1 -1 -1 -1 -1 610 617 617 638 638 655 660 687 687 722 722 731 746 768 768 800 800 1823 1845 1867 1867 1868 1884 1890 1890 1885 1969 1947 1961 1976 1983 2000 2099 2077 2076 2056 2033 2007 1994 1993 2006 1985 1987 2001 2010 1987 2008 2008 2016 2016 2055 2062 2066 2084 2076 2083 2070 2093 2115 2115 2133 2133 2156 2155 2145 2176 2176 2200 2192 2178 2200 2200 2191 2200 2200 2200 2378 2399 2378
-1 -1 -1 -1 -1 -1 -1 -1 -1 -1 -1 -1 -1 -1 -1 -1 -1 -1 -1 616 633 638 655 678 692 710 710 723 746 731 755 777 777 800 1823 1845 1845 1847 1846 1868 1868 1892 1885 1947 1969 1976 1983 1983 2000 2077 2068 2054 2031 2033 2011 2007 1993 1992 1974 1985 1979 1987 1978 2009 2009 2009 2008 2015 2055 2062 2077 2084 2084 2083 2106 2128 2133 2124 2156 2155 2178 2178 2200 2176 2178 2200 2200 2200 2200 2200 2325 2200 2178 2376 2400 2400
-1 -1 -1 -1 -1 -1 -1 -1 -1 -1 -1 -1 -1 -1 -1 -1 -1 -1 -1 607 616 633 656 678 683 692 723 746 732 755 731 767 777 792 1801 1833 1840 1856 1847 1868 1868 1877 1892 1969 1954 1954 1977 1984 2000 2077 2068 2054 2054 2022 2033 2000 1992 1970 1974 1979 1965 1978 1978 2010 2030 2030 2024 2015 2033 2055 2077 2077 2106 2106 2093 2128 2123 2123 2146 2146 2156 2155 2178 2200 2198 2300 2302 2324 2314 2314 2325 2200 2200 2356 2378 2400
-1 -1 -1 -1 -1 -1 -1 -1 -1 -1 -1 -1 -1 -1 -1 -1 -1 -1 -1 607 627 647 647 656 701 701 723 732 745 745 737 755 767 791 800 1817 1840 1856 1878 1877 1877 1899 1899 1953 1961 1977 1999 1984 2000 2055 2054 2044 2031 2024 2011 2002 2000 1974 1977 1956 1991 1991 1991 2033 2033 2045 2024 2025 2040 2062 2084 2093 2109 2115 2115 2145 2145 2145 2147 2146 2168 2190 2190 2198 2200 2300 2302 2302 2324 2306 2306 2356 2356 2354 2376 2378
-1 -1 -1 -1 -1 -1 -1 -1 -1 -1 -1 -1 -1 -1 -1 -1 -1 -1 603 603 626 647 669 679 701 701 715 745 745 746 745 737 745 800 800 1817 1833 1862 1862 1878 1878 1899 1899 1954 1977 1999 1977 2000 2000 2055 2054 2044 2022 2031 2024 2011 1968 1977 1969 1969 1978 2002 2033 2023 2055 2055 2045 2037 2045 2084 2099 2093 2093 2109 2121 2131 2154 2145 2147 2168 2176 2160 2192 2178 2178 2280 2300 2300 2293 2314 2314 2200 2354 2376 2378 2397
-1 -1 -1 -1 -1 -1 -1 -1 -1 -1 -1 -1 -1 -1 -1 -1 -1 -1 -1 603 626 649 669 679 701 705 715 725 746 756 768 754 778 800 800 1815 1831 1828 1856 1884 1884 1900 1900 1977 1953 1968 1977 1992 2000 2024 2024 2022 2013 2006 2000 1993 1979 1968 1978 1978 1983 2010 2010 2009 2022 2023 2037 2037 2067 2067 2083 2099 2093 2101 2109 2131 2154 2147 2169 2169 2177 2176 2169 2200 2200 2300 2284 2322 2322 2325 2325 2200 2354 2368 2378 2400
-1 -1 -1 -1 -1 -1 -1 -1 -1 -1 -1 -1 -1 -1 -1 -1 -1 -1 -1 -1 611 649 671 679 694 705 724 746 756 768 768 778 791 800 800 1816 1822 1839 1839 1862 800 1900 1900 1954 1968 1961 1992 2000 2000 2024 2024 2022 2013 2006 1984 1961 1968 1960 1964 1973 1983 2015 2009 2015 2028 2022 2022 2067 2055 2069 2099 2121 2123 2101 2131 2130 2146 2169 2169 2161 2177 2192 2200 2191 2191 2284 2302 2302 2332 2332 2355 2377 2369 2398 2400 2400
-1 -1 -1 -1 -1 -1 -1 -1 -1 -1 -1 -1 -1 -1 -1 -1 -1 -1 -1 602 611 626 649 671 673 694 724 731 754 768 778 791 799 799 800 1816 1839 1822 1838 1822 800 1900 1900 1954 1961 1961 1969 1993 2000 2031 2023 2001 1993 1984 1975 1971 1960 1951 1973 1992 1995 2009 2015 2037 2037 2059 2042 2059 2091 2079 2077 2121 2124 2123 2124 2168 2168 2168 2191 2146 2192 2199 2200 2200 2200 2200 2302 2324 2346 2332 2377 2377 2377 2400 2398 2400
-1 -1 -1 -1 -1 -1 -1 -1 -1 -1 -1 -1 -1 -1 -1 -1 -1 -1 -1 602 606 625 656 673 673 702 724 754 754 776 777 799 777 800 800 1823 1823 1807 1807 800 1869 800 1900 1900 1948 1961 1969 2000 2000 1992 2031 2023 1993 1984 1971 1975 1949 1973 1974 1995 1992 1992 2001 2014 2014 2037 2059 2057 2079 2091 2101 2109 2125 2124 2146 2146 2168 2168 2191 2169 2178 2176 2200 2200 2200 2293 2300 2324 2346 2355 2355 2369 2377 2400 2400 2461
-1 -1 -1 -1 -1 -1 -1 -1 -1 -1 -1 -1 -1 -1 -1 -1 -1 -1 -1 -1 609 625 641 656 676 702 714 731 776 777 760 776 799 800 800 800 1825 1823 1845 1868 1845 800 1900 1900 1961 1962 1971 1993 2000 2000 2001 1982 1962 1962 1952 1961 1951 1951 1956 1974 1974 2020 2014 2012 2012 2034 2057 2079 2072 2101 2104 2109 2125 2146 2146 2146 2155 2153 2155 2191 2178 2178 2200 2200 2300 2300 2326 2326 2326 2371 2377 2377 2400 2433 2461 2464
-1 -1 -1 -1 -1 -1 -1 -1 -1 -1 -1 -1 -1 -1 -1 -1 -1 -1 -1 -1 602 625 647 654 676 702 731 745 754 746 776 754 776 799 800 800 1825 1845 1845 1847 1869 1900 1900 1900 1962 1971 1993 1978 2000 2000 2001 1982 1961 1962 1952 1961 1972 1972 1988 1988 1997 2020 2042 2034 2042 2057 2057 2072 2089 2104 2132 2110 2123 2154 2154 2154 2177 2168 2178 2200 2200 2200 2200 2200 2278 2300 2336 2338 2349 2371 2383 2400 2420 2433 2451 2474
-1 -1 -1 -1 -1 -1 -1 -1 -1 -1 -1 -1 -1 -1 -1 -1 -1 -1 -1 -1 -1 631 647 647 669 699 714 731 754 755 755 776 777 799 800 800 800 1847 1847 1867 1867 1869 1891 1900 1949 1971 1969 1969 1969 1978 1970 1969 1961 1939 1942 1952 1978 1978 1997 1997 2010 2010 2020 2042 2049 2065 2072 2089 2087 2111 2111 2132 2155 2155 2155 2156 2200 2200 2200 2200 2278 2277 2271 2271 2278 2296 2336 2358 2349 2377 2389 2381 2434 2456 2451 2474
-1 -1 -1 -1 -1 -1 -1 -1 -1 -1 -1 -1 -1 -1 -1 -1 -1 -1 -1 -1 -1 620 631 654 669 691 699 715 731 745 745 769 777 800 799 800 800 800 1867 1844 1844 800 1891 1900 1900 1969 1949 1947 1969 1978 1970 1969 1961 1949 1952 1956 1974 1996 2019 2019 2017 2017 2026 2049 2065 2057 2087 2087 2110 2110 2101 2109 2132 2156 2134 2177 2156 2178 2237 2183 2277 2278 2293 2278 2296 2300 2300 2349 2358 2389 2400 2400 2400 2456 2459 2459
-1 -1 -1 -1 -1 -1 -1 -1 -1 -1 -1 -1 -1 -1 -1 -1 -1 -1 -1 -1 608 609 631 654 669 691 699 714 731 745 768 777 777 799 778 800 800 800 1845 1845 1824 800 1891 1878 1900 1940 1949 1947 1946 1946 1969 1947 1949 1952 1956 1974 1996 1979 2000 1996 2041 2041 2034 2049 2057 2043 2065 2079 2079 2101 2133 2133 2156 2156 2177 2166 2178 2183 2183 2200 2200 2271 2293 2278 2300 2300 2300 2336 2354 2377 2411 2411 2400 2434 2437 2459
-1 -1 -1 -1 -1 -1 -1 -1 -1 -1 -1 -1 -1 -1 -1 -1 -1 -1 -1 -1 -1 620 642 655 669 687 692 714 724 746 746 777 799 778 768 778 800 800 800 1824 800 800 1868 1878 1900 1940 1937 1948 1947 1947 1960 1969 1952 1969 1974 1965 2001 2001 2000 2000 2019 2034 2049 2064 2071 2066 2066 2066 2088 2111 2133 2123 2132 2178 2178 2166 2169 2192 2192 2200 2200 2256 2300 2300 2300 2323 2345 2345 2354 2384 2393 2412 2434 2443 2468 2468
-1 -1 -1 -1 -1 -1 -1 -1 -1 -1 -1 -1 -1 -1 -1 -1 -1 -1 -1 -1 -1 623 642 655 669 687 692 714 724 732 755 777 768 768 769 778 778 800 800 1837 791 799 777 800 1878 1900 1900 1937 1948 1947 1938 1960 1947 1969 1979 1979 1979 2002 2002 2001 2032 2032 2041 2064 2071 2071 2088 2094 2111 2116 2109 2110 2132 2155 2169 2169 2192 2185 2200 2225 2255 2268 2286 2300 2323 2331 2348 2350 2371 2393 2412 2415 2443 2446 2428 2446
-1 -1 -1 -1 -1 -1 -1 -1 -1 -1 -1 -1 -1 -1 -1 -1 -1 -1 -1 -1 -1 608 633 665 665 692 710 710 714 732 755 736 755 769 778 777 800 777 800 1838 791 777 769 800 800 1900 1900 1925 1947 1938 1917 1949 1949 1971 1970 1979 1987 2009 2011 2011 2025 2026 2032 2078 2078 2088 2094 2111 2116 2138 2138 2131 2132 2163 2166 2188 2197 2185 2200 2200 2247 2268 2269 2300 2348 2348 2349 2371 2372 2393 2415 2394 2446 2428 2437 2438
-1 -1 -1 -1 -1 -1 -1 -1 -1 -1 -1 -1 -1 -1 -1 -1 -1 -1 -1 -1 -1 -1 633 642 665 678 687 706 710 732 755 736 738 755 777 769 755 754 755 778 769 769 700 700 800 1893 1900 1925 1938 1927 1917 1949 1971 1970 1969 1987 1978 1993 2009 2011 2025 2033 2056 2064 2100 2094 2100 2116 2114 2132 2131 2132 2147 2178 2163 2188 2200 2197 2194 2200 2247 2269 2278 2300 2326 2349 2371 2350 2372 2384 2394 2415 2406 2414 2410 2433
-1 -1 -1 -1 -1 -1 -1 -1 -1 -1 -1 -1 -1 -1 -1 -1 -1 -1 -1 -1 -1 601 611 623 646 663 670 694 706 716 738 736 732 746 754 754 745 732 755 756 778 769 700 700 800 1895 1895 1917 1927 1926 1926 1926 1956 1969 1978 1978 1993 1987 1993 1994 2033 2056 2055 2055 2064 2100 2109 2101 2132 2114 2133 2156 2147 2169 2178 2155 2200 2200 2255 2250 2256 2256 2278 2295 2317 2326 2350 2350 2353 2363 2384 2406 2414 2410 2433 2434
-1 -1 -1 -1 -1 -1 -1 -1 -1 -1 -1 -1 -1 -1 -1 -1 -1 -1 -1 -1 -1 601 611 623 646 662 663 684 694 716 738 723 716 732 736 731 745 756 756 755 747 700 700 700 1872 1895 1895 1917 1917 1939 1931 1931 1940 1956 1962 1978 1987 1987 2014 2014 2033 2055 2070 2055 2054 2086 2109 2123 2123 2133 2137 2147 2156 2156 2169 2178 2177 2255 2250 2264 2264 2263 2295 2300 2317 2326 2350 2350 2353 2353 2390 2414 2411 2433 2411 2421
-1 -1 -1 -1 -1 -1 -1 -1 -1 -1 -1 -1 -1 -1 -1 -1 -1 -1 -1 -1 -1 602 611 616 624 646 662 684 684 716 731 723 710 712 732 735 733 732 733 747 731 700 700 700 1872 1878 1895 1928 1925 1939 1940 1940 1950 1960 1962 1978 1993 1993 2018 2046 2046 2070 2077 2071 2071 2086 2102 2125 2103 2125 2147 2137 2176 2176 2176 2193 2193 2230 2252 2250 2273 2273 2295 2317 2306 2319 2350 2352 2368 2368 2390 2411 2400 2402 2427 2427
-1 -1 -1 -1 -1 -1 -1 -1 -1 -1 -1 -1 -1 -1 -1 -1 -1 -1 -1 -1 -1 -1 602 616 624 639 662 669 684 691 731 709 710 712 712 733 732 710 715 722 731 700 700 799 1878 1897 1897 1928 1925 1938 1953 1951 1951 1982 1982 1984 2000 2000 2024 2032 2055 2077 2062 2078 2086 2080 2094 2125 2125 2114 2160 2147 2167 2167 2198 2198 2177 2220 2252 2273 2274 2274 2275 2318 2318 2321 2321 2346 2368 2369 2391 2380 2402 2405 2405 2421
-1 -1 -1 -1 -1 -1 -1 -1 -1 -1 -1 -1 -1 -1 -1 -1 -1 -1 -1 -1 -1 -1 -1 602 624 639 647 669 669 691 709 710 690 692 692 690 711 693 710 731 715 700 700 800 800 1891 1900 1929 1938 1953 1938 1960 1960 1962 1984 2000 2000 2024 2032 2055 2046 2062 2078 2080 2084 2102 2102 2115 2129 2129 2138 2160 2160 2199 2199 2184 2230 2220 2230 2252 2274 2275 2284 2296 2323 2323 2323 2346 2359 2391 2379 2380 2383 2405 2421 2399
-1 -1 -1 -1 -1 -1 -1 -1 -1 -1 -1 -1 -1 -1 -1 -1 -1 -1 -1 -1 -1 -1 -1 -1 616 616 634 647 656 678 709 686 678 690 688 688 711 700 710 754 754 700 684 800 1859 1891 1900 1929 1951 1948 1945 1948 1962 1970 1984 1984 2004 2032 2024 2048 2048 2049 2080 2084 2089 2103 2115 2114 2138 2138 2141 2141 2161 2184 2177 2207 2230 2208 2230 2252 2253 2253 2296 2296 2303 2316 2324 2346 2360 2369 2356 2379 2383 2390 2403 2399
-1 -1 -1 -1 -1 -1 -1 -1 -1 -1 -1 -1 -1 -1 -1 -1 -1 -1 -1 -1 -1 -1 -1 -1 -1 611 634 640 656 678 686 667 667 688 671 670 700 676 754 777 799 700 700 791 800 1900 1900 1929 1951 1945 1948 1977 1970 1961 1984 1985 2004 2004 2049 2049 2057 2067 2067 2089 2103 2111 2114 2110 2115 2141 2146 2161 2164 2184 2186 2207 2210 2208 2208 2252 2252 2265 2274 2303 2316 2324 2314 2329 2369 2356 2357 2383 2379 2404 2404 2403
-1 -1 -1 -1 -1 -1 -1 -1 -1 -1 -1 -1 -1 -1 -1 -1 -1 -1 -1 -1 -1 -1 -1 -1 -1 -1 611 618 640 664 686 640 645 661 677 677 700 700 755 799 700 699 700 800 1869 1869 1900 1900 1961 1961 1951 1900 1977 1986 1993 1993 2000 2025 2027 2057 2067 2071 2080 2089 2111 2114 2114 2114 2115 2146 2161 2164 2184 2186 2200 2209 2228 2228 2250 2250 2250 2265 2274 2285 2293 2314 2336 2338 2346 2329 2351 2357 2359 2373 2382 2406
-1 -1 -1 -1 -1 -1 -1 -1 -1 -1 -1 -1 -1 -1 -1 -1 -1 -1 -1 -1 -1 -1 -1 -1 -1 -1 611 618 624 646 664 624 644 661 655 678 677 710 755 777 699 700 800 800 1869 1869 1900 1900 1900 1974 1900 1899 1900 1900 1986 1995 2000 2025 2027 2049 2071 2080 2079 2087 2092 2092 2120 2120 2115 2141 2137 2153 2173 2176 2183 2205 2205 2205 2228 2251 2251 2274 2264 2301 2301 2314 2336 2346 2329 2326 2357 2351 2373 2382 2375 2384
-1 -1 -1 -1 -1 -1 -1 -1 -1 -1 -1 -1 -1 -1 -1 -1 -1 -1 -1 -1 -1 -1 -1 -1 -1 -1 -1 -1 618 641 664 619 632 655 655 663 678 731 777 700 700 700 792 800 1868 1891 1900 1900 1900 1974 1900 700 700 1900 1995 1995 2018 2040 2038 2049 2049 2064 2078 2092 2087 2105 2112 2105 2118 2142 2142 2173 2159 2174 2205 2189 2205 2175 2183 2229 2242 2292 2292 2302 2302 2314 2315 2315 2325 2328 2351 2359 2382 2374 2375 2397
-1 -1 -1 -1 -1 -1 -1 -1 -1 -1 -1 -1 -1 -1 -1 -1 -1 -1 -1 -1 -1 -1 -1 -1 -1 -1 -1 -1 624 641 641 619 632 632 641 656 679 746 684 700 700 700 792 800 1861 1891 1899 1900 1899 1899 1891 700 700 1900 1996 1996 2040 2038 2060 2060 2041 2065 2065 2091 2091 2112 2105 2118 2128 2150 2150 2159 2174 2160 2183 2174 2198 2197 2219 2229 2232 2242 2248 2270 2292 2314 2314 2325 2328 2337 2337 2359 2374 2375 2397 2407
-1 -1 -1 -1 -1 -1 -1 -1 -1 -1 -1 -1 -1 -1 -1 -1 -1 -1 -1 -1 -1 -1 -1 -1 -1 -1 -1 -1 -1 601 601 619 632 632 655 656 731 731 700 700 700 792 800 800 1861 1891 1906 1899 1899 700 700 700 700 1900 1974 1996 2018 2038 2042 2042 2042 2067 2067 2096 2096 2113 2113 2128 2141 2141 2137 2159 2167 2183 2174 2197 2197 2206 2206 2229 2232 2242 2257 2280 2292 2292 2314 2310 2337 2328 2341 2344 2375 2366 2376 2384
-1 -1 -1 -1 -1 -1 -1 -1 -1 -1 -1 -1 -1 -1 -1 -1 -1 -1 -1 -1 -1 -1 -1 -1 -1 -1 -1 -1 -1 -1 -1 610 632 655 655 656 677 678 700 700 700 700 800 800 1884 1884 1906 1867 1886 1886 700 700 700 1900 2000 1986 2018 2019 2034 2034 2064 2064 2058 2089 2089 2096 2097 2128 2128 2129 2137 2147 2167 2174 2170 2178 2178 2209 2206 2232 2235 2257 2258 2280 2278 2292 2310 2314 2328 2319 2341 2351 2344 2348 2384 2380
-1 -1 -1 -1 -1 -1 -1 -1 -1 -1 -1 -1 -1 -1 -1 -1 -1 -1 -1 -1 -1 -1 -1 -1 -1 -1 -1 -1 -1 -1 -1 -1 632 632 655 655 656 678 700 700 700 777 800 1861 1884 1878 1869 1868 1867 700 700 700 1900 1980 1986 2000 2011 2011 2019 2019 2028 2051 2051 2073 2073 2067 2084 2107 2128 2137 2147 2143 2163 2163 2193 2194 2195 2217 2209 2226 2257 2258 2262 2278 2284 2279 2292 2297 2312 2320 2351 2344 2348 2353 2353 2380
-1 -1 -1 -1 -1 -1 -1 -1 -1 -1 -1 -1 -1 -1 -1 -1 -1 -1 -1 -1 -1 -1 -1 -1 -1 -1 -1 -1 -1 -1 -1 -1 610 611 611 633 656 677 678 700 700 777 800 1856 1856 1878 1855 1869 1877 700 700 700 1900 1900 1980 1997 1997 2018 2018 2028 2019 2028 2048 2051 2061 2083 2084 2107 2129 2133 2143 2163 2163 2170 2195 2195 2196 2217 2211 2226 2235 2262 2278 2284 2279 2291 2292 2312 2319 2320 2325 2329 2329 2353 2352 2356
-1 -1 -1 -1 -1 -1 -1 -1 -1 -1 -1 -1 -1 -1 -1 -1 -1 -1 -1 -1 -1 -1 -1 -1 -1 -1 -1 -1 -1 -1 -1 -1 -1 610 633 624 633 656 656 678 700 700 800 800 1856 1900 1855 1855 1877 700 700 700 700 1900 1973 1996 1996 1996 2004 2011 2026 2038 2038 2048 2061 2084 2083 2083 2107 2129 2133 2152 2170 2173 2195 2196 2202 2202 2211 2235 2231 2247 2253 2279 2269 2291 2289 2297 2319 2320 2325 2339 2330 2352 2356 2379
-1 -1 -1 -1 -1 -1 -1 -1 -1 -1 -1 -1 -1 -1 -1 -1 -1 -1 -1 -1 -1 -1 -1 -1 -1 -1 -1 -1 -1 -1 -1 -1 -1 -1 602 602 615 647 647 677 677 700 700 800 1842 1878 1900 700 1872 1872 700 700 700 1889 1973 1973 1981 1989 1989 2004 2011 2026 2025 2038 2049 2061 2058 2080 2111 2111 2129 2152 2163 2173 2170 2195 2202 2211 2204 2230 2230 2233 2255 2253 2269 2289 2288 2306 2320 2319 2339 2322 2352 2356 2356 2371
-1 -1 -1 -1 -1 -1 -1 -1 -1 -1 -1 -1 -1 -1 -1 -1 -1 -1 -1 -1 -1 -1 -1 -1 -1 -1 -1 -1 -1 -1 -1 -1 -1 -1 -1 -1 -1 633 645 656 678 691 700 700 1841 1842 700 1900 1904 1881 1935 700 700 1889 1951 1949 1989 1967 1967 1981 1999 2004 2021 2025 2048 2043 2058 2080 2111 2116 2142 2142 2173 2173 2170 2202 2193 2209 2209 2231 2231 2255 2253 2269 2258 2287 2287 2297 2306 2308 2324 2322 2330 2356 2347 2349
-1 -1 -1 -1 -1 -1 -1 -1 -1 -1 -1 -1 -1 -1 -1 -1 -1 -1 -1 -1 -1 -1 -1 -1 -1 -1 -1 -1 -1 -1 -1 -1 -1 -1 -1 -1 611 614 633 633 656 678 691 700 700 1841 700 1859 1904 1881 1935 700 700 700 1935 1949 1951 1944 1954 1967 1976 1999 2003 2021 2021 2043 2057 2098 2098 2098 2120 2151 2151 2178 2173 2202 2202 2224 2224 2209 2233 2233 2253 2258 2258 2265 2287 2296 2297 2324 2302 2330 2325 2347 2349 2347
-1 -1 -1 -1 -1 -1 -1 -1 -1 -1 -1 -1 -1 -1 -1 -1 -1 -1 -1 -1 -1 -1 -1 -1 -1 -1 -1 -1 -1 -1 -1 -1 -1 -1 -1 -1 611 611 614 636 636 668 678 691 700 1841 1859 1850 1872 1881 700 1926 1926 1911 1927 1949 1927 1926 1944 1954 1948 1980 1999 2003 2030 2035 2057 2075 2089 2100 2120 2132 2151 2156 2178 2200 2200 2202 2221 2221 2238 2253 2260 2260 2261 2265 2274 2296 2293 2307 2302 2325 2329 2318 2330 2357
-1 -1 -1 -1 -1 -1 -1 -1 -1 -1 -1 -1 -1 -1 -1 -1 -1 -1 -1 -1 -1 -1 -1 -1 -1 -1 -1 -1 -1 -1 -1 -1 -1 -1 -1 -1 -1 -1 604 614 636 659 660 678 700 1827 1850 691 700 1872 1882 1904 1905 1905 1905 1927 1927 1926 1948 1954 1976 1980 1980 1999 2035 2030 2053 2057 2075 2087 2120 2132 2154 2156 2177 2178 2199 2199 2199 2198 2221 2238 2238 2261 2265 2274 2274 2281 2281 2307 2303 2329 2325 2330 2326 2330
-1 -1 -1 -1 -1 -1 -1 -1 -1 -1 -1 -1 -1 -1 -1 -1 -1 -1 -1 -1 -1 -1 -1 -1 -1 -1 -1 -1 -1 -1 -1 -1 -1 -1 -1 -1 -1 -1 -1 611 633 636 656 668 678 1827 700 700 700 1860 1860 1880 1882 1884 1903 1907 1927 1929 1926 1948 1953 1976 1976 1998 2012 2030 2053 2034 2065 2075 2087 2110 2139 2154 2156 2177 2159 2167 2153 2198 2216 2229 2229 2239 2243 2261 2262 2264 2284 2281 2303 2325 2325 2317 2317 2339
-1 -1 -1 -1 -1 -1 -1 -1 -1 -1 -1 -1 -1 -1 -1 -1 -1 -1 -1 -1 -1 -1 -1 -1 -1 -1 -1 -1 -1 -1 -1 -1 -1 -1 -1 -1 -1 -1 -1 601 611 633 656 656 656 678 700 700 1860 1858 1858 1862 1880 700 1884 1903 1907 1920 1929 1952 1953 1974 1976 1998 1998 2021 2034 2043 2041 2065 2087 2110 2132 2138 2137 2145 2154 2159 2153 2207 2184 2229 2216 2243 2239 2251 2264 2272 2284 2257 2294 2303 2295 2295 2294 2308
-1 -1 -1 -1 -1 -1 -1 -1 -1 -1 -1 -1 -1 -1 -1 -1 -1 -1 -1 -1 -1 -1 -1 -1 -1 -1 -1 -1 -1 -1 -1 -1 -1 -1 -1 -1 -1 -1 -1 -1 611 633 633 656 678 678 700 700 1837 1839 1839 1858 1862 1862 1853 1898 1898 1907 1920 1929 1952 1953 1974 1996 1998 1998 2021 2021 2043 2064 2064 2097 2115 2115 2132 2137 2162 2162 2162 2207 2185 2216 2211 2217 2251 2232 2262 2262 2284 2262 2294 2277 2299 2294 2293 2315
-1 -1 -1 -1 -1 -1 -1 -1 -1 -1 -1 -1 -1 -1 -1 -1 -1 -1 -1 -1 -1 -1 -1 -1 -1 -1 -1 -1 -1 -1 -1 -1 -1 -1 -1 -1 -1 -1 611 611 633 601 611 633 656 678 700 1815 1837 1817 1820 1842 1839 1831 1835 1853 1857 1876 1891 1903 1935 1952 1957 1974 1996 1996 2019 2019 2033 2064 2055 2077 2093 2109 2132 2140 2164 2176 2176 2185 2189 2185 2211 2219 2217 2262 2239 2252 2262 2277 2277 2299 2294 2283 2293 2305
-1 -1 -1 -1 -1 -1 -1 -1 -1 -1 -1 -1 -1 -1 -1 -1 -1 -1 -1 -1 -1 -1 -1 -1 -1 -1 -1 -1 -1 -1 -1 -1 -1 -1 -1 -1 -1 -1 -1 602 -1 -1 601 611 656 678 700 1815 1817 1817 700 1820 1820 1819 1831 1835 1853 1876 1891 1882 1904 1914 1936 1966 1966 1991 2019 2033 2041 2033 2055 2070 2093 2091 2117 2140 2153 2164 2185 2189 2197 2211 2189 2219 2217 2220 2232 2232 2255 2255 2268 2268 2283 2271 2293 2305
-1 -1 -1 -1 -1 -1 -1 -1 -1 -1 -1 -1 -1 -1 -1 -1 -1 -1 -1 -1 -1 -1 -1 -1 -1 -1 -1 -1 -1 -1 -1 -1 -1 -1 -1 -1 -1 -1 -1 -1 -1 -1 -1 611 677 633 700 1815 700 700 700 700 700 700 1814 1841 1836 1859 1881 1903 1904 1914 1914 1946 1946 1947 1991 2010 2023 2041 2048 2070 2093 2109 2117 2131 2153 2166 2166 2187 2209 2197 2219 2231 2202 2210 2232 2232 2255 2254 2254 2260 2268 2261 2283 2285
-1 -1 -1 -1 -1 -1 -1 -1 -1 -1 -1 -1 -1 -1 -1 -1 -1 -1 -1 -1 -1 -1 -1 -1 -1 -1 -1 -1 -1 -1 -1 -1 -1 -1 -1 -1 -1 -1 -1 -1 -1 -1 -1 609 633 677 700 656 677 656 669 678 700 678 678 1836 1814 1859 1869 1883 1903 1892 1923 1946 1947 1969 1988 1991 2010 2025 2048 2054 2070 2086 2095 2114 2122 2141 2164 2187 2188 2209 2209 2231 2210 2232 2215 2209 2254 2238 2260 2238 2261 2271 2263 2285
