R/wo_max/veg_4400/arrival.asc
NCOLS 638
NROWS 825
XLLCORNER -2985163.8955
YLLCORNER -3022031.214
CELLSIZE 10000
NODATA_value -1
[rows 282 to 328 of 825, columns 192 to 287 of 638]
3428 3445 3447 3478 3478 3471 3496 3496 3516 3517 3536 3558 3566 3568 3590 3588 3602 3611 3611 3625 3631 3647 3654 3669 3692 3692 3697 3697 3718 3718 3714 3727 3745 3763 3781 3781 3785 3807 3812 3812 3838 3835 3834 3857 3884 3911 3906 3930 3943 3943 3962 3962 3985 4006 4018 4049 4038 4060 4060 4081 4081 4075 4092 4096 4096 4118 4118 4123 4146 4164 4186 4198 4198 4198 4197 4220 4219 4219 4265 4265 4256 4311 4333 4333 4356 4356 4378 4378 4378 4377 4400 4322 4277 4322 4238 4230
3408 3430 3448 3456 3461 3471 3494 3494 3494 3516 3527 3536 3558 3566 3568 3590 3590 3602 3613 3633 3644 3666 3669 3692 3676 3678 3696 3696 3696 3709 3718 3750 3767 3767 3763 3762 3776 3785 3807 3842 3821 3838 3838 3868 3884 3889 3911 3911 3930 3941 3963 3963 3985 3972 4006 4016 4028 4038 4059 4057 4065 4065 4075 4092 4111 4108 4130 4130 4146 4176 4176 4190 4190 4218 4218 4220 4234 4242 4241 4256 4288 4287 4286 4310 4311 4332 4355 4400 4400 4400 4400 4354 4284 4277 4254 4253
3412 3430 3440 3448 3448 3471 3484 3496 3519 3516 3516 3548 3565 3569 3610 3610 3612 3612 3633 3644 3656 3656 3666 3669 3687 3687 3687 3700 3715 3732 3754 3754 3750 3762 3762 3785 3807 3807 3829 3829 3842 3842 3861 3884 3861 3889 3908 3930 3931 3931 3963 3963 3984 3993 3994 4016 4058 4059 4058 4066 4102 4102 4097 4111 4108 4111 4133 4154 4154 4168 4168 4168 4173 4195 4220 4234 4219 4241 4219 4216 4248 4286 4287 4286 4310 4310 4300 4332 4355 4346 4354 4354 4300 4299 4299 4277
3434 3434 3443 3453 3466 3493 3493 3519 3510 3519 3565 3565 3587 3587 3587 3568 3587 3587 3612 3610 3633 3644 3669 3683 3683 3664 3709 3709 3732 3737 3732 3745 3745 3740 3762 3799 3807 3819 3819 3819 3818 3846 3864 3861 3886 3908 3930 3908 3931 3941 3963 3984 3993 3994 4016 4013 4013 4058 4080 4080 4080 4097 4080 4087 4119 4133 4131 4131 4137 4146 4153 4173 4195 4188 4195 4196 4219 4222 4222 4244 4232 4264 4264 4287 4310 4300 4309 4285 4355 4346 4292 4276 4300 4278 4277 4277
3412 3453 3453 3475 3475 3497 3497 3497 3498 3520 3542 3560 3560 3541 3547 3568 3568 3587 3590 3612 3635 3661 3661 3661 3664 3683 3715 3715 3737 3723 3723 3723 3745 3745 3777 3807 3799 3797 3818 3806 3829 3864 3867 3887 3887 3908 3909 3909 3918 3941 3953 3981 3981 3981 4003 4013 4034 4035 4034 4057 4061 4061 4087 4097 4119 4131 4128 4128 4151 4151 4151 4173 4194 4188 4196 4196 4219 4222 4242 4244 4242 4265 4248 4286 4286 4309 4286 4262 4309 4285 4300 4276 4261 4278 4278 4254
3407 3430 3436 3443 3465 3475 3480 3520 3520 3542 3542 3541 3538 3538 3547 3591 3591 3613 3591 3613 3635 3642 3642 3664 3684 3684 3701 3701 3723 3701 3713 3715 3739 3762 3777 3785 3777 3784 3806 3818 3823 3837 3867 3863 3886 3887 3909 3918 3918 3942 3959 3981 4003 4003 4003 4034 4026 4035 4057 4036 4055 4055 4068 4075 4106 4106 4118 4118 4128 4141 4163 4194 4188 4188 4194 4216 4216 4219 4220 4242 4265 4239 4263 4263 4263 4264 4270 4292 4270 4285 4276 4275 4253 4253 4255 4255
3395 3411 3429 3436 3436 3458 3474 3480 3496 3516 3516 3538 3541 3547 3567 3567 3567 3586 3613 3631 3638 3631 3653 3660 3669 3669 3679 3691 3691 3713 3693 3715 3730 3762 3785 3763 3784 3767 3799 3823 3837 3823 3854 3886 3869 3879 3889 3920 3920 3936 3942 3974 3996 4018 4018 4004 4027 4035 4049 4055 4068 4068 4091 4092 4105 4127 4127 4127 4150 4163 4162 4174 4166 4166 4188 4194 4196 4203 4219 4219 4239 4217 4217 4225 4240 4247 4246 4252 4261 4239 4239 4275 4253 4245 4231 4223
3401 3419 3433 3449 3458 3474 3474 3496 3496 3519 3519 3541 3541 3541 3564 3564 3586 3609 3609 3609 3631 3638 3660 3653 3647 3652 3679 3691 3693 3693 3698 3730 3739 3763 3763 3754 3756 3777 3799 3806 3813 3825 3855 3855 3863 3879 3897 3911 3936 3920 3959 3972 3996 3992 3992 4004 4027 4027 4049 4049 4072 4094 4094 4082 4082 4105 4139 4150 4140 4162 4162 4166 4174 4172 4172 4196 4203 4196 4180 4194 4220 4240 4240 4225 4207 4230 4224 4246 4261 4239 4230 4275 4253 4253 4216 4194
3411 3433 3433 3442 3449 3474 3474 3474 3496 3496 3519 3509 3519 3532 3564 3586 3593 3593 3593 3616 3616 3639 3639 3629 3652 3656 3679 3676 3676 3698 3684 3717 3739 3741 3740 3754 3756 3777 3789 3803 3835 3835 3858 3855 3863 3880 3897 3911 3930 3933 3951 3996 3992 3997 4014 4014 4019 4036 4036 4037 4072 4072 4087 4087 4117 4117 4139 4140 4134 4140 4135 4143 4152 4166 4176 4181 4181 4170 4194 4197 4220 4218 4194 4202 4225 4224 4246 4177 4216 4214 4230 4230 4253 4231 4231 4201
3420 3442 3455 3455 3455 3477 3477 3481 3496 3519 3509 3526 3532 3540 3571 3571 3563 3563 3564 3616 3617 3619 3617 3620 3634 3656 3676 3661 3698 3694 3684 3717 3741 3751 3740 3751 3776 3777 3803 3835 3813 3812 3858 3858 3871 3888 3902 3930 3933 3951 3952 3974 3973 4019 4019 4041 4041 4036 4051 4043 4064 4064 4069 4094 4117 4132 4132 4123 4134 4145 4143 4152 4166 4176 4159 4159 4169 4163 4175 4197 4202 4180 4180 4218 4224 4200 4201 4216 4185 4207 4214 4207 4185 4208 4231 4231
3409 3420 3442 3414 3413 3432 3458 3481 3503 3503 3526 3503 3540 3548 3548 3541 3563 3564 3570 3595 3619 3617 3607 3621 3656 3648 3648 3661 3694 3672 3694 3717 3719 3730 3751 3753 3771 3776 3798 3798 3813 3812 3843 3866 3880 3902 3910 3921 3951 3930 3952 3974 3982 3982 4005 4019 4042 4042 4063 4051 4065 4069 4079 4110 4110 4110 4101 4123 4145 4123 4152 4140 4135 4159 4150 4150 4150 4175 4197 4179 4195 4195 4218 4195 4201 4200 4193 4216 4207 4192 4192 4185 4169 4207 4185 4208
3397 3396 3391 3414 3458 3458 3432 3457 3457 3481 3488 3499 3526 3548 3531 3518 3541 3570 3571 3597 3597 3575 3589 3634 3634 3640 3640 3649 3672 3667 3685 3707 3719 3730 3753 3771 3775 3775 3776 3798 3812 3821 3860 3880 3888 3910 3899 3898 3921 3935 3981 3974 3997 3997 3991 3989 4020 4041 4063 4065 4042 4065 4088 4088 4101 4078 4083 4083 4100 4120 4118 4140 4135 4135 4153 4153 4153 4157 4175 4171 4179 4201 4201 4187 4201 4193 4200 4193 4185 4176 4170 4170 4207 4185 4162 4208
3374 3397 3436 3436 3435 3435 3435 3457 3449 3471 3480 3502 3499 3518 3519 3519 3541 3571 3586 3597 3575 3574 3611 3589 3611 3627 3649 3672 3663 3676 3689 3707 3719 3721 3730 3752 3759 3752 3789 3821 3821 3820 3866 3882 3888 3899 3898 3913 3935 3936 3974 3981 3991 3991 3987 3997 4003 4020 4029 4043 4048 4088 4070 4056 4078 4097 4100 4100 4105 4120 4120 4118 4135 4122 4130 4126 4157 4157 4157 4157 4171 4179 4172 4172 4187 4178 4193 4185 4171 4154 4162 4170 4161 4145 4162 4186
3368 3357 3389 3389 3389 3413 3425 3457 3471 3480 3480 3502 3518 3519 3517 3520 3549 3571 3574 3574 3559 3589 3611 3589 3627 3618 3649 3663 3654 3676 3689 3699 3707 3721 3720 3752 3747 3759 3775 3781 3803 3843 3866 3882 3867 3873 3889 3935 3920 3942 3959 3968 3968 3966 3987 4003 3998 4029 4033 4043 4047 4047 4070 4070 4078 4097 4077 4105 4096 4127 4127 4119 4119 4108 4130 4134 4134 4125 4149 4149 4149 4156 4164 4172 4178 4171 4171 4169 4154 4145 4147 4162 4161 4130 4145 4163
3357 3368 3390 3390 3403 3413 3425 3440 3449 3467 3468 3495 3504 3504 3520 3526 3549 3553 3552 3565 3565 3572 3582 3604 3627 3618 3632 3654 3654 3667 3699 3707 3721 3724 3720 3747 3750 3781 3781 3804 3803 3826 3860 3867 3867 3873 3904 3913 3912 3942 3946 3968 3975 3997 3997 3998 4033 4033 4026 4056 4056 4077 4077 4070 4070 4078 4078 4100 4100 4105 4096 4108 4108 4102 4130 4125 4118 4127 4149 4149 4133 4132 4156 4153 4150 4148 4148 4169 4146 4139 4125 4139 4147 4161 4130 4131
3357 3357 3358 3381 3403 3413 3418 3427 3440 3449 3464 3486 3495 3504 3526 3549 3553 3552 3552 3543 3549 3573 3604 3604 3600 3622 3645 3645 3667 3667 3676 3692 3724 3716 3724 3769 3746 3750 3792 3803 3815 3838 3860 3845 3890 3890 3913 3890 3912 3942 3946 3953 3975 3975 3988 4001 4011 4004 4026 4032 4055 4055 4068 4068 4060 4060 4069 4078 4096 4093 4093 4096 4102 4099 4125 4118 4104 4127 4118 4127 4133 4133 4152 4150 4148 4140 4146 4162 4162 4139 4140 4147 4130 4139 4130 4109
3336 3336 3357 3358 3381 3395 3408 3418 3440 3463 3464 3508 3508 3526 3539 3539 3530 3530 3543 3549 3559 3582 3573 3600 3622 3632 3635 3635 3654 3675 3675 3697 3697 3697 3723 3746 3769 3766 3792 3788 3820 3838 3835 3845 3868 3898 3898 3884 3920 3914 3929 3929 3953 3966 3988 4011 4011 4004 4010 4055 4046 4032 4010 4023 4038 4032 4064 4069 4065 4078 4074 4086 4086 4099 4104 4104 4110 4127 4127 4111 4121 4121 4150 4127 4140 4124 4126 4146 4118 4140 4124 4130 4139 4115 4108 4095
3314 3327 3356 3358 3358 3378 3395 3404 3427 3463 3463 3486 3480 3494 3494 3497 3517 3530 3527 3559 3560 3582 3577 3600 3600 3610 3632 3652 3654 3652 3675 3670 3692 3706 3723 3728 3728 3769 3788 3792 3838 3835 3845 3853 3862 3875 3862 3898 3920 3914 3929 3930 3930 3974 3965 3988 4004 4010 4032 4032 4009 4046 4024 4023 4038 4064 4042 4065 4056 4078 4074 4067 4070 4080 4102 4095 4095 4110 4111 4132 4121 4104 4127 4098 4117 4126 4124 4118 4118 4124 4107 4116 4116 4115 4108 4092
3305 3322 3327 3356 3368 3378 3404 3404 3409 3419 3441 3458 3480 3494 3496 3518 3518 3507 3528 3536 3551 3560 3577 3610 3610 3600 3606 3630 3652 3643 3675 3692 3701 3686 3723 3701 3737 3744 3788 3793 3815 3813 3822 3844 3844 3875 3868 3905 3914 3905 3930 3943 3952 3974 3972 3965 3986 3986 4009 4010 4000 4015 4023 4038 4038 4033 4042 4056 4056 4074 4067 4051 4071 4102 4073 4088 4087 4088 4132 4110 4105 4127 4105 4104 4117 4124 4117 4107 4100 4078 4092 4107 4094 4093 4115 4091
3299 3299 3322 3322 3356 3368 3390 3390 3390 3419 3419 3439 3462 3480 3496 3496 3507 3520 3527 3551 3560 3555 3564 3588 3587 3587 3606 3620 3634 3656 3656 3701 3678 3686 3708 3715 3737 3766 3793 3769 3769 3815 3822 3813 3822 3868 3875 3883 3905 3928 3943 3929 3952 3950 3972 3965 3964 3987 4009 4000 4024 4024 4015 4038 4016 4020 4042 4038 4043 4051 4043 4057 4071 4080 4088 4087 4073 4087 4091 4105 4102 4103 4103 4104 4093 4117 4107 4100 4100 4085 4092 4085 4094 4094 4093 4068
3284 3284 3322 3322 3334 3344 3345 3368 3408 3408 3417 3439 3458 3462 3488 3488 3520 3527 3536 3536 3542 3555 3564 3557 3588 3606 3620 3634 3630 3647 3656 3678 3670 3708 3715 3708 3730 3766 3793 3747 3769 3800 3813 3814 3836 3851 3852 3882 3906 3928 3929 3929 3952 3950 3955 3977 3987 3978 3977 3969 4007 4000 4016 4016 4020 4020 4038 4029 4029 4051 4043 4057 4080 4078 4078 4073 4064 4064 4082 4082 4102 4095 4095 4085 4086 4076 4076 4099 4076 4092 4085 4070 4070 4071 4068 4071
3277 3277 3299 3306 3327 3344 3358 3372 3372 3394 3417 3435 3458 3462 3473 3488 3495 3504 3529 3529 3555 3564 3565 3565 3588 3597 3603 3630 3624 3634 3678 3662 3660 3693 3715 3692 3730 3744 3747 3755 3777 3800 3791 3814 3836 3851 3860 3882 3891 3906 3907 3906 3928 3950 3977 3956 3978 3977 3968 3985 4007 4001 4005 4005 4009 4009 4029 4020 4020 4025 4040 4057 4073 4056 4042 4064 4051 4051 4064 4073 4073 4073 4085 4063 4062 4062 4069 4063 4063 4085 4085 4063 4048 4070 4061 4049
3254 3268 3290 3299 3322 3344 3349 3358 3372 3385 3417 3417 3435 3443 3465 3473 3495 3504 3510 3510 3532 3545 3565 3575 3575 3597 3599 3624 3638 3647 3662 3660 3662 3693 3685 3712 3712 3721 3744 3753 3777 3791 3791 3813 3814 3836 3860 3882 3883 3906 3907 3907 3928 3955 3955 3954 3954 3953 3968 3985 4001 3984 3983 3988 3988 3998 4008 4005 4017 4040 4047 4073 4056 4056 4034 4042 4051 4051 4051 4041 4050 4064 4063 4047 4040 4046 4047 4041 4054 4063 4063 4029 4038 4029 4016 4038
3236 3273 3277 3290 3299 3332 3349 3349 3363 3372 3394 3413 3435 3443 3443 3465 3482 3495 3490 3510 3532 3545 3555 3575 3600 3600 3593 3616 3638 3639 3640 3629 3670 3693 3685 3691 3691 3721 3731 3753 3777 3791 3791 3791 3813 3820 3842 3869 3873 3883 3905 3905 3928 3933 3954 3954 3942 3968 3985 3970 3984 3969 3983 3976 3998 4008 3993 4017 4016 4047 4042 4034 4037 4037 4020 4020 4042 4040 4041 4028 4032 4064 4063 4041 4040 4023 4041 4041 4047 4063 4040 4015 4015 4029 4029 4024
3235 3265 3273 3288 3288 3310 3332 3340 3363 3381 3394 3413 3414 3437 3437 3459 3482 3482 3493 3512 3532 3538 3565 3569 3578 3570 3594 3616 3639 3640 3617 3631 3670 3662 3668 3651 3699 3708 3721 3731 3737 3769 3769 3769 3798 3820 3836 3851 3873 3883 3905 3910 3932 3933 3942 3942 3948 3964 3969 3969 3958 3983 3976 3998 3980 3993 4003 4003 4025 4025 4034 4015 4015 4005 4032 4032 4040 4028 4018 4027 4050 4041 4026 4040 4017 4008 4023 4018 4040 4040 4023 4015 4015 4007 4006 4017
3233 3258 3265 3273 3296 3318 3319 3340 3359 3381 3391 3413 3414 3437 3437 3459 3468 3490 3512 3521 3538 3543 3565 3569 3578 3585 3616 3615 3615 3623 3637 3648 3670 3668 3662 3685 3685 3708 3709 3731 3746 3746 3769 3766 3788 3811 3829 3851 3851 3873 3878 3888 3932 3933 3922 3948 3964 3962 3953 3954 3958 3976 3967 3967 3979 3980 3980 3980 4003 4002 4015 3993 4005 4010 4010 4009 4028 4018 4027 4050 4041 4026 4026 4017 4017 4008 4023 4018 4018 4023 4018 4001 3994 3994 3985 4006
3224 3246 3258 3280 3296 3310 3318 3337 3359 3368 3391 3414 3415 3415 3437 3468 3468 3490 3502 3509 3521 3543 3555 3556 3570 3587 3594 3594 3623 3615 3637 3639 3648 3639 3663 3685 3704 3709 3709 3746 3746 3724 3734 3766 3767 3798 3811 3829 3851 3851 3878 3888 3910 3922 3923 3933 3962 3953 3954 3936 3945 3944 3957 3961 3961 3979 3980 3972 4002 4002 3994 3994 4010 3997 3988 3997 4018 4027 4019 4010 4004 4009 4004 3995 3976 3991 4018 4018 3996 4009 3978 4001 3977 3971 3971 3970
3229 3270 3280 3292 3288 3310 3341 3341 3346 3363 3391 3395 3415 3427 3437 3459 3483 3483 3502 3509 3532 3543 3555 3556 3570 3594 3609 3617 3616 3607 3639 3648 3639 3628 3682 3682 3704 3686 3686 3700 3700 3724 3744 3766 3767 3789 3807 3829 3829 3851 3865 3888 3890 3910 3923 3933 3933 3946 3946 3936 3944 3938 3934 3957 3957 3950 3972 3950 3953 3969 3972 3978 3997 3965 3975 3987 3996 4004 4004 4009 4004 3995 3979 3963 3976 3995 4000 3991 3996 3987 4001 3979 3977 3955 3962 3955
3252 3284 3292 3303 3325 3325 3319 3341 3368 3368 3395 3395 3427 3446 3459 3478 3478 3478 3510 3510 3532 3542 3556 3562 3578 3609 3617 3616 3595 3608 3617 3617 3628 3660 3682 3663 3651 3673 3686 3700 3701 3724 3744 3744 3753 3775 3789 3807 3829 3843 3856 3865 3879 3901 3901 3924 3924 3939 3939 3924 3938 3934 3925 3940 3950 3941 3948 3948 3969 3956 3972 3978 3977 3977 3975 3965 3980 3981 4009 4004 3987 3995 3980 4003 4003 4000 3995 3991 3991 3996 3979 3976 3955 3932 3940 3946
3269 3269 3284 3303 3314 3334 3348 3363 3363 3384 3402 3415 3446 3446 3447 3478 3478 3478 3500 3510 3532 3547 3564 3562 3587 3587 3595 3594 3591 3607 3623 3617 3640 3660 3651 3650 3664 3654 3657 3668 3679 3721 3724 3744 3745 3775 3789 3807 3829 3843 3856 3865 3879 3890 3901 3901 3917 3917 3917 3909 3934 3931 3931 3925 3926 3926 3926 3938 3956 3972 3978 3956 3955 3975 3965 3958 3980 3981 3978 3987 3981 3959 3980 3980 3969 3991 3967 3965 3965 3979 3976 3955 3954 3940 3946 3947
3246 3291 3303 3314 3334 3348 3357 3370 3370 3402 3402 3424 3437 3437 3447 3475 3480 3503 3500 3525 3542 3547 3564 3576 3576 3572 3595 3594 3607 3623 3629 3629 3637 3660 3651 3664 3654 3657 3668 3680 3669 3701 3721 3723 3745 3752 3775 3797 3797 3811 3834 3850 3863 3879 3901 3901 3895 3903 3899 3903 3909 3909 3904 3904 3904 3903 3910 3935 3935 3933 3947 3955 3955 3946 3959 3959 3959 3958 3981 3987 3981 3980 3980 3968 3991 3968 3967 3987 3978 3955 3956 3956 3954 3933 3930 3900
3229 3269 3291 3346 3346 3357 3369 3379 3379 3393 3406 3424 3424 3430 3447 3469 3475 3503 3525 3503 3525 3542 3582 3582 3562 3582 3583 3598 3592 3614 3614 3628 3637 3631 3620 3633 3641 3668 3680 3658 3679 3699 3721 3723 3730 3752 3767 3775 3797 3811 3818 3834 3850 3872 3872 3895 3895 3899 3887 3887 3894 3894 3881 3881 3903 3910 3913 3913 3925 3947 3925 3933 3946 3942 3936 3948 3958 3950 3941 3959 3965 3980 3958 3968 3968 3967 3965 3987 3978 3932 3934 3961 3961 3954 3933 3941
2300 1400 2300 2500 3346 3369 3371 3379 3393 3384 3406 3430 3430 3445 3452 3453 3475 3497 3520 3520 3514 3523 3560 3569 3582 3583 3598 3600 3614 3591 3591 3615 3637 3631 3633 3641 3645 3658 3658 3679 3682 3699 3700 3723 3730 3745 3767 3775 3779 3805 3805 3828 3840 3850 3863 3881 3881 3887 3877 3869 3879 3872 3881 3859 3882 3913 3903 3925 3903 3916 3933 3920 3920 3926 3942 3936 3927 3934 3959 3942 3941 3965 3958 3946 3944 3943 3965 3955 3942 3934 3934 3934 3939 3932 3941 3919
-1 -1 -1 -1 -1 3371 3391 3391 3403 3403 3403 3425 3447 3452 3445 3457 3453 3497 3497 3514 3523 3537 3523 3560 3569 3572 3600 3583 3582 3591 3606 3606 3615 3618 3627 3649 3645 3636 3648 3654 3676 3699 3700 3700 3707 3730 3745 3757 3779 3779 3797 3828 3836 3836 3836 3858 3858 3855 3877 3879 3869 3859 3859 3881 3882 3903 3894 3880 3902 3916 3921 3920 3897 3911 3936 3927 3949 3934 3928 3941 3942 3958 3936 3946 3944 3965 3942 3933 3955 3939 3939 3934 3912 3916 3932 3924
-1 -1 -1 -1 -1 1700 3369 3384 3413 3413 3425 3414 3425 3447 3467 3434 3434 3484 3497 3514 3537 3538 3560 3547 3550 3572 3591 3585 3591 3586 3584 3615 3605 3627 3649 3639 3626 3636 3645 3676 3676 3678 3678 3683 3707 3723 3745 3757 3757 3760 3783 3809 3828 3825 3833 3846 3858 3855 3855 3847 3836 3836 3851 3859 3881 3880 3880 3880 3902 3916 3921 3899 3897 3911 3914 3927 3949 3933 3913 3942 3950 3927 3946 3923 3934 3943 3942 3925 3924 3917 3917 3919 3916 3908 3908 3924
-1 -1 -1 -1 -1 1600 3352 3368 3384 3391 3407 3407 3429 3431 3445 3467 3467 3489 3519 3519 3524 3538 3547 3547 3546 3569 3591 3585 3586 3582 3605 3605 3627 3618 3639 3632 3636 3645 3644 3654 3678 3676 3655 3683 3700 3700 3717 3725 3735 3749 3783 3787 3809 3797 3811 3833 3818 3833 3850 3850 3847 3820 3851 3841 3881 3858 3876 3902 3894 3899 3916 3915 3905 3914 3905 3927 3911 3933 3913 3950 3928 3926 3927 3920 3923 3920 3943 3900 3925 3924 3919 3908 3930 3930 3892 3900
-1 -1 -1 -1 -1 -1 1400 2300 3368 3384 3399 3407 3429 3429 3462 3475 3489 3507 3506 3506 3506 3524 3524 3550 3550 3546 3574 3565 3584 3583 3583 3596 3613 3608 3632 3614 3614 3622 3631 3654 3655 3661 3676 3700 3681 3681 3703 3725 3735 3738 3760 3764 3765 3775 3796 3811 3812 3818 3833 3847 3858 3858 3829 3858 3858 3859 3871 3876 3899 3885 3894 3893 3915 3905 3895 3927 3911 3902 3919 3919 3928 3926 3920 3915 3923 3932 3932 3900 3900 3894 3893 3888 3888 3898 3899 3885
-1 -1 -1 -1 -1 -1 -1 2300 3368 3376 3399 3421 3429 3444 3444 3462 3485 3507 3497 3484 3502 3502 3521 3530 3552 3574 3546 3564 3584 3591 3591 3591 3613 3601 3614 3614 3608 3623 3654 3655 3661 3654 3654 3681 3662 3685 3703 3703 3706 3728 3743 3760 3764 3764 3789 3790 3811 3812 3811 3833 3825 3829 3836 3851 3845 3859 3871 3871 3885 3872 3894 3882 3893 3882 3896 3905 3911 3903 3919 3911 3926 3928 3915 3912 3892 3900 3900 3900 3900 3878 3866 3887 3888 3888 3899 3868
-1 -1 -1 -1 -1 -1 -1 1700 2500 2500 3376 3399 3421 3421 3439 3452 3462 3497 3485 3479 3468 3502 3521 3530 3552 3552 3552 3552 3568 3560 3568 3582 3592 3592 3614 3608 3623 3609 3631 3639 3639 3654 3622 3632 3685 3703 3703 3703 3696 3711 3728 3738 3759 3766 3789 3788 3790 3811 3801 3825 3807 3829 3836 3845 3850 3854 3849 3867 3871 3872 3882 3893 3888 3887 3905 3883 3903 3888 3911 3903 3897 3897 3900 3893 3884 3900 3900 3879 3869 3878 3865 3864 3866 3887 3885 3862
-1 -1 -1 -1 -1 -1 -1 -1 -1 1300 1400 1400 1700 3400 3439 3452 3466 3485 3463 3479 3456 3493 3498 3530 3530 3552 3552 3568 3560 3546 3554 3560 3582 3583 3608 3594 3609 3631 3616 3616 3608 3608 3632 3632 3654 3681 3681 3681 3706 3711 3711 3715 3738 3759 3788 3789 3790 3788 3811 3801 3807 3836 3823 3823 3826 3832 3854 3849 3867 3856 3872 3866 3865 3888 3887 3883 3888 3880 3888 3903 3897 3897 3896 3893 3888 3900 3879 3900 3869 3878 3864 3852 3887 3866 3865 3885
-1 -1 -1 -1 -1 -1 -1 -1 -1 -1 -1 -1 -1 2500 3439 3452 3463 3463 3479 3471 3471 3493 3507 3530 3529 3530 3537 3551 3553 3554 3538 3560 3576 3576 3584 3609 3608 3630 3616 3605 3613 3627 3637 3654 3659 3659 3649 3667 3684 3706 3689 3706 3715 3737 3743 3766 3767 3767 3779 3784 3790 3807 3805 3813 3832 3826 3849 3849 3851 3856 3871 3865 3865 3866 3883 3866 3888 3872 3888 3897 3896 3873 3871 3866 3893 3888 3900 3879 3880 3855 3852 3856 3865 3855 3877 3862
-1 -1 -1 -1 -1 -1 -1 -1 -1 -1 -1 -1 -1 1700 3430 3430 3440 3448 3457 3471 3476 3476 3498 3507 3507 3529 3532 3550 3550 3553 3560 3538 3554 3576 3584 3608 3630 3605 3605 3613 3627 3637 3641 3640 3629 3659 3635 3673 3684 3680 3689 3706 3715 3737 3711 3743 3766 3779 3784 3784 3790 3791 3797 3810 3813 3832 3827 3829 3849 3851 3862 3871 3866 3852 3857 3866 3872 3871 3897 3896 3875 3874 3873 3866 3871 3877 3880 3858 3869 3855 3838 3824 3865 3843 3877 3855
-1 -1 -1 -1 -1 -1 -1 -1 -1 -1 -1 -1 -1 1600 3410 3432 3432 3440 3457 3476 3454 3461 3484 3507 3507 3507 3519 3532 3531 3550 3576 3576 3554 3554 3586 3608 3599 3607 3607 3627 3610 3641 3640 3628 3636 3651 3651 3684 3680 3670 3675 3689 3737 3691 3715 3743 3744 3747 3762 3790 3791 3797 3798 3801 3801 3810 3810 3818 3827 3840 3839 3862 3840 3857 3866 3844 3848 3871 3875 3874 3861 3865 3865 3871 3877 3880 3868 3869 3848 3857 3824 3837 3843 3846 3855 3840
-1 -1 -1 -1 -1 -1 -1 -1 -1 -1 -1 -1 -1 -1 3410 3410 3418 3440 3445 3454 3461 3468 3461 3484 3509 3509 3519 3522 3554 3554 3554 3563 3563 3586 3586 3599 3587 3609 3609 3610 3610 3609 3628 3629 3636 3651 3653 3666 3658 3675 3692 3715 3715 3705 3720 3721 3744 3747 3762 3762 3767 3767 3776 3798 3782 3787 3818 3827 3829 3833 3831 3840 3839 3835 3844 3848 3849 3871 3875 3856 3874 3834 3851 3846 3849 3868 3849 3858 3857 3824 3837 3843 3831 3832 3846 3855
-1 -1 -1 -1 -1 -1 -1 -1 -1 -1 -1 -1 -1 -1 -1 3394 3417 3425 3431 3430 3454 3462 3462 3484 3497 3519 3522 3500 3532 3546 3546 3537 3541 3563 3568 3587 3577 3587 3603 3586 3586 3605 3629 3636 3642 3642 3666 3658 3646 3692 3684 3692 3691 3698 3720 3721 3726 3747 3758 3762 3761 3767 3767 3776 3782 3795 3796 3796 3811 3817 3833 3831 3840 3839 3844 3835 3840 3849 3844 3844 3856 3851 3838 3833 3849 3849 3858 3857 3835 3834 3812 3820 3815 3824 3831 3832
-1 -1 -1 -1 -1 -1 -1 -1 -1 -1 -1 -1 -1 -1 -1 2300 3417 3418 3425 3431 3439 3462 3453 3452 3475 3497 3508 3508 3495 3524 3541 3541 3531 3536 3567 3567 3563 3585 3585 3603 3605 3598 3605 3613 3622 3622 3627 3647 3646 3670 3659 3675 3691 3698 3704 3700 3721 3726 3736 3758 3736 3751 3759 3760 3776 3778 3795 3780 3802 3802 3811 3817 3817 3841 3841 3826 3849 3840 3827 3839 3844 3838 3851 3833 3818 3838 3826 3827 3835 3834 3820 3815 3809 3824 3831 3810
-1 -1 -1 -1 -1 -1 -1 -1 -1 -1 -1 -1 -1 -1 -1 -1 2300 3406 3415 3431 3439 3453 3453 3457 3465 3475 3486 3531 3501 3495 3495 3531 3518 3536 3545 3563 3540 3541 3581 3590 3590 3590 3597 3635 3635 3629 3647 3649 3647 3670 3675 3659 3675 3698 3700 3704 3704 3700 3713 3714 3736 3751 3759 3766 3760 3765 3778 3771 3771 3788 3794 3811 3816 3819 3830 3826 3827 3842 3817 3818 3839 3817 3820 3840 3838 3817 3827 3835 3812 3813 3834 3809 3809 3801 3801 3800
