R/wo_max/veg_4400/arrival.asc
NCOLS 638
NROWS 825
XLLCORNER -2985163.8955
YLLCORNER -3022031.214
CELLSIZE 10000
NODATA_value -1
[rows 141 to 187 of 825, columns 288 to 383 of 638]
2732 2761 2738 2757 2755 2777 2752 2750 2728 2728 2732 2727 2741 2743 2751 2763 2770 2752 2733 2749 2731 2738 2739 2741 2741 2751 2746 2744 2742 2728 2738 2721 2717 2729 2690 2691 2708 2695 2699 2713 2722 2694 2681 2703 2658 2673 2681 2695 2673 2673 2671 2650 2648 2670 2663 2645 2652 2640 2647 2621 2628 2644 2636 2623 2622 2603 2610 2588 2596 2602 2602 2578 2562 2569 2545 2567 2575 2553 2556 2538 2523 2522 2522 2529 2506 2506 2511 2489 2480 2480 2475 2452 2415 2450 2439 2416
2752 2761 2747 2757 2777 2752 2769 2750 2750 2764 2772 2754 2755 2773 2773 2770 2774 2774 2749 2749 2731 2738 2739 2730 2751 2752 2744 2742 2720 2728 2741 2738 2752 2736 2729 2708 2714 2714 2713 2722 2726 2703 2685 2703 2685 2690 2695 2695 2672 2693 2671 2671 2670 2663 2645 2652 2647 2650 2628 2628 2644 2622 2644 2636 2623 2603 2610 2605 2605 2596 2600 2578 2569 2581 2567 2561 2561 2556 2538 2547 2546 2523 2522 2529 2505 2506 2507 2511 2493 2505 2505 2484 2450 2452 2439 2430
2761 2783 2779 2757 2748 2774 2752 2769 2771 2772 2764 2761 2764 2786 2770 2792 2788 2766 2771 2771 2761 2761 2761 2752 2752 2753 2731 2739 2719 2741 2735 2728 2727 2752 2736 2708 2713 2722 2735 2731 2726 2726 2717 2704 2690 2695 2695 2717 2677 2693 2692 2693 2670 2685 2652 2675 2669 2669 2650 2627 2635 2644 2646 2655 2633 2614 2610 2626 2625 2602 2600 2594 2581 2569 2589 2567 2561 2537 2547 2537 2546 2554 2529 2551 2520 2530 2506 2493 2505 2493 2505 2484 2461 2461 2461 2446
2779 2783 2779 2778 2762 2774 2770 2771 2771 2783 2761 2761 2786 2782 2792 2788 2766 2763 2766 2785 2793 2774 2774 2769 2746 2753 2739 2753 2741 2743 2757 2752 2736 2727 2713 2730 2730 2735 2731 2726 2726 2748 2735 2713 2700 2722 2717 2700 2700 2693 2692 2693 2685 2684 2675 2675 2680 2680 2676 2666 2635 2644 2657 2646 2655 2633 2626 2603 2647 2625 2594 2604 2601 2583 2589 2583 2583 2547 2569 2568 2554 2535 2537 2551 2552 2552 2530 2507 2493 2506 2511 2484 2473 2473 2469 2459
2779 2792 2779 2779 2778 2769 2770 2771 2779 2781 2783 2782 2804 2782 2801 2782 2777 2779 2785 2792 2793 2774 2781 2769 2759 2760 2775 2775 2773 2757 2779 2779 2774 2759 2759 2730 2741 2718 2718 2749 2748 2735 2713 2726 2713 2722 2698 2719 2715 2715 2692 2707 2715 2685 2697 2697 2675 2689 2676 2666 2666 2657 2658 2667 2677 2648 2633 2647 2625 2616 2601 2601 2604 2583 2584 2603 2592 2569 2577 2568 2554 2566 2552 2551 2575 2544 2530 2525 2505 2511 2506 2498 2481 2481 2469 2469
2792 2787 2801 2801 2793 2801 2793 2784 2771 2779 2781 2803 2804 2781 2801 2811 2782 2777 2779 2792 2793 2815 2781 2769 2791 2762 2764 2773 2771 2779 2774 2797 2781 2774 2759 2741 2758 2758 2749 2748 2717 2725 2726 2735 2737 2722 2719 2725 2737 2738 2715 2715 2707 2688 2697 2697 2689 2698 2676 2666 2688 2658 2667 2655 2677 2648 2647 2645 2623 2627 2623 2626 2604 2581 2603 2584 2586 2592 2592 2577 2568 2566 2566 2575 2553 2537 2544 2525 2536 2534 2529 2511 2506 2491 2480 2483
2810 2809 2815 2824 2801 2801 2815 2793 2779 2795 2801 2803 2827 2804 2788 2811 2802 2793 2802 2779 2806 2815 2803 2791 2771 2762 2785 2795 2771 2801 2784 2797 2793 2781 2772 2749 2749 2755 2771 2770 2757 2757 2734 2735 2737 2747 2746 2737 2725 2738 2737 2737 2719 2710 2719 2697 2684 2698 2689 2688 2681 2681 2668 2670 2677 2648 2693 2645 2627 2623 2628 2626 2617 2615 2603 2606 2586 2597 2606 2606 2577 2597 2575 2553 2536 2537 2551 2536 2533 2534 2543 2529 2502 2511 2514 2491
2810 2809 2815 2824 2809 2815 2819 2815 2793 2801 2803 2826 2827 2816 2799 2799 2793 2802 2802 2793 2802 2806 2813 2803 2771 2773 2795 2785 2783 2801 2819 2797 2794 2781 2771 2771 2793 2771 2755 2770 2779 2758 2757 2747 2747 2746 2737 2738 2747 2760 2737 2719 2703 2710 2719 2706 2706 2720 2701 2703 2699 2681 2677 2677 2670 2670 2693 2651 2673 2628 2631 2609 2626 2648 2606 2583 2586 2597 2604 2606 2599 2599 2597 2542 2531 2551 2560 2537 2533 2543 2551 2536 2529 2514 2514 2493
2832 2824 2838 2824 2846 2840 2819 2815 2810 2801 2826 2823 2816 2823 2823 2821 2802 2808 2824 2817 2817 2825 2825 2813 2803 2795 2795 2802 2783 2806 2819 2802 2807 2803 2803 2793 2763 2785 2769 2769 2788 2779 2778 2768 2768 2749 2782 2760 2760 2751 2759 2719 2710 2703 2706 2729 2720 2702 2703 2725 2703 2699 2684 2692 2669 2669 2693 2673 2631 2631 2628 2609 2648 2628 2637 2618 2628 2604 2584 2606 2619 2605 2597 2582 2542 2582 2560 2556 2533 2533 2559 2551 2536 2511 2524 2511
2832 2838 2855 2846 2840 2841 2818 2819 2841 2815 2833 2823 2826 2823 2833 2823 2821 2824 2825 2848 2825 2823 2828 2825 2817 2817 2806 2828 2802 2806 2811 2811 2833 2807 2803 2793 2785 2785 2801 2789 2779 2779 2779 2768 2749 2767 2782 2760 2768 2751 2759 2751 2742 2729 2729 2710 2720 2721 2725 2693 2699 2721 2699 2708 2692 2715 2715 2673 2653 2651 2651 2628 2628 2637 2618 2636 2636 2628 2615 2597 2605 2619 2605 2588 2582 2560 2556 2554 2555 2555 2559 2551 2556 2524 2511 2512
2847 2855 2868 2846 2826 2849 2841 2841 2846 2830 2833 2848 2848 2833 2812 2813 2813 2824 2848 2830 2823 2828 2820 2837 2818 2835 2826 2828 2811 2827 2833 2833 2829 2835 2807 2817 2808 2793 2801 2779 2793 2790 2790 2774 2767 2774 2760 2768 2760 2751 2751 2773 2765 2760 2751 2742 2742 2743 2721 2699 2699 2721 2707 2715 2708 2696 2696 2669 2678 2658 2660 2668 2649 2649 2638 2638 2648 2637 2629 2628 2605 2610 2610 2610 2591 2566 2554 2554 2561 2561 2573 2573 2556 2534 2521 2498
2847 2857 2868 2848 2849 2863 2841 2846 2841 2827 2833 2849 2856 2856 2833 2813 2836 2870 2848 2823 2845 2851 2837 2815 2835 2849 2826 2827 2827 2833 2826 2826 2835 2829 2825 2817 2801 2808 2823 2793 2777 2792 2797 2797 2774 2768 2789 2791 2764 2764 2773 2765 2760 2751 2743 2765 2743 2753 2721 2726 2729 2707 2714 2708 2738 2738 2692 2678 2685 2658 2659 2660 2668 2659 2659 2648 2638 2637 2660 2629 2615 2599 2610 2622 2606 2586 2583 2583 2561 2565 2581 2581 2575 2553 2534 2521
2844 2857 2869 2848 2849 2863 2871 2864 2864 2846 2849 2856 2863 2856 2846 2836 2836 2854 2870 2845 2851 2820 2827 2843 2835 2857 2849 2826 2819 2841 2847 2857 2835 2856 2832 2839 2830 2817 2823 2801 2819 2792 2797 2789 2789 2789 2791 2782 2773 2782 2795 2782 2760 2773 2765 2772 2753 2745 2726 2735 2735 2729 2731 2753 2731 2714 2718 2685 2678 2655 2655 2668 2691 2669 2671 2648 2637 2660 2651 2651 2644 2622 2622 2611 2617 2606 2582 2583 2596 2586 2581 2575 2552 2553 2554 2534
2868 2869 2857 2869 2863 2871 2885 2886 2878 2864 2871 2863 2856 2878 2856 2853 2854 2854 2863 2867 2851 2845 2844 2843 2857 2850 2872 2849 2834 2841 2847 2857 2856 2847 2832 2830 2839 2824 2831 2822 2822 2819 2811 2789 2812 2791 2813 2803 2782 2795 2797 2782 2773 2773 2772 2778 2776 2753 2756 2735 2751 2729 2753 2760 2760 2731 2718 2741 2718 2713 2651 2691 2660 2669 2671 2682 2660 2637 2659 2661 2644 2628 2642 2627 2617 2628 2606 2596 2586 2603 2603 2597 2553 2552 2536 2554
2877 2879 2869 2878 2893 2885 2871 2878 2886 2871 2886 2878 2878 2878 2874 2853 2854 2863 2871 2873 2867 2844 2843 2866 2879 2848 2850 2872 2850 2865 2850 2856 2878 2854 2832 2847 2861 2839 2831 2810 2821 2810 2819 2813 2833 2811 2813 2803 2790 2790 2797 2804 2773 2773 2790 2778 2776 2756 2757 2757 2751 2728 2734 2734 2738 2747 2732 2741 2735 2713 2691 2681 2691 2671 2672 2691 2682 2660 2659 2661 2644 2642 2627 2612 2612 2634 2628 2618 2582 2603 2588 2597 2580 2580 2552 2536
2877 2900 2879 2878 2878 2893 2870 2878 2901 2903 2908 2901 2878 2881 2874 2894 2871 2871 2863 2886 2873 2867 2866 2879 2872 2842 2850 2850 2865 2850 2873 2878 2877 2854 2848 2844 2861 2845 2854 2831 2821 2842 2842 2833 2833 2813 2835 2812 2812 2781 2804 2797 2795 2790 2773 2798 2776 2775 2757 2775 2753 2751 2769 2744 2747 2761 2732 2746 2735 2713 2713 2691 2693 2693 2691 2672 2683 2683 2682 2659 2667 2667 2649 2627 2634 2641 2628 2581 2603 2603 2605 2588 2575 2580 2558 2558
2878 2898 2900 2902 2885 2900 2883 2881 2901 2903 2908 2901 2882 2887 2893 2894 2885 2885 2886 2891 2896 2899 2879 2888 2866 2872 2865 2887 2881 2863 2873 2877 2886 2864 2841 2844 2841 2845 2854 2853 2849 2855 2864 2842 2832 2835 2827 2809 2809 2810 2819 2812 2795 2790 2795 2798 2807 2788 2775 2784 2783 2761 2769 2744 2761 2746 2746 2755 2735 2713 2713 2715 2713 2693 2691 2669 2691 2704 2704 2681 2681 2689 2667 2641 2641 2656 2650 2635 2605 2605 2610 2605 2580 2558 2558 2558
2898 2900 2898 2916 2902 2900 2901 2903 2923 2925 2923 2909 2901 2887 2893 2894 2916 2886 2908 2891 2899 2896 2910 2888 2871 2872 2894 2887 2881 2873 2887 2895 2891 2886 2873 2864 2854 2876 2853 2841 2849 2855 2864 2853 2835 2827 2851 2829 2810 2829 2829 2819 2812 2795 2798 2807 2819 2806 2784 2801 2783 2760 2783 2783 2796 2741 2755 2763 2746 2735 2724 2724 2715 2713 2691 2694 2694 2691 2713 2702 2681 2689 2687 2642 2656 2634 2635 2650 2633 2625 2605 2610 2580 2577 2554 2567
2900 2908 2916 2909 2924 2914 2900 2923 2925 2913 2917 2923 2909 2900 2907 2916 2893 2908 2899 2920 2921 2911 2918 2910 2888 2894 2894 2912 2881 2903 2895 2887 2891 2879 2873 2864 2882 2876 2853 2841 2864 2872 2886 2845 2835 2835 2841 2851 2837 2825 2827 2835 2827 2812 2807 2819 2830 2806 2801 2783 2798 2775 2784 2796 2777 2777 2763 2761 2746 2738 2738 2738 2744 2736 2714 2714 2714 2713 2702 2710 2701 2701 2687 2665 2679 2665 2633 2633 2625 2605 2628 2611 2599 2608 2567 2576
2917 2900 2908 2909 2924 2945 2923 2948 2925 2917 2927 2932 2909 2900 2916 2939 2908 2915 2920 2921 2921 2928 2918 2910 2894 2895 2912 2894 2903 2903 2918 2895 2910 2908 2891 2904 2882 2899 2876 2867 2872 2886 2876 2858 2866 2835 2852 2841 2837 2827 2825 2827 2835 2817 2817 2830 2833 2806 2798 2798 2806 2784 2800 2800 2777 2776 2767 2767 2761 2751 2743 2744 2757 2736 2726 2735 2735 2709 2710 2725 2694 2700 2679 2679 2665 2679 2657 2657 2635 2628 2611 2630 2608 2590 2576 2576
2930 2932 2909 2908 2930 2933 2945 2948 2928 2927 2936 2936 2932 2930 2939 2931 2931 2907 2915 2921 2928 2941 2918 2936 2895 2912 2925 2925 2902 2902 2918 2910 2908 2923 2904 2882 2890 2899 2899 2867 2872 2876 2889 2866 2865 2852 2867 2862 2837 2819 2841 2848 2857 2835 2835 2833 2852 2801 2797 2829 2806 2822 2822 2800 2776 2786 2786 2783 2751 2743 2744 2760 2766 2757 2735 2756 2713 2709 2725 2710 2733 2711 2700 2686 2674 2681 2679 2675 2657 2627 2630 2601 2605 2612 2590 2590
2930 2932 2941 2930 2932 2945 2948 2928 2922 2936 2958 2924 2913 2932 2939 2961 2953 2931 2928 2943 2951 2941 2936 2924 2926 2926 2934 2934 2940 2925 2886 2910 2906 2923 2921 2918 2899 2899 2899 2894 2894 2889 2866 2865 2858 2867 2863 2859 2859 2841 2857 2848 2835 2857 2826 2848 2852 2829 2829 2806 2827 2807 2828 2808 2786 2798 2799 2783 2761 2743 2760 2766 2767 2757 2756 2734 2724 2725 2709 2733 2733 2711 2706 2700 2681 2674 2653 2675 2672 2650 2650 2628 2605 2612 2612 2602
2931 2932 2954 2941 2941 2964 2977 2970 2970 2958 2945 2935 2952 2954 2954 2961 2953 2938 2943 2951 2954 2942 2963 2941 2934 2940 2957 2949 2957 2940 2932 2932 2945 2923 2933 2921 2918 2921 2921 2898 2898 2894 2889 2865 2867 2889 2875 2855 2855 2879 2857 2857 2857 2857 2848 2852 2874 2830 2827 2827 2828 2828 2807 2830 2808 2798 2799 2805 2783 2760 2766 2767 2767 2789 2756 2746 2747 2747 2745 2733 2693 2706 2722 2722 2703 2697 2681 2675 2672 2653 2653 2650 2635 2635 2611 2614
2962 2954 2956 2962 2947 2964 2977 2992 2983 2970 2945 2935 2940 2961 2976 2983 2953 2938 2943 2951 2973 2954 2963 2940 2940 2957 2949 2940 2957 2955 2932 2937 2945 2933 2944 2943 2921 2903 2921 2916 2916 2911 2911 2890 2889 2875 2885 2886 2857 2872 2879 2858 2850 2858 2851 2844 2874 2873 2845 2851 2851 2836 2831 2831 2830 2808 2830 2805 2805 2782 2782 2798 2789 2788 2769 2769 2746 2755 2745 2733 2706 2710 2722 2720 2729 2703 2697 2697 2672 2649 2657 2635 2633 2633 2613 2634
2953 2969 2956 2962 2964 2977 2986 2983 2992 2990 2971 2940 2940 2975 2983 2976 2966 2969 2975 2973 2977 2978 2986 2979 2963 2957 2971 2957 2980 2955 2938 2931 2931 2933 2944 2932 2943 2921 2921 2929 2934 2930 2907 2889 2885 2885 2886 2889 2871 2872 2881 2881 2858 2879 2851 2850 2859 2873 2845 2845 2867 2853 2862 2844 2830 2830 2830 2837 2820 2798 2798 2789 2789 2789 2788 2778 2778 2769 2755 2755 2752 2745 2729 2729 2713 2713 2704 2704 2680 2663 2657 2657 2633 2634 2645 2656
2969 2956 2977 2978 2961 2986 2991 2991 2990 2971 2962 2962 2962 2952 2975 2976 2998 2975 2969 2970 2977 2978 2990 2986 2979 2971 2956 2980 2955 2977 2963 2955 2955 2931 2944 2929 2948 2952 2929 2911 2934 2930 2926 2907 2907 2913 2905 2882 2889 2903 2881 2879 2880 2880 2859 2882 2895 2873 2862 2867 2884 2862 2875 2852 2852 2830 2820 2837 2820 2811 2811 2800 2807 2811 2811 2800 2801 2777 2755 2767 2774 2752 2745 2720 2722 2725 2725 2725 2680 2680 2681 2678 2667 2656 2656 2645
3000 2977 2978 2978 3000 3009 3022 3000 3000 2994 2971 2976 2983 2961 2961 2975 2998 2996 2994 2977 2970 2968 2990 3001 2994 2980 2956 2962 2977 2968 2962 2963 2966 2966 2955 2935 2952 2948 2956 2930 2910 2952 2933 2926 2894 2913 2905 2882 2882 2903 2911 2879 2880 2880 2880 2882 2895 2889 2867 2884 2855 2875 2852 2851 2869 2846 2852 2840 2840 2832 2823 2807 2800 2833 2824 2801 2800 2777 2756 2774 2767 2745 2742 2742 2722 2703 2711 2725 2703 2703 2703 2681 2678 2667 2644 2645
3000 2977 2978 3000 3009 3022 3001 3023 2994 3016 2994 2976 2990 2983 2997 2997 3021 2994 2996 3000 3000 2968 2979 3001 2994 3002 3002 2979 2977 2968 2962 2963 2985 2987 2974 2957 2952 2973 2974 2956 2952 2933 2925 2925 2926 2903 2913 2905 2890 2911 2903 2880 2879 2866 2880 2882 2904 2874 2889 2884 2856 2861 2866 2866 2869 2852 2859 2846 2840 2846 2869 2823 2823 2824 2833 2819 2819 2797 2777 2774 2752 2735 2733 2733 2742 2744 2722 2726 2708 2694 2694 2689 2686 2690 2667 2667
3009 2977 2977 3000 3001 3001 3023 3014 2993 3008 3016 2990 2983 3005 3011 3021 2998 3015 3015 3022 3000 2987 2987 3009 2994 3016 3025 2999 2999 2979 2978 2962 2985 2987 2980 2974 2974 2973 2951 2974 2952 2948 2970 2957 2948 2935 2935 2927 2927 2911 2926 2926 2926 2902 2885 2904 2906 2907 2907 2907 2897 2875 2875 2875 2869 2859 2846 2862 2862 2859 2869 2827 2827 2824 2842 2803 2819 2809 2797 2789 2767 2755 2755 2765 2765 2744 2757 2725 2708 2695 2689 2686 2667 2690 2667 2666
3000 3000 2991 3023 3023 3023 3045 3024 3015 2999 3008 2997 3019 3005 3011 3043 3038 3015 2996 3022 2994 2994 3009 3013 3007 3016 3016 3025 3002 2999 2992 3009 2987 3010 2980 2973 2997 2997 2979 2979 2979 2980 2980 2963 2957 2957 2943 2933 2933 2912 2926 2926 2911 2917 2902 2927 2906 2929 2929 2915 2907 2897 2874 2891 2891 2881 2863 2851 2851 2859 2848 2848 2846 2846 2842 2825 2840 2818 2818 2797 2789 2787 2765 2766 2766 2757 2751 2738 2726 2716 2702 2691 2690 2699 2685 2666
3009 3022 3023 3045 3039 3045 3024 3015 2999 3008 2998 2997 3019 3030 3021 3043 3038 3028 3017 3017 3022 3032 3013 3039 3016 3018 3023 3047 3031 3025 2992 3000 3009 3010 3009 2988 3005 3025 3006 2974 3002 3002 2985 2980 2963 2974 2952 2952 2948 2948 2948 2933 2911 2917 2927 2904 2906 2929 2928 2938 2915 2914 2906 2891 2881 2894 2884 2862 2849 2862 2848 2839 2858 2862 2840 2840 2818 2798 2820 2796 2796 2809 2787 2773 2751 2751 2738 2726 2716 2702 2691 2709 2699 2712 2712 2685
3022 3031 3045 3039 3045 3067 3052 3015 3030 3030 3030 3016 3019 3042 3043 3066 3028 3017 3023 3023 3022 3025 3032 3040 3039 3023 3018 3031 3047 3038 3032 3016 3009 3009 3010 2988 3005 3006 3025 3002 2993 2993 2985 2966 2974 2973 2957 2943 2965 2950 2994 2958 2949 2927 2949 2951 2951 2938 2938 2915 2937 2937 2914 2898 2894 2906 2875 2884 2870 2870 2862 2858 2848 2862 2847 2825 2820 2809 2820 2818 2809 2790 2787 2773 2771 2770 2743 2721 2722 2702 2709 2699 2721 2734 2712 2698
3053 3031 3039 3056 3062 3067 3061 3052 3029 3026 3047 3040 3033 3042 3058 3067 3060 3060 3049 3059 3022 3046 3039 3040 3061 3049 3040 3055 3069 3054 3047 3032 3009 3011 3032 3032 3006 3028 3047 3025 3017 3027 2997 2995 2973 2952 2957 2965 2943 2950 2994 2972 2972 2950 2949 2960 2960 2951 2919 2937 2937 2936 2929 2914 2922 2894 2906 2902 2884 2869 2870 2858 2842 2864 2847 2843 2843 2827 2841 2818 2796 2787 2790 2772 2770 2761 2752 2743 2734 2722 2709 2712 2721 2734 2713 2706
3053 3040 3053 3062 3056 3061 3056 3029 3038 3047 3040 3032 3042 3064 3058 3057 3058 3060 3059 3068 3046 3035 3044 3061 3049 3040 3055 3062 3076 3069 3054 3054 3055 3042 3032 3019 3028 3038 3047 3027 3011 3027 3004 2997 2973 2966 2956 2943 2955 2963 2958 2972 2981 2972 2969 2969 2983 2982 2960 2937 2936 2929 2945 2922 2925 2912 2881 2902 2891 2891 2880 2880 2863 2864 2887 2847 2864 2841 2835 2818 2812 2787 2790 2793 2761 2752 2742 2765 2743 2741 2728 2728 2721 2744 2734 2716
3083 3040 3053 3084 3062 3079 3078 3038 3026 3047 3032 3049 3064 3067 3058 3080 3080 3082 3059 3068 3046 3044 3025 3071 3049 3054 3055 3062 3078 3076 3091 3069 3059 3055 3042 3019 3047 3050 3069 3049 3049 3034 3019 3019 2997 2988 2988 2965 2963 2949 2972 2981 2960 2960 2969 2973 2983 2982 2960 2960 2957 2945 2925 2925 2912 2911 2905 2891 2914 2898 2907 2894 2891 2870 2879 2887 2865 2865 2850 2835 2819 2812 2783 2793 2765 2752 2765 2774 2772 2744 2750 2759 2744 2766 2738 2738
3083 3062 3062 3084 3079 3070 3078 3069 3069 3059 3063 3064 3067 3086 3066 3080 3082 3102 3111 3091 3068 3060 3084 3071 3052 3054 3054 3078 3082 3082 3091 3091 3080 3077 3064 3055 3050 3069 3056 3055 3034 3041 3041 3019 3010 3010 3010 2995 2995 2995 2960 2981 2982 2992 2992 2999 2983 3005 2982 2967 2960 2947 2947 2921 2943 2905 2907 2914 2929 2907 2894 2914 2891 2870 2870 2879 2888 2865 2857 2835 2835 2815 2773 2783 2796 2774 2774 2772 2750 2767 2759 2767 2766 2746 2753 2737
3084 3083 3079 3107 3101 3084 3093 3096 3091 3088 3059 3063 3086 3090 3066 3089 3102 3110 3111 3091 3097 3084 3106 3084 3071 3060 3077 3100 3102 3113 3113 3107 3103 3080 3077 3064 3049 3056 3055 3034 3025 3011 3056 3025 3025 3017 3017 3017 3016 3003 3003 3003 2992 3014 2999 3021 3005 3014 2989 2977 2967 2967 2965 2943 2903 2905 2921 2929 2936 2916 2914 2894 2893 2879 2900 2901 2888 2878 2872 2857 2835 2805 2815 2804 2796 2781 2789 2789 2790 2790 2767 2767 2777 2766 2753 2766
3106 3097 3078 3101 3107 3078 3093 3096 3088 3091 3090 3086 3090 3089 3089 3092 3110 3098 3113 3091 3087 3097 3106 3094 3094 3090 3077 3078 3100 3102 3107 3103 3099 3080 3086 3095 3073 3073 3073 3056 3055 3056 3034 3031 3039 3039 3033 3042 3016 3025 3004 3004 3014 3021 3021 3014 3014 3032 3009 2989 2977 2977 2965 2959 2937 2929 2937 2936 2914 2914 2916 2891 2893 2900 2901 2910 2888 2878 2872 2850 2815 2812 2837 2826 2826 2826 2789 2804 2790 2791 2777 2777 2767 2783 2766 2783
3128 3097 3093 3124 3129 3101 3119 3119 3096 3112 3112 3118 3135 3112 3111 3092 3120 3134 3113 3113 3097 3087 3097 3097 3116 3094 3100 3094 3094 3102 3103 3115 3125 3099 3077 3086 3095 3099 3102 3080 3056 3009 3031 3030 3042 3064 3042 3043 3025 3036 3036 3045 3043 3043 3036 3036 3032 3040 3018 2997 2997 2982 2982 2974 2959 2952 2952 2952 2936 2936 2936 2916 2886 2924 2901 2924 2910 2900 2881 2903 2881 2858 2858 2843 2843 2834 2804 2812 2822 2800 2800 2815 2784 2789 2783 2784
3128 3125 3106 3129 3124 3101 3119 3119 3095 3102 3115 3118 3135 3135 3114 3111 3120 3134 3135 3135 3119 3112 3097 3104 3104 3116 3122 3122 3125 3125 3115 3125 3131 3109 3118 3095 3099 3079 3101 3102 3079 3061 3061 3043 3064 3056 3065 3065 3043 3043 3045 3058 3063 3063 3036 3036 3040 3018 3018 3018 3004 2996 2996 2982 2974 2974 2958 2958 2958 2936 2946 2948 2946 2946 2924 2932 2910 2900 2917 2917 2903 2894 2872 2872 2865 2834 2822 2822 2812 2798 2815 2806 2789 2790 2790 2799
3134 3128 3124 3151 3146 3101 3119 3141 3119 3115 3102 3123 3140 3157 3157 3125 3120 3141 3142 3132 3119 3129 3112 3117 3125 3132 3132 3139 3148 3147 3125 3134 3134 3131 3121 3118 3109 3099 3101 3093 3093 3079 3061 3055 3064 3065 3066 3066 3067 3045 3068 3058 3067 3067 3060 3036 3036 3018 3022 3016 3004 3006 3011 2992 2992 2990 2970 2970 2958 2946 2948 2963 2955 2952 2941 2941 2932 2939 2939 2926 2917 2894 2876 2872 2865 2844 2822 2814 2814 2798 2806 2807 2799 2821 2799 2807
3151 3151 3151 3146 3123 3123 3141 3141 3141 3133 3123 3140 3111 3141 3157 3156 3141 3142 3132 3121 3142 3129 3138 3129 3117 3125 3124 3139 3148 3167 3147 3156 3153 3131 3131 3118 3140 3131 3143 3124 3124 3080 3087 3098 3088 3088 3088 3067 3068 3068 3064 3083 3067 3060 3044 3027 3027 3022 3016 3028 3006 3023 3011 2999 2990 2992 2992 2970 2948 2958 2963 2971 2955 2952 2952 2941 2961 2961 2948 2926 2910 2910 2888 2876 2859 2843 2844 2808 2820 2820 2807 2807 2821 2821 2807 2805
3164 3151 3151 3146 3145 3123 3141 3145 3164 3164 3140 3124 3163 3146 3156 3179 3165 3143 3142 3142 3138 3138 3160 3121 3138 3148 3124 3130 3153 3167 3156 3170 3153 3153 3153 3140 3153 3156 3165 3165 3132 3121 3121 3110 3110 3098 3090 3090 3090 3095 3083 3089 3089 3082 3049 3044 3022 3006 3028 3016 3023 3021 2999 3008 3006 2998 2992 2985 2985 2994 2971 2977 2955 2952 2963 2963 2961 2961 2948 2932 2910 2888 2888 2865 2844 2859 2842 2822 2820 2831 2830 2830 2821 2838 2836 2811
3197 3183 3164 3168 3168 3145 3145 3164 3177 3164 3154 3163 3169 3155 3163 3165 3179 3174 3165 3160 3160 3160 3166 3138 3144 3148 3144 3144 3153 3155 3156 3170 3178 3163 3163 3163 3175 3175 3156 3164 3143 3132 3132 3121 3113 3113 3113 3089 3095 3096 3105 3082 3082 3060 3049 3027 3048 3023 3023 3016 3021 3008 3008 3006 2998 2992 3007 3007 2994 2971 2977 2977 2963 2963 2971 2971 2971 2970 2948 2932 2931 2907 2876 2872 2853 2852 2853 2842 2831 2838 2839 2851 2838 2836 2829 2811
3196 3196 3183 3176 3176 3168 3164 3186 3186 3164 3163 3150 3169 3187 3187 3174 3174 3186 3165 3192 3192 3170 3182 3166 3148 3170 3162 3171 3153 3148 3170 3178 3192 3176 3185 3185 3182 3182 3164 3157 3150 3143 3141 3135 3135 3122 3121 3114 3105 3127 3105 3078 3072 3063 3054 3048 3040 3052 3045 3021 3030 3030 3011 3028 3016 3008 3018 3014 2993 2977 2968 2983 2985 2993 2993 2985 2956 2970 2944 2931 2908 2889 2889 2872 2852 2844 2853 2860 2838 2839 2851 2838 2860 2852 2829 2833
3196 3180 3198 3200 3200 3186 3186 3209 3186 3186 3209 3169 3187 3210 3197 3197 3186 3186 3187 3193 3214 3192 3191 3193 3170 3170 3171 3171 3175 3175 3178 3192 3185 3199 3207 3206 3197 3195 3186 3164 3157 3158 3144 3141 3122 3121 3122 3145 3127 3121 3109 3099 3094 3054 3048 3071 3052 3045 3048 3053 3037 3042 3028 3016 3008 3018 3014 3008 2993 2978 2968 2979 2993 3016 2985 2963 2956 2975 2953 2931 2921 2901 2889 2872 2852 2853 2860 2831 2829 2874 2851 2860 2852 2843 2844 2833
3189 3179 3198 3199 3200 3209 3209 3222 3200 3209 3232 3210 3191 3210 3219 3218 3206 3187 3206 3215 3215 3214 3191 3169 3193 3194 3194 3175 3197 3198 3210 3192 3199 3207 3206 3219 3197 3195 3186 3181 3166 3144 3158 3135 3133 3136 3145 3121 3121 3109 3099 3094 3072 3076 3071 3076 3052 3048 3053 3054 3042 3037 3039 3016 3030 3040 3018 3015 2993 2978 2978 2992 3016 3001 2979 2975 2975 2965 2953 2944 2932 2912 2904 2896 2884 2875 2875 2861 2874 2874 2850 2860 2874 2844 2835 2856
