R/wo_max/veg_4400/arrival.asc
NCOLS 638
NROWS 825
XLLCORNER -2985163.8955
YLLCORNER -3022031.214
CELLSIZE 10000
NODATA_value -1
[rows 235 to 281 of 825, columns 96 to 191 of 638]
2291 2300 2315 2338 2315 2361 2353 2352 2376 1400 2364 2382 2405 2431 2458 2458 2450 2475 2481 2481 2476 2507 2490 2516 2516 2516 2538 2533 2533 2541 2542 2541 2532 2554 2554 2566 2566 2566 2587 2587 2609 2626 2627 2640 2662 2658 2658 2673 2703 2703 2704 2726 2717 2709 2718 2735 2749 2771 2767 2773 2765 2810 2812 2831 2830 2820 2835 2857 2870 2866 2870 2887 2898 2914 2929 2952 2969 2969 2992 3001 3015 3038 3024 3052 3069 3100 3100 3122 3123 3146 3146 3168 3176 3187 3199 3209
2292 2300 2307 2315 2338 2339 2361 2384 2383 2376 2376 2398 2405 2427 2431 2450 2441 2456 2475 2481 2488 2490 2507 2521 2516 2507 2534 2538 2557 2563 2564 2541 2541 2555 2563 2584 2584 2584 2598 2609 2609 2627 2640 2639 2658 2658 2680 2673 2682 2703 2703 2704 2726 2717 2735 2757 2771 2757 2756 2756 2773 2788 2810 2831 2835 2830 2830 2857 2857 2862 2887 2909 2897 2919 2945 2952 2965 2966 3015 3015 3024 3060 3060 3069 3069 3077 3100 3106 3122 3145 3145 3168 3168 3168 3199 3209
2338 2321 2314 2314 2314 2353 2353 2366 2384 2383 2406 2398 2396 2427 2450 2441 2431 2463 2472 2488 2513 2510 2532 2532 2521 2516 2516 2534 2539 2557 2563 2564 2563 2563 2564 2595 2595 2616 2616 2609 2630 2630 2639 2658 2670 2680 2682 2682 2704 2704 2703 2723 2735 2735 2744 2757 2757 2771 2756 2788 2796 2787 2819 2822 2853 2835 2852 2852 2862 2880 2902 2909 2909 2919 2951 2955 2965 2977 2997 3023 3023 3045 3045 3068 3069 3084 3087 3100 3106 3122 3138 3145 3190 3193 3199 3221
2315 2338 2321 2322 2322 2338 2344 2361 2384 2406 2423 2414 2423 2419 2427 2450 2450 2463 2488 2494 2510 2513 2541 2541 2539 2539 2561 2561 2560 2557 2579 2590 2587 2587 2587 2595 2617 2616 2621 2638 2631 2631 2648 2670 2675 2692 2682 2682 2700 2700 2706 2723 2735 2735 2744 2767 2757 2781 2802 2780 2787 2819 2834 2834 2853 2853 2856 2879 2880 2861 2880 2902 2897 2955 2955 2973 2977 2987 3009 3028 3036 3037 3037 3059 3068 3091 3084 3118 3106 3128 3138 3168 3190 3183 3193 3221
2307 2329 2330 2330 1400 2322 2344 1400 1400 2406 2428 2454 2445 2445 2435 2445 2467 2472 2494 2509 2509 2522 2543 2544 2544 2544 2567 2583 2560 2558 2579 2590 2600 2609 2609 2617 2621 2634 2638 2653 2648 2648 2670 2675 2692 2697 2697 2697 2718 2696 2700 2723 2745 2726 2757 2757 2767 2780 2781 2802 2802 2824 2812 2841 2856 2856 2885 2879 2869 2869 2883 2902 2910 2933 2973 2977 2987 3005 3009 3009 3028 3036 3036 3068 3069 3091 3074 3096 3118 3128 3138 3182 3183 3193 3216 3216
2297 2329 2000 2357 1400 1400 2337 1400 1400 2410 2428 2428 2454 2454 2467 2467 2472 2499 2494 2526 2526 2526 2522 2543 2552 2566 2566 2567 2583 2583 2579 2590 2600 2609 2632 2634 2634 2657 2657 2653 2653 2666 2665 2678 2679 2698 2698 2720 2743 2718 2717 2717 2745 2722 2744 2751 2767 2780 2790 2803 2803 2835 2841 2858 2864 2886 2886 2885 2879 2901 2901 2924 2924 2951 2951 2968 2973 3010 3005 3028 3041 3041 3050 3089 3114 3091 3095 3104 3118 3128 3160 3160 3182 3215 3216 3237
2291 2275 1400 2357 1400 1400 2337 1400 1400 2410 2410 2432 2460 2460 2486 2467 2486 2509 2509 2517 2553 2548 2548 2553 2569 2580 2580 2580 2584 2584 2625 2615 2622 2632 2640 2647 2640 2662 2661 2679 2684 2670 2666 2696 2698 2700 2720 2703 2720 2743 2739 2717 2723 2745 2768 2790 2790 2813 2813 2835 2835 2841 2858 2841 2864 2864 2886 2885 2901 2903 2924 2924 2946 2946 2932 2968 2968 3010 3004 3032 3050 3052 3073 3090 3089 3114 3089 3113 3114 3136 3160 3160 3182 3214 3215 3220
2100 1700 1400 2360 2379 2379 2357 1400 1400 1400 2432 2432 2460 2482 2490 2486 2490 2509 2513 2531 2531 2553 2552 2569 2584 2584 2592 2603 2603 2603 2625 2625 2632 2647 2647 2654 2662 2662 2661 2679 2679 2684 2684 2688 2696 2719 2700 2719 2725 2765 2739 2723 2722 2744 2768 2768 2778 2810 2833 2833 2833 2841 2880 2880 2886 2902 2902 2908 2933 2922 2934 2934 2924 2945 2932 2977 3008 3031 3022 3050 3032 3073 3083 3095 3090 3090 3121 3136 3159 3159 3159 3160 3198 3198 3214 3215
1400 1400 1400 2360 2360 2383 1400 1300 -1 1300 2427 2440 2449 2482 2490 2490 2494 2513 2531 2535 2535 2552 2569 2574 2592 2592 2615 2615 2629 2629 2628 2628 2647 2654 2679 2676 2684 2685 2684 2701 2702 2702 2706 2706 2688 2716 2719 2724 2734 2743 2765 2755 2744 2741 2766 2766 2770 2788 2810 2810 2833 2855 2858 2864 2880 2886 2908 2915 2922 2933 2933 2945 2934 2966 2985 2988 3009 3054 3031 3054 3056 3068 3068 3083 3095 3121 3136 3121 3121 3144 3181 3181 3181 3203 3198 3214
1400 1399 1300 1700 2359 2383 2365 1300 -1 1300 2427 2427 2450 2482 2504 2490 2513 2494 2535 2537 2552 2557 2574 2574 2584 2584 2606 2606 2615 2638 2638 2660 2654 2664 2676 2679 2684 2702 2702 2707 2701 2714 2714 2728 2706 2702 2716 2734 2746 2741 2741 2787 2773 2756 2766 2778 2788 2811 2833 2833 2855 2855 2877 2877 2886 2908 2915 2917 2917 2930 2939 2953 2962 2977 3008 3008 3009 3031 3054 3055 3099 3077 3089 3099 3099 3099 3121 3128 3144 3166 3171 3179 3179 3203 3194 3209
1300 1300 1300 1400 2359 2405 2383 1300 -1 1300 1700 2420 2441 2472 2504 2504 2515 2515 2537 2518 2557 2556 2556 2574 2597 2597 2597 2619 2606 2618 2618 2638 2660 2660 2664 2670 2679 2702 2724 2724 2707 2707 2714 2736 2728 2724 2724 2746 2742 2747 2747 2787 2777 2773 2773 2788 2811 2818 2832 2832 2868 2890 2886 2886 2908 2920 2917 2920 2939 2939 2953 2962 2977 2985 2986 3004 3009 3036 3058 3082 3077 3099 3077 3104 3105 3127 3137 3151 3151 3151 3166 3171 3189 3209 3209 3226
1300 1300 1400 1400 2000 2382 2405 1400 1400 1400 1300 1400 2441 2472 2487 2504 2526 2526 2540 2536 2536 2552 2551 2580 2588 2588 2603 2619 2586 2618 2640 2645 2657 2661 2661 2692 2695 2704 2716 2724 2747 2733 2739 2736 2754 2737 2737 2742 2747 2756 2768 2765 2777 2777 2788 2795 2795 2818 2840 2862 2862 2890 2890 2908 2908 2930 2920 2939 2942 2965 2942 2962 2965 2986 2985 3026 3026 3058 3077 3077 3082 3082 3099 3131 3127 3149 3149 3168 3146 3157 3197 3189 3189 3229 3229 3212
1400 1400 1400 1400 1400 2000 2405 1400 2394 2372 1300 1400 2441 2464 2486 2486 2504 2520 2518 2540 2535 2551 2552 2576 2580 2574 2583 2603 2604 2604 2640 2635 2645 2657 2661 2690 2692 2695 2716 2747 2742 2742 2764 2739 2759 2754 2754 2755 2756 2755 2769 2799 2777 2777 2795 2813 2813 2840 2862 2868 2868 2894 2900 2912 2912 2934 2930 2942 2939 2970 2965 2987 2987 3004 3004 3032 3032 3055 3055 3061 3093 3104 3104 3127 3131 3146 3146 3153 3168 3174 3197 3211 3211 3233 3233 3233
1700 2000 2000 1700 1400 1400 2372 2418 2394 2000 1400 1400 2450 2464 2486 2486 2509 2500 2520 2513 2535 2559 2570 2559 2576 2560 2583 2605 2604 2583 2635 2628 2667 2672 2679 2679 2704 2726 2738 2738 2761 2747 2742 2764 2764 2759 2760 2776 2755 2769 2778 2800 2799 2799 2809 2821 2840 2843 2861 2875 2894 2897 2894 2900 2917 2934 2948 2948 2948 2970 2970 2993 3002 3010 3025 3032 3055 3069 3071 3071 3071 3093 3093 3122 3122 3131 3153 3175 3174 3174 3200 3219 3219 3219 3252 3275
2000 1700 1700 2348 2000 1700 2372 2418 2416 2394 2400 1400 2446 2464 2468 2478 2509 2509 2531 2513 2528 2539 2559 2570 2582 2560 2583 2596 2605 2605 2628 2622 2650 2667 2672 2689 2712 2726 2735 2752 2769 2769 2764 2786 2764 2764 2776 2778 2791 2800 2807 2824 2800 2821 2821 2843 2843 2861 2885 2907 2907 2917 2917 2917 2934 2957 2979 2962 2961 2961 2993 2994 3010 3025 3025 3047 3047 3069 3073 3073 3095 3117 3108 3139 3116 3139 3162 3185 3175 3185 3207 3200 3230 3232 3242 3275
2000 1700 1400 1400 2348 2358 2382 2398 2416 2400 2375 1700 1400 2446 2468 2478 2505 2505 2531 2531 2531 2548 2566 2582 2574 2574 2584 2583 2596 2628 2644 2622 2650 2650 2667 2689 2689 2712 2735 2752 2769 2792 2792 2796 2786 2778 2778 2800 2800 2801 2815 2846 2846 2846 2831 2845 2862 2861 2885 2907 2917 2929 2929 2939 2957 2939 2947 2979 2979 2974 2993 3015 3025 3025 3047 3050 3050 3073 3065 3062 3095 3118 3117 3117 3139 3162 3185 3169 3207 3207 3230 3230 3237 3252 3242 3266
2272 2281 2303 1400 2358 1700 1400 2376 2398 2421 2421 2371 1300 1400 2446 2469 2500 2495 2505 2527 2548 2544 2536 2566 2566 2588 2593 2584 2615 2624 2637 2644 2666 2644 2666 2689 2711 2721 2735 2757 2774 2783 2792 2814 2796 2796 2777 2801 2801 2815 2824 2822 2832 2854 2869 2862 2869 2891 2891 2891 2907 2907 2917 2939 2962 2962 2962 2957 2984 3001 3015 3015 3037 3033 3033 3046 3056 3065 3098 3098 3098 3095 3118 3118 3140 3162 3160 3183 3192 3213 3214 3213 3252 3259 3264 3286
2281 2303 2100 1400 2000 2326 1400 2000 2376 2100 2398 2382 1300 1400 2445 2468 2495 2500 2490 2527 2544 2535 2544 2553 2552 2588 2581 2593 2604 2615 2624 2637 2647 2666 2689 2689 2711 2734 2734 2757 2774 2798 2805 2814 2836 2818 2818 2809 2809 2824 2822 2832 2854 2869 2845 2877 2891 2899 2913 2922 2922 2938 2939 2939 2960 2960 2984 2984 3001 3006 3019 3024 3037 3037 3046 3056 3076 3076 3109 3076 3109 3121 3121 3140 3140 3160 3152 3192 3192 3214 3213 3237 3259 3264 3259 3281
2100 1700 1700 1400 2000 2326 1400 1700 2375 1700 2000 2359 1300 1400 2445 2467 2482 2482 2500 2522 2535 2534 2553 2552 2550 2581 2570 2584 2593 2604 2614 2624 2647 2671 2679 2693 2702 2717 2734 2756 2757 2780 2798 2805 2829 2836 2831 2831 2829 2829 2818 2832 2838 2858 2877 2891 2899 2913 2922 2938 2938 2944 2960 2961 2970 2970 2982 3013 3006 3019 3024 3037 3055 3068 3055 3068 3090 3087 3087 3109 3121 3131 3143 3143 3143 3152 3169 3197 3214 3221 3237 3243 3266 3266 3281 3288
2257 2000 2100 1700 1700 1700 1700 1400 1700 1400 1400 2359 1400 1300 2444 2467 2467 2490 2522 2535 2534 2536 2531 2549 2549 2562 2570 2582 2582 2614 2636 2640 2647 2669 2671 2679 2693 2711 2717 2756 2779 2780 2802 2823 2823 2829 2838 2848 2832 2848 2840 2840 2840 2859 2890 2890 2890 2912 2934 2940 2944 2960 2966 2966 2983 2991 2991 2991 3013 3032 3032 3051 3051 3055 3068 3090 3087 3090 3112 3112 3131 3123 3136 3136 3165 3165 3175 3198 3212 3236 3243 3266 3279 3288 3288 3310
2200 2235 2100 2000 1700 1400 1400 1700 1995 1300 1300 2343 1700 1300 1400 2400 1700 1400 2513 2513 2535 2536 2549 2536 2548 2548 2556 2570 2578 2606 2614 2636 2640 2669 2691 2679 2702 2722 2732 2748 2779 2780 2802 2823 2845 2845 2845 2852 2848 2863 2863 2871 2858 2903 2884 2903 2915 2912 2912 2934 2940 2961 2974 2983 2991 2991 3011 3011 3013 3039 3039 3059 3059 3078 3100 3077 3091 3101 3128 3131 3131 3131 3145 3153 3175 3197 3197 3214 3221 3243 3258 3266 3288 3288 3308 3308
1400 1400 1400 1400 1400 1300 1300 1400 1300 1300 -1 2343 2343 1300 1300 1400 1700 2506 2513 2528 2540 2549 2558 2558 2549 2556 2549 2578 2571 2593 2606 2629 2640 2668 2669 2691 2702 2722 2732 2756 2779 2801 2802 2825 2847 2852 2852 2867 2874 2874 2871 2894 2894 2916 2903 2907 2926 2926 2934 2970 2970 2970 2996 2996 2996 3011 3013 3013 3033 3045 3045 3061 3068 3100 3101 3091 3123 3123 3147 3128 3138 3145 3170 3176 3175 3198 3198 3221 3236 3258 3266 3288 3289 3289 3310 3308
2000 1700 1400 1400 1300 1400 1400 1300 -1 -1 -1 2344 1700 1300 1300 1300 1400 2506 2506 2528 2527 2540 2549 2559 2549 2549 2571 2571 2558 2593 2593 2617 2636 2663 2668 2691 2702 2724 2754 2763 2770 2801 2824 2825 2846 2847 2867 2875 2875 2875 2871 2885 2902 2894 2916 2926 2938 2948 2948 2970 2992 2992 3002 3002 3002 3028 3022 3013 3033 3045 3061 3068 3078 3097 3113 3113 3135 3130 3128 3147 3147 3170 3192 3192 3192 3215 3215 3236 3237 3244 3267 3285 3290 3310 3327 3334
1700 1700 1700 1700 1300 1700 1968 1300 1300 1299 -1 1300 1700 1678 1300 -1 -1 1300 1300 1300 2527 2538 2536 2558 2590 2572 2572 2572 2593 2575 2592 2625 2663 2647 2685 2690 2723 2724 2747 2754 2763 2785 2801 2824 2825 2846 2868 2870 2870 2897 2897 2897 2924 2924 2924 2938 2947 2970 2970 2992 2992 3014 3014 3014 3046 3034 3028 3056 3045 3046 3066 3077 3088 3113 3119 3119 3135 3130 3130 3150 3170 3181 3200 3177 3200 3215 3205 3237 3245 3259 3285 3290 3291 3312 3334 3349
2097 2000 1400 1400 1300 1400 1969 1400 1300 -1 -1 -1 1700 2368 1678 -1 -1 -1 -1 -1 2532 2550 2538 2554 2571 2590 2593 2593 2594 2616 2617 2638 2625 2663 2685 2685 2707 2723 2724 2747 2777 2785 2793 2816 2824 2839 2846 2868 2869 2900 2902 2902 2929 2929 2938 2947 2947 2970 2992 2992 3014 3014 3015 3015 3046 3046 3034 3058 3056 3066 3077 3088 3097 3130 3130 3137 3135 3137 3150 3162 3188 3177 3181 3200 3222 3222 3237 3245 3259 3267 3290 3291 3312 3327 3349 3353
2113 2113 2000 2000 1300 1400 1700 1400 -1 -1 -1 -1 1400 2369 2345 -1 -1 -1 -1 1300 2550 2532 2563 2566 2585 2590 2598 2594 2616 2594 2617 2638 2638 2670 2676 2698 2707 2713 2723 2769 2777 2777 2799 2815 2829 2839 2861 2850 2861 2884 2900 2900 2932 2929 2948 2948 2948 2992 2992 3001 3001 3019 3019 3019 3051 3046 3046 3065 3069 3074 3074 3097 3105 3121 3136 3136 3137 3157 3169 3162 3177 3188 3188 3204 3236 3236 3245 3245 3267 3272 3304 3304 3304 3327 3353 3354
2114 2114 2090 2068 1399 1400 1700 1400 -1 -1 -1 -1 1300 1400 1300 1400 -1 -1 -1 -1 1300 2531 2562 2563 2566 2585 2612 2598 2594 2594 2616 2616 2660 2660 2670 2676 2698 2711 2711 2747 2769 2774 2799 2815 2817 2829 2839 2861 2845 2884 2906 2887 2919 2932 2951 2970 2970 2994 2992 3001 3024 3046 3046 3046 3068 3051 3069 3069 3096 3091 3091 3105 3105 3136 3152 3152 3158 3174 3192 3169 3182 3204 3214 3220 3237 3236 3259 3259 3282 3282 3304 3327 3349 3349 3363 3354
2120 2114 2091 2090 2000 2000 2000 1300 -1 -1 -1 -1 1300 1400 1300 1300 1300 -1 -1 -1 1300 2572 2572 2562 2563 2577 2612 2599 2616 2594 2615 2615 2639 2647 2666 2697 2697 2698 2730 2730 2774 2791 2803 2803 2817 2817 2839 2865 2865 2875 2887 2906 2912 2928 2951 2972 2972 2972 2994 3024 3033 3046 3055 3068 3053 3069 3055 3077 3091 3096 3114 3114 3136 3136 3130 3158 3161 3174 3193 3192 3192 3214 3218 3237 3259 3259 3282 3282 3282 3304 3327 3340 3340 3349 3334 3363
2120 2097 2091 2068 2045 2036 2023 1400 1399 1399 -1 -1 1377 1377 1369 1369 -1 -1 -1 -1 2550 2540 2540 2538 2562 2584 2599 2600 2622 2616 2615 2630 2646 2646 2670 2692 2697 2729 2751 2752 2774 2791 2814 2823 2814 2836 2839 2852 2852 2887 2875 2884 2928 2921 2960 2963 2985 2994 3016 3022 3024 3033 3046 3055 3053 3048 3069 3086 3077 3086 3099 3099 3114 3158 3158 3158 3183 3183 3200 3193 3214 3218 3237 3240 3264 3264 3259 3286 3286 3304 3318 3330 3330 3352 3371 3366
2099 2097 2091 2069 2068 2045 2023 2023 2023 -1 -1 -1 -1 -1 1369 1369 1300 -1 -1 -1 -1 -1 -1 2570 2584 2593 2599 2621 2622 2616 2621 2621 2630 2646 2678 2692 2714 2714 2729 2751 2769 2806 2806 2814 2823 2836 2839 2852 2867 2861 2861 2906 2928 2944 2944 2960 2985 3007 3016 3008 3022 3024 3033 3047 3048 3069 3070 3082 3086 3108 3108 3132 3113 3172 3161 3161 3204 3170 3204 3200 3227 3240 3249 3254 3285 3255 3264 3286 3307 3318 3339 3320 3352 3352 3371 3386
2099 2097 2075 2069 2046 2045 2023 2000 2000 1400 -1 -1 -1 -1 1300 1368 1400 1400 -1 -1 -1 -1 2580 2602 2593 2593 2615 2621 2634 2638 2638 2635 2630 2652 2669 2678 2701 2723 2744 2752 2765 2787 2809 2822 2823 2845 2858 2871 2884 2867 2884 2896 2921 2921 2959 2960 2982 2976 3007 3007 3039 3026 3046 3047 3046 3053 3069 3070 3082 3110 3110 3113 3132 3154 3172 3182 3194 3204 3216 3227 3248 3249 3272 3272 3259 3285 3294 3317 3317 3339 3332 3361 3361 3364 3384 3384
2099 2077 2075 2069 2045 2023 2000 1700 -1 2000 1300 -1 -1 -1 1300 1669 -1 1300 -1 -1 2580 -1 2602 2611 2611 2599 2615 2621 2634 2652 2635 2645 2645 2652 2669 2701 2701 2723 2744 2765 2787 2787 2809 2799 2822 2845 2858 2858 2871 2884 2890 2915 2928 2920 2944 2959 2982 2990 3004 3012 3034 3039 3057 3046 3039 3053 3069 3083 3101 3101 3101 3110 3132 3154 3182 3194 3182 3216 3227 3232 3249 3248 3232 3263 3272 3294 3317 3321 3339 3342 3361 3362 3364 3393 3396 3384
-1 2077 2075 2059 2046 2045 1992 1982 -1 1400 1400 1368 -1 -1 -1 1300 -1 -1 -1 -1 2580 -1 2602 2616 2635 2639 2615 2616 2643 2643 2652 2652 2662 2665 2662 2690 2712 2723 2745 2766 2778 2803 2803 2819 2813 2845 2868 2871 2890 2890 2922 2909 2916 2928 2929 2929 2960 2990 3004 3012 3027 3034 3041 3057 3057 3061 3084 3084 3115 3115 3123 3123 3149 3149 3182 3182 3192 3214 3214 3232 3254 3232 3263 3263 3294 3308 3311 3321 3343 3340 3342 3364 3384 3384 3393 3396
-1 2077 2059 2046 2046 2024 1999 1992 1300 1300 1400 1378 -1 -1 -1 1277 -1 -1 -1 -1 1400 -1 1300 2603 2657 2657 2657 2661 2661 2644 2652 2675 2675 2662 2685 2707 2712 2735 2745 2766 2778 2803 2819 2819 2819 2849 2868 2890 2903 2910 2910 2922 2922 2929 2945 2967 2967 2982 2990 3004 3027 3027 3034 3072 3079 3079 3079 3078 3078 3093 3138 3138 3160 3160 3184 3192 3214 3218 3236 3236 3236 3254 3280 3280 3280 3308 3311 3340 3340 3343 3362 3384 3380 3385 3416 3416
-1 -1 2046 2046 2035 2024 2014 1999 1400 -1 1300 1400 1356 -1 -1 -1 -1 -1 -1 -1 -1 -1 -1 2634 2634 2679 2679 2639 2661 2684 2675 2666 2685 2697 2697 2731 2735 2753 2766 2775 2788 2826 2826 2848 2819 2841 2849 2868 2890 2903 2910 2932 2945 2945 2967 2958 2989 2989 2986 2991 3008 3049 3049 3039 3072 3070 3085 3102 3093 3108 3124 3124 3162 3169 3192 3206 3213 3218 3232 3232 3240 3268 3268 3285 3308 3312 3352 3352 3329 3352 3375 3397 3380 3402 3402 3425
-1 -1 2021 2035 2024 2013 2001 1999 1400 -1 -1 1378 1378 1300 -1 -1 -1 -1 -1 -1 -1 -1 -1 -1 2634 2635 2635 2629 2649 2684 2684 2684 2697 2697 2707 2735 2753 2757 2775 2788 2807 2826 2848 2850 2851 2843 2841 2862 2890 2912 2925 2932 2964 2964 2986 2966 2966 3009 3009 3008 3031 3053 3063 3049 3085 3085 3107 3107 3102 3130 3139 3147 3169 3184 3206 3213 3222 3214 3214 3240 3244 3263 3285 3284 3330 3330 3330 3329 3352 3375 3397 3374 3397 3420 3409 3432
-1 -1 2043 2021 2013 2001 1979 1967 1300 -1 -1 -1 -1 -1 -1 -1 -1 -1 -1 -1 -1 -1 -1 -1 -1 -1 -1 -1 -1 2684 2706 2706 2706 2697 2719 2738 2757 2775 2788 2788 2799 2807 2828 2828 2850 2851 2843 2862 2880 2912 2925 2932 2957 2957 2966 2986 3009 2989 3011 3031 3053 3039 3039 3063 3072 3094 3117 3122 3122 3139 3147 3162 3184 3200 3201 3201 3222 3199 3240 3245 3263 3276 3285 3308 3330 3339 3330 3352 3375 3384 3384 3384 3420 3409 3426 3426
-1 -1 -1 2043 2021 2013 1981 1979 1957 1300 -1 -1 -1 -1 -1 -1 -1 -1 -1 -1 -1 -1 -1 -1 -1 -1 -1 -1 -1 2679 2711 2711 2729 2729 2729 2751 2757 2780 2799 2799 2821 2821 2828 2830 2851 2875 2874 2875 2897 2903 2925 2935 2957 2969 2964 2994 2994 3011 3031 3011 3034 3034 3040 3079 3094 3101 3101 3117 3139 3117 3162 3168 3168 3177 3200 3200 3199 3222 3244 3244 3263 3285 3308 3321 3317 3330 3339 3352 3366 3371 3397 3403 3416 3401 3417 3417
-1 -1 -1 -1 -1 1989 1979 1981 1959 1957 -1 -1 -1 -1 -1 -1 -1 -1 -1 -1 -1 -1 -1 -1 -1 -1 -1 -1 -1 -1 -1 -1 2718 2743 2751 2773 2780 2802 2802 2807 2829 2828 2822 2844 2861 2882 2875 2874 2897 2924 2935 2947 2962 2979 2969 2983 2994 3016 3016 3034 3037 3037 3056 3071 3079 3105 3094 3101 3123 3131 3154 3153 3177 3177 3199 3221 3211 3244 3240 3263 3266 3299 3321 3317 3321 3321 3343 3354 3371 3388 3403 3397 3401 3416 3429 3434
-1 -1 -1 -1 -1 1989 1967 1967 1981 1957 1700 1300 -1 -1 -1 -1 -1 -1 -1 -1 -1 -1 -1 -1 -1 -1 -1 -1 -1 -1 -1 -1 2718 2743 2743 2751 2773 2802 2824 2829 2828 2822 2828 2844 2861 2883 2882 2905 2885 2928 2935 2957 2962 2979 2970 2994 2994 3016 3023 3048 3048 3056 3071 3093 3093 3093 3105 3123 3131 3153 3153 3154 3199 3199 3221 3214 3214 3242 3240 3263 3276 3299 3298 3312 3343 3335 3343 3366 3371 3388 3379 3375 3406 3410 3410 3429
-1 -1 -1 -1 -1 -1 1989 1950 1967 1936 1934 -1 -1 -1 -1 -1 -1 -1 -1 -1 -1 -1 -1 -1 -1 -1 -1 -1 -1 2700 2700 2703 2718 -1 2743 2773 2774 2805 2824 2827 2827 2850 2850 2842 2852 2864 2883 2906 2905 2906 2928 2957 2979 2979 2979 3002 3025 3038 3023 3044 3044 3071 3067 3091 3091 3110 3110 3137 3139 3131 3131 3176 3176 3192 3192 3222 3254 3254 3254 3276 3299 3289 3289 3343 3323 3321 3343 3366 3372 3374 3375 3379 3406 3406 3406 3428
-1 -1 -1 -1 -1 -1 -1 1944 1945 1936 1934 -1 -1 -1 -1 -1 -1 -1 -1 -1 -1 -1 -1 -1 -1 -1 -1 -1 2600 2699 2600 -1 2734 2750 2750 2774 2796 2790 2805 2828 2836 2859 2873 2850 2852 2861 2864 2883 2906 2905 2950 2957 2980 2980 3002 3025 3016 3002 3038 3045 3045 3075 3075 3099 3099 3114 3114 3139 3137 3141 3161 3185 3186 3185 3209 3231 3231 3259 3276 3272 3281 3298 3326 3326 3321 3335 3357 3372 3374 3366 3366 3389 3397 3406 3420 3420
-1 -1 -1 -1 -1 -1 -1 1958 1936 1945 1913 1700 1700 1300 -1 -1 -1 -1 -1 -1 -1 -1 -1 -1 -1 -1 -1 -1 -1 2699 -1 -1 -1 2734 2762 2784 2796 2791 2805 2836 2828 2836 2859 2873 2874 2874 2882 2896 2896 2896 2950 2950 2980 2982 3002 3014 3016 3061 3061 3061 3063 3083 3095 3107 3107 3116 3116 3141 3141 3161 3164 3163 3185 3209 3231 3215 3237 3259 3259 3273 3298 3304 3304 3290 3313 3335 3357 3348 3348 3366 3365 3389 3388 3397 3426 3437
-1 -1 -1 -1 -1 -1 -1 1958 1936 1922 1922 1903 1871 1857 -1 -1 -1 -1 -1 -1 -1 -1 -1 -1 -1 -1 -1 -1 -1 2668 -1 -1 -1 -1 2765 2762 2784 2807 2818 2837 2837 2824 2841 2856 2856 2882 2896 2873 2904 2918 2928 2966 2982 2983 3014 3016 3015 3043 3043 3072 3083 3095 3105 3109 3099 3121 3121 3125 3138 3164 3169 3186 3209 3206 3215 3228 3237 3250 3273 3281 3304 3290 3300 3300 3335 3346 3346 3345 3346 3368 3379 3389 3401 3434 3434 3426
-1 -1 -1 -1 -1 -1 -1 1944 1936 1898 1900 1900 1877 1871 -1 -1 -1 -1 -1 -1 -1 -1 -1 -1 -1 -1 -1 -1 -1 2668 -1 -1 -1 -1 -1 2765 2775 2798 2807 2818 2831 2831 2853 2868 2860 2876 2876 2904 2918 2921 2927 2966 2981 2998 2998 3015 3015 3050 3072 3083 3095 3105 3109 3107 3118 3140 3140 3147 3147 3169 3164 3186 3206 3215 3228 3237 3250 3259 3281 3273 3269 3269 3284 3284 3300 3315 3323 3345 3368 3390 3390 3411 3411 3411 3422 3424
-1 -1 -1 -1 -1 -1 -1 1944 1913 1936 1905 1912 1900 1871 -1 1300 -1 -1 -1 -1 -1 -1 -1 -1 -1 -1 -1 -1 -1 -1 -1 -1 -1 -1 -1 2753 2775 2784 2829 2831 2829 2853 2844 2853 2868 2877 2876 2899 2913 2927 2936 2959 2981 3004 3004 3019 3027 3050 3052 3068 3074 3096 3118 3118 3140 3125 3163 3163 3142 3142 3154 3175 3184 3197 3206 3227 3259 3250 3268 3268 3268 3262 3262 3281 3315 3346 3346 3368 3362 3377 3377 3399 3399 3399 3399 3422
-1 -1 -1 -1 -1 -1 -1 -1 1921 1921 1912 1905 1889 1867 1800 1700 -1 -1 -1 -1 -1 -1 -1 -1 -1 -1 -1 -1 -1 -1 -1 -1 -1 -1 -1 2765 2797 2797 2807 2829 2851 2851 2838 2854 2866 2883 2899 2922 2922 2928 2944 2959 2981 3004 3019 3044 3027 3030 3054 3067 3096 3087 3096 3117 3120 3132 3116 3139 3139 3154 3161 3174 3205 3205 3205 3228 3246 3246 3246 3256 3278 3253 3278 3284 3300 3324 3324 3323 3345 3362 3368 3377 3399 3399 3399 3445
