R/wo_max/noveg_5800/arrival.asc
NCOLS 638
NROWS 825
XLLCORNER -2985163.8955
YLLCORNER -3022031.214
CELLSIZE 10000
NODATA_value -1
[rows 294 to 335 of 825, columns 96 to 191 of 638]
-1 -1 -1 -1 -1 -1 -1 -1 -1 -1 -1 -1 -1 -1 -1 -1 -1 2750 2763 2763 2752 2752 2741 2670 2561 -1 -1 -1 2300 2340 2340 2912 2970 3015 3012 3285 3342 3433 3353 3387 3595 3561 3584 3572 3352 3419 3493 3493 3865 3887 3952 3960 3991 4008 3980 3979 3919 -1 -1 -1 3829 3927 4048 4027 4049 4204 4193 4228 4215 4282 4282 4350 4442 4465 4533 4544 4586 4564 4620 4609 4554 4548 4548 4538 4511 4476 4453 4437 4437 4406 4406 4362 4393 4393 4380 4415
-1 -1 -1 -1 -1 -1 -1 -1 -1 -1 -1 -1 -1 -1 -1 -1 -1 -1 2739 2751 2752 2752 2740 2670 2573 2551 -1 -1 -1 -1 -1 2340 2962 2970 3012 3012 3004 3341 3342 3387 3378 3387 3421 3421 3308 3423 3471 3482 3820 3879 3937 3945 3991 4008 4008 3980 3939 -1 -1 -1 3788 3838 4012 3939 3928 4071 4071 3905 3902 3902 3880 4317 4328 4339 4487 4510 4522 4542 4586 4542 4548 4540 4526 4487 4484 4442 4394 4395 4394 4373 4405 4347 4393 4324 4335 4346
-1 -1 -1 -1 -1 -1 -1 -1 -1 -1 -1 -1 -1 -1 -1 -1 -1 -1 -1 2739 2732 2740 2682 2671 2670 2551 -1 -1 -1 -1 -1 2317 2872 2883 2948 3012 2977 3284 3376 3376 3284 3260 3243 3282 3296 3409 3471 3471 3396 3820 3831 3937 3945 3997 3997 3996 3961 -1 -1 -1 -1 3837 3863 3939 3939 4063 4071 3973 3902 3902 3779 3758 3758 4197 4219 4489 4497 4542 4542 4537 4526 4515 4465 4444 4411 4396 4394 4394 4175 3380 3391 4261 4271 4272 4250 4230
-1 -1 -1 -1 -1 -1 -1 -1 -1 -1 -1 -1 -1 -1 -1 -1 -1 -1 -1 -1 2740 2740 2698 2706 2614 2606 -1 -1 -1 -1 -1 -1 -1 2883 2883 2955 2977 3251 3284 3376 3376 3285 3252 3282 3307 3401 3468 3471 3471 3425 3399 3802 3945 3964 3997 3961 3927 -1 -1 -1 -1 3792 3848 3858 3939 3962 4006 4006 3995 3834 3777 3768 3769 3747 4230 4230 4420 4475 4534 4511 4515 4500 4489 4444 4407 4383 4361 4338 4175 3380 3391 3391 3402 4118 4129 4121
-1 -1 -1 -1 -1 -1 -1 -1 -1 -1 -1 -1 -1 -1 -1 -1 -1 -1 -1 -1 2707 2717 2729 2706 2671 2614 2581 -1 -1 -1 -1 -1 -1 2841 2849 2938 2966 3250 3273 3318 3365 3364 3274 3259 3307 3401 3460 3468 3468 3457 3457 3802 3805 3988 3996 3962 3892 3884 -1 -1 -1 -1 3847 3858 3897 3903 3983 3984 3834 3834 3799 3799 3769 3701 3692 4230 4420 4431 4431 4442 4511 4500 4500 4489 4385 4372 4189 3379 3379 3379 3358 3358 3402 3401 3413 3671
-1 -1 -1 -1 -1 -1 -1 -1 -1 -1 -1 -1 -1 -1 -1 -1 -1 -1 -1 -1 -1 2717 2720 2706 2648 2648 2648 2592 -1 -1 -1 -1 -1 -1 2780 2889 2916 2938 3318 3318 3365 3365 3342 3271 3271 3390 3398 3468 3433 3457 3457 3813 3890 3996 3996 3962 3962 -1 -1 -1 -1 3769 3769 3850 3862 3871 3984 3961 3895 3869 3780 3745 3712 3700 3665 3678 4248 4408 4431 4365 4434 4442 4477 4372 4329 4263 3402 3371 3354 3345 3358 3358 3369 3389 3379 3424
-1 -1 -1 -1 -1 -1 -1 -1 -1 -1 -1 -1 -1 -1 -1 -1 -1 -1 -1 -1 -1 2720 2720 2717 2717 2694 2648 2625 -1 -1 -1 -1 -1 -1 2838 2838 2915 2938 3159 3309 3288 3354 3354 3221 3283 3364 3389 3438 3384 3399 3435 3813 3940 3974 3985 3985 3954 3881 -1 -1 -1 -1 3692 3851 3862 3949 3984 3984 3961 3961 3870 3745 3700 3698 3620 3632 4244 4282 4282 4306 4408 4408 4318 4318 4260 4206 4206 3197 3208 3207 3230 3289 3318 3321 3371 3415
-1 -1 -1 -1 -1 -1 -1 -1 -1 -1 -1 -1 -1 -1 -1 -1 -1 -1 -1 -1 -1 2731 2731 2729 2717 2707 2687 2581 -1 -1 -1 -1 -1 -1 2711 2815 2827 2905 3125 3159 3319 3320 3353 3344 3356 3364 3398 3398 3387 3377 3390 3803 3814 3940 3941 3985 3974 3870 3828 -1 -1 -1 3836 3836 3870 3950 3950 3914 3892 3791 3783 3791 3768 3745 3698 3694 4259 4282 4317 4317 4386 4397 4317 4263 4216 4206 3369 3186 3164 3026 3230 3289 3241 3297 3297 3382
-1 -1 -1 -1 -1 -1 -1 -1 -1 -1 -1 -1 -1 -1 -1 -1 -1 -1 -1 -1 -1 -1 2731 2731 2719 2742 2687 2687 -1 -1 -1 -1 -1 -1 -1 2827 2827 2826 2889 3206 3215 3265 3353 3353 3338 3364 3364 3387 3388 3388 3382 3457 3813 3825 3870 3905 3974 3905 3882 3850 -1 -1 3847 3862 3938 3950 3938 3904 3930 3905 3851 3793 3733 3732 3702 3702 3657 4293 4296 4329 4397 4397 4397 4331 4216 3413 3085 3085 3063 3037 3230 3027 3241 3038 3249 3329
-1 -1 -1 -1 -1 -1 -1 -1 -1 -1 -1 -1 -1 -1 -1 -1 -1 -1 -1 -1 -1 -1 -1 -1 2753 2752 2753 2732 2731 2687 -1 -1 -1 -1 -1 2705 2804 2804 2889 3125 3215 3273 3310 3319 3316 3341 3353 3353 3371 3388 3468 3468 3456 3825 3870 3870 3927 3927 3885 3871 -1 3813 3862 3906 3939 3939 3939 3938 3938 3927 3859 3859 3825 3814 3748 3702 4258 4270 4304 4309 4386 4386 4339 4297 4206 3414 3414 3084 3040 3037 2992 2988 2962 3060 3060 3060
-1 -1 -1 -1 -1 -1 -1 -1 -1 -1 -1 -1 -1 -1 -1 -1 -1 -1 -1 -1 -1 -1 -1 -1 -1 2753 2764 2764 2764 2743 2743 -1 -1 -1 -1 -1 -1 -1 2867 2891 3181 3215 3284 3261 3308 3309 3309 3312 3361 3369 3369 3479 3421 3404 3784 3839 3883 3927 3916 3874 3848 3802 3870 3903 3939 3904 3896 3881 3872 3825 3859 3817 3825 3792 3756 3679 3587 4296 4304 4307 4386 4386 4364 4340 3458 3414 3382 3107 3037 3025 3014 2975 -1 -1 3060 3049
-1 -1 -1 -1 -1 -1 -1 -1 -1 -1 -1 -1 -1 -1 -1 -1 -1 -1 -1 -1 -1 -1 -1 -1 -1 -1 2975 2976 2974 2966 2775 2721 2597 -1 -1 -1 -1 -1 -1 2902 3054 3193 3210 3210 3296 3309 3298 3326 3369 3411 3410 3479 3479 3411 -1 3847 3882 3893 3916 3905 3871 3848 3859 3837 3893 3871 3870 3824 3824 3813 3813 3755 3755 3667 3721 3576 3564 3519 4304 4304 4374 4375 4374 4363 3479 3447 3425 3424 3051 3025 2989 2962 -1 3071 -1 -1
-1 -1 -1 -1 -1 -1 -1 -1 -1 -1 -1 -1 -1 -1 -1 -1 -1 -1 -1 -1 -1 -1 -1 -1 -1 -1 2987 2998 2986 2974 2786 2786 2642 2575 -1 -1 -1 -1 -1 2901 3051 3077 3187 3086 3261 3262 3286 3290 3346 3444 3471 3513 3505 3444 -1 3790 3823 3860 3882 3905 3894 3848 3837 3826 3826 3826 3750 3764 3824 3813 3766 3755 3721 3647 3530 3576 3530 3519 3519 4298 4342 4374 4374 4341 3490 3459 3448 3436 3062 3036 3036 -1 3071 3071 3063 -1
-1 -1 -1 -1 -1 -1 -1 -1 -1 -1 -1 -1 -1 -1 -1 -1 -1 -1 -1 -1 -1 -1 -1 -1 -1 -1 2987 2987 2998 2975 2798 2798 2808 2797 2800 -1 -1 -1 -1 2866 2913 3051 3086 3087 3229 3285 3285 3334 3357 3436 3480 3513 3513 3454 -1 3547 3779 3801 3870 3893 3894 3848 3802 3744 3761 3750 3672 3733 3756 3802 3802 3756 3712 3645 3519 3535 3541 3541 3513 3513 4287 4305 4366 3501 3459 3459 3436 3415 3098 3142 3109 3109 3106 3071 -1 -1
-1 -1 -1 -1 -1 -1 -1 -1 -1 -1 -1 -1 -1 -1 -1 -1 -1 -1 -1 -1 -1 -1 -1 -1 -1 -1 -1 3009 3009 3009 2963 2907 2831 2831 2853 2853 2808 -1 -1 -1 2913 3028 3051 3087 3087 3240 3271 3285 3357 3421 3479 3514 3514 3490 3437 3765 3773 3605 3783 3824 3883 3883 3789 3744 3733 3672 3669 3756 3767 3782 3790 3745 3690 3575 3535 3535 3541 3533 3513 3513 3502 3502 3501 3481 3459 3458 3415 3415 3133 3142 3153 3164 3164 3129 3072 3048
-1 -1 -1 -1 -1 -1 -1 -1 -1 -1 -1 -1 -1 -1 -1 -1 -1 -1 -1 -1 -1 -1 -1 -1 -1 -1 -1 -1 3009 3009 3031 2963 2940 2910 2921 2853 2764 -1 -1 -1 -1 2924 3040 3086 3098 3232 3271 3272 3334 3368 3445 3513 3514 3525 3469 -1 3773 3773 3775 3783 3847 3858 3858 3777 3718 3628 3628 3665 3643 3748 3779 3745 3678 3644 3577 3513 3459 3467 3453 3462 3492 3492 3481 3470 3447 3439 3084 3130 3141 3142 3153 3164 3164 3175 3175 3132
-1 -1 -1 -1 -1 -1 -1 -1 -1 -1 -1 -1 -1 -1 -1 -1 -1 -1 -1 -1 -1 -1 -1 -1 -1 -1 -1 -1 -1 3020 3031 3031 2951 2932 2845 2817 2806 -1 -1 -1 -1 2935 2947 3031 3097 3109 3261 3272 3272 3346 3444 3478 3478 3525 3525 3469 3593 3772 3772 3725 3744 3778 3858 3741 3711 3650 3638 3639 3613 3688 3745 3723 3644 3636 3599 3599 3588 3503 3447 3503 3492 3492 3425 3408 3063 3063 3071 3119 3141 3106 3107 3107 3106 3071 3175 3493
-1 -1 -1 -1 -1 -1 -1 -1 -1 -1 -1 -1 -1 -1 -1 -1 -1 -1 -1 -1 -1 -1 -1 -1 -1 -1 -1 -1 -1 3020 3030 3042 3042 2932 2932 2874 -1 -1 2828 -1 -1 2916 2924 2958 3049 3120 3144 3190 3272 3305 3305 3455 3478 3524 3525 3480 3583 3638 3772 3772 3660 3719 3749 3749 3715 3669 3669 3672 3632 3610 3622 3566 3600 3576 3577 3599 3588 3554 3503 3417 3417 3425 3425 3403 3063 3055 3071 3094 3094 3063 2938 2939 3029 3071 3071 3537
-1 -1 -1 -1 -1 -1 -1 -1 -1 -1 -1 -1 -1 -1 -1 -1 -1 -1 -1 -1 -1 -1 -1 -1 -1 -1 -1 -1 -1 -1 3020 3053 3065 3045 2983 2960 2886 2828 2828 2831 -1 -1 -1 3025 3083 3120 3147 3190 3182 3282 3305 3427 3447 3447 3461 3469 3637 3637 3761 3761 3750 3750 3741 3749 3728 3714 3703 3714 3680 3613 3604 3579 3575 3575 3565 3576 3568 3458 3503 3375 3417 3425 3425 3394 3375 3105 3152 3105 3105 3036 2750 2926 2950 3071 3016 3096
-1 -1 -1 -1 -1 -1 -1 -1 -1 -1 -1 -1 -1 -1 -1 -1 -1 -1 -1 -1 -1 -1 -1 -1 -1 -1 -1 -1 -1 -1 -1 -1 3087 3087 3053 3019 3018 2919 2897 2897 2859 2859 2792 2915 3093 3191 3213 3190 3115 3161 3317 3379 3424 3424 3376 3420 3478 3637 3662 3651 3749 3750 3739 3739 3738 3717 3714 3636 3680 3647 3613 3602 3591 3570 3554 3542 3521 3427 3427 3372 3436 3436 3414 3395 3383 3314 3163 3105 3097 3027 2750 2750 2973 2973 2976 3016
-1 -1 -1 -1 -1 -1 -1 -1 -1 -1 -1 -1 -1 -1 -1 -1 -1 -1 -1 -1 -1 -1 -1 -1 -1 -1 -1 -1 -1 -1 -1 -1 -1 3087 3088 3087 3030 2986 2975 2933 2889 2859 2847 -1 3048 3224 3224 3283 3225 3283 3317 3335 3424 3431 3431 3478 3569 3615 3626 3604 3638 3682 3739 3682 3728 3680 3714 3645 3594 3594 3583 3602 3591 3579 3542 3534 3509 3472 3471 3393 3436 3428 3383 3384 3384 3163 3140 2991 2983 2816 2796 2818 2894 2894 2807 2884
-1 -1 -1 -1 -1 -1 -1 -1 -1 -1 -1 -1 -1 -1 -1 -1 -1 -1 -1 -1 -1 -1 -1 -1 -1 -1 -1 -1 -1 -1 -1 -1 -1 3079 3099 3099 3055 3052 2975 2975 2875 2863 2870 2870 2993 3155 3224 3236 3295 3320 3328 3458 3466 3492 3501 3526 3479 3579 3626 3604 3594 3594 3638 3630 3638 3600 3645 3645 3603 3549 3571 3572 3568 3549 3542 3542 3509 3520 3483 3448 3349 3383 3383 3361 3361 3174 3152 3174 3117 2860 2860 2861 2872 2872 2805 2686
-1 -1 -1 -1 -1 -1 -1 -1 -1 -1 -1 -1 -1 -1 -1 -1 -1 -1 -1 -1 -1 -1 -1 -1 -1 -1 -1 -1 -1 -1 -1 -1 -1 -1 3098 3099 3052 3041 2978 2989 2989 2921 2870 2862 2826 3047 3172 3236 3294 3328 3340 3466 3500 3500 3523 3534 3560 3545 3614 3615 3583 3616 3627 3571 3549 3571 3589 3645 3634 3518 3378 3541 3549 3538 3527 3531 3520 3520 3497 3470 3436 3344 3383 3338 3198 3209 3174 3201 3139 3117 2860 2861 3306 3317 2836 3144
-1 -1 -1 -1 -1 -1 -1 -1 -1 -1 -1 -1 -1 -1 -1 -1 -1 -1 -1 -1 -1 -1 -1 -1 -1 -1 -1 -1 -1 -1 -1 -1 -1 -1 3076 3110 3065 3065 3051 3051 2989 2922 2864 2836 2826 3005 3006 3235 3286 3294 3305 3362 3367 3500 3483 3500 3568 3568 3603 3603 3583 3583 3503 3501 3479 3541 3579 3634 3611 3519 3378 3459 3504 3481 3391 3476 3520 3498 3470 3470 3448 3355 3314 3306 3250 3261 3225 3261 3237 3215 3055 3040 3306 3339 3350 3340
-1 -1 -1 -1 -1 -1 -1 -1 -1 -1 -1 -1 -1 -1 -1 -1 -1 -1 -1 -1 -1 -1 -1 -1 -1 -1 -1 -1 -1 -1 -1 -1 -1 -1 3086 3121 3133 3111 3086 3040 3000 3011 2984 2980 2995 2995 3039 3047 3025 3294 3294 3362 3455 3455 3432 3483 3557 3582 3592 3592 3559 3481 3501 3490 3501 3542 3634 3612 3546 3488 3378 3473 3481 3447 3414 3449 3471 3471 3392 3462 3448 3332 3297 3297 3287 3239 3261 3306 3306 3317 3317 3328 3328 3339 3470 3574
-1 -1 -1 -1 -1 -1 -1 -1 -1 -1 -1 -1 -1 -1 -1 -1 -1 -1 -1 -1 -1 -1 -1 -1 -1 -1 -1 -1 -1 -1 -1 -1 -1 3018 3078 3098 3147 3155 3122 3136 3136 3125 3011 2984 2995 2995 2991 2996 2991 3036 3268 3362 3455 3455 3483 3398 3548 3560 3571 3561 3561 3504 3474 3479 3518 3576 3553 3510 3508 3370 3425 3481 3481 3436 3436 3399 3437 3449 3390 3344 3344 3366 3324 3320 3320 3295 3295 3311 3306 3322 3317 3421 3459 3379 3608 3744
-1 -1 -1 -1 -1 -1 -1 -1 -1 -1 -1 -1 -1 -1 -1 -1 -1 -1 -1 -1 -1 -1 -1 -1 -1 -1 -1 -1 -1 -1 -1 -1 -1 -1 3041 3097 3131 3155 3178 3155 3147 3139 3022 3022 2963 3055 3066 2985 2730 3027 3223 3334 3400 3444 3424 3457 3548 3550 3550 3526 3561 3561 3479 3490 3565 3565 3507 3507 3442 3379 3447 3447 3425 3425 3387 3399 3429 3437 3381 3326 3326 3332 3332 3298 3320 3320 3308 3311 3311 3345 3443 3448 3507 3507 3694 3832
-1 -1 -1 -1 -1 -1 -1 -1 -1 -1 -1 -1 -1 -1 -1 -1 -1 -1 -1 -1 -1 -1 -1 -1 -1 -1 -1 -1 -1 -1 -1 -1 -1 -1 -1 3088 3131 3155 3181 3189 3166 3159 3125 3117 3069 3077 3066 3024 2985 3166 3213 3348 3398 3432 3457 3468 3481 3550 3550 3547 3512 3512 3490 3476 3542 3542 3531 3507 3389 3391 3413 3436 3405 3347 3358 3388 3437 3437 3395 3349 3349 3321 3331 3331 3289 3309 3300 3303 3262 3345 3443 3473 3672 3662 3694 3832
-1 -1 -1 -1 -1 -1 -1 -1 -1 -1 -1 -1 -1 -1 -1 -1 -1 -1 -1 -1 -1 -1 -1 -1 -1 -1 -1 -1 -1 -1 -1 -1 -1 -1 -1 3074 3122 3170 3170 3189 3247 3189 3128 3117 3089 3122 3122 3077 2791 2719 3213 3334 3356 3399 3457 3513 3539 3547 3547 3512 3486 3504 3501 3500 3542 3534 3496 3496 3440 3391 3379 3413 3413 3335 3357 3369 3426 3426 3371 3349 3341 3321 3323 3366 3289 3300 3300 3262 3253 3259 3443 3473 3738 3738 3812 3820
-1 -1 -1 -1 -1 -1 -1 -1 -1 -1 -1 -1 -1 -1 -1 -1 -1 -1 -1 -1 -1 -1 -1 -1 -1 -1 -1 -1 -1 -1 -1 -1 -1 -1 -1 -1 3099 3162 3170 3189 3269 3269 3234 3211 3139 3224 3197 3121 2976 2789 3105 3156 3356 3356 3397 3505 3525 3547 3502 3477 3477 3497 3497 3508 3473 3484 3443 3428 3429 3406 3372 3302 3413 3324 3309 3346 3403 3426 3368 3338 3316 3212 3286 3366 3366 3331 3288 3280 3249 3251 3434 3473 3738 3809 3809 3785
-1 -1 -1 -1 -1 -1 -1 -1 -1 -1 -1 -1 -1 -1 -1 -1 -1 -1 -1 -1 -1 -1 -1 -1 -1 -1 -1 -1 -1 -1 -1 -1 -1 -1 -1 -1 3099 3131 3165 3180 3261 3269 3235 3234 3234 3235 3235 3179 3132 3120 3155 3188 3334 3383 3383 3435 3513 3525 3536 3447 3388 3457 3457 3457 3450 3443 3421 3384 3406 3406 3384 3323 3313 3285 3281 3311 3357 3357 3338 3338 3315 3223 3344 3353 3419 3396 3275 3225 3264 3395 3462 3497 3662 3809 3809 3798
-1 -1 -1 -1 -1 -1 -1 -1 -1 -1 -1 -1 -1 -1 -1 -1 -1 -1 -1 -1 -1 -1 -1 -1 -1 -1 -1 -1 -1 -1 -1 -1 -1 -1 -1 -1 2947 3101 3165 3180 3235 3281 3295 3268 3245 3304 3246 3246 3147 3123 3086 3155 3180 3383 3426 3437 3447 3502 3479 3491 3435 3328 3339 3339 3432 3432 3361 3361 3361 3372 3364 3309 3285 2981 3273 3281 3304 3315 3315 3307 3344 3344 3389 3411 3419 3419 3386 3354 3307 3488 3496 3662 3654 3662 3798 3798
-1 -1 -1 -1 -1 -1 -1 -1 -1 -1 -1 -1 -1 -1 -1 -1 -1 -1 -1 -1 -1 -1 -1 -1 -1 -1 -1 -1 -1 -1 -1 -1 -1 -1 -1 -1 -1 3101 3123 3170 3227 3269 3303 3315 3326 3326 3250 3246 3238 3144 3155 3168 3372 3426 3426 3425 3436 3447 3364 3434 3435 3319 3311 3296 3350 3350 3350 3361 3350 3258 3250 3080 3072 2948 2959 3281 3281 3293 3315 3293 3344 3366 3419 3422 3454 3446 3408 3398 3395 3488 3499 3522 3651 3653 3763 3798
-1 -1 -1 -1 -1 -1 -1 -1 -1 -1 -1 -1 -1 -1 -1 -1 -1 -1 -1 -1 -1 -1 -1 -1 -1 -1 -1 -1 -1 -1 -1 -1 -1 -1 -1 -1 2969 2959 3112 3170 3225 3257 3281 3303 3326 3326 3303 3293 3291 3154 3134 3092 3372 3400 3415 3425 3425 3411 3344 3423 3313 3424 3319 3330 3339 3350 3350 3250 3137 3069 3058 3080 2988 -1 -1 3101 3172 3286 3286 3263 3355 3389 3422 3433 3454 3454 3455 3455 3400 3430 3511 3651 3533 3674 3715 3786
-1 -1 -1 -1 -1 -1 -1 -1 -1 -1 -1 -1 -1 -1 -1 -1 -1 -1 -1 -1 -1 -1 -1 -1 -1 -1 -1 -1 -1 -1 -1 -1 -1 -1 -1 -1 -1 2980 3068 3134 3198 3246 3260 3280 3315 3337 3337 3329 3292 3157 3146 3092 3371 3363 3404 3425 3425 3425 3378 3313 3296 3423 3423 3338 3338 3306 3239 3239 3136 3069 3069 3050 2999 2957 -1 3101 3161 3263 3263 3263 3332 3366 3411 3433 3444 3444 3455 3466 3466 3477 3489 3640 3640 3706 3751 3751
-1 -1 -1 -1 -1 -1 -1 -1 -1 -1 -1 -1 -1 -1 -1 -1 -1 -1 -1 -1 -1 -1 -1 -1 -1 -1 -1 -1 -1 -1 -1 -1 -1 -1 -1 -1 -1 -1 3046 3068 3178 3213 3246 3280 3302 3305 3337 3338 3302 3291 3256 3146 3371 3371 3371 3414 3414 3413 3302 3302 3286 3415 3423 3412 3401 3306 3239 3196 3103 3058 3073 3084 3084 3073 3018 3068 3149 3183 3255 3254 3332 3332 3366 3430 3386 3386 3411 3466 3466 3477 3488 3447 3498 3639 3629 3751
-1 -1 -1 -1 -1 -1 -1 -1 -1 -1 -1 -1 -1 -1 -1 -1 -1 -1 -1 -1 -1 -1 -1 -1 -1 -1 -1 -1 -1 -1 -1 -1 -1 -1 -1 -1 -1 -1 -1 3189 3189 3200 3211 3268 3280 3302 3327 3338 3338 3349 3267 3360 3360 3365 3365 3414 3414 3400 3331 3343 3321 3320 3381 3401 3412 3273 3234 3062 3062 3062 3073 3084 3084 3108 3097 3145 3112 3139 3218 3218 3324 3358 3366 3375 3364 3378 3389 3389 3400 3411 3411 3367 3436 3629 3629 3692
-1 -1 -1 -1 -1 -1 -1 -1 -1 -1 -1 -1 -1 -1 -1 -1 -1 -1 -1 -1 -1 -1 -1 -1 -1 -1 -1 -1 -1 -1 -1 -1 -1 -1 -1 -1 -1 -1 -1 -1 3189 3189 3199 3233 3269 3302 3304 3338 3338 3349 3349 3360 3365 3380 3405 3413 3400 3400 3366 3378 3378 3321 3389 3293 3400 3354 3234 3118 3076 3107 3096 3085 3095 3095 3119 3153 3153 3165 3176 3165 3310 3321 3334 3334 3311 3334 3318 3328 3314 3356 3367 3367 3447 3482 3583 3729
-1 -1 -1 -1 -1 -1 -1 -1 -1 -1 -1 -1 -1 -1 -1 -1 -1 -1 -1 -1 -1 -1 -1 -1 -1 -1 -1 -1 -1 -1 -1 -1 -1 -1 -1 -1 -1 -1 -1 -1 -1 -1 -1 3230 3222 3286 3315 3317 3325 3349 3349 3354 3365 3402 3413 3413 3390 3367 3389 3378 3378 3389 3389 3304 3315 3315 3280 3118 3107 3235 3096 3089 3083 3095 3142 3153 3120 3116 3176 3187 3267 3310 3310 3310 3334 3300 3296 3235 3246 3179 3273 3223 3379 3527 3618 3626
-1 -1 -1 -1 -1 -1 -1 -1 -1 -1 -1 -1 -1 -1 -1 -1 -1 -1 -1 -1 -1 -1 -1 -1 -1 -1 -1 -1 -1 -1 -1 -1 -1 -1 -1 -1 -1 -1 -1 -1 -1 -1 -1 3253 3252 3244 3300 3326 3326 3310 3309 3353 3391 3402 3391 3402 3381 3389 3389 3389 3378 3322 3332 3312 3309 3309 3280 3246 3235 3224 3089 3084 3087 3118 3142 3142 3119 3111 3111 3187 3165 3233 3256 3310 3299 3299 3285 3274 3262 3226 3273 3273 3371 3379 3582 3615
-1 -1 -1 -1 -1 -1 -1 -1 -1 -1 -1 -1 -1 -1 -1 -1 -1 -1 -1 -1 -1 -1 -1 -1 -1 -1 -1 -1 -1 -1 -1 -1 -1 -1 -1 -1 -1 -1 -1 -1 -1 -1 -1 3264 3264 3242 3252 3326 3326 3325 3321 3339 3391 3359 3367 3378 3381 3378 3378 3355 3355 3344 3333 3282 3309 3309 3278 3246 3235 3212 3092 3100 3064 3117 3164 3153 3132 3084 3154 3165 3133 3132 3236 3276 3299 3299 3290 3285 3274 3262 3262 3356 3379 3519 3527 3604
-1 -1 -1 -1 -1 -1 -1 -1 -1 -1 -1 -1 -1 -1 -1 -1 -1 -1 -1 -1 -1 -1 -1 -1 -1 -1 -1 -1 -1 -1 -1 -1 -1 -1 -1 -1 -1 -1 -1 -1 -1 -1 -1 -1 3264 3275 3275 3309 3337 3337 3332 3351 3359 3324 3367 3369 3370 3378 3355 3304 3347 3293 3293 3142 3254 3298 3298 3241 3223 3203 3201 3066 3021 3107 3141 3175 3167 3153 3175 3210 3168 3176 3213 3287 3298 3298 3276 3263 3274 3263 3263 3382 3382 3494 3516 3592
