R/wo_max/noveg_5800/arrival.asc
NCOLS 638
NROWS 825
XLLCORNER -2985163.8955
YLLCORNER -3022031.214
CELLSIZE 10000
NODATA_value -1
[rows 378 to 419 of 825, columns 192 to 287 of 638]
-1 -1 -1 2509 2509 2442 2506 2515 2540 2427 2427 -1 -1 -1 -1 -1 -1 -1 628 662 672 684 694 683 669 639 608 608 -1 -1 -1 -1 -1 -1 -1 -1 -1 -1 -1 -1 -1 -1 -1 -1 -1 -1 -1 -1 1931 1911 3118 3200 3200 3394 3394 3383 3383 3500 3508 3440 3321 3440 3440 3481 3489 3545 3553 3574 3575 3575 3599 3564 3520 3446 3446 3425 3397 3378 3335 3316 3305 3282 3271 3271 3259 3260 3223 3212 3238 3201 3190 3192 3179 3168 3168 3133
-1 -1 -1 -1 2509 2475 2453 2475 2469 2416 2354 2354 -1 -1 -1 -1 -1 -1 620 629 629 636 705 705 697 650 619 619 611 -1 -1 -1 -1 -1 -1 -1 -1 -1 -1 -1 -1 -1 -1 -1 -1 -1 -1 -1 -1 -1 3129 3192 3226 3245 3394 3234 3322 3373 3497 3450 3396 3440 3440 3456 3478 3524 3524 3524 3564 3555 3530 3531 3447 3411 3425 3409 3378 3338 3327 3295 3293 3293 3235 3210 3234 3192 3164 3164 3147 3114 3104 3176 3121 3132 3133 3133
-1 -1 -1 -1 2498 2486 2475 2475 2469 2469 2357 2354 604 -1 -1 -1 -1 -1 -1 618 621 629 684 705 695 650 604 619 -1 -1 -1 -1 -1 -1 -1 -1 -1 -1 -1 -1 -1 -1 -1 -1 -1 -1 -1 -1 -1 -1 3129 3189 3223 3246 3234 3191 3323 3381 3497 3497 3451 3439 3440 3453 3478 3507 3507 3480 3531 3530 3509 3508 3446 3401 3390 3390 3338 3338 3304 3304 3293 3234 3210 3203 3137 3126 3126 3141 3147 3104 3104 3093 3095 3069 3058 3099
-1 -1 -1 -1 2498 2498 2399 2467 2458 2419 2357 2349 615 -1 -1 -1 -1 -1 -1 -1 -1 635 706 706 642 650 642 630 619 -1 -1 -1 -1 -1 -1 -1 -1 -1 -1 -1 -1 -1 -1 -1 -1 -1 -1 -1 -1 -1 3106 3158 3201 3234 3199 3199 3345 3356 3451 3486 3466 3394 3429 3445 3453 3455 3467 3467 3469 3458 3458 3422 3401 3401 3390 3349 3335 3338 3304 3304 3246 3198 3140 3118 3137 3115 3126 3115 3115 3104 3104 3080 3052 3029 3018 2996
-1 -1 -1 -1 -1 2487 2388 2388 2458 2458 2381 2363 2231 615 -1 -1 -1 -1 -1 -1 -1 646 706 706 637 717 661 653 631 -1 -1 -1 -1 -1 -1 -1 -1 -1 -1 -1 -1 -1 -1 -1 -1 -1 -1 -1 2859 2918 3131 3140 3189 3200 3199 3206 3356 3333 3396 3486 3485 3408 3382 3382 3389 3418 3456 3456 3455 3433 3433 3412 3371 3360 3360 3325 3315 3315 3268 3303 3224 3194 3140 3118 3118 3063 3084 3084 3073 3073 3062 3062 3051 3006 2995 2995
-1 -1 -1 -1 -1 2377 2385 2388 2409 2447 2446 2384 2265 626 -1 -1 -1 -1 -1 -1 601 646 705 691 717 728 728 673 653 -1 -1 -1 -1 -1 -1 -1 -1 -1 -1 -1 -1 -1 -1 -1 -1 -1 -1 -1 2859 2984 3140 3140 3158 3188 3194 3313 3322 3194 3300 3406 3475 3474 3395 3382 3371 3378 3378 3393 3393 3382 3382 3412 3371 3336 3336 3326 3326 3314 3268 3257 3224 3150 3129 3094 3074 3063 3005 3051 3029 3030 3030 2985 2997 2986 2986 2975
-1 -1 -1 -1 -1 2377 2377 2363 2384 2447 2447 2385 2265 637 629 -1 -1 -1 -1 -1 -1 657 657 647 692 728 706 672 664 653 645 -1 -1 -1 -1 -1 -1 -1 -1 -1 -1 -1 -1 -1 -1 -1 -1 -1 2870 2976 3069 3069 3119 3160 3160 3217 3217 3228 3111 3405 3475 3475 3339 3303 3371 3371 3369 3393 3387 3387 3381 3371 3348 3337 3337 3326 3278 3226 3235 3128 3089 3059 3071 3060 3074 3008 2982 2982 2979 2968 2968 2957 2950 2985 2974 2974
-1 -1 -1 -1 -1 2366 2366 2384 2384 2436 2436 2397 2258 637 637 -1 -1 -1 -1 -1 -1 -1 669 681 692 739 695 695 686 653 608 -1 -1 -1 -1 -1 -1 -1 -1 -1 -1 -1 -1 -1 -1 -1 -1 2873 2881 2925 2926 3017 3047 3099 3125 3206 3183 3220 3228 3398 3464 3418 3338 3303 3360 3361 3396 3404 3404 3387 3338 3348 3347 3337 3329 3279 3217 3092 3106 3072 3061 3050 3050 3027 3039 3004 2990 2979 2979 2968 2959 2946 2946 2935 2935 2924
-1 -1 -1 -1 -1 2366 2366 2355 2375 2392 2436 2436 2323 2258 638 637 -1 -1 -1 -1 -1 -1 683 692 739 739 731 695 664 664 664 607 -1 -1 -1 -1 -1 -1 -1 -1 -1 -1 -1 -1 -1 -1 -1 -1 2893 2926 3035 3035 3086 3086 3125 3125 3148 3228 3236 3340 3464 3464 3339 3319 3386 3409 3409 3404 3398 3359 3349 3338 3338 3327 3195 3217 3216 3060 3060 3049 3049 3016 3050 3012 3001 2990 2990 2968 2979 2882 2957 2942 2946 2931 2935 2867
-1 -1 -1 -1 -1 2355 2344 2322 2377 2396 2435 2427 2389 2281 649 649 608 608 619 -1 -1 696 727 738 730 762 751 739 721 664 664 -1 -1 -1 -1 -1 -1 -1 -1 -1 -1 -1 -1 -1 -1 -1 -1 -1 2937 3035 3035 3046 3086 3081 3036 3125 3148 3225 3281 3406 3407 3453 3371 3371 3431 3409 3409 3398 3398 3349 3348 3338 3338 3160 3133 3122 3113 3058 3060 3038 3026 3015 3015 3004 2909 2910 2990 2873 2862 2862 2851 2851 2850 2850 2839 2785
-1 -1 -1 -1 -1 2344 2333 2311 2385 2400 2435 2435 2400 2303 670 649 629 629 662 630 640 705 727 738 738 773 751 750 750 685 675 675 622 -1 -1 -1 -1 -1 -1 -1 -1 -1 -1 -1 -1 -1 -1 2824 2882 3002 3059 3070 3075 3011 3000 3000 3115 3137 3258 3338 3450 3453 3453 3431 3431 3420 3371 3371 3349 3254 3154 3158 3158 3110 3133 3095 3069 3049 3049 3019 3026 2896 3013 2852 2885 2852 2884 2830 2819 2819 2807 2808 2796 2841 2775 2784
-1 -1 -1 -1 -1 2333 2333 2301 2321 2374 2414 2424 2402 2303 2295 660 660 640 662 673 673 727 727 718 773 773 765 750 732 732 696 688 -1 -1 -1 -1 -1 -1 -1 -1 -1 -1 -1 -1 -1 -1 -1 -1 2951 3001 3070 3075 3075 3000 2977 3024 3104 3104 3247 3281 3316 3442 3442 3439 3439 3420 3260 3268 3268 3260 3109 3117 3144 3106 3103 3092 3092 3060 3049 2909 3019 2863 2895 2810 2794 2794 2783 2807 2808 2808 2807 2807 2717 2796 2671 2671
-1 -1 -1 -1 -1 2333 2332 -1 -1 2352 2403 2424 2424 2331 2303 703 695 671 662 673 716 716 716 717 738 774 774 774 761 676 696 696 686 633 610 -1 -1 -1 -1 -1 -1 -1 -1 -1 -1 -1 -1 -1 2846 3001 3001 3070 3036 3001 2978 3104 2989 2967 3093 3248 3270 3247 3360 3371 3439 3428 3329 3337 3282 3170 2942 2950 2952 3085 3085 3092 3092 3060 3030 2874 2874 2832 2805 2805 2794 2794 2764 2764 2753 2753 2799 2807 2673 2661 2660 2660
-1 -1 -1 -1 -1 2300 2300 -1 -1 2365 2365 2412 2413 2401 2317 703 703 716 703 693 693 695 695 718 750 774 774 773 750 728 675 697 697 697 610 -1 -1 -1 -1 -1 -1 -1 -1 -1 -1 -1 -1 -1 2833 2937 3001 3036 3070 3001 3025 2979 2978 2967 3070 3071 3082 3082 3328 3373 3428 3417 3371 3348 3303 3268 2620 3063 3096 3103 3103 3095 3081 3041 2894 2864 2761 2816 2740 2729 2726 2728 2717 2717 2706 2753 2684 2684 2661 2661 2651 2660
-1 -1 -1 -1 -1 2289 2289 -1 -1 -1 2340 2401 2413 2342 2318 705 704 716 716 716 727 727 684 694 707 729 741 785 785 752 644 725 733 708 708 621 -1 -1 -1 -1 -1 -1 -1 -1 -1 -1 -1 -1 2855 2890 2967 2978 3027 3036 3025 2993 2947 2967 2936 2978 2989 3093 3325 3372 3428 3405 3371 3363 3326 3269 3190 2806 3107 3107 3103 3072 3041 2906 2875 2751 2751 2730 2740 2684 2690 2673 2662 2662 2651 2643 2632 2618 2598 2587 2587 2578
-1 -1 -1 -1 -1 -1 -1 -1 -1 2340 2340 2393 2401 2342 2318 705 705 716 716 685 727 738 730 738 764 739 742 796 785 752 698 767 767 708 708 621 -1 -1 -1 -1 -1 -1 -1 -1 -1 -1 -1 2766 2855 2924 2967 2967 2968 2969 3002 3025 2967 2967 2978 3103 3082 3129 3303 3371 3405 3405 3371 3338 3302 3291 3190 3107 3107 3104 3104 3064 2917 2752 2752 2741 2751 2695 2700 2684 2665 2665 2654 2654 2643 2643 2609 2598 2598 2586 2587 2532
-1 -1 -1 -1 -1 -1 -1 -1 -1 -1 2287 2390 2390 2307 2307 705 705 671 660 671 727 738 772 806 806 740 796 807 799 744 785 785 785 709 719 719 708 623 -1 -1 -1 -1 -1 -1 -1 -1 -1 -1 2821 2855 2958 2924 2932 2932 2979 3014 3013 2958 2966 3126 3126 3241 3241 3272 3397 3405 3360 3337 3302 3235 3223 3108 3099 3104 3104 2763 2763 2752 2751 2723 2712 2677 2666 2666 2636 2665 2643 2654 2612 2643 2532 2532 2566 2543 2555 2441
-1 -1 -1 -1 -1 -1 -1 -1 -1 -1 2287 2331 2390 2332 2331 704 694 664 660 645 682 737 737 784 806 773 783 807 807 808 808 807 734 708 719 719 623 621 -1 -1 -1 -1 -1 -1 -1 -1 -1 -1 2821 2821 2916 2913 2902 2933 2970 3014 3014 3003 2956 3000 3126 3126 3219 3230 3302 3336 3336 3313 3279 3234 3200 3126 3115 3115 2831 2759 2762 2750 2714 2698 2677 2677 2665 2666 2636 2609 2544 2544 2532 2533 2497 2483 2486 2463 2438 2438
-1 -1 -1 -1 -1 -1 -1 1912 1912 1901 2287 2324 2379 2331 2331 2277 704 664 640 627 -1 737 765 772 831 806 798 805 805 808 808 819 819 819 635 -1 730 730 -1 -1 -1 -1 -1 -1 -1 -1 -1 -1 2813 2821 2879 2879 2868 2933 2945 2957 2967 3002 2958 2966 3013 3115 3139 3219 3219 3219 3336 3257 3223 3207 3196 3126 3115 2841 2785 2759 2709 2750 2709 2688 2677 2677 2566 2566 2530 2544 2519 2544 2508 2494 2497 2444 2444 2449 2433 2438
-1 -1 -1 -1 -1 -1 2000 2000 1912 1901 2308 2378 2379 2379 2332 2233 705 705 651 627 -1 619 773 795 842 853 818 829 818 808 799 819 819 841 688 688 730 722 690 -1 -1 -1 -1 -1 -1 -1 -1 -1 2681 2777 2834 2845 2857 2887 2945 2945 2944 2903 2876 2932 2955 3013 3115 3126 3206 3207 3249 3257 3207 3199 3115 3029 2897 2785 2777 2720 2720 2720 2720 2688 2552 2567 2541 2566 2530 2519 2519 2455 2508 2444 2433 2433 2432 2433 2433 2422
-1 -1 -1 -1 -1 -1 2011 2000 1923 1908 2300 2367 2368 2368 2333 2264 739 740 739 673 751 762 773 773 806 853 853 864 864 853 822 765 830 841 841 832 818 818 710 702 -1 -1 -1 -1 -1 -1 -1 603 611 2703 2801 2837 2833 2865 2934 2933 2875 2846 2835 2879 2818 2833 2924 2896 3036 3117 3171 3171 3171 3137 3129 2897 2816 2792 2757 2719 2710 2720 2719 2578 2552 2481 2470 2470 2459 2466 2448 2455 2437 2431 2410 2410 2389 2399 2378 2378
-1 -1 -1 -1 -1 -1 2022 2014 2088 2086 2322 2368 2368 2368 2333 2275 739 740 740 751 762 762 663 785 842 853 818 864 864 875 833 875 878 910 853 853 852 818 710 710 -1 -1 -1 -1 -1 -1 608 611 2703 2703 2726 2833 2768 2865 2898 2898 2848 2846 2835 2879 2879 2774 2896 2873 3021 3117 3117 3106 3105 2971 2940 2827 2808 2757 2748 2731 2731 2731 2697 2513 2543 2447 2436 2436 2402 2459 2448 2448 2411 2411 2400 2402 2389 2389 2378 2378
-1 -1 -1 -1 -1 -1 -1 2022 2110 2110 2333 2357 2367 2367 2343 2324 2241 740 740 751 751 754 738 799 841 807 811 811 832 875 911 911 911 910 910 865 842 840 840 609 -1 -1 -1 -1 -1 611 619 619 2613 2678 2705 2801 2775 2730 2857 2898 2800 2744 2835 2868 2824 2818 2818 2679 2862 2863 3011 2862 3021 2940 2830 2827 2819 2731 2731 2721 2731 2563 2552 2491 2477 2447 2403 2435 2392 2392 2381 2381 2410 2411 2400 2400 2368 2369 2357 2346
-1 -1 -1 -1 -1 -1 -1 2111 2110 2132 2308 2333 2359 2367 2344 2332 2264 729 729 751 751 762 785 841 841 833 796 774 785 796 898 911 911 888 902 888 854 852 712 -1 -1 -1 -1 -1 -1 -1 619 619 2624 2667 2713 2801 2801 2740 2857 2849 2741 2722 2820 2868 2868 2831 2818 2679 2689 2852 2862 2740 2862 2841 2777 2819 2817 2742 2742 2742 2742 2514 2488 2488 2414 2414 2402 2403 2301 2392 2302 2301 2301 2332 2321 2360 2368 2357 2357 2305
-1 -1 -1 -1 -1 -1 -1 2122 2133 2154 2325 2333 2333 2334 2321 2321 2256 740 718 718 751 774 785 806 830 830 794 794 786 796 866 922 922 887 876 876 863 863 712 631 -1 -1 -1 630 641 641 1158 1194 2667 2667 2731 2790 2786 2740 2822 2767 2634 2707 2822 2857 2857 2845 2796 2763 2763 2762 2679 2715 2841 2841 2768 2819 2792 2742 2732 2742 2734 2524 2447 2488 2231 2228 2217 2217 2050 2206 2039 2208 2208 2259 2210 2248 2237 2237 2288 2305
-1 -1 -1 -1 -1 -1 -1 2122 2133 2154 2176 2289 2322 2322 2310 2310 2231 751 721 719 774 784 730 798 806 819 806 807 670 829 875 887 922 901 900 876 874 852 711 642 619 -1 -1 -1 641 1182 1161 1194 2635 2652 2740 2790 2790 2764 2767 2742 2671 2708 2710 2856 2857 2820 2810 2837 2787 2762 2737 2651 2666 2768 2778 2789 2789 2766 2743 2743 2524 2524 2393 2242 2228 2228 2051 2008 2008 1997 1997 2184 2192 2181 2181 2170 2170 2237 2224 2226
-1 -1 -1 -1 -1 -1 -1 2121 2079 2102 2187 2266 2299 2299 2299 2275 751 762 738 719 774 795 795 762 806 807 807 818 672 829 829 840 933 933 923 923 874 840 734 653 653 -1 644 652 1113 1182 1182 1205 1205 2644 2708 2767 2775 2764 2756 2741 2598 2697 2733 2846 2736 2785 2845 2845 2801 2786 2677 2666 2687 2776 2776 2789 2789 2768 2743 2743 2673 2516 2254 2237 1900 1885 1896 1896 1963 1997 1997 1986 1986 1980 2181 2016 2005 2159 2159 2148
-1 -1 -1 -1 -1 -1 2068 2068 2044 2044 2136 2263 2288 2299 2298 2264 2140 762 762 773 773 795 795 762 773 807 771 818 818 818 829 -1 922 944 944 874 874 839 646 653 653 -1 665 1081 1174 1182 1159 1184 1205 2641 2695 2718 2752 2764 2753 2671 2598 2660 2699 2722 2699 2699 2813 2845 2802 2786 2733 2727 2775 2776 2800 2800 2779 2754 2754 2743 2524 2407 2237 2237 1907 1907 1896 1896 1885 1913 1923 1981 1986 1975 1964 1964 2005 2005 1998 2148
-1 -1 -1 -1 -1 -1 2068 2057 -1 -1 -1 2218 2263 2298 2298 2231 2151 762 730 708 773 784 784 764 753 713 705 818 818 806 828 840 874 944 936 874 866 839 640 -1 664 654 676 1125 1171 1171 1113 1208 1216 2630 2702 2702 2709 2691 2680 2668 2590 2579 2685 2686 2686 2688 2713 2834 2834 2791 2786 2775 2775 2811 2800 2800 2779 2754 2754 2536 2471 2407 1966 1896 1907 1907 1895 1896 1885 1925 1934 1923 1902 1902 1964 1964 1914 1981 1990 1998
-1 -1 -1 -1 -1 -1 -1 2046 -1 -1 -1 2218 2263 2290 2298 2231 2129 727 698 685 673 772 784 753 713 713 768 699 730 806 718 842 875 945 945 840 840 733 668 -1 687 676 676 1140 1148 1113 1169 1216 1216 2596 2646 2669 2691 2680 2668 2609 2322 2503 2543 2637 2685 2677 2776 2802 2823 2823 2775 2812 2811 2811 2790 2776 2776 2742 2626 2513 2449 2097 2085 1918 1918 1885 1934 1935 1935 1934 1934 1913 1873 1883 1883 1899 1888 1891 1892 1881
-1 -1 -1 -1 -1 -1 -1 -1 -1 -1 1818 2229 2252 2253 2252 2229 2143 699 699 664 715 773 773 742 757 757 768 768 807 807 778 828 944 945 956 886 839 757 735 687 687 654 1069 1148 1148 1090 1147 1217 1217 2626 2634 2646 2634 2620 2609 -1 2322 2533 2543 2636 2685 2685 2677 2687 2822 2823 2812 2812 2801 2803 2790 2776 2741 2695 2635 2460 2418 2097 2085 1918 1918 1945 1946 1935 1935 1924 1924 1894 1894 1883 1883 1872 1888 1888 1866 1881
-1 -1 -1 -1 -1 -1 -1 -1 -1 -1 1818 2221 2229 2241 2240 2195 2089 727 688 653 724 773 773 773 757 757 785 768 779 819 790 842 901 909 956 956 967 967 956 935 698 -1 1047 1114 1137 1082 1082 1216 1217 2549 2574 2623 2620 2620 2495 -1 2279 2492 2521 2625 2674 2674 2674 2692 2708 2780 2812 2812 2728 2764 2776 2753 2717 2694 2618 2460 2108 2108 1929 1957 1957 1946 1946 1834 1935 1897 1924 1894 1894 1873 1883 1870 1859 1859 1850 1850
-1 -1 -1 -1 -1 -1 -1 -1 -1 1817 1829 2162 2229 2229 2221 2150 2097 738 728 727 762 773 774 774 785 785 796 796 799 819 830 830 853 909 956 956 967 967 978 978 990 943 1069 1095 1095 1106 1106 1228 1228 1414 1434 2572 2572 2502 1439 -1 2275 2337 2510 2594 2663 2688 2692 2708 2751 2751 2769 2766 2682 2764 2764 2752 2709 2535 2618 2107 2108 1969 1968 1957 1957 1917 1946 1906 1906 1905 1905 1884 1883 1780 1841 1870 1834 1859 1819 1835
-1 -1 -1 -1 -1 -1 -1 -1 -1 -1 1829 2161 2172 2195 2187 2093 2039 738 728 740 773 777 774 774 785 785 796 796 772 808 830 841 833 867 875 875 874 759 970 978 1001 1012 1070 1095 1080 1040 1106 1228 1227 1380 1447 2490 1448 1447 1436 -1 2255 2311 2510 2603 2681 2692 2721 2716 2751 2758 2751 2730 2668 2740 2740 2591 2629 2484 2137 2119 2119 1968 1968 1928 1928 1917 1917 1906 1906 1895 1895 1791 1791 1780 1780 1825 1830 1819 1819 1808
-1 -1 -1 -1 -1 -1 -1 -1 -1 -1 1849 2127 2151 2195 2161 2116 2016 741 738 740 763 777 778 778 785 767 761 772 753 742 801 852 841 812 874 866 793 751 725 701 990 1059 1084 1084 1081 1117 1176 1239 1239 1327 1390 1448 1448 1447 1412 1406 1409 2300 2524 2603 2681 2721 2721 2740 2758 2758 2758 2716 2658 2718 2717 2546 2546 2303 2130 2119 2119 1940 1939 1928 1928 1837 1917 1905 1906 1895 1895 1776 1786 1765 1765 1743 1743 1742 1745 1808
-1 -1 -1 -1 -1 -1 1706 1705 -1 -1 1860 2119 2127 2153 2116 2094 2040 755 750 766 777 769 778 778 789 789 746 746 803 721 799 840 863 874 874 838 778 711 705 617 978 1012 1024 1059 1081 1117 1171 1239 1215 1342 1426 1459 1459 1425 1417 1420 1420 2516 2586 2594 2669 2716 2721 2747 2747 2716 2716 2681 2681 2681 2639 2493 2493 2147 2130 1951 1951 1939 1939 1846 1917 1803 1803 1792 1792 1801 1802 1770 1776 1754 1778 1743 1743 1756 1756 1745
-1 -1 -1 -1 -1 -1 1717 1716 -1 -1 1838 2060 2083 2104 2093 2048 2048 755 766 766 751 756 778 777 789 789 800 744 811 811 811 841 863 863 847 789 789 623 631 705 701 1012 1003 1047 1073 1126 1198 1250 1305 1339 1384 1459 1459 1413 1424 1430 1497 2524 2594 2594 2672 2705 2714 2747 2747 2705 2716 2683 2681 2648 2539 2504 2314 2135 2121 1939 1940 1857 1931 1808 1733 1802 1803 1777 1777 1781 1781 1765 1789 1778 1778 1766 1767 1756 1756 1731
-1 -1 -1 -1 -1 -1 1805 1717 1682 -1 1863 1951 2041 2085 2070 2048 1991 755 754 740 734 745 756 756 788 757 800 800 811 752 832 852 847 847 847 789 789 732 716 716 716 636 1005 1047 1039 1126 1193 1285 1308 1350 1381 1470 1470 1413 1424 1564 1564 2501 2583 2612 2683 2707 2740 2740 2717 2697 2705 2693 2648 2647 2539 2503 2135 2135 1879 1847 1819 1819 1802 1710 1799 1714 1788 1777 1789 1791 1791 1789 1789 1735 1778 1767 1767 1723 1756 1755
-1 -1 -1 -1 -1 1805 1816 1805 1827 1695 1776 1965 2014 2037 2026 2025 1981 1408 744 722 725 734 745 735 767 789 800 800 811 811 840 840 847 846 822 792 800 766 629 716 636 624 665 1025 682 1126 1204 1311 1319 1364 1424 1470 1459 1371 1435 1564 1564 1553 2572 2572 2683 2706 2740 2732 2671 2694 2705 2650 2628 2620 2336 2336 2146 1983 1879 1847 1815 1810 1810 1799 1799 1788 1788 1802 1802 1791 1791 1688 1781 1678 1678 1758 1767 1745 1747 1712
-1 -1 -1 -1 -1 1805 1816 1816 1731 1827 1871 1951 1973 1973 1971 1939 1917 738 738 700 733 733 724 735 759 799 800 800 818 811 829 829 775 858 858 857 800 766 673 727 727 623 -1 658 660 682 1204 1285 1319 1364 1446 1481 1435 1413 1575 1567 1553 1553 2536 2568 2682 2683 2706 2706 2671 2671 2694 2647 2561 2553 2347 2167 2146 1858 1858 1846 1693 1601 1810 1788 1799 1813 1813 1802 1802 1676 1791 1780 1780 1678 1769 1758 1758 1747 1747 1743
-1 -1 -1 -1 -1 1794 1816 1761 1671 1819 1871 1905 1940 1962 1939 1905 1842 726 691 701 733 724 720 687 809 821 833 832 818 818 829 818 775 792 869 858 869 766 673 727 817 623 693 762 754 729 1204 1293 1319 1367 1481 1481 1421 1575 1575 1422 1497 1542 2525 2568 2668 2668 2706 2698 2664 2647 2660 2638 2526 2518 2347 2168 2168 1858 1858 1696 1681 1685 1674 1709 1824 1813 1813 1695 1800 1676 1673 1780 1780 1769 1769 1758 1758 1754 1754 1736
-1 -1 -1 -1 -1 -1 1793 1671 1663 1661 1671 1905 1897 1892 1850 1850 1430 691 691 691 653 675 619 687 810 832 833 833 818 818 738 738 765 822 826 869 869 800 765 738 809 817 817 806 802 757 1236 1304 1367 1458 1506 1461 1421 1470 1576 1481 1470 1510 1543 2557 2646 2657 2673 2672 2646 2589 2647 2567 2358 2358 2181 2168 1869 1869 1858 1729 1731 1720 1835 1824 1824 1698 1698 1695 1695 1683 1684 1673 1660 1765 1769 1651 1648 1746 1754 1736
