R/wo_max/noveg_5800/arrival.asc
NCOLS 638
NROWS 825
XLLCORNER -2985163.8955
YLLCORNER -3022031.214
CELLSIZE 10000
NODATA_value -1
[rows 252 to 293 of 825, columns 192 to 287 of 638]
3559 3570 3691 3826 3826 3723 3958 3829 3868 4002 3983 3994 3994 4005 3984 3997 3973 3996 4005 3972 3971 4048 4100 4131 4120 4108 4105 4105 4011 4014 4022 4022 3987 4056 4033 3385 3396 3396 3399 4158 4267 4338 4422 4426 4426 4571 4630 4616 4683 4704 4749 4793 4793 4782 4771 4740 4737 4729 4751 4762 4762 4760 4752 4669 4679 4680 4691 4691 4702 4702 4681 4680 4644 4730 4731 4706 4823 4823 4753 4810 4860 4860 4873 4884 4884 4893 4885 4818 4783 4730 4708 4542 4568 4601 4601 4601
3674 3747 3747 3815 3815 3796 3958 3829 4002 3980 3991 3994 3984 4005 4005 4010 4005 4006 4041 4064 4027 4108 4108 4131 4131 4142 4159 4148 4169 4142 4089 4071 4082 4056 3987 4099 4144 4158 4269 4279 4400 4422 4426 4470 4616 4605 4691 4771 4736 4771 4760 4793 4793 4829 4828 4762 4840 4840 4751 4805 4762 4773 4765 4773 4729 4680 4691 4667 4701 4701 4654 4644 4636 4655 4666 4699 4779 4779 4683 4823 4836 4891 4859 4891 4895 4895 4893 4836 4797 4783 4804 4708 4631 4611 4645 4634
3773 3773 3815 4070 3936 3958 4045 4045 4034 4002 3991 3980 3984 4019 4019 4030 4030 4041 4041 4065 4087 4126 4120 4120 4120 4071 4159 4177 4186 4177 4192 4192 4111 4206 4144 4144 4234 4245 4336 4411 4422 4445 4480 4470 4616 4652 4692 4692 4771 4795 4795 4828 4820 4829 4850 4840 4894 4897 4883 4862 4862 4826 4827 4838 4774 4773 4675 4655 4689 4712 4712 4670 4648 4628 4660 4666 4771 4848 4869 4868 4822 4816 4891 4870 4895 4916 4893 4839 4862 4805 4804 4804 4719 4656 4648 4656
4067 4067 4078 4078 4078 4079 4087 4087 4101 4156 4147 4156 4157 4157 4019 4030 4030 4041 4006 4092 4115 4118 4159 4159 4159 4166 4171 4177 4188 4188 4221 4210 4232 4214 4232 4247 4333 4333 4400 4492 4503 4503 4557 4472 4628 4774 4691 4841 4813 4806 4842 4843 4843 4829 4850 4920 4895 4905 4905 4905 4909 4908 4881 4838 4881 4807 4675 4663 4654 4659 4712 4701 4647 4640 4644 4661 4677 4857 4869 4880 4880 4880 4891 4895 4906 4916 4916 4893 4858 4862 4804 4782 4719 4711 4656 4681
4067 4067 4078 4078 4123 4123 4134 4114 4145 4156 4213 4224 4202 4190 4182 4024 4013 4008 4104 4104 4115 4163 4187 4173 4196 4181 4177 4184 4188 4181 4191 4221 4232 4232 4288 4288 4333 4322 4400 4492 4457 4503 4549 4557 4636 4689 4901 4912 4912 4912 4876 4865 4854 4849 4841 4928 4953 4953 4953 4987 4964 4931 4931 4931 4849 4849 4838 4697 4697 4637 4715 4723 4674 4670 4644 4651 4661 4694 4825 4825 4857 4880 4847 4850 4906 4906 4927 4927 4919 4873 4851 4753 4789 4795 4697 4697
4081 4156 4168 4157 4145 4122 4134 4134 4133 4068 4190 4216 4224 4224 4190 4179 4172 4195 4231 4231 4207 4230 4219 4196 4196 4181 4173 4184 4184 4195 4221 4200 4239 4277 4288 4388 4356 4389 4389 4389 4322 4366 4557 4592 4636 4832 4876 4912 4911 4923 4922 4842 4877 4874 4929 4942 4998 4995 4976 4987 4987 4960 4920 4932 4931 4860 4860 4794 4786 4712 4723 4744 4719 4685 4681 4672 4655 4699 4756 4788 4822 4822 4829 4847 4902 4836 4917 4927 4865 4873 4816 4918 4803 4803 4757 4780
4180 4191 4191 4229 4179 4179 4179 4111 4111 4176 4175 4198 4198 4288 4288 4256 4195 4241 4265 4255 4230 4230 4219 4181 4173 4181 4200 4240 4178 4195 4233 4242 4266 4277 4277 4388 4388 4389 4378 4363 4411 4385 4570 4584 4697 4697 4865 4865 5014 5014 4900 4877 4877 4854 4931 5030 5065 5053 5042 5053 5008 4972 4938 5006 5006 4943 4860 4818 4803 4803 4811 4812 4744 4733 4730 4644 4672 4649 4699 4788 4788 4799 4811 4826 4836 4953 4929 4927 4954 4962 4896 5003 4918 4803 4803 4780
4240 4299 4264 4291 4299 4185 4137 4111 4280 4194 4198 4289 4224 4288 4288 4277 4277 4266 4266 4255 4238 4230 4193 4248 4249 4304 4326 4248 4237 4220 4199 4266 4266 4266 4424 4424 4446 4551 4481 4486 4577 4541 4586 4649 4887 4877 4945 4934 4934 5014 5021 5029 5074 5085 5073 5085 5096 5042 5053 5053 5024 4995 5013 5006 5006 5009 5017 4890 4847 4846 4812 4869 4869 4826 4730 4811 4730 4666 4726 4777 4774 4743 4789 4928 4964 4986 4996 4996 4974 4962 4951 5036 5025 4792 4781 4781
4311 4357 4357 4357 4299 4299 4300 4322 4308 4330 4321 4299 4299 4278 4242 4231 4276 4266 4230 4227 4227 4238 4326 4304 4338 4326 4326 4237 4237 4254 4265 4265 4255 4452 4463 4481 4516 4505 4585 4619 4516 4630 4630 4676 4865 4980 5017 5050 4980 5003 5081 5104 5104 5115 5117 5131 5107 5064 5107 5020 5024 5024 5035 5035 5027 4902 5017 5017 4965 4956 4858 4861 4869 4834 4827 4827 4838 4800 4859 4882 4893 4863 4928 4989 4997 5020 4997 4996 5078 4985 4995 5048 5059 5104 5039 5025
4502 4357 4368 4336 4368 4369 4369 4333 4325 4330 4330 4336 4356 4336 4378 4188 4202 4202 4432 4414 4434 4445 4456 4501 4448 4304 4318 4237 4229 4243 4265 4257 4442 4463 4474 4497 4516 4563 4585 4619 4619 4630 4749 4865 4945 4985 5039 5050 5106 5105 5139 5138 5142 5161 5172 5164 5150 5172 5177 5191 5180 5177 5090 5082 5105 5061 5047 5047 4965 4983 4893 4896 4916 4881 4880 4874 4875 4838 4882 4882 4893 4951 4997 4997 5020 5020 5031 5031 5100 5078 5031 5047 5093 5104 5104 5047
4535 4546 4535 4546 4549 4557 4380 4379 4334 4402 4356 4372 4388 4341 4191 4409 4432 4467 4467 4459 4490 4502 4501 4501 4434 4438 4315 4262 4262 4273 4441 4466 4474 4520 4542 4497 4472 4517 4577 4619 4821 4819 4832 4896 4996 5028 5097 5117 5128 5196 5150 5150 5150 5152 5172 5172 5161 5172 5184 5206 5206 5202 5201 5166 5112 5105 5105 5059 5072 5058 5024 4994 4986 4938 4938 4905 4875 4849 4871 4731 4700 4854 4893 4975 5020 5077 5066 5089 5100 5117 5065 5060 5093 5093 5104 5107
4535 4546 4580 4591 4583 4557 4529 4391 4391 4487 4487 4413 4413 4424 4399 4424 4468 4479 4491 4502 4502 4525 4528 4513 4547 4504 4427 4282 4273 4273 4447 4508 4564 4542 4486 4517 4672 4672 4661 4810 4966 4967 4978 4995 5007 5038 5105 5151 5162 5219 5219 5222 5190 5195 5230 5207 5199 5242 5268 5276 5212 5212 5213 5213 5154 5094 5064 5072 5073 5070 5070 5092 5014 4997 4915 4927 4897 4806 4795 4779 4887 4921 4932 4923 4999 5155 5077 5131 5106 5128 5117 5081 5117 5117 5068 5115
4566 4609 4615 4615 4591 4541 4552 4552 4563 4520 4574 4454 4413 4394 4450 4473 4480 4501 4501 4620 4619 4634 4606 4614 4570 4570 4536 4475 4482 4503 4564 4564 4586 4544 4544 4619 4675 4686 4811 4819 4967 5011 5071 5071 5050 5094 5177 5185 5208 5219 5211 5222 5233 5233 5233 5265 5265 5276 5276 5299 5276 5212 5213 5213 5155 5123 5058 5156 5167 5116 5070 5011 5127 5010 5019 5019 5019 4897 4955 4943 5030 5052 4977 4935 5088 5132 5221 5128 5128 5132 5110 5082 5128 5172 5161 5141
4662 4666 4666 4615 4592 4591 4552 4552 4571 4574 4574 4505 4486 4446 4473 4484 4469 4469 4631 4642 4642 4697 4698 4686 4639 4712 4559 4525 4525 4524 4590 4575 4552 4586 4627 4675 4697 4697 4819 4899 4923 5063 5071 5071 5083 5094 5143 5185 5185 5174 5189 5222 5209 5233 5242 5265 5254 5184 5184 5241 5310 5288 5266 5266 5224 5235 5235 5145 5167 5167 5116 5127 5139 5153 5128 5127 5030 5030 5041 5052 5052 5044 5042 5143 5144 5221 5221 5135 5143 5155 5111 5139 5139 5183 5183 5172
4666 4677 4677 4620 4607 4619 4603 4560 4582 4582 4582 4575 4575 4474 4597 4479 4600 4608 4636 4775 4798 4798 4709 4709 4742 4742 4734 4636 4656 4669 4613 4564 4587 4616 4627 4706 4716 4784 4784 4907 4939 5000 5025 5072 5083 5140 5151 5151 5143 5207 5162 5173 5198 5277 5277 5242 5242 5241 5241 5300 5310 5310 5288 5288 5267 5266 5267 5145 5166 5105 5116 5119 5092 5161 5161 5129 5151 5145 5064 5086 5075 5017 5031 5209 5235 5243 5174 5141 5163 5166 5154 5166 5175 5183 5161 5165
4709 4698 4677 4688 4688 4685 4614 4653 4625 4617 4604 4604 4586 4497 4597 4638 4630 4644 4644 4798 4829 4829 4840 4840 4830 4764 4756 4764 4777 4680 4624 4645 4692 4692 4718 4785 4785 4786 4808 4907 4940 5000 5000 5002 5059 5083 5128 5151 5207 5207 5184 5198 5208 5255 5277 5277 5255 5255 5266 5302 5311 5310 5291 5299 5297 5278 5278 5257 5246 5105 5178 5184 5228 5252 5241 5245 5267 5267 5130 5133 5133 5173 5208 5211 5278 5286 5210 5152 5174 5177 5228 5105 5183 5206 5176 5176
4709 4698 4697 4712 4712 4711 4701 4699 4638 4593 4575 4720 4585 4586 4683 4638 4683 4644 4754 4843 4851 4851 4840 4886 4831 4808 4777 4795 4720 4680 4692 4714 4714 4715 4762 4785 4777 4786 4797 4796 4908 4951 5001 5002 5037 5117 5082 5151 5196 5232 5253 5209 5234 5231 5232 5254 5265 5255 5301 5335 5355 5366 5333 5333 5300 5379 5371 5289 5292 5257 5236 5206 5263 5315 5291 5269 5291 5267 5140 5242 5208 5266 5277 5277 5277 5299 5253 5255 5209 5209 5177 5250 5296 5264 5285 5256
4720 4734 4720 4745 4745 4745 4721 4721 4638 4742 4743 4712 4615 4680 4765 4768 4767 4794 4783 4852 4885 4919 4920 4920 4831 4844 4887 4887 4755 4703 4783 4774 4772 4786 4774 4761 4727 4750 4728 4897 4932 4969 5004 5015 5082 5118 5118 5151 5174 5265 5276 5276 5276 5243 5288 5288 5310 5335 5343 5343 5355 5377 5369 5368 5368 5379 5379 5334 5300 5300 5312 5326 5315 5326 5337 5395 5381 5372 5373 5242 5242 5243 5255 5277 5410 5310 5310 5299 5240 5198 5198 5250 5307 5354 5285 5310
4733 4734 4747 4755 4756 4756 4721 4742 4721 4743 4743 4650 4705 4765 4765 4776 4816 4816 4885 4919 4919 4920 4920 4909 4908 4908 4948 4887 4864 4876 4818 4783 4797 4785 4741 4739 4769 4750 4897 4897 4989 5014 5047 5047 5096 5096 5118 5118 5242 5311 5303 5251 5313 5265 5314 5313 5309 5336 5347 5343 5311 5377 5377 5368 5368 5344 5380 5380 5367 5301 5312 5378 5334 5337 5292 5361 5395 5406 5373 5372 5442 5439 5428 5410 5410 5288 5357 5390 5386 5324 5322 5298 5290 5365 5376 5376
4733 4744 4755 4755 4756 4756 4767 4778 4778 4767 4693 4754 4754 4679 4662 4672 4794 4816 4877 4911 4897 4919 4931 4931 4957 4957 4934 4887 4957 4922 4865 4820 4820 4761 4747 4781 4781 4891 4946 5025 5036 5036 5026 5047 5113 5143 5143 5117 5302 5337 5345 5346 5322 5347 5347 5347 5358 5358 5358 5345 5345 5378 5378 5357 5309 5307 5380 5380 5380 5356 5378 5378 5315 5359 5392 5384 5381 5398 5406 5450 5450 5450 5416 5421 5410 5398 5398 5478 5478 5401 5348 5298 5287 5298 5342 5376
4744 4744 4733 4734 4779 4768 4779 4778 4778 4660 4732 4754 4754 4732 4626 4702 4713 4713 4816 4851 4863 4929 4918 4946 4957 4953 4934 4964 4964 4923 4923 4922 4797 4811 4831 4808 4797 4923 4978 5024 5036 5046 5069 5122 5154 5249 5257 5300 5324 5345 5345 5346 5357 5357 5358 5327 5358 5369 5369 5361 5378 5378 5389 5345 5319 5322 5391 5391 5391 5300 5323 5436 5447 5413 5348 5403 5392 5362 5427 5383 5450 5428 5362 5432 5432 5410 5313 5478 5470 5467 5400 5456 5375 5330 5376 5444
4744 4720 4712 4782 4790 4802 4779 4768 4720 4789 4732 4636 4743 4743 4746 4754 4754 4694 4802 4828 4847 4940 4940 4946 4942 4953 4964 4964 4964 4956 4922 4913 4831 4842 4853 4831 4944 4978 4978 4935 5058 5087 5155 5246 5257 5257 5288 5313 5335 5335 5311 5321 5356 5368 5368 5369 5362 5369 5369 5337 5346 5354 5389 5389 5389 5311 5391 5391 5391 5413 5405 5480 5479 5467 5457 5468 5461 5483 5483 5505 5473 5428 5362 5432 5523 5523 5522 5478 5498 5467 5456 5456 5456 5445 5444 5444
4732 4706 4758 4802 4802 4813 4813 4824 4816 4824 4780 4733 4743 4635 4635 4754 4779 4779 4825 4891 4913 4940 4940 4951 4951 4958 4975 4986 4986 4956 4922 4822 4883 4910 4936 4955 4967 4967 4970 5051 5069 5091 5177 5177 5188 5257 5289 5335 5346 5381 5371 5327 5404 5404 5379 5457 5449 5395 5380 5369 5342 5356 5320 5389 5400 5400 5356 5278 5277 5413 5447 5457 5480 5490 5490 5483 5494 5505 5505 5497 5406 5428 5397 5500 5523 5589 5533 5534 5534 5466 5422 5444 5456 5400 5436 5422
4747 4791 4791 4802 4779 4813 4813 4772 4824 4780 4825 4851 4792 4791 4790 4726 4791 4791 4828 4905 4916 4902 4917 4943 4951 4975 5007 5007 4986 4966 4911 4911 4932 4889 4944 4956 4967 5002 5056 5063 5076 5109 5109 5113 5235 5290 5345 5290 5356 5382 5393 5404 5404 5410 5446 5456 5457 5480 5457 5426 5404 5345 5345 5400 5400 5310 5278 5274 5255 5274 5422 5449 5491 5491 5490 5494 5550 5528 5505 5523 5469 5405 5430 5509 5556 5589 5589 5578 5534 5532 5465 5398 5399 5422 5400 5354
4755 4791 4790 4755 4754 4783 4790 4837 4848 4848 4859 4859 4860 4860 4871 4812 4893 4905 4916 4916 4919 4917 4961 4973 4996 4995 5007 5007 5007 5018 4911 4981 4981 4976 4944 4999 5037 5022 5067 5089 5098 5101 5223 5235 5243 5290 5278 5345 5359 5382 5393 5323 5334 5434 5456 5457 5492 5492 5503 5491 5448 5448 5444 5444 5455 5411 5281 5274 5274 5399 5422 5468 5525 5560 5561 5561 5572 5605 5528 5517 5534 5512 5520 5531 5556 5578 5612 5612 5612 5533 5477 5422 5422 5422 5433 5399
4721 4711 4743 4754 4754 4825 4837 4837 4848 4848 4859 4849 4860 4859 4871 4882 4893 4905 4893 4828 4927 4984 4995 4995 4996 4996 5007 4970 4958 5029 5029 5003 4981 4984 4992 4999 5022 5067 5156 5145 5159 5177 5223 5243 5243 5224 5301 5345 5301 5393 5401 5390 5435 5456 5456 5481 5491 5492 5503 5503 5514 5503 5525 5525 5517 5455 5289 5256 5421 5445 5456 5496 5552 5528 5586 5594 5594 5605 5645 5594 5594 5561 5609 5609 5600 5601 5697 5612 5612 5524 5455 5421 5444 5454 5467 5433
4722 4722 4711 4733 4745 4817 4825 4826 4837 4825 4824 4790 4790 4782 4802 4813 4802 4802 4826 4829 4927 4927 4939 4987 4995 4972 4951 5030 5030 5029 5030 5030 5030 4992 4992 5019 5045 5067 5156 5167 5210 5221 5232 5221 5212 5212 5301 5334 5333 5367 5413 5413 5435 5435 5445 5457 5457 5468 5483 5503 5561 5571 5559 5551 5524 5460 5525 5457 5456 5481 5549 5560 5560 5561 5583 5594 5583 5583 5645 5645 5634 5612 5701 5675 5709 5800 5800 5623 5623 5532 5421 5454 5454 5492 5444 5489
4714 4722 4633 4733 4814 4814 4814 4746 4757 4768 4779 4779 4768 4778 4789 4789 4767 4752 4831 4836 4826 4950 4950 4961 4961 4998 5008 5022 5030 5029 5089 5099 5100 5111 5031 5111 5027 5034 5063 5133 5167 5221 5210 5209 5209 5201 5334 5334 5334 5308 5402 5435 5435 5436 5467 5478 5515 5515 5515 5478 5561 5582 5593 5593 5594 5594 5593 5478 5537 5538 5538 5522 5593 5593 5559 5572 5654 5654 5697 5696 5690 5719 5708 5701 5712 5800 5800 5697 5623 5612 5443 5525 5525 5454 5489 5420
4759 4713 4768 4769 4791 4769 4766 4758 4792 4780 4795 4803 4779 4815 4815 4789 4792 4838 4848 4849 4870 4950 4950 4938 4944 4999 5065 5077 5066 5091 5099 5100 5100 5111 5111 5084 5042 5111 5133 5125 5167 5167 5178 5198 5198 5325 5333 5310 5286 5287 5412 5424 5446 5467 5467 5504 5515 5507 5516 5516 5561 5572 5585 5593 5594 5605 5605 5537 5627 5538 5526 5522 5571 5593 5593 5674 5696 5696 5674 5708 5719 5719 5701 5675 5715 5800 5800 5723 5589 5626 5490 5525 5525 5489 5489 5409
4759 4770 4770 4781 4781 4781 4766 4781 4792 4792 4803 4803 4804 4815 4815 4803 4803 4848 4848 4857 4939 4939 4869 4953 5008 5054 5065 5077 5088 5099 5099 5076 5030 5031 5041 5122 5122 5133 5095 5087 5156 5167 5123 5175 5212 5333 5333 5257 5257 5276 5402 5401 5424 5482 5493 5514 5517 5526 5539 5516 5549 5572 5572 5558 5558 5605 5616 5616 5627 5627 5564 5569 5639 5652 5685 5685 5696 5688 5656 5697 5719 5722 5767 5730 5723 5789 5800 5731 5731 5634 5622 5600 5536 5536 5502 5420
4756 4734 4757 4781 4749 4744 4744 4757 4770 4776 4777 4787 4803 4814 4810 4810 4837 4848 4839 4859 4857 4939 4978 4986 5054 5054 5057 5033 5066 5065 4995 4980 5050 5074 5079 5122 5050 5042 5076 5098 5156 5156 5091 5176 5267 5322 5299 5257 5276 5276 5272 5259 5412 5481 5514 5514 5514 5528 5539 5539 5550 5525 5525 5558 5550 5558 5536 5523 5605 5584 5630 5641 5641 5652 5662 5631 5601 5654 5673 5684 5687 5730 5767 5767 5778 5800 5792 5800 5789 5766 5697 5622 5516 5536 5455 5445
4706 4714 4711 4711 4714 4744 4743 4754 4755 4766 4732 4765 4799 4810 4784 4845 4856 4846 4892 4927 4939 4950 4986 4986 4984 5020 4995 4995 4987 4991 5049 5068 5068 5079 5061 5016 5006 5046 5099 5156 5156 5110 5091 5167 5229 5322 5300 5246 5246 5265 5323 5303 5383 5388 5493 5481 5473 5491 5505 5494 5478 5490 5490 5493 5493 5544 5515 5515 5556 5592 5630 5641 5592 5619 5630 5662 5662 5673 5673 5673 5695 5730 5689 5765 5778 5765 5778 5789 5789 5778 5766 5732 5640 5558 5506 5536
4677 4678 4623 4700 4684 4684 4708 4709 4766 4777 4718 4777 4811 4845 4868 4868 4857 4846 4892 4927 4939 4950 4961 4963 4984 4984 4958 4980 4980 5049 5057 5068 5060 5024 4980 5015 5074 5144 5145 5145 5144 5109 5100 5187 5187 5256 5264 5246 5261 5250 5335 5323 5322 5403 5447 5503 5503 5503 5492 5511 5522 5533 5533 5502 5509 5545 5545 5556 5556 5556 5480 5578 5570 5578 5651 5662 5662 5662 5632 5632 5665 5678 5678 5680 5688 5699 5701 5743 5758 5734 5755 5744 5662 5593 5628 5550
4674 4665 4674 4686 4699 4708 4709 4766 4742 4777 4811 4811 4834 4868 4868 4822 4813 4821 4822 4859 4859 4936 4961 4973 4961 4949 5006 5015 4983 5049 5057 5006 4995 4984 5056 5122 5133 5144 5144 5134 5099 5109 5175 5187 5221 5253 5253 5261 5261 5292 5378 5389 5389 5389 5470 5492 5480 5503 5492 5511 5522 5533 5533 5536 5544 5545 5545 5493 5512 5447 5418 5515 5586 5585 5610 5634 5651 5661 5653 5632 5620 5621 5620 5688 5688 5688 5696 5724 5732 5732 5653 5628 5662 5662 5606 5550
4674 4674 4697 4697 4708 4708 4731 4742 4741 4768 4775 4811 4802 4758 4769 4775 4870 4890 4833 4859 4925 4936 4938 4906 4948 4981 5027 5038 5049 5016 4980 4928 5006 5006 5102 5122 5122 5136 5100 5074 5063 5101 5165 5176 5218 5253 5253 5258 5268 5280 5312 5411 5389 5389 5400 5423 5445 5480 5477 5488 5488 5499 5499 5544 5544 5534 5501 5501 5467 5515 5550 5608 5619 5619 5610 5610 5640 5661 5661 5650 5632 5621 5576 5674 5685 5696 5696 5654 5697 5686 5686 5598 5537 5628 5620 5571
4578 4585 4585 4642 4706 4706 4731 4742 4742 4753 4775 4775 4725 4740 4879 4891 4902 4902 4904 4925 4936 4913 4906 4948 5004 5027 5026 5038 4991 4969 4969 4984 5006 5053 5122 5122 5041 5075 5075 5074 5078 5067 5176 5111 5134 5222 5242 5268 5300 5377 5377 5403 5411 5412 5423 5423 5469 5469 5476 5447 5441 5479 5499 5501 5509 5481 5471 5517 5528 5528 5576 5608 5610 5599 5619 5616 5629 5639 5639 5627 5650 5621 5576 5652 5654 5674 5685 5662 5662 5686 5675 5663 5535 5537 5617 5606
4559 4585 4596 4596 4706 4653 4706 4676 4703 4732 4714 4714 4710 4798 4879 4786 4785 4891 4913 4924 4878 4878 4981 4981 4982 4947 4960 4913 4913 4947 4902 4973 4973 5088 5110 5076 5053 5033 5029 5063 5063 5100 5153 5165 5165 5191 5198 5268 5301 5369 5377 5400 5411 5412 5423 5458 5469 5476 5479 5476 5468 5446 5526 5526 5494 5509 5539 5552 5552 5571 5597 5596 5588 5523 5593 5605 5627 5627 5619 5610 5620 5586 5565 5574 5575 5654 5621 5631 5662 5607 5610 5618 5545 5505 5516 5524
4552 4566 4596 4607 4607 4664 4664 4668 4679 4679 4694 4702 4798 4775 4776 4774 4785 4835 4821 4843 4878 4878 4981 4972 4895 4870 4891 4892 4947 4947 4946 4972 4972 5099 5099 5077 5065 5041 5030 5063 5063 5098 5165 5153 5165 5154 5198 5231 5268 5290 5377 5378 5401 5388 5390 5454 5458 5465 5479 5479 5515 5526 5526 5498 5475 5506 5563 5563 5574 5574 5585 5582 5582 5574 5518 5585 5585 5583 5583 5585 5620 5620 5609 5574 5452 5453 5444 5611 5619 5564 5519 5618 5618 5557 5516 5473
4555 4566 4596 4567 4589 4664 4599 4668 4656 4661 4702 4695 4702 4740 4771 4782 4793 4793 4775 4775 4868 4912 4912 4895 4895 4914 4925 4925 4900 4936 4924 4926 5068 5088 4950 5065 5065 5041 5041 5041 5052 5141 5142 5142 5154 5187 5208 5222 5257 5300 5323 5366 5368 5446 5424 5412 5454 5454 5457 5468 5515 5526 5475 5492 5537 5548 5563 5562 5574 5574 5516 5552 5582 5518 5585 5494 5505 5504 5516 5598 5609 5587 5563 5565 5510 5541 5541 5367 5553 5541 5423 5467 5557 5557 5508 5450
4555 4519 4577 4577 4600 4611 4622 4637 4645 4652 4651 4717 4717 4740 4771 4770 4764 4760 4753 4779 4889 4912 4809 4864 4903 4914 4911 4865 4936 4936 4924 4891 5076 5076 4938 4938 5065 5054 5054 5052 5052 5097 5142 5142 5153 5198 5244 5280 5301 5325 5366 5366 5368 5446 5446 5469 5472 5458 5454 5506 5514 5481 5481 5537 5537 5548 5516 5548 5549 5549 5516 5514 5563 5574 5574 5439 5461 5434 5530 5598 5563 5556 5529 5565 5477 5533 5541 5445 5344 5379 5448 5448 5447 5438 5508 5508
4542 4518 4577 4540 4540 4541 4611 4645 4645 4652 4652 4709 4717 4744 4752 4730 4734 4734 4753 4811 4878 4869 4739 4884 4903 4900 4876 4879 4935 4878 4859 4891 4903 4950 4910 4936 4988 5054 5054 5043 5043 5032 5106 5141 5245 5269 5269 5280 5302 5291 5346 5390 5412 5404 5438 5446 5480 5492 5503 5514 5514 5481 5484 5484 5494 5494 5493 5548 5548 5548 5527 5514 5562 5507 5473 5469 5465 5541 5541 5552 5552 5554 5565 5557 5565 5474 5530 5530 5475 5413 5413 5425 5412 5482 5483 5497
4475 4475 4540 4540 4553 4553 4522 4611 4612 4626 4637 4679 4701 4741 4730 4717 4734 4742 4742 4867 4845 4809 4809 4873 4873 4873 4861 4935 4935 4927 4831 4880 4903 4903 4910 4932 4977 4977 5019 5043 5043 5085 5108 5234 5268 5269 5269 5203 5280 5345 5390 5390 5401 5367 5360 5380 5423 5492 5503 5503 5472 5473 5484 5483 5483 5483 5508 5490 5507 5539 5446 5514 5513 5496 5470 5488 5530 5541 5541 5552 5552 5554 5554 5532 5508 5519 5530 5530 5409 5391 5405 5436 5447 5425 5450 5497
