R/wo_max/noveg_5800/arrival.asc
NCOLS 638
NROWS 825
XLLCORNER -2985163.8955
YLLCORNER -3022031.214
CELLSIZE 10000
NODATA_value -1
[rows 168 to 209 of 825, columns 288 to 383 of 638]
3317 3251 3254 3332 3343 3408 3456 3500 3552 3552 3484 3465 3547 3547 3550 3581 3638 3616 3683 3719 3719 3640 3660 3717 3660 3740 3728 3640 3643 3678 3670 3596 3585 3585 3553 3482 3357 3393 3441 3441 3367 3311 3311 3427 3433 3425 3433 3405 3393 3402 3485 3427 3368 3364 3365 3460 3582 3512 3581 3512 3397 3401 3456 3545 3553 3552 3555 3555 3544 3552 3541 3486 3475 3476 3476 3473 3473 3451 3451 3239 3238 3151 3178 3256 3257 3281 3234 3270 3234 3188 3188 3165 3121 3121 3053 3043
3317 3153 3264 3319 3354 3382 3492 3500 3500 3563 3563 3494 3473 3547 3626 3649 3582 3615 3730 3730 3730 3672 3659 3717 3740 3740 3745 3682 3678 3678 3678 3562 3564 3574 3574 3526 3498 3432 3427 3526 3546 3534 3557 3551 3549 3453 3508 3508 3508 3486 3486 3486 3604 3593 3440 3593 3649 3657 3582 3646 3571 3439 3456 3615 3623 3563 3555 3555 3552 3552 3541 3518 3518 3495 3507 3474 3473 3473 3462 3461 3330 3282 3316 3281 3292 3281 3281 3269 3165 3199 3165 3154 3099 3110 3088 3067
3238 3154 3273 3354 3354 3382 3396 3489 3489 3561 3563 3506 3592 3581 3617 3661 3640 3605 3589 3730 3741 3709 3685 3752 3752 3751 3756 3756 3723 3598 3598 3565 3564 3564 3531 3510 3534 3569 3534 3546 3568 3573 3584 3573 3560 3553 3565 3508 3512 3512 3512 3570 3562 3604 3604 3593 3657 3657 3646 3646 3635 3471 3546 3623 3623 3520 3580 3601 3544 3544 3536 3529 3520 3543 3543 3484 3484 3464 3462 3462 3338 3385 3338 3292 3292 3270 3171 3164 3164 3143 3157 3143 3079 3102 3099 3065
3247 3241 3286 3298 3395 3418 3406 3431 3459 3517 3516 3494 3592 3592 3649 3672 3661 3590 3683 3654 3718 3741 3743 3777 3751 3751 3722 3756 3734 3714 3598 3485 3531 3542 3542 3499 3581 3603 3603 3534 3584 3584 3584 3573 3565 3576 3576 3587 3579 3613 3657 3592 3607 3615 3658 3657 3680 3691 3621 3646 3635 3624 3624 3512 3591 3612 3601 3601 3544 3579 3532 3509 3518 3543 3521 3496 3461 3462 3473 3462 3396 3396 3385 3303 3261 3231 3167 -1 -1 -1 3033 3053 3145 3146 3146 3105
3236 3239 3298 3298 3380 3418 3418 3316 3429 3517 3517 3483 3585 3596 3660 3672 3643 3619 3654 3654 3640 3741 3797 3798 3809 3751 3756 3809 3809 3722 3634 3531 3497 3541 3542 3510 3534 3595 3603 3560 3562 3595 3562 3538 3552 3553 3576 3565 3622 3680 3680 3683 3669 3649 3680 3717 3725 3683 3621 3610 3610 3624 3624 3577 3577 3588 3600 3601 3532 3579 3565 3509 3509 3554 3510 3484 3461 3418 3473 3473 3451 3385 3303 3303 3222 3211 -1 -1 -1 -1 -1 3022 3157 3157 3168 3160
3236 3320 3320 3331 3388 3418 3388 3429 3429 3473 3517 3528 3586 3639 3674 3683 3685 3685 3671 3682 3615 3696 3775 3798 3809 3820 3798 3821 3854 3832 3831 3631 3620 3532 3521 3528 3603 3604 3604 3547 3595 3595 3538 3491 3531 3516 3542 3483 3578 3611 3669 3691 3703 3714 3692 3725 3737 3647 3483 3578 3501 3501 3507 3544 3577 3569 3590 3590 3590 3579 3589 3557 3554 3554 3531 3487 3484 3462 3473 3407 3373 3303 3233 3233 -1 -1 -1 -1 -1 -1 -1 -1 3145 3157 3168 3221
3255 -1 3346 3354 3354 3389 3342 3318 3383 3472 3473 3539 3585 3683 3683 3632 3688 3696 3696 3693 3693 3695 3752 3754 3787 3820 3820 3843 3878 3854 3854 3832 3820 3609 3609 3487 3604 3618 3618 3607 3568 3596 3587 3495 3487 -1 -1 -1 3515 3600 3625 3635 3703 3714 3725 3737 3759 3725 3656 -1 -1 3468 3468 3484 3552 3552 3565 3566 3590 3589 3589 3578 3557 3546 3554 3501 3511 3484 3442 3373 3318 3228 3228 3233 -1 -1 -1 -1 -1 -1 3137 3134 3168 3250 3213 3238
3269 3233 3343 3354 3377 3400 3400 3330 3316 3428 3428 3528 3539 3631 3683 3708 3717 3728 3717 3720 3693 3693 3715 3716 3705 3748 3822 3844 3889 3889 3857 3854 3840 3812 3738 3505 3517 3615 3618 3618 3607 3596 3596 3529 3521 -1 -1 -1 -1 -1 -1 3624 3656 3691 3725 3725 3778 3778 3715 3661 3653 -1 3457 3484 3493 3552 3541 3555 3555 3566 3581 3557 3557 3523 3523 3512 3512 3500 3376 3351 -1 -1 -1 -1 -1 -1 -1 -1 -1 -1 3179 3192 3201 3270 3258 3270
3277 3277 3304 3354 3353 3388 3411 3411 3366 3420 3375 3451 3594 3617 3684 3717 3717 3751 3751 3731 3731 3716 3731 3738 3727 3748 3822 3880 3889 3900 3912 3912 3858 3817 3752 3420 3621 3629 3629 3543 3607 3596 3596 3560 3529 3495 -1 -1 -1 -1 -1 3578 3684 3778 3779 3779 3794 3804 3796 3759 3661 -1 3415 3442 3451 3482 3485 3485 3530 3545 3545 3534 3534 3523 3523 3512 3512 3489 3362 3362 -1 -1 -1 -1 -1 -1 -1 -1 -1 3149 3171 3258 3294 3269 3258 3247
3277 3248 3282 3353 3353 3338 3400 3411 3422 3422 3361 3350 3451 3594 3605 3694 3708 3742 3751 3709 3731 3766 3789 3738 3738 3759 3814 3855 3855 3912 3923 3923 3854 3854 3760 3661 3639 3629 3626 3520 3552 3551 3552 3563 3560 3538 3549 3538 3556 3567 3578 3578 3745 3790 3790 3805 3804 3821 3804 3796 3793 3650 3639 3443 3435 3451 3440 3482 3529 3530 3518 3534 3523 3507 3503 3511 3511 3463 3354 -1 -1 -1 -1 -1 -1 -1 -1 -1 -1 3149 3189 3270 3294 3284 3292 3292
3407 3384 3282 3326 3327 3338 3366 3388 3435 3457 3504 3427 3594 3407 3586 3685 3774 3751 3752 3750 3709 3767 3800 3778 3803 3817 3814 3833 3846 3865 3914 3923 3854 3849 3760 3760 3672 3684 3628 3520 3466 3442 3442 3507 3560 3627 3638 3651 3661 3673 3673 3684 3790 3801 3838 3827 3816 3845 3854 3804 3793 3747 3739 3713 3440 3610 3680 3679 3635 3679 3679 3348 3518 3462 3485 3511 3473 3441 3327 3232 -1 -1 -1 -1 -1 -1 -1 -1 3181 3181 3237 3260 3286 3294 3303 3315
3508 3235 3247 3327 3327 3293 3284 3349 3413 3457 3526 3572 3583 3538 3482 3446 3708 3785 3785 3786 3785 3762 3800 3800 3803 3817 3817 3814 3806 3861 3877 3923 3924 3860 3723 3664 3672 3695 3706 3706 3574 3469 3469 3513 3507 3669 3703 3703 3662 3692 3767 3812 3801 3853 3853 3855 3854 3854 3854 3843 3830 3809 3747 3725 3713 3702 3741 3741 3680 3706 3714 3679 3657 3668 3668 3473 3473 3429 3388 3299 3299 3244 3243 -1 -1 -1 -1 -1 3181 3252 3260 3283 3317 3340 3340 3350
3440 3230 3269 3316 3283 3257 3241 3349 3365 3423 3518 3583 3583 3583 3560 3482 3684 3719 3785 3819 3877 3854 3800 3845 3900 3922 3913 3922 3910 3910 3888 3877 3980 3869 3846 3712 3691 3555 3684 3706 3698 3580 3513 3513 3502 3649 3714 3813 3812 3804 3812 3838 3841 3853 3877 3866 3855 3844 3844 3833 3833 3822 3784 3764 3764 3773 3774 3774 3740 3730 3792 3792 3792 3714 3714 3465 3715 3709 3731 3766 3709 3288 3254 -1 -1 -1 -1 -1 3192 3227 3260 3283 3294 3340 3362 3374
3531 3193 3315 3316 3316 3195 3237 3320 3241 3435 3446 3494 3526 3572 3572 3561 3560 3719 3776 3810 3877 3877 3900 3900 3911 3922 3956 3956 3992 3956 3910 3934 3980 3948 3913 3870 3870 3557 3750 3773 3773 3662 3654 3640 3651 3680 3714 3813 3824 3839 3839 3841 3856 3877 3877 3865 3819 3820 3844 3819 3833 3822 3822 3819 3819 3808 3796 3790 3790 3766 3792 3826 3837 3826 3768 3742 3757 3771 3766 3766 3721 3288 3265 -1 -1 -1 -1 -1 3192 3226 3227 3249 3328 3339 3363 3374
3553 3542 3510 3510 3280 3191 3240 3320 3402 3309 3389 3492 3492 3528 3572 3571 3571 3525 3700 3750 3784 3822 3855 3879 3899 3888 3887 3956 3992 3992 3991 4014 4014 4025 3946 3889 3921 3961 4026 3956 3921 3839 3839 3739 3838 3747 3756 3824 3839 3847 3850 3878 3888 3879 3829 3768 3750 3795 3796 3819 3819 3808 3819 3809 3819 3836 3836 3801 3789 3803 3826 3838 3837 3815 3781 3770 3782 3790 3779 3766 3731 3699 3277 3265 -1 -1 -1 -1 3184 3226 3226 3285 3329 3329 3362 3374
3614 3590 3554 3545 3531 3185 3185 3285 3320 3424 3416 3461 3487 3525 3549 3605 3605 3605 3571 3527 3784 3784 3835 3824 3846 3854 3865 3898 3921 3992 4003 4014 4027 4026 4025 4025 3921 4027 4049 4049 3994 3981 3945 3934 3899 3861 3850 3850 3847 3847 3888 3889 3888 3888 3806 3760 3714 3721 3721 3738 3727 3775 3784 3784 3795 3859 3848 3859 3849 3849 3838 3838 3837 3829 3814 3793 3801 3790 3779 3755 3721 3628 3277 -1 -1 -1 -1 -1 -1 3218 3285 3285 3329 3362 3362 3354
3645 3645 3587 3576 3598 3520 3163 3391 3501 3524 3424 3487 3518 3507 3540 3563 3672 3672 3638 3653 3697 3739 3739 3564 3781 3789 3493 3921 3921 3921 3926 4016 4060 4060 4060 4060 4050 4039 4060 4049 4037 4017 3946 3934 3922 3888 3913 3850 3874 3900 3900 3823 3829 3818 3768 3746 3689 3741 3710 3718 3718 3719 3738 3784 3795 3835 3859 3859 3849 3849 3838 3838 3827 3816 3816 3801 3801 3790 3768 3744 3628 3627 3266 -1 -1 -1 -1 -1 -1 2972 3192 3251 3297 3318 3308 3308
3645 3645 3656 3616 3598 3575 3522 3544 3587 3539 3476 3479 3575 3598 3587 3540 3605 3683 3683 3675 3716 3728 3728 3695 3553 3789 3789 3499 3482 3471 3838 3971 4071 4072 4094 4094 4061 4060 4028 4027 4026 4026 3968 3957 3923 3922 3867 3885 3885 3900 3900 3818 3791 3791 3757 3700 3700 3749 3761 3752 3787 3787 3787 3775 3798 3862 3870 3860 3860 3768 3760 3780 3805 3816 3816 3793 3770 3779 3760 3721 -1 -1 -1 -1 -1 -1 -1 -1 -1 2971 2994 3192 3203 3297 3304 3308
3578 3622 3656 3656 3630 3616 3613 3610 3610 3564 3575 3575 3567 3621 3609 3601 3562 3649 3683 3684 3717 3717 3670 3664 3664 3653 3778 3767 3641 3805 3849 4015 4071 4071 4085 4094 4084 4060 4059 4015 3991 3968 3946 3934 3923 3922 3922 3911 3911 3885 3828 3817 3791 3678 3678 3688 3700 3749 3798 3798 3798 3787 3787 3748 3861 3906 3906 3860 3749 3760 3749 3760 3802 3805 3805 3780 3749 3760 3738 3662 3615 -1 -1 -1 -1 -1 -1 -1 -1 -1 2973 3017 3149 3181 3203 3304
3554 3565 3565 3682 3682 3693 3638 3682 3648 3656 3677 3677 3669 3655 3643 3635 3609 3617 3651 3706 3717 3717 3664 3663 3664 3778 3778 3778 3793 3993 4017 4038 4071 4082 4095 4095 4073 4059 4038 3989 3989 3934 3923 3923 3915 3878 3911 3872 3826 3817 3777 3769 3667 3645 3611 3711 3703 3759 3760 3809 3775 3771 3767 3760 3873 3906 3906 3871 3741 -1 3681 3749 3802 3802 3802 3791 3733 3722 3719 3685 3650 3593 3564 -1 -1 -1 -1 -1 -1 3462 -1 2984 3006 3013 3149 3149
3513 3447 -1 3671 3746 3746 3735 3713 3704 3711 3788 3777 3873 3862 3643 3643 3621 3564 3649 3681 3876 3684 3673 3659 3642 3767 3767 3794 3794 4028 4050 4082 4082 4082 4094 4095 4082 4059 4031 4008 3932 3943 3901 3943 3889 3907 3907 3826 3766 3755 3755 3735 3563 3676 3711 3652 3711 3760 3809 3809 3810 3810 3782 3805 3870 3917 3917 3871 3681 3711 3733 3733 3738 3752 3760 3760 3733 3695 3719 3719 3686 3615 3572 3529 3521 3506 -1 3485 3519 3496 3488 2739 2952 2963 3048 3149
3489 3455 -1 3671 3724 3815 3758 3736 3793 3804 3799 3884 3928 4027 3919 3895 3862 3851 3705 3985 3876 3876 3695 3659 3657 3767 3767 3794 3995 4016 4084 4093 4093 4082 4073 4106 4106 4094 4042 4031 4000 4000 4012 3943 3900 3899 3919 3872 3764 3764 3743 -1 3676 3712 3723 3723 3761 3783 3815 3821 3821 3794 3794 3850 3873 3917 3917 3863 3710 3733 3779 3791 3780 3779 3744 3744 3733 3695 3692 3708 3697 3687 3687 3569 3569 3580 3580 3580 3580 3569 3530 3507 3496 2963 2963 2974
3700 3694 3636 3627 3680 3807 3815 3815 3821 3821 3832 3884 4071 4071 4082 4049 4037 4008 4093 4008 4006 3995 3995 3865 3943 3947 4028 4017 4017 4028 4053 4093 4052 4052 4060 4105 4106 4106 4053 4053 4045 4001 4023 4012 3943 3941 3930 3843 3843 3753 3743 3743 3605 3665 3722 3738 3761 3818 3826 3821 3832 3805 3793 3839 3872 3928 3917 3853 3714 3771 3791 3791 3780 3755 3744 3744 3731 3717 3685 3708 3708 3698 3692 3659 3671 3662 3657 3648 3638 3635 3613 3602 3600 3530 2974 2974
3716 3737 3716 3693 3576 3783 3816 3815 3798 3821 3919 3954 4051 4071 4082 4082 4093 4058 4116 4132 4105 4099 4054 3991 3991 4039 4062 4061 4064 4064 4095 4095 4027 4050 4116 4116 4117 4117 4070 4069 4026 4012 4034 4000 3954 3941 3930 3843 3835 3792 3732 3721 -1 3667 3690 3716 3761 3826 3826 3805 3832 3816 3782 3850 3928 3928 3871 3861 3805 3802 3802 3791 3755 3755 3727 3716 3728 3728 3692 3698 3698 3704 3704 3694 3728 3728 3706 3668 3657 3657 3669 3635 3615 3615 3547 2939
3716 3739 3760 3749 3749 3783 3825 3897 3827 3897 3911 3988 3989 4024 4048 4059 4127 4127 4116 4132 4154 4154 4123 4038 4073 4086 4086 4075 4082 4105 4106 4106 4071 4093 4118 4128 4128 4127 4127 4084 4035 4034 4034 3965 3954 3933 3930 3868 3849 3839 3838 3721 3693 3745 3745 3745 3771 3827 3827 3827 3843 3843 3772 3861 3939 3939 3871 3861 3813 3802 3802 3766 3766 3766 3727 3727 3728 3728 3703 3703 3709 3715 3715 3715 3728 3717 3706 3705 3693 3694 3694 3684 3669 3635 3607 3572
3711 3739 3752 3760 3760 3790 3838 3897 3897 3969 4011 4056 4064 4053 4053 4119 4127 4041 4096 4107 4142 4154 4154 4097 4039 4086 4086 4086 4105 4105 4106 4106 4091 4129 4129 4129 4128 4127 4119 4062 4035 4013 3980 3991 3965 3877 3877 3877 3860 3871 3863 3805 3788 3785 3774 3636 3771 3827 3827 3827 3838 3843 3850 3861 3939 3893 3847 3721 3813 3791 3712 3747 3777 3766 3742 3739 3739 3739 3703 3726 3726 3681 3715 3728 3730 3695 3706 3649 3649 3705 3705 3705 3693 3658 3646 3607
3750 3750 3761 3793 3827 3841 3849 3874 4064 4064 4011 4064 4064 4053 4053 4150 4150 4127 4139 4107 4157 4165 4131 4131 4120 4120 4109 4100 4108 4116 4116 4105 4096 4129 4129 4130 4130 4130 4104 4062 4034 3999 3975 3906 3942 3884 3877 3866 3860 3871 3871 3872 3872 3796 3796 3657 3749 3826 3838 3838 3838 3838 3850 3942 3942 3904 3686 3720 3732 3732 3713 3719 3777 3777 3718 3718 3739 3701 3702 3720 3726 3695 3717 3730 3730 3717 3699 3640 3640 3716 3716 3705 3693 3671 3647 3650
3757 3760 3761 3793 3827 3849 3991 4056 4075 4076 4088 4111 4111 4119 4143 4154 4161 4173 4161 4165 4165 4120 4131 4131 4120 4120 4109 4108 4108 4116 4116 4127 4127 4140 4140 4106 4130 4130 4095 4057 3999 3986 3953 3906 3892 3869 3869 3854 3850 3861 3861 3872 3872 3796 3796 3679 3746 3849 3849 3838 3735 3849 3869 3953 3953 3904 3896 3731 3732 3732 3720 3730 3788 3753 3744 3753 3750 3750 3717 3731 3731 3718 3732 3741 3741 3739 3710 3640 3700 3716 3710 3710 3688 3652 3652 3650
3768 3768 3772 3838 3850 4002 4002 4064 4076 4076 4111 4133 4155 4157 4165 4165 4174 4185 4169 4169 4169 4142 4134 4131 4097 4089 4050 4054 4075 4083 4086 4119 4127 4140 4141 4141 4141 4127 4092 4057 3987 3978 3963 3917 3893 3871 3871 3850 3836 3861 3836 3883 3883 3883 3788 3746 3746 3849 3793 3837 3729 3916 3916 3953 3951 3904 3904 3719 3754 3746 3744 3746 3788 3788 3753 3753 3750 3739 3731 3731 3726 3700 3732 3732 3741 3741 3710 3631 3686 3727 3727 3686 3682 3664 3663 3654
3768 3804 3804 3836 3849 4013 4013 4065 4087 4099 4091 4165 4166 4166 4165 4173 4196 4196 4163 4169 4142 4156 4060 4049 4038 4038 4040 4040 4072 4086 4094 4094 4128 4151 4151 4141 4117 4099 4068 4041 3987 3963 3963 3917 3893 3836 3871 3863 3861 3836 3828 3727 3883 3883 3703 3746 3758 3860 3852 3771 3737 3905 3916 3953 3905 3894 3694 3710 3754 3754 3755 3755 3791 3791 3765 3758 3761 3761 3742 3742 3700 3725 3731 3743 3752 3752 3719 3642 3679 3712 3727 3678 3675 3664 3654 3667
3734 3795 3804 3815 3861 4002 4031 4078 4087 4125 4133 4155 4184 4184 4196 4196 4196 4196 4188 4180 4180 4180 4082 4045 4045 4038 4005 4008 4019 4040 4094 4084 4128 4140 4162 4162 4152 4152 4110 4063 3986 3918 3955 3918 3892 3840 3872 3872 3872 3793 3727 3738 3894 3894 3706 3713 3735 3860 3860 3860 3860 3927 3975 3975 3905 3893 3694 3694 3755 3755 3747 3755 3768 3802 3800 3758 3761 3753 3742 3742 3700 3736 3754 3754 3743 3752 3724 3721 3723 3723 3731 3710 3652 3664 3665 3698
3790 3826 3839 3839 3861 4016 4024 4089 4089 4098 4133 4177 4195 4195 4196 4196 4195 4219 4219 4176 4180 4143 4104 4045 4040 4014 4003 3992 3997 4095 4095 4095 4127 4139 4154 4162 4152 4110 4110 4074 3899 3898 3918 3917 3840 3802 3872 3872 3883 3883 3883 3738 3883 3894 3717 3703 3703 3898 3930 3932 3938 3986 3975 3975 3905 3893 3705 3705 3766 3766 3755 3813 3767 3802 3802 3774 3785 3764 3747 3747 3736 3736 3754 3754 3757 3763 3763 3734 3753 3752 3742 3712 3653 3653 3709 3698
3720 3825 3826 3872 3872 4024 4024 4089 4089 4090 4134 4155 4187 4195 4195 4207 4207 4207 4242 4241 4191 4142 4056 4026 4026 3964 3953 3981 3988 4095 4095 4094 4067 4139 4163 4163 4163 4151 4140 4062 3909 3898 3929 3929 3851 3840 3871 3769 3931 3939 3726 3685 3729 3905 3905 3706 3681 3860 3938 3986 3997 3952 3927 3975 3896 3831 3743 3745 3766 3766 3756 3813 3813 3774 3802 3796 3796 3764 3747 3747 3736 3743 3768 3768 3768 3763 3764 3764 3753 3753 3742 3742 3687 3709 3709 3663
3790 3837 3837 3954 3954 3983 4100 4100 4100 4066 4134 4188 4188 4177 4173 4206 4207 4222 4242 4202 4191 4108 4104 4108 4026 3964 3929 3923 4106 4106 4106 4010 3990 4078 4163 4163 4162 4151 4110 4009 3952 3832 3929 3929 3851 3891 3843 3740 3883 3939 3741 3740 3740 3897 3905 3928 3939 3939 4000 4008 3997 3894 3828 3905 3883 3827 3760 3777 3777 3765 3824 3824 3768 3774 3786 3796 3786 3761 3758 3722 3744 3744 3763 3768 3768 3756 3764 3777 3777 3766 3752 3752 3700 3720 3720 3676
3848 3837 3883 3954 3954 3992 3992 4100 4024 4026 4133 4188 4188 4139 4117 4218 4229 4253 4242 4202 4165 4108 4108 4078 3928 3879 3879 3868 3934 4106 4106 3956 3948 4093 4174 4174 4124 4162 4162 4015 3898 3852 3940 3940 3858 3891 3891 3813 3740 3962 3939 3752 3752 3972 3972 3944 3966 4009 4008 4008 3964 3885 3827 3828 3828 3827 3827 3788 3788 3778 3823 3824 3747 3724 3797 3797 3797 3758 3704 3703 3744 3754 3779 3779 3767 3788 3788 3777 3777 3766 3766 3763 3742 3732 3732 3709
3848 3827 3883 3883 3865 3981 3992 4111 4111 4026 4102 4199 4199 4111 4229 4229 4230 4264 4231 4213 4176 4119 4119 4119 3903 4089 3822 3789 3868 4117 4117 3761 4092 4152 4174 4133 4132 4174 4174 4026 4026 3998 3869 3940 3940 3927 3927 3806 3796 3939 3962 3951 3961 3972 3998 4031 4020 4020 3973 3938 3861 3806 3850 3839 3802 3761 3761 3788 3780 3835 3835 3835 3743 3713 3758 3797 3797 3758 3679 3715 3790 3789 3779 3779 3764 3788 3788 3764 3764 3765 3763 3763 3742 3732 3732 3720
3772 3827 3894 3907 3885 3965 3984 4036 4111 4122 4123 4167 4199 4235 4229 4235 4264 4264 4230 4222 4187 4130 4119 4054 3975 4141 4129 3822 4066 4128 4117 3766 4164 4185 4185 4175 4133 4185 4130 4089 4026 3819 3909 3840 3929 3927 3927 3895 3785 3907 3973 3973 3985 4054 4031 4031 4020 3951 3884 3861 3861 3850 3858 3850 3789 3789 3812 3812 3739 3798 3835 3801 3789 3788 3740 3808 3819 3808 3718 3754 3790 3790 3789 3789 3799 3799 3777 3775 3764 3764 3753 3740 3743 3743 3731 3731
3824 3838 3851 3894 3987 3987 3976 4047 4133 4133 4200 4223 4224 4235 4235 4265 4265 4256 4233 4233 4195 4060 3941 4054 4097 4163 4152 3833 4128 4146 4167 4178 4188 4185 4196 4144 4196 4185 4185 4099 4037 4037 3951 3951 3856 3861 3927 3891 3895 3965 3985 4054 4054 4054 3988 3955 3895 3939 3873 3826 3853 3850 3858 3858 3836 3823 3828 3828 3733 3806 3846 3846 3831 3805 3793 3819 3819 3812 3801 3801 3801 3799 3800 3800 3799 3776 3775 3775 3763 3764 3742 3731 3743 3743 3728 3717
3932 3964 3976 3965 3998 3987 3976 4036 4132 4133 4200 4211 4224 4246 4252 4265 4265 4241 4235 4233 4230 4186 4141 4132 4129 4163 4155 4181 4189 4189 4233 4234 4233 4225 4186 4196 4188 4174 4185 4113 4054 4054 3943 3951 3949 3949 3884 3949 3949 3951 3973 4065 4065 3983 3953 3950 3887 3895 3826 3809 3828 3817 3824 3881 3858 3839 3839 3857 3857 3806 3846 3846 3830 3842 3842 3819 3823 3823 3801 3801 3801 3798 3800 3800 3791 3763 3786 3775 3753 3742 3742 3731 3754 3754 3728 3731
3987 3976 3998 3998 3918 3924 3968 4144 4144 4144 4199 4222 4224 4246 4263 4276 4276 4254 4244 4244 4241 4195 4165 4157 4141 4163 4164 4189 4189 4201 4245 4245 4233 4200 4121 4197 4197 4099 4100 4121 4066 4065 4040 3850 3949 3960 3938 4030 4019 4006 3973 4065 4065 3926 3818 3863 3895 3863 3839 3873 3820 3783 3789 3870 3892 3884 3811 3811 3857 3817 3819 3853 3853 3842 3842 3794 3823 3815 3812 3812 3811 3811 3798 3800 3778 3786 3775 3740 3729 3714 3740 3740 3754 3735 3724 3731
3941 3956 3975 3965 4045 4045 3968 4033 4144 3989 4075 4222 4222 4246 4263 4275 4276 4268 4246 4244 4255 4255 4243 4165 4140 4151 4162 4197 4229 4233 4256 4244 4233 4200 4121 4197 4197 4087 4106 4117 4110 4065 4048 3835 3862 4018 4019 4102 4088 4099 4076 4076 3984 3961 3903 3862 3863 3874 3874 3874 3828 3793 3743 3835 3892 3892 3869 3869 3892 3860 3822 3853 3853 3805 3842 3824 3824 3835 3812 3812 3785 3822 3811 3720 3775 3797 3797 3740 3751 3751 3751 3757 3765 3746 3746 3742
4027 4059 4067 4019 4045 4045 3979 4146 4155 4155 4197 4233 4233 4225 4267 4287 4287 4287 4279 4254 4255 4255 4242 4266 4266 4241 4162 4197 4186 4256 4256 4222 4233 4222 4208 4208 4197 4090 4139 4139 4093 4093 4048 3808 4076 4077 4110 4110 4099 4099 4088 3998 3928 3926 3815 3818 3828 3885 3885 3820 3820 3785 3790 3833 3869 3880 3893 3893 3893 3871 3871 3864 3842 3805 3794 3835 3835 3823 3823 3788 3833 3822 3822 3809 3775 3797 3789 3725 3718 3751 3721 3765 3765 3746 3746 3733
