R/output/arrival.asc
NCOLS 638
NROWS 825
XLLCORNER -2985163.8955
YLLCORNER -3022031.214
CELLSIZE 10000
NODATA_value -1
[rows 282 to 328 of 825, columns 288 to 383 of 638]
4098 4098 4021 3988 4036 4045 4001 3973 3987 4021 4010 4010 3999 3965 3952 3918 3933 3891 3896 3850 3794 3756 3717 3671 3703 3673 3683 3693 3674 3693 3731 3712 3670 3693 3698 3725 3714 3713 3703 3702 3700 3646 3613 3602 3634 3579 3592 3626 3615 3544 3542 3566 3530 3511 3511 3524 3513 3513 3523 3512 3479 3466 3478 3462 3455 3443 3419 3373 3359 3332 3300 3262 3217 3197 3185 3138 3131 3138 3120 3050 3016 3115 3117 3039 3094 3074 3082 3083 3009 3040 2996 3047 3013 3062 3047 3006
4091 4125 4042 4048 4056 4045 4044 4042 4021 3995 3995 4008 3987 3966 3952 3914 3909 3891 3878 3844 3803 3755 3717 3720 3734 3721 3721 3682 3666 3660 3666 3666 3713 3698 3672 3687 3701 3713 3681 3682 3665 3614 3578 3567 3565 3556 3552 3580 3615 3614 3544 3569 3569 3558 3510 3503 3490 3511 3512 3477 3477 3477 3466 3455 3455 3432 3363 3363 3343 3331 3273 3244 3262 3217 3188 3177 3165 3131 3050 2997 3084 3039 3116 3102 3032 3094 3094 3046 3062 3051 3051 2993 3028 3017 3062 3051
4098 4125 4092 4070 4037 4055 4044 3952 3968 3984 3999 3987 3988 3988 3973 3961 3862 3875 3844 3818 3817 3776 3755 3734 3804 3804 3721 3686 3686 3671 3675 3651 3713 3701 3666 3701 3687 3694 3694 3681 3648 3613 3563 3563 3563 3552 3544 3544 3544 3533 3580 3531 3532 3558 3546 3488 3503 3497 3511 3511 3469 3458 3458 3443 3432 3428 3398 3363 3317 3331 3256 3244 3204 3170 3165 3152 3153 3104 3081 3098 3093 3087 3076 3116 3011 3025 3041 3062 2998 2961 2949 2992 2992 2971 3012 3015
4119 4112 4125 4104 4055 4042 4002 4021 3968 4010 4008 3983 3983 3972 3955 3907 3889 3878 3878 3838 3784 3816 3816 3805 3790 3686 3686 3782 3782 3721 3724 3721 3669 3713 3702 3685 3664 3683 3682 3647 3647 3647 3578 3567 3515 3564 3507 3466 3508 3511 3511 3508 3508 3476 3525 3476 3477 3492 3469 3469 3462 3442 3442 3431 3408 3373 3373 3359 3350 3273 3268 3238 3183 3183 3226 3179 3105 3139 3119 3119 3098 3039 2981 3103 3105 3002 3011 3027 3068 3021 3059 3048 2945 2959 3015 3015
4131 4146 4159 4126 4020 4124 4056 3978 3982 4010 3987 3952 3970 3957 3950 3914 3894 3880 3866 3867 3785 3816 3769 3717 3707 3686 3719 3782 3638 3673 3673 3724 3666 3701 3664 3646 3651 3648 3668 3610 3610 3579 3598 3598 3565 3564 3495 3434 3471 3497 3497 3478 3497 3508 3497 3477 3476 3474 3461 3440 3420 3412 3414 3431 3409 3408 3351 3330 3308 3297 3272 3212 3183 3226 3192 3158 3093 3084 3085 3105 3061 3016 2982 3002 3082 2991 3038 3027 3070 3070 3025 3047 3048 2959 2973 2973
4171 4160 4160 4159 4137 4090 4056 4021 3948 3937 3918 3971 3957 3957 3949 3949 3915 3915 3880 3867 3824 3765 3733 3740 3732 3739 3771 3771 3735 3735 3735 3702 3664 3701 3664 3642 3633 3633 3632 3610 3568 3579 3585 3564 3477 3530 3529 3460 3494 3460 3497 3456 3481 3486 3495 3497 3474 3465 3440 3425 3440 3414 3408 3408 3371 3358 3329 3315 3316 3297 3225 3260 3226 3192 3157 3068 3158 3112 3110 3073 3029 3026 3026 2977 2989 3082 3081 3060 3027 2991 3046 3033 3037 2957 2917 2924
4131 4124 4159 4111 4060 4056 4020 4034 3969 4001 3951 3955 3935 3935 3944 3936 3901 3868 3847 3803 3803 3833 3766 3775 3770 3770 3736 3771 3736 3659 3685 3687 3679 3645 3644 3632 3633 3632 3621 3587 3590 3576 3556 3511 3509 3553 3430 3445 3508 3508 3447 3483 3446 3463 3486 3474 3460 3426 3408 3393 3429 3429 3408 3368 3323 3329 3283 3294 3246 3260 3247 3225 3182 3182 3145 3089 3089 3083 3112 3059 3037 3026 3024 3015 3003 3005 3071 3081 3060 3049 2994 2988 2994 2937 2883 2925
4072 4082 4035 4026 4060 3986 4034 3986 3972 3987 4001 3921 3903 3923 3881 3902 3881 3818 3858 3799 3849 3833 3833 3795 3756 3729 3772 3720 3738 3700 3703 3651 3692 3667 3656 3644 3632 3610 3500 3512 3586 3523 3511 3516 3553 3551 3530 3515 3445 3508 3460 3460 3483 3474 3446 3439 3447 3408 3402 3393 3393 3385 3371 3337 3292 3291 3294 3257 3235 3212 3223 3191 3182 3060 3089 3069 3079 3078 3101 3062 3050 3012 3015 3016 2970 3013 2963 2952 3012 3049 3049 3046 3002 3000 2915 2948
4030 4035 3968 3967 3991 3978 4007 4034 4023 3916 4001 3974 3931 3905 3870 3873 3871 3881 3872 3861 3861 3822 3821 3821 3812 3812 3772 3704 3695 3727 3716 3716 3700 3700 3666 3646 3598 3632 3558 3556 3576 3532 3554 3520 3518 3542 3531 3530 3445 3486 3454 3485 3482 3474 3461 3437 3427 3415 3392 3381 3335 3332 3298 3300 3290 3269 3244 3246 3246 3223 3223 3166 3137 3144 3126 3124 3082 3071 3101 3071 3062 3051 2938 3014 3016 3005 2989 3005 2969 3005 2993 2993 3046 3027 2991 2911
4035 4015 4001 4024 4024 3991 3986 3948 4022 3964 3952 3990 3917 3904 3883 3896 3883 3888 3898 3860 3861 3850 3835 3827 3821 3772 3812 3732 3720 3738 3738 3700 3700 3727 3716 3716 3632 3617 3556 3558 3547 3576 3553 3554 3554 3543 3543 3532 3530 3496 3475 3485 3472 3461 3461 3416 3427 3408 3358 3336 3323 3277 3300 3263 3257 3236 3257 3257 3223 3223 3167 3115 3171 3169 3082 3082 3081 3113 3148 3137 3089 3057 3040 2995 2992 3005 3005 2994 2970 2969 2960 2988 3035 3033 2991 2991
4070 4070 3986 3987 4021 4013 4001 4022 3957 3990 3953 3990 3987 3906 3920 3946 3946 3935 3918 3866 3849 3850 3834 3816 3815 3807 3801 3739 3754 3739 3738 3725 3727 3744 3731 3722 3670 3632 3618 3516 3546 3565 3531 3529 3551 3533 3543 3531 3517 3496 3496 3464 3452 3460 3430 3416 3393 3415 3373 3323 3311 3311 3277 3247 3242 3242 3246 3223 3202 3157 3101 3120 3115 3171 3160 3149 3149 3148 3090 3089 3137 3089 3076 2995 2992 2984 2994 2957 2959 2959 2958 2988 3004 3035 3024 2980
4094 4071 4071 4002 4002 4013 4022 3988 3969 3973 3987 3979 3979 3968 3968 3932 3946 3912 3935 3899 3876 3827 3839 3793 3815 3801 3804 3801 3743 3743 3743 3744 3744 3704 3721 3722 3669 3644 3624 3563 3542 3565 3576 3541 3533 3531 3529 3517 3509 3530 3485 3431 3474 3482 3426 3392 3382 3393 3324 3310 3278 3277 3276 3232 3247 3209 3208 3188 3133 3133 3145 3143 3134 3160 3112 3148 3103 3071 3052 3052 3070 3126 3078 3024 2995 2984 2994 2993 2993 2971 2960 2959 3016 3016 3024 3024
4060 4071 4036 4022 4002 4011 4011 3954 3988 3926 3954 3946 3979 3967 3968 3912 3917 3924 3932 3918 3883 3848 3854 3828 3817 3842 3805 3790 3778 3778 3778 3730 3732 3683 3666 3711 3672 3655 3634 3598 3598 3586 3587 3565 3565 3565 3554 3542 3530 3487 3465 3516 3496 3439 3403 3426 3383 3334 3310 3289 3266 3232 3197 3194 3195 3176 3143 3208 3154 3154 3143 3145 3100 3098 3160 3113 3104 3113 3025 3036 3078 3115 3115 3078 3018 2992 2992 2983 2958 2993 2968 2968 2977 2977 3005 3013
4017 4036 4036 3953 3953 3967 3953 3939 3988 3966 3879 3892 3946 3940 3957 3952 3952 3932 3924 3913 3862 3872 3873 3854 3843 3843 3806 3793 3790 3765 3730 3703 3706 3676 3710 3711 3711 3710 3675 3650 3623 3587 3576 3564 3531 3531 3564 3564 3553 3533 3519 3521 3481 3405 3422 3402 3349 3324 3275 3253 3187 3176 3186 3197 3186 3079 3129 3152 3151 3132 3131 3116 3111 3096 3017 3017 3112 3113 3017 3067 3104 3100 3114 3079 3079 3007 2981 2984 2983 2982 2969 2961 2970 2971 3005 3012
4028 3984 3994 3953 3920 3910 3919 3931 3877 3871 3869 3885 3924 3956 3957 3957 3952 3921 3918 3890 3862 3872 3884 3861 3848 3843 3832 3805 3792 3771 3709 3687 3706 3706 3696 3700 3669 3710 3674 3630 3634 3590 3596 3569 3555 3529 3531 3555 3561 3550 3521 3519 3462 3414 3450 3414 3348 3324 3269 3247 3207 3175 3186 3174 3184 3163 3163 3152 3117 3095 3037 3061 3111 3019 3071 3053 3112 3038 3102 3102 3030 3104 3114 3064 3004 3079 3068 3068 2985 2980 2982 2982 2971 2971 2987 2998
4036 4006 3994 3994 3932 3864 3884 3864 3877 3833 3885 3891 3942 3956 3953 3933 3933 3933 3919 3862 3870 3884 3873 3849 3819 3842 3842 3821 3805 3772 3771 3682 3698 3703 3703 3689 3675 3699 3697 3674 3652 3590 3612 3612 3586 3558 3555 3561 3521 3492 3497 3500 3496 3462 3428 3388 3351 3316 3311 3256 3247 3209 3132 3175 3164 3129 3130 3081 3025 3068 3095 3082 3111 3062 3053 3067 3042 3067 3100 3027 3019 3015 3079 3103 3034 3004 2996 3066 2993 2974 3044 2982 2999 2999 2988 2988
3962 4025 4014 4014 4003 3884 3864 3862 3877 3877 3891 3931 3931 3945 3919 3911 3918 3918 3905 3895 3895 3882 3871 3814 3815 3827 3814 3831 3807 3793 3772 3771 3760 3696 3689 3692 3689 3688 3675 3674 3617 3608 3596 3612 3601 3600 3564 3561 3509 3400 3528 3500 3492 3492 3451 3413 3351 3317 3316 3225 3210 3137 3120 3164 3095 3103 3108 3121 3057 3057 3108 3058 3098 3062 3041 3056 3056 3041 3049 3027 3019 3019 3032 3101 3103 3034 2999 3057 3057 3044 3045 3010 2999 3024 3024 2998
3886 3907 3995 3987 4002 4002 3898 3933 3864 3857 3849 3884 3919 3905 3873 3896 3870 3849 3884 3884 3851 3851 3862 3815 3815 3802 3793 3831 3829 3810 3774 3710 3760 3758 3690 3696 3692 3688 3688 3669 3641 3641 3622 3611 3601 3600 3600 3554 3513 3528 3528 3399 3400 3437 3448 3440 3407 3294 3290 3245 3191 3151 3081 3160 3048 3105 3070 3121 3121 3108 3084 3051 3089 3073 3061 3062 3056 3045 3049 3049 3025 3025 3021 3021 3092 3071 3060 3060 3057 3046 3046 3035 3009 3024 3034 3023
3874 3886 3951 3875 3863 3967 4002 3960 3933 3858 3824 3884 3849 3861 3826 3815 3827 3818 3836 3884 3816 3862 3862 3807 3806 3781 3781 3807 3820 3810 3772 3710 3718 3749 3749 3678 3681 3681 3677 3677 3669 3658 3658 3611 3620 3599 3599 3565 3565 3527 3400 3399 3395 3393 3416 3440 3428 3306 3283 3225 3192 3153 3153 3071 3081 3105 3110 3109 3074 3087 3082 3076 3089 3089 3062 3062 3045 3043 3034 3038 3037 3021 3025 3020 3092 3092 2999 3060 3049 3049 3046 3045 3035 3034 3032 3013
3887 3940 3924 3851 3842 3898 3991 3991 3980 3950 3844 3813 3857 3849 3836 3829 3806 3807 3827 3841 3816 3836 3837 3827 3780 3745 3807 3768 3809 3808 3773 3764 3727 3725 3749 3738 3693 3690 3692 3681 3666 3662 3623 3647 3647 3636 3600 3588 3580 3565 3552 3503 3395 3380 3395 3395 3429 3403 3304 3282 3229 3185 3174 3092 3142 3139 3110 3094 3087 3077 3097 3076 3086 3078 3078 3067 3061 3045 3040 3038 3038 3043 3023 3020 3043 3081 3080 2979 3044 3049 3044 3044 3045 3034 3010 3013
3940 3883 3877 3851 3863 3933 3961 3988 3968 3946 3892 3844 3846 3843 3838 3827 3829 3830 3830 3807 3795 3839 3784 3793 3759 3759 3773 3746 3773 3774 3785 3742 3760 3700 3704 3738 3737 3704 3691 3670 3681 3623 3641 3641 3647 3636 3622 3624 3624 3587 3554 3527 3384 3384 3394 3396 3378 3319 3283 3283 3282 3228 3185 3145 3142 3142 3113 3109 3091 3095 3090 3097 3086 3078 3082 3077 3061 3040 3040 3037 3043 3024 3022 3043 3020 3081 3081 3008 3008 3048 3038 3045 3033 3034 3032 3023
3868 3863 3863 3895 3933 3928 3933 3960 3968 3946 3938 3892 3844 3812 3835 3835 3823 3823 3819 3786 3782 3839 3802 3795 3737 3763 3762 3747 3752 3740 3730 3726 3762 3708 3716 3739 3737 3726 3657 3676 3657 3642 3659 3658 3629 3635 3601 3588 3602 3613 3566 3543 3387 3394 3396 3396 3394 3347 3326 3283 3282 3228 3261 3164 3152 3131 3111 3091 3109 3109 3098 3098 3091 3082 3082 3063 3077 3050 3043 3055 3037 3026 3032 3030 3011 3080 3044 3070 3059 3048 3048 3037 3045 3033 3015 3011
3917 3918 3918 3917 3863 3883 3925 3949 3960 3968 3954 3858 3816 3799 3801 3835 3824 3824 3807 3807 3828 3803 3782 3696 3731 3762 3690 3725 3761 3748 3741 3726 3762 3730 3740 3740 3739 3724 3715 3670 3665 3670 3659 3659 3658 3637 3609 3567 3571 3601 3567 3566 3514 3389 3393 3394 3394 3355 3347 3333 3281 3261 3215 3217 3192 3139 3131 3120 3109 3109 3104 3104 3116 3137 3095 3071 3066 3066 3055 3055 3032 3012 3015 3032 3005 3067 3080 3010 3059 3024 3045 3046 3037 3035 3015 3010
3848 3882 3918 3917 3848 3898 3925 3920 3900 3901 3938 3872 3858 3780 3790 3801 3823 3785 3767 3788 3816 3750 3715 3694 3762 3761 3690 3761 3750 3728 3741 3726 3751 3730 3719 3740 3739 3702 3704 3694 3691 3670 3668 3623 3637 3658 3647 3603 3531 3547 3567 3532 3532 3400 3393 3382 3383 3383 3354 3336 3325 3281 3261 3249 3194 3152 3126 3171 3130 3116 3160 3139 3149 3138 3134 3095 3070 3069 3053 3062 3047 3021 3015 3021 3035 3010 3031 3069 3058 3031 3046 3032 3035 3033 3024 3024
3841 3848 3883 3904 3841 3899 3914 3900 3900 3926 3927 3794 3791 3742 3764 3770 3785 3759 3748 3774 3782 3676 3676 3715 3704 3702 3690 3714 3697 3739 3727 3695 3706 3697 3719 3729 3702 3726 3705 3704 3683 3668 3646 3618 3637 3622 3645 3604 3581 3557 3549 3531 3532 3531 3531 3400 3399 3382 3359 3359 3347 3313 3280 3259 3195 3183 3171 3173 3171 3160 3158 3149 3138 3147 3137 3118 3124 3114 3069 3073 3051 3019 3021 3021 3035 3009 3009 3031 3058 3001 3031 3013 3020 3023 3009 3012
3798 3807 3848 3883 3899 3912 3903 3914 3926 3926 3856 3791 3737 3742 3717 3757 3774 3755 3758 3711 3738 3716 3700 3702 3704 3681 3691 3716 3705 3663 3657 3673 3664 3662 3707 3718 3718 3704 3707 3704 3657 3680 3636 3634 3621 3635 3670 3603 3575 3560 3520 3533 3521 3521 3510 3520 3400 3387 3382 3366 3348 3333 3288 3267 3238 3194 3194 3204 3162 3160 3159 3149 3149 3147 3157 3174 3126 3126 3069 3111 3056 3025 3047 3069 3056 2998 3001 3043 3047 3047 3046 2996 3018 3020 3009 3013
3763 3800 3830 3883 3885 3872 3876 3913 3915 3878 3880 3856 3778 3731 3730 3730 3774 3759 3748 3702 3738 3702 3703 3700 3693 3667 3691 3716 3693 3632 3650 3669 3650 3667 3688 3696 3696 3707 3707 3690 3693 3693 3691 3682 3682 3670 3635 3670 3657 3613 3555 3537 3555 3527 3520 3400 3518 3378 3389 3371 3360 3345 3322 3288 3247 3237 3215 3215 3182 3162 3160 3159 3168 3147 3157 3174 3177 3177 3111 3141 3100 3098 3081 3077 3036 3001 3010 3054 3022 3047 2997 2976 2976 2977 2980 2969
3728 3730 3753 3802 3808 3870 3865 3877 3891 3857 3792 3845 3799 3737 3731 3739 3768 3757 3737 3736 3737 3725 3704 3703 3702 3646 3693 3689 3680 3680 3669 3668 3655 3642 3696 3663 3629 3662 3669 3663 3671 3654 3635 3655 3682 3615 3603 3610 3648 3624 3560 3555 3522 3522 3542 3516 3509 3400 3387 3389 3367 3345 3324 3311 3279 3237 3266 3226 3226 3181 3182 3181 3181 3174 3195 3211 3198 3152 3071 3141 3100 3103 3099 3069 3086 3033 3052 3054 3008 2970 2970 2959 2941 2945 2953 2957
3624 3623 3741 3745 3791 3791 3865 3891 3893 3893 3830 3791 3845 3781 3726 3739 3768 3745 3700 3736 3736 3737 3687 3693 3692 3702 3693 3681 3656 3680 3645 3669 3655 3646 3685 3656 3624 3657 3629 3658 3638 3637 3637 3634 3634 3603 3566 3587 3648 3575 3513 3512 3511 3544 3503 3516 3509 3521 3389 3380 3380 3365 3357 3311 3300 3284 3245 3215 3183 3212 3201 3199 3190 3223 3221 3211 3196 3143 3112 3140 3141 3140 3103 3099 3036 3065 3033 2988 2959 2989 3011 2975 2998 2965 2945 2940
3624 3741 3702 3723 3766 3849 3865 3878 3880 3893 3892 3834 3822 3788 3779 3775 3765 3724 3717 3723 3725 3726 3701 3691 3693 3690 3682 3680 3654 3668 3647 3657 3643 3674 3646 3634 3634 3624 3633 3623 3615 3626 3637 3621 3578 3557 3566 3648 3589 3537 3400 3549 3547 3502 3544 3533 3522 3522 3400 3380 3508 3386 3369 3313 3311 3311 3299 3288 3201 3245 3245 3234 3223 3223 3232 3221 3209 3155 3130 3127 3119 3140 3127 3090 3065 3065 3022 2926 3011 3011 2989 3011 3000 2989 2925 2942
3638 3718 3691 3686 3757 3779 3849 3854 3866 3869 3892 3871 3824 3823 3800 3779 3745 3754 3697 3659 3726 3723 3671 3677 3701 3670 3679 3645 3668 3667 3657 3636 3608 3656 3624 3635 3634 3633 3620 3622 3615 3615 3590 3585 3565 3600 3554 3622 3637 3555 3525 3525 3549 3538 3527 3533 3516 3522 3521 3399 3510 3386 3369 3378 3316 3289 3300 3298 3277 3245 3267 3234 3234 3243 3230 3212 3209 3200 3189 3187 3145 3133 3129 3106 3050 3043 2912 2915 3011 2944 3000 2954 2961 2962 2989 2978
3733 3623 3658 3678 3745 3779 3849 3866 3869 3869 3871 3892 3879 3826 3811 3778 3741 3745 3711 3703 3715 3704 3704 3701 3688 3666 3679 3632 3668 3633 3667 3634 3654 3656 3622 3634 3633 3601 3591 3577 3594 3604 3594 3612 3612 3552 3510 3589 3637 3636 3555 3556 3568 3538 3533 3543 3526 3521 3400 3389 3510 3400 3400 3358 3346 3293 3300 3289 3296 3278 3277 3256 3243 3223 3223 3212 3200 3157 3147 3189 3178 3113 3118 3118 3056 3056 3018 3007 2959 3000 2948 2967 2954 2956 2956 2945
3733 3638 3627 3700 3735 3779 3780 3855 3855 3856 3858 3857 3881 3870 3837 3801 3766 3734 3731 3688 3715 3703 3646 3655 3653 3670 3655 3679 3668 3635 3667 1979 3656 3600 3634 2000 1989 3510 3588 3591 3590 3594 3604 3612 3551 3505 3531 3400 3554 3636 3623 3588 3568 3582 3603 3588 3534 3515 3504 3400 3400 3400 3389 3365 3347 3335 3331 3296 3277 3262 3277 3264 3229 3208 3188 3201 3118 3150 3147 3178 3154 3112 3133 3106 3081 3081 2976 3004 3007 3000 2999 2934 2925 2925 2956 2943
3753 3626 3614 3648 3700 3760 3810 3852 3856 3857 3858 3858 3870 3870 3837 3700 3690 3700 3700 3689 3689 3654 3643 3644 3619 3622 3657 3657 1989 3635 3635 1987 3620 1966 3613 1977 1980 3543 3580 3590 3558 3557 3581 3515 3530 3542 3400 3510 3567 3604 3636 3625 3602 3603 3603 3602 3602 3533 3515 3386 3400 3400 3387 3358 3331 3331 3296 3256 3283 3262 3262 3222 3222 3194 3175 3162 3118 3166 3167 3167 3133 3136 3144 3111 3047 3033 2998 3017 3016 2981 2970 2958 2914 2926 2937 2942
3753 3637 3648 3690 3693 3761 3810 3815 3844 3847 3857 3857 3858 3859 3810 3700 3660 3672 3687 3689 3692 3647 3640 3644 3602 3604 3657 2000 2000 3646 1988 1989 1975 1965 3611 3613 2000 3578 3580 3579 3566 3558 3572 3560 3544 3517 3400 3541 3577 3587 3567 3593 3571 3532 3537 3532 3591 3519 3400 3386 3378 3367 3366 3344 3358 3332 3309 3283 3297 3285 3244 3243 3207 3118 3173 3160 3166 3167 3166 3166 3132 3144 3125 3113 3068 3036 2987 3017 3017 2976 2978 2959 2959 2958 2939 2937
3742 3742 3623 3645 3680 3760 3779 3815 3843 3847 3857 3843 3858 3848 3823 3700 3700 3661 3666 3668 3692 3669 3627 3640 3602 3621 3610 1866 3646 3646 1987 1988 1980 1980 2000 3602 3591 3569 3579 3576 3556 3566 3572 3572 3545 3544 3533 3556 3520 3400 3380 3400 3566 3566 3400 3532 3400 3533 3569 3569 3400 3367 3378 3366 3347 3346 3344 3332 3300 3289 3274 3228 3230 3159 3152 2900 3128 3151 3166 3153 3154 3122 3120 3114 3113 2977 3068 3067 3064 2994 3013 2978 2964 2964 2958 2947
3741 3658 3624 3666 3680 3700 3700 3794 3817 3836 3846 3846 3835 3858 3848 3823 3700 3661 3666 3650 3681 3668 3633 3629 3626 3618 1868 1887 3635 3610 1990 1979 2000 2000 3600 3602 3602 3568 3558 3556 3544 3554 3555 3561 3524 3521 3533 3555 3520 3366 3378 3377 3367 3386 3566 3555 3568 3569 3533 3568 3400 3387 3378 3378 3366 3366 3366 3332 3319 3289 3298 3274 3242 3185 3126 3126 3131 3156 3166 3132 3154 3119 3119 3119 3113 3078 3036 3068 3067 3056 3056 3045 3045 3034 2992 2959
3644 3731 3658 3646 3618 3683 3700 3792 3836 3844 3846 3832 3823 3845 3847 3837 3815 3687 3665 3650 3670 3668 3628 3627 1865 3618 3618 3632 3635 3635 3624 3618 3600 3600 3600 3600 3557 3556 3556 3542 3400 3520 3554 3560 3533 3544 3555 3542 3520 3387 3400 3513 3515 3505 3557 3523 3568 3522 3520 3366 3400 3366 3366 3331 3336 3324 3318 3353 3298 3298 3264 3277 3263 3253 2900 3106 3131 3152 3156 3132 3100 3100 3098 3102 3108 3046 3078 3033 3057 3046 3056 3044 3045 3044 2992 2981
3699 3731 3727 3658 3647 3658 3699 3792 3822 3825 3835 3832 3810 3810 3826 3836 3804 3802 3651 3665 3670 3669 3634 1865 3627 3616 3616 3607 3607 3632 3601 3624 3613 3613 3590 3588 3553 3545 3502 3388 3502 3509 3539 3554 3560 3547 3522 3521 3501 3509 3400 3519 3521 3555 3532 3557 3400 3501 3365 3342 3353 3366 3366 3331 3331 3324 3312 3288 3275 3232 3264 3230 3222 3147 2856 2855 3127 3139 3132 3132 3132 3132 3118 3078 3086 3097 3075 3071 3022 3046 3046 3035 3035 3044 3023 3033
3720 3699 3688 3649 3658 3680 3664 3809 3825 3825 3835 3835 3821 3700 3800 3824 3825 3736 3700 3632 3646 3669 3648 1900 1878 3621 3614 1879 1900 2000 3632 3621 3621 3613 3588 3557 3513 3553 3504 3534 3534 3543 3528 3528 3549 3525 3503 3521 3507 3509 3534 3534 3546 3546 3546 3514 3400 3400 3367 3367 3355 3353 3332 3309 3285 3312 3312 3288 3254 3201 2100 3201 2889 3145 3161 3189 3178 3178 3145 3114 2880 2888 3098 3098 3098 3098 3085 3075 2995 3043 3050 3035 3034 3034 3023 3033
3720 3706 3706 3688 3680 3657 3647 3689 3820 3820 3822 3824 3823 3818 3693 3756 3824 3749 3700 3666 3643 3669 3648 3634 3634 3623 1868 1900 1900 2000 3600 3600 3619 3610 3602 3567 3534 3542 3540 3534 3543 3527 3541 3526 3514 3400 3521 3506 3523 3534 3513 3535 3518 3533 3386 3387 3400 3378 3400 3386 3366 3355 3353 3332 3319 3277 3264 3234 3210 2058 2032 2043 2843 3200 3200 3127 3128 3178 3133 3121 2886 3110 3110 3110 3099 3099 3087 3064 3064 3054 3054 3024 3024 3006 3034 3023
3709 3642 3656 3706 3669 3658 3809 3809 3693 3810 3822 3824 3824 3811 3694 3694 3789 3824 3733 3666 3634 3655 3658 1867 1889 1878 1887 1878 1900 1889 2000 3600 3600 3610 3610 3599 3599 3566 3545 3523 3526 3532 3532 3512 3400 3512 3506 3523 3521 3502 3400 3389 3378 3387 3400 3400 3389 3387 3389 3389 3378 3355 3332 3332 3332 3319 3264 3212 3210 2030 2010 2008 2830 3111 2829 2826 3111 2869 2866 3133 3133 3122 3122 3111 3100 3099 3088 3084 3065 3053 3043 3043 3032 3029 3020 3023
3709 3664 3664 3695 3695 3669 3666 3807 3693 3680 3700 3813 3823 3823 3802 3802 3813 3811 3781 3692 3644 3655 3655 3658 1878 3612 3612 1876 1889 1900 1900 3589 3589 3597 3598 3569 3599 3566 3555 3554 3534 3533 3533 3532 3509 3400 3510 3512 3400 3389 3386 3386 3365 3366 3387 3366 3366 3365 3356 3345 3351 3344 3332 3319 3299 3254 2100 2100 2046 2080 2044 2021 2080 2019 2801 2823 2847 2823 2869 2889 3100 3100 3119 3084 3100 3098 3098 3064 3064 3064 3050 3030 3032 3032 3029 3010
3675 3706 3655 3665 3693 3666 3756 3800 3700 3690 3700 3801 3800 3778 3776 3756 3748 3744 3732 3700 3680 3647 3612 3626 1866 3612 1867 1878 1890 1980 2000 3589 3589 3589 3588 3569 3598 3575 3555 3555 3554 3554 3543 3522 3520 3400 3512 3512 3400 3367 3357 3357 3365 3353 3366 3389 3366 3365 3320 3306 3285 3296 3330 3319 3317 3223 3231 3231 2089 3209 2080 2024 2024 2080 2045 2100 2100 2847 2865 2900 3100 3100 3098 3098 3078 3085 3076 2900 3064 3042 3064 3053 3053 3037 3019 3029
3706 3687 3671 3663 3684 3786 3800 3800 3773 3778 3790 3812 3800 3779 3778 3791 3756 3770 3745 3690 3690 3647 3634 3619 3626 1866 1878 3601 1900 1966 3513 3569 3578 3578 3588 3584 3577 3598 3587 3585 3563 3563 3522 3520 3399 3519 3519 3501 3389 3377 3322 3357 3365 3366 3389 3387 3366 3366 3365 3287 3296 3285 2089 2100 2022 3211 2100 3231 2089 3209 3208 2069 2066 2069 2080 2100 2100 2836 2844 2844 3078 3098 3083 3070 3078 3085 3044 2869 3000 3064 3050 3042 3051 3039 3028 3028
3707 3714 3725 3725 3723 3789 3789 3700 3786 3786 3810 3812 3790 3800 3791 3791 3790 3768 3733 3699 3699 3635 3636 1878 3615 1878 3601 1900 3601 1980 3527 3578 3578 3578 3578 3558 3549 3577 3564 3587 3564 3532 3520 3347 3378 3389 3400 3508 3506 3387 3366 3343 3355 3352 3353 3366 3353 3352 3334 3309 3287 3285 3242 1900 2080 3232 3232 3223 3223 3212 3201 3201 2080 3189 3188 2100 3177 3175 2844 2856 3153 3154 3119 3119 3119 3085 3040 3040 3040 3053 3053 3042 3042 3015 3031 3028
3696 3714 3695 3671 3672 3700 3691 3700 3696 3700 3801 3791 3789 3780 3778 3777 3790 3733 3700 3690 3679 3688 3670 3623 3615 3615 1889 1900 3600 2000 3589 3588 3578 3588 3571 3567 3558 3566 3566 3576 3550 3532 3532 2000 3335 3389 3400 3386 3508 3400 3367 3366 3335 3311 3318 3366 3332 3334 3323 3334 3274 3257 3274 3257 3231 2069 3232 2047 2047 2066 3202 3216 3200 3200 3188 3188 2825 3177 3166 3166 3166 3155 3122 3154 3120 2880 2857 2865 2890 3000 3018 2995 3042 3042 3031 3030
