R/output/arrival.asc
NCOLS 638
NROWS 825
XLLCORNER -2985163.8955
YLLCORNER -3022031.214
CELLSIZE 10000
NODATA_value -1
[rows 141 to 187 of 825, columns 288 to 383 of 638]
2422 2423 2423 2427 2402 2429 2417 2418 2344 2372 2349 2336 2393 2419 2431 2431 2389 2389 2332 2349 2284 2349 2327 2316 2303 2306 2307 2301 2284 2295 2331 2265 2187 2260 2260 2249 2256 2273 2248 2250 2251 2239 2229 2262 2203 2203 2245 2245 2234 2269 2256 2240 2212 2250 2239 2184 2212 2212 2213 2187 2202 2206 2219 2195 2152 2130 2139 2123 2116 2125 2138 2104 2070 2106 2086 2108 2097 2091 2086 2078 2069 2056 2001 2045 2031 2025 2028 2014 2005 1991 1967 1920 1905 1898 1898 1908
2421 2423 2408 2399 2429 2425 2429 2417 2387 2372 2416 2350 2391 2393 2442 2431 2419 2399 2349 2305 2349 2232 2295 2260 2293 2317 2307 2305 2301 2295 2331 2331 2295 2282 2284 2238 2273 2273 2261 2251 2273 2272 2251 2262 2221 2237 2249 2246 2200 2280 2278 2261 2261 2250 2209 2214 2224 2223 2200 2200 2191 2214 2219 2208 2186 2136 2150 2172 2137 2117 2138 2084 2086 2104 2125 2084 2091 2056 2080 2080 2057 2066 2039 2042 2020 2020 2028 2014 2005 2013 2010 1967 1879 1906 1909 1918
2419 2434 2440 2405 2424 2401 2429 2415 2426 2439 2427 2404 2388 2453 2439 2400 2399 2396 2388 2384 2384 2349 2307 2260 2317 2318 2283 2301 2290 2330 2306 2291 2271 2238 2284 2183 2224 2283 2262 2283 2272 2273 2270 2250 2236 2260 2273 2273 2256 2280 2261 2226 2226 2227 2214 2220 2234 2236 2215 2186 2186 2207 2225 2231 2219 2164 2110 2118 2172 2138 2126 2126 2103 2119 2126 2112 2091 2045 2056 2090 2077 2077 2074 2059 2040 2051 2014 2005 1992 2013 2024 1975 1955 1943 1944 1921
2396 2434 2434 2440 2421 2395 2440 2417 2440 2439 2438 2418 2453 2403 2418 2411 2410 2354 2367 2385 2385 2369 2349 2349 2301 2318 2321 2335 2330 2342 2353 2326 2306 2270 2193 2197 2211 2249 2283 2262 2249 2272 2284 2239 2257 2272 2250 2260 2291 2268 2268 2256 2226 2222 2235 2245 2270 2270 2270 2241 2228 2207 2225 2231 2231 2207 2173 2116 2183 2172 2147 2160 2160 2138 2137 2137 2125 2105 2124 2102 2109 2039 2088 2054 2074 2073 2073 2045 1992 2013 2053 1990 1975 1955 1988 1954
2409 2445 2443 2441 2441 2440 2420 2440 2439 2420 2438 2454 2454 2418 2411 2410 2357 2359 2381 2384 2401 2371 2370 2318 2314 2319 2364 2365 2365 2342 2374 2374 2351 2324 2290 2205 2224 2212 2291 2246 2252 2284 2262 2271 2272 2272 2258 2282 2295 2291 2259 2256 2255 2233 2282 2282 2235 2238 2256 2257 2236 2227 2204 2223 2240 2197 2194 2183 2172 2161 2160 2160 2160 2117 2137 2140 2142 2125 2124 2123 2088 2088 2016 2023 2054 2085 2085 2058 2067 2057 2056 2034 1977 1974 2020 1988
2406 2442 2456 2446 2441 2451 2451 2417 2402 2419 2443 2453 2454 2410 2434 2431 2411 2361 2381 2396 2396 2401 2390 2314 2360 2330 2336 2365 2364 2364 2353 2394 2374 2318 2295 2270 2305 2306 2297 2275 2252 2284 2240 2283 2283 2274 2271 2295 2303 2314 2270 2279 2256 2248 2282 2245 2239 2260 2249 2235 2274 2236 2235 2242 2242 2184 2184 2172 2147 2147 2161 2181 2146 2139 2127 2142 2134 2145 2155 2135 2123 2051 2037 2016 2088 2090 2085 2068 2068 2067 2067 2054 2033 2033 2020 2035
2421 2420 2446 2456 2452 2460 2462 2425 2394 2417 2431 2465 2465 2418 2424 2434 2418 2372 2407 2366 2396 2412 2398 2360 2329 2339 2356 2376 2340 2386 2359 2408 2362 2351 2304 2305 2279 2290 2317 2352 2318 2304 2294 2283 2281 2283 2276 2295 2296 2325 2291 2290 2248 2256 2291 2239 2235 2260 2258 2265 2276 2235 2252 2218 2229 2275 2215 2194 2128 2146 2158 2183 2183 2160 2145 2119 2131 2153 2156 2156 2145 2102 2037 2101 2090 2093 2079 2048 2068 2067 2086 2054 2032 2020 2035 2009
2432 2418 2456 2457 2457 2452 2462 2428 2389 2405 2454 2465 2418 2419 2435 2445 2418 2393 2407 2382 2395 2413 2423 2395 2342 2340 2341 2376 2364 2373 2408 2373 2357 2340 2339 2316 2325 2328 2315 2341 2352 2329 2318 2250 2284 2318 2307 2296 2296 2314 2325 2290 2268 2250 2293 2276 2269 2258 2258 2299 2287 2252 2287 2287 2225 2243 2275 2204 2194 2172 2169 2145 2182 2194 2159 2118 2153 2143 2157 2176 2157 2167 2113 2027 2107 2107 2101 2059 2075 2078 2099 2077 2020 2041 2036 2035
2432 2431 2431 2457 2439 2463 2473 2439 2442 2459 2476 2473 2403 2435 2445 2430 2401 2381 2404 2423 2424 2423 2410 2409 2387 2374 2369 2387 2370 2379 2409 2408 2373 2383 2340 2314 2293 2328 2319 2321 2363 2350 2329 2284 2318 2316 2325 2299 2314 2312 2346 2290 2276 2261 2304 2293 2269 2262 2276 2299 2299 2262 2246 2286 2243 2263 2286 2229 2160 2194 2174 2169 2194 2159 2159 2165 2153 2113 2157 2178 2178 2168 2159 2107 2112 2093 2101 2099 2078 2088 2099 2066 2093 2040 2036 2055
2443 2426 2468 2468 2427 2463 2450 2473 2465 2487 2476 2438 2446 2395 2446 2430 2392 2381 2384 2424 2424 2400 2409 2409 2381 2377 2382 2398 2351 2372 2401 2420 2409 2385 2373 2373 2339 2330 2332 2363 2330 2330 2330 2328 2252 2297 2325 2311 2315 2335 2359 2359 2325 2324 2289 2289 2321 2268 2308 2252 2277 2289 2289 2286 2254 2284 2286 2241 2179 2240 2228 2193 2193 2194 2166 2187 2183 2189 2181 2122 2179 2170 2170 2127 2112 2115 2070 2078 2093 2093 2111 2120 2105 2050 1985 2058
2443 2442 2468 2377 2447 2449 2474 2476 2487 2453 2453 2452 2452 2446 2383 2392 2380 2384 2384 2380 2387 2387 2400 2396 2431 2431 2430 2430 2370 2383 2400 2401 2420 2420 2398 2387 2376 2364 2364 2330 2329 2362 2362 2338 2309 2310 2310 2373 2325 2326 2362 2351 2345 2342 2355 2321 2331 2334 2310 2265 2275 2300 2298 2307 2309 2273 2264 2259 2192 2251 2249 2204 2228 2175 2187 2197 2215 2214 2189 2179 2157 2170 2182 2160 2148 2112 2058 2081 2106 2122 2133 2139 2127 2104 2038 2069
2437 2437 2479 2477 2461 2474 2460 2488 2464 2464 2405 2406 2457 2457 2400 2393 2401 2446 2435 2366 2374 2387 2388 2379 2399 2431 2405 2430 2417 2400 2412 2412 2428 2407 2396 2397 2376 2384 2386 2349 2343 2329 2349 2352 2310 2309 2344 2373 2325 2362 2362 2351 2334 2340 2355 2376 2345 2355 2311 2310 2300 2298 2309 2306 2309 2298 2272 2224 2262 2251 2204 2228 2217 2198 2198 2197 2215 2226 2226 2210 2189 2168 2182 2171 2181 2168 2147 2116 2115 2117 2133 2139 2139 2104 2104 2054
2444 2448 2479 2455 2474 2487 2487 2499 2487 2402 2405 2414 2417 2468 2457 2372 2446 2444 2435 2412 2425 2364 2378 2399 2399 2399 2442 2390 2412 2418 2423 2431 2408 2407 2374 2387 2397 2362 2386 2363 2372 2352 2364 2348 2348 2344 2384 2380 2328 2338 2359 2349 2333 2340 2345 2378 2389 2333 2311 2341 2332 2319 2321 2332 2311 2294 2272 2296 2258 2231 2213 2204 2186 2198 2205 2205 2192 2203 2237 2234 2204 2156 2150 2182 2170 2181 2161 2147 2147 2150 2148 2127 2094 2124 2138 2104
2484 2484 2490 2455 2469 2475 2499 2499 2472 2388 2418 2417 2479 2468 2458 2382 2406 2436 2445 2437 2433 2371 2399 2379 2410 2453 2442 2405 2405 2423 2433 2442 2419 2392 2388 2397 2398 2365 2387 2387 2375 2386 2342 2342 2359 2354 2384 2350 2325 2328 2349 2348 2333 2330 2344 2389 2365 2354 2343 2311 2332 2332 2321 2333 2333 2320 2285 2330 2328 2231 2162 2197 2209 2209 2227 2228 2203 2192 2201 2237 2204 2181 2183 2146 2172 2226 2202 2161 2161 2180 2180 2159 2108 2094 2104 2138
2484 2529 2482 2483 2510 2507 2469 2475 2458 2418 2428 2479 2417 2469 2465 2416 2414 2445 2448 2445 2433 2420 2400 2424 2453 2451 2392 2434 2433 2434 2433 2442 2419 2409 2409 2398 2398 2372 2388 2366 2372 2364 2386 2372 2394 2358 2395 2346 2324 2328 2360 2360 2344 2325 2344 2390 2368 2310 2310 2343 2311 2331 2302 2318 2353 2355 2298 2341 2307 2297 2226 2220 2209 2203 2239 2250 2250 2227 2217 2216 2227 2204 2225 2182 2184 2229 2217 2173 2161 2191 2168 2172 2167 2151 2117 2126
2531 2531 2520 2479 2521 2510 2469 2461 2450 2479 2499 2438 2449 2469 2469 2459 2414 2448 2436 2454 2456 2433 2423 2427 2419 2381 2392 2416 2434 2407 2424 2462 2427 2409 2363 2363 2383 2399 2399 2388 2364 2395 2395 2394 2394 2395 2395 2394 2361 2325 2360 2344 2312 2314 2322 2401 2389 2311 2309 2344 2332 2297 2347 2300 2336 2355 2310 2353 2306 2282 2261 2261 2203 2257 2203 2224 2250 2262 2248 2238 2248 2248 2205 2195 2216 2229 2207 2203 2182 2191 2189 2172 2167 2167 2172 2192
2493 2493 2520 2521 2491 2506 2461 2455 2450 2502 2502 2478 2392 2458 2470 2459 2443 2447 2448 2446 2499 2464 2438 2464 2385 2404 2414 2445 2416 2424 2444 2466 2476 2407 2344 2352 2339 2399 2383 2375 2357 2374 2395 2387 2372 2364 2372 2361 2360 2346 2348 2347 2301 2312 2314 2410 2412 2354 2309 2344 2333 2298 2352 2336 2366 2336 2319 2364 2320 2317 2301 2262 2301 2224 2239 2259 2260 2295 2293 2250 2272 2251 2239 2206 2238 2240 2240 2232 2182 2202 2219 2179 2179 2152 2150 2172
2413 2493 2502 2521 2522 2500 2469 2476 2493 2482 2482 2513 2491 2470 2447 2470 2472 2445 2437 2467 2468 2499 2502 2464 2438 2425 2438 2456 2413 2399 2425 2466 2476 2441 2441 2420 2359 2386 2354 2375 2382 2406 2406 2398 2387 2362 2406 2406 2324 2360 2371 2361 2333 2312 2312 2375 2412 2379 2353 2344 2341 2336 2366 2369 2366 2334 2330 2364 2341 2319 2313 2313 2307 2301 2288 2272 2279 2273 2306 2272 2284 2306 2283 2238 2250 2240 2245 2245 2202 2207 2219 2208 2196 2186 2139 2173
2413 2474 2515 2515 2522 2504 2503 2493 2512 2477 2492 2513 2481 2447 2449 2472 2450 2448 2478 2479 2486 2487 2502 2467 2434 2438 2453 2456 2435 2445 2399 2441 2477 2431 2430 2407 2441 2400 2336 2337 2353 2406 2398 2368 2340 2360 2407 2417 2359 2359 2369 2382 2382 2325 2319 2354 2423 2353 2354 2354 2343 2347 2369 2369 2367 2341 2342 2375 2374 2321 2313 2327 2318 2306 2290 2279 2284 2273 2338 2318 2317 2318 2305 2304 2293 2282 2245 2211 2202 2203 2228 2207 2196 2194 2173 2186
2485 2525 2513 2515 2516 2533 2504 2503 2503 2514 2525 2513 2480 2480 2451 2490 2448 2461 2479 2479 2478 2499 2513 2472 2438 2461 2457 2446 2454 2447 2488 2445 2477 2477 2446 2405 2421 2444 2421 2323 2392 2417 2415 2361 2368 2359 2407 2428 2358 2330 2364 2383 2383 2347 2345 2388 2423 2367 2323 2341 2345 2331 2357 2387 2357 2340 2409 2374 2343 2340 2329 2329 2333 2326 2306 2284 2286 2292 2352 2353 2318 2317 2317 2304 2304 2303 2266 2259 2236 2235 2230 2241 2231 2231 2187 2214
2525 2537 2524 2541 2533 2509 2514 2517 2481 2525 2533 2536 2498 2483 2483 2483 2490 2432 2449 2494 2513 2513 2483 2482 2472 2468 2502 2502 2458 2436 2488 2488 2479 2479 2454 2425 2370 2433 2455 2386 2395 2420 2417 2366 2339 2346 2418 2428 2353 2353 2360 2382 2383 2378 2353 2402 2424 2322 2319 2343 2343 2368 2391 2391 2348 2339 2421 2375 2374 2307 2335 2333 2398 2344 2273 2287 2288 2288 2353 2353 2352 2339 2314 2304 2271 2303 2301 2280 2267 2232 2241 2230 2230 2252 2220 2235
2535 2537 2555 2496 2517 2533 2546 2517 2504 2547 2536 2512 2501 2498 2490 2490 2468 2443 2443 2477 2521 2520 2509 2442 2468 2488 2523 2536 2493 2470 2440 2470 2467 2479 2476 2476 2421 2440 2455 2421 2420 2428 2399 2323 2347 2350 2428 2429 2429 2353 2371 2371 2394 2413 2362 2435 2435 2374 2335 2321 2368 2365 2402 2390 2373 2373 2421 2421 2362 2335 2324 2361 2409 2344 2299 2299 2290 2364 2364 2360 2360 2352 2349 2326 2300 2312 2265 2279 2280 2280 2251 2253 2230 2265 2265 2247
2565 2555 2544 2542 2505 2529 2559 2559 2559 2543 2512 2473 2484 2501 2498 2512 2458 2448 2461 2500 2534 2516 2524 2508 2488 2498 2525 2537 2548 2510 2496 2474 2490 2488 2467 2487 2440 2440 2456 2432 2433 2440 2414 2332 2350 2358 2359 2429 2358 2358 2371 2367 2394 2413 2378 2399 2435 2375 2354 2335 2335 2402 2401 2401 2388 2373 2409 2409 2395 2321 2318 2398 2409 2432 2384 2340 2373 2364 2298 2360 2318 2349 2349 2348 2334 2314 2289 2302 2264 2261 2261 2253 2258 2258 2255 2241
2571 2553 2542 2542 2530 2529 2554 2566 2577 2570 2477 2448 2493 2495 2502 2527 2472 2471 2470 2482 2534 2535 2516 2486 2485 2489 2511 2508 2548 2536 2467 2474 2490 2495 2498 2464 2415 2427 2451 2467 2467 2440 2444 2432 2358 2360 2440 2349 2343 2341 2398 2396 2405 2414 2388 2354 2444 2435 2380 2413 2413 2371 2402 2401 2408 2395 2392 2432 2408 2326 2374 2410 2432 2432 2398 2386 2299 2321 2344 2369 2333 2346 2356 2356 2348 2334 2325 2314 2264 2261 2264 2235 2223 2234 2241 2288
2565 2554 2565 2566 2565 2565 2564 2571 2577 2570 2567 2493 2495 2538 2538 2526 2501 2472 2480 2482 2509 2535 2535 2517 2481 2451 2555 2555 2559 2528 2500 2465 2452 2501 2498 2443 2465 2427 2449 2467 2455 2444 2393 2341 2341 2449 2451 2440 2349 2433 2436 2425 2425 2434 2413 2392 2435 2457 2332 2358 2413 2370 2371 2408 2422 2392 2392 2443 2430 2374 2374 2377 2444 2444 2418 2398 2418 2385 2397 2371 2386 2356 2369 2334 2343 2335 2355 2368 2299 2283 2264 2272 2224 2269 2288 2286
2577 2577 2586 2566 2573 2564 2580 2581 2588 2560 2546 2546 2546 2548 2513 2526 2527 2518 2472 2479 2509 2505 2546 2546 2528 2481 2498 2555 2557 2559 2570 2529 2516 2445 2446 2431 2432 2478 2427 2428 2430 2455 2453 2376 2376 2451 2371 2327 2358 2436 2352 2380 2425 2435 2414 2456 2457 2401 2403 2371 2382 2425 2425 2418 2456 2436 2422 2480 2466 2466 2464 2409 2444 2476 2467 2431 2442 2397 2403 2397 2392 2381 2348 2336 2335 2323 2334 2368 2283 2290 2285 2281 2311 2281 2230 2222
2577 2586 2526 2575 2575 2546 2581 2588 2607 2594 2574 2515 2549 2532 2527 2547 2539 2539 2531 2513 2493 2495 2546 2529 2528 2500 2486 2489 2563 2566 2533 2570 2571 2535 2500 2431 2415 2418 2489 2406 2380 2410 2455 2399 2331 2387 2380 2335 2336 2447 2338 2375 2416 2416 2435 2469 2469 2421 2359 2348 2447 2425 2434 2435 2453 2511 2500 2500 2477 2477 2466 2448 2453 2467 2489 2467 2455 2423 2382 2392 2390 2375 2370 2357 2336 2325 2368 2326 2320 2333 2322 2322 2299 2292 2289 2225
2598 2586 2535 2537 2546 2573 2582 2618 2607 2607 2581 2541 2560 2560 2549 2549 2561 2531 2536 2542 2542 2488 2555 2557 2501 2568 2568 2536 2566 2509 2510 2519 2582 2582 2509 2487 2466 2432 2489 2462 2438 2390 2397 2466 2409 2462 2477 2421 2374 2447 2436 2351 2428 2384 2469 2469 2490 2458 2447 2447 2326 2365 2420 2446 2511 2463 2514 2498 2501 2503 2503 2466 2467 2470 2489 2468 2460 2424 2403 2368 2369 2355 2358 2370 2336 2333 2336 2380 2369 2299 2276 2268 2268 2292 2246 2193
2615 2516 2515 2566 2571 2593 2618 2599 2595 2595 2596 2563 2548 2550 2562 2561 2540 2548 2538 2565 2552 2542 2505 2557 2555 2568 2603 2598 2577 2578 2501 2496 2535 2582 2505 2500 2500 2496 2489 2496 2519 2476 2522 2497 2498 2485 2484 2490 2479 2466 2484 2475 2475 2466 2478 2482 2481 2515 2468 2503 2481 2467 2467 2511 2512 2502 2514 2525 2502 2503 2510 2468 2468 2481 2489 2458 2460 2471 2415 2368 2338 2358 2336 2345 2370 2391 2380 2314 2298 2298 2276 2241 2231 2236 2275 2200
2592 2592 2542 2569 2604 2601 2629 2616 2595 2595 2595 2581 2561 2549 2535 2562 2562 2506 2531 2565 2566 2528 2530 2562 2568 2589 2614 2614 2612 2577 2501 2509 2509 2591 2510 2530 2530 2524 2523 2535 2552 2554 2555 2532 2518 2531 2521 2490 2509 2484 2487 2495 2504 2504 2478 2493 2526 2515 2545 2534 2523 2481 2501 2512 2536 2514 2517 2535 2522 2488 2456 2512 2512 2501 2501 2446 2467 2437 2471 2390 2382 2403 2361 2371 2402 2354 2326 2302 2254 2236 2247 2271 2287 2303 2259 2245
2548 2580 2548 2593 2604 2629 2606 2550 2552 2595 2562 2561 2584 2584 2561 2573 2549 2504 2532 2527 2543 2577 2568 2573 2570 2550 2602 2614 2612 2577 2500 2498 2530 2593 2593 2510 2543 2565 2546 2523 2554 2555 2555 2543 2543 2543 2532 2529 2511 2509 2524 2505 2504 2490 2537 2579 2545 2545 2525 2570 2559 2556 2531 2513 2536 2551 2578 2538 2515 2523 2456 2523 2477 2501 2490 2467 2455 2436 2483 2417 2414 2436 2393 2402 2372 2338 2313 2265 2227 2219 2222 2282 2282 2303 2293 2248
2606 2536 2595 2568 2615 2632 2632 2580 2569 2569 2583 2563 2561 2582 2573 2574 2549 2521 2554 2527 2517 2565 2577 2602 2596 2584 2612 2623 2625 2619 2519 2498 2498 2553 2534 2523 2532 2557 2565 2523 2540 2548 2546 2537 2537 2537 2526 2526 2525 2538 2572 2550 2538 2537 2579 2601 2614 2581 2570 2557 2545 2559 2548 2548 2563 2561 2551 2593 2527 2557 2523 2491 2491 2491 2490 2476 2455 2475 2505 2494 2492 2404 2393 2391 2339 2326 2310 2280 2233 2227 2216 2248 2298 2326 2303 2261
2632 2545 2568 2615 2629 2632 2603 2574 2553 2566 2564 2564 2567 2573 2574 2574 2596 2555 2541 2575 2513 2563 2588 2602 2618 2618 2618 2639 2665 2635 2632 2646 2578 2522 2604 2604 2531 2557 2566 2525 2563 2566 2548 2516 2505 2503 2496 2525 2502 2512 2538 2572 2593 2584 2600 2614 2615 2566 2515 2504 2511 2545 2545 2563 2563 2604 2604 2593 2592 2535 2544 2512 2469 2524 2503 2470 2502 2505 2475 2414 2404 2383 2392 2354 2324 2326 2291 2279 2268 2266 2214 2247 2298 2337 2323 2294
2614 2579 2604 2635 2638 2643 2617 2568 2553 2562 2561 2575 2567 2585 2579 2579 2583 2596 2577 2577 2546 2521 2541 2588 2602 2636 2654 2654 2679 2665 2665 2655 2646 2605 2502 2468 2557 2589 2589 2574 2566 2577 2559 2506 2504 2483 2475 2500 2501 2502 2523 2534 2572 2613 2606 2626 2648 2627 2563 2504 2504 2516 2532 2574 2570 2604 2561 2538 2543 2592 2592 2526 2523 2558 2545 2536 2536 2505 2433 2414 2394 2348 2337 2324 2292 2324 2290 2302 2302 2270 2349 2252 2309 2337 2314 2266
2639 2583 2605 2649 2650 2651 2654 2581 2563 2564 2575 2575 2578 2585 2601 2602 2615 2596 2582 2588 2547 2541 2514 2588 2581 2599 2653 2654 2679 2698 2679 2687 2673 2650 2604 2510 2545 2600 2589 2589 2589 2588 2577 2575 2527 2503 2513 2513 2449 2459 2489 2523 2547 2536 2613 2637 2662 2640 2626 2507 2492 2493 2574 2571 2613 2615 2551 2536 2523 2527 2558 2579 2558 2490 2489 2489 2506 2506 2454 2435 2404 2370 2313 2300 2260 2277 2303 2305 2281 2302 2360 2360 2309 2316 2315 2364
2703 2680 2649 2642 2638 2654 2664 2653 2616 2564 2553 2578 2586 2587 2616 2616 2616 2617 2619 2588 2588 2593 2599 2577 2599 2588 2657 2674 2699 2699 2702 2700 2687 2661 2651 2611 2600 2597 2586 2589 2588 2578 2588 2582 2571 2560 2560 2557 2557 2546 2523 2535 2581 2593 2627 2635 2648 2662 2628 2628 2585 2585 2581 2560 2615 2547 2506 2495 2493 2512 2513 2494 2501 2489 2455 2460 2517 2517 2461 2436 2425 2370 2304 2251 2281 2239 2282 2305 2260 2281 2309 2352 2357 2383 2376 2365
2714 2683 2645 2665 2616 2630 2664 2652 2642 2586 2573 2563 2585 2586 2587 2598 2627 2627 2619 2610 2610 2615 2631 2626 2622 2610 2636 2659 2688 2710 2713 2710 2698 2664 2661 2599 2591 2600 2562 2551 2560 2577 2563 2594 2594 2593 2569 2593 2590 2581 2568 2581 2593 2682 2682 2682 2669 2684 2662 2640 2614 2628 2630 2583 2525 2519 2506 2484 2485 2489 2496 2489 2473 2455 2449 2460 2528 2526 2436 2434 2361 2328 2328 2316 2260 2223 2238 2268 2273 2294 2327 2333 2371 2376 2383 2383
2714 2659 2624 2665 2665 2582 2613 2617 2641 2630 2619 2597 2597 2597 2585 2598 2643 2623 2630 2610 2604 2622 2644 2644 2644 2637 2636 2657 2670 2685 2710 2713 2698 2672 2659 2638 2614 2611 2611 2591 2539 2551 2559 2580 2595 2614 2616 2605 2604 2603 2603 2604 2648 2682 2683 2682 2691 2706 2718 2672 2650 2632 2632 2626 2626 2532 2540 2506 2461 2463 2450 2507 2444 2420 2448 2457 2528 2471 2438 2383 2371 2350 2351 2362 2337 2260 2255 2291 2316 2332 2378 2398 2387 2391 2394 2371
2726 2645 2607 2679 2676 2613 2587 2618 2586 2630 2628 2644 2630 2624 2588 2624 2638 2643 2643 2651 2642 2623 2644 2644 2678 2666 2670 2670 2632 2667 2676 2719 2721 2713 2665 2623 2622 2636 2636 2603 2573 2529 2540 2560 2572 2616 2625 2638 2624 2604 2631 2675 2682 2683 2683 2706 2729 2718 2718 2707 2684 2660 2659 2643 2621 2564 2573 2540 2497 2497 2508 2507 2554 2433 2434 2509 2539 2472 2425 2438 2423 2403 2384 2369 2350 2339 2316 2343 2332 2392 2398 2405 2405 2432 2402 2364
2714 2637 2679 2687 2685 2584 2587 2631 2584 2608 2619 2644 2644 2664 2624 2609 2609 2638 2655 2666 2664 2664 2665 2644 2679 2692 2699 2712 2670 2687 2687 2721 2725 2714 2677 2672 2669 2600 2591 2629 2594 2560 2574 2563 2626 2627 2638 2653 2666 2653 2675 2675 2694 2717 2719 2729 2727 2708 2705 2706 2706 2674 2672 2653 2653 2653 2619 2605 2572 2563 2542 2576 2576 2584 2563 2540 2539 2538 2459 2517 2483 2473 2469 2437 2388 2363 2343 2398 2421 2435 2422 2411 2432 2436 2448 2456
2686 2686 2675 2687 2663 2598 2597 2642 2620 2610 2620 2619 2642 2678 2693 2649 2646 2629 2636 2655 2679 2691 2702 2713 2713 2734 2747 2747 2748 2733 2732 2732 2759 2734 2693 2677 2698 2712 2595 2713 2629 2595 2628 2623 2638 2639 2639 2659 2673 2687 2687 2703 2705 2740 2740 2719 2675 2683 2686 2705 2694 2695 2693 2665 2664 2687 2654 2654 2585 2585 2542 2587 2606 2586 2563 2571 2573 2584 2551 2517 2504 2502 2505 2469 2455 2435 2433 2436 2435 2444 2444 2470 2470 2448 2459 2469
2782 2748 2698 2684 2663 2610 2642 2640 2667 2620 2629 2642 2635 2679 2693 2679 2677 2649 2622 2657 2666 2665 2676 2676 2700 2712 2712 2725 2748 2787 2759 2759 2766 2747 2724 2703 2724 2746 2781 2746 2746 2639 2639 2661 2708 2674 2674 2673 2687 2695 2686 2729 2741 2741 2687 2676 2654 2675 2664 2670 2663 2673 2687 2687 2688 2710 2687 2686 2654 2620 2621 2621 2610 2607 2585 2573 2585 2585 2584 2562 2571 2550 2545 2516 2516 2471 2505 2478 2499 2504 2505 2515 2505 2512 2508 2460
2802 2799 2733 2698 2698 2574 2589 2652 2701 2667 2654 2644 2645 2646 2679 2697 2702 2677 2677 2666 2663 2629 2687 2651 2666 2687 2678 2683 2739 2766 2800 2800 2786 2768 2747 2745 2747 2795 2828 2828 2802 2727 2707 2742 2750 2709 2708 2716 2717 2716 2716 2752 2741 2687 2675 2626 2629 2642 2649 2664 2663 2664 2673 2687 2699 2721 2708 2688 2686 2688 2621 2673 2620 2620 2619 2606 2608 2618 2595 2584 2585 2585 2550 2545 2523 2516 2539 2497 2504 2533 2526 2519 2540 2563 2540 2472
2829 2817 2760 2748 2746 2698 2597 2701 2702 2688 2657 2657 2712 2650 2678 2704 2704 2702 2680 2689 2665 2653 2687 2642 2664 2674 2673 2707 2731 2731 2781 2782 2853 2855 2835 2834 2854 2816 2828 2818 2803 2783 2750 2750 2751 2772 2763 2751 2751 2761 2763 2717 2698 2677 2640 2610 2619 2642 2649 2663 2666 2666 2686 2686 2687 2699 2721 2711 2711 2700 2689 2675 2643 2643 2652 2622 2618 2641 2618 2605 2596 2584 2546 2547 2545 2553 2553 2526 2564 2504 2499 2526 2563 2561 2540 2472
2829 2817 2799 2781 2754 2746 2742 2742 2731 2689 2680 2708 2715 2726 2715 2684 2693 2723 2702 2698 2698 2685 2687 2655 2692 2697 2706 2719 2732 2721 2746 2804 2846 2872 2880 2891 2868 2868 2837 2817 2818 2829 2829 2829 2808 2785 2785 2737 2772 2774 2738 2709 2677 2666 2610 2630 2630 2642 2671 2654 2698 2674 2686 2686 2708 2721 2742 2722 2686 2641 2630 2640 2664 2664 2655 2652 2652 2641 2607 2596 2576 2575 2547 2523 2523 2531 2542 2560 2539 2575 2509 2574 2547 2527 2515 2500
2837 2816 2816 2788 2766 2746 2749 2759 2733 2731 2748 2726 2726 2741 2739 2739 2670 2704 2736 2728 2732 2710 2690 2724 2692 2726 2708 2741 2754 2754 2802 2815 2826 2867 2891 2889 2868 2839 2827 2814 2790 2790 2804 2840 2838 2786 2785 2785 2774 2737 2709 2677 2666 2602 2607 2630 2642 2642 2677 2698 2698 2687 2687 2687 2710 2757 2756 2700 2652 2639 2619 2656 2664 2666 2664 2629 2618 2618 2605 2587 2575 2542 2557 2479 2494 2494 2497 2505 2516 2575 2574 2574 2527 2526 2548 2544
2774 2782 2783 2788 2781 2781 2761 2783 2759 2748 2784 2774 2741 2741 2763 2761 2739 2698 2714 2736 2767 2732 2719 2701 2737 2737 2758 2749 2771 2808 2824 2826 2845 2883 2902 2902 2867 2850 2835 2780 2780 2773 2797 2840 2819 2786 2786 2743 2743 2709 2704 2666 2614 2625 2625 2630 2641 2641 2672 2709 2674 2652 2655 2653 2721 2757 2743 2707 2642 2640 2630 2631 2656 2666 2645 2629 2619 2619 2618 2608 2604 2586 2542 2465 2466 2494 2508 2514 2538 2586 2550 2538 2548 2571 2571 2569
