R/output/arrival.asc
NCOLS 638
NROWS 825
XLLCORNER -2985163.8955
YLLCORNER -3022031.214
CELLSIZE 10000
NODATA_value -1
[rows 288 to 335 of 825, columns 288 to 383 of 638]
4141 4134 4136 4095 4056 3994 3991 3991 3963 3969 3969 3970 3959 3945 3964 3947 3936 3891 3853 3852 3853 3861 3835 3828 3828 3828 3821 3832 3814 3752 3798 3775 3782 3757 3734 3723 3726 3708 3693 3693 3699 3674 3664 3633 3645 3646 3625 3589 3616 3627 3620 3607 3598 3599 3646 3605 3599 3574 3560 3562 3571 3571 3548 3515 3511 3507 3485 3466 3447 3453 3465 3449 3420 3416 3394 3392 3348 3329 3355 3315 3312 3307 3305 3296 3285 3274 3303 3292 3292 3291 3251 3241 3245 3194 3159 3173
4105 4106 3996 4000 4000 3930 3994 3989 3973 3969 3969 3948 3930 3936 3926 3920 3908 3860 3871 3864 3863 3888 3886 3824 3824 3808 3821 3774 3815 3799 3788 3761 3787 3764 3753 3753 3724 3702 3690 3674 3681 3671 3643 3638 3653 3653 3637 3619 3599 3627 3627 3590 3616 3610 3577 3588 3589 3542 3544 3562 3562 3540 3526 3496 3507 3505 3478 3432 3430 3440 3448 3413 3395 3324 3393 3298 3309 3337 3344 3338 3312 3253 3244 3285 3264 3274 3253 3260 3292 3290 3291 3280 3273 3202 3175 3165
4068 3991 3942 3949 3983 3944 3983 3983 3972 3936 3963 3962 3936 3934 3900 3901 3909 3898 3898 3899 3899 3888 3855 3839 3854 3854 3833 3803 3775 3815 3804 3804 3766 3769 3757 3752 3703 3703 3693 3652 3671 3671 3664 3646 3641 3653 3642 3638 3636 3603 3598 3616 3616 3610 3609 3579 3567 3567 3531 3560 3524 3515 3475 3492 3479 3461 3423 3455 3441 3413 3413 3379 3376 3376 3371 3371 3366 3364 3348 3344 3333 3318 3268 3306 3285 3279 3274 3252 3252 3252 3243 3248 3280 3229 3208 3170
3991 3989 3943 3970 3974 3959 3945 3944 3972 3933 3935 3963 3925 3896 3906 3907 3907 3896 3898 3909 3899 3888 3877 3877 3877 3832 3853 3825 3807 3788 3811 3766 3785 3800 3776 3766 3746 3693 3675 3682 3675 3671 3665 3682 3682 3671 3671 3660 3638 3603 3598 3616 3592 3591 3589 3571 3567 3567 3515 3513 3486 3478 3475 3457 3409 3423 3452 3452 3423 3396 3379 3379 3385 3384 3325 3371 3343 3366 3384 3385 3333 3333 3306 3296 3257 3295 3279 3268 3247 3241 3232 3237 3269 3269 3223 3222
3984 3980 3963 3970 3973 3974 3952 3966 3927 3955 3935 3973 3952 3927 3955 3934 3972 3972 3910 3910 3882 3888 3881 3866 3843 3836 3838 3827 3822 3822 3811 3811 3800 3800 3789 3778 3760 3728 3726 3645 3699 3689 3644 3647 3681 3665 3671 3660 3627 3621 3610 3598 3587 3605 3598 3528 3543 3561 3560 3499 3497 3486 3468 3432 3412 3430 3450 3397 3390 3390 3342 3374 3368 3385 3374 3379 3379 3357 3355 3316 3385 3367 3322 3304 3308 3243 3284 3212 3257 3241 3241 3237 3269 3269 3264 3223
4000 3985 3974 3944 3953 3963 3966 3965 3948 3955 3955 3971 3973 3962 3962 3922 3970 3917 3923 3912 3892 3866 3883 3859 3849 3849 3840 3831 3816 3822 3787 3805 3804 3786 3786 3778 3760 3759 3728 3700 3674 3689 3696 3678 3671 3654 3640 3637 3644 3633 3619 3614 3603 3616 3583 3530 3532 3561 3502 3497 3468 3468 3414 3400 3432 3405 3395 3384 3377 3346 3368 3364 3367 3374 3360 3363 3359 3335 3340 3311 3310 3374 3333 3310 3310 3295 3284 3268 3273 3273 3252 3250 3258 3258 3262 3264
3978 3975 3966 3953 3938 3956 3963 3929 3936 3934 3936 3944 3944 3939 3962 3926 3928 3961 3954 3915 3894 3871 3883 3861 3861 3851 3851 3833 3816 3816 3805 3794 3783 3759 3758 3777 3767 3758 3717 3702 3700 3689 3698 3687 3687 3687 3676 3644 3644 3633 3626 3621 3616 3594 3541 3552 3534 3502 3495 3459 3467 3425 3414 3403 3400 3389 3394 3395 3359 3359 3357 3364 3342 3352 3374 3363 3336 3390 3305 3310 3350 3363 3363 3322 3311 3274 3284 3284 3263 3273 3259 3252 3241 3241 3247 3253
3963 3964 3966 3938 3937 3945 3920 3911 3936 3936 3912 3936 3918 3937 3951 3951 3961 3961 3917 3895 3871 3888 3878 3872 3867 3859 3857 3850 3833 3830 3805 3794 3783 3779 3777 3777 3775 3767 3756 3748 3747 3691 3698 3680 3673 3655 3676 3670 3670 3643 3641 3621 3615 3594 3550 3534 3523 3505 3468 3448 3419 3423 3291 3403 3400 3366 3357 3357 3348 3357 3350 3328 3346 3341 3310 3311 3358 3389 3311 3320 3361 3352 3358 3341 3315 3314 3274 3278 3263 3262 3262 3235 3251 3241 3230 3246
3956 3900 3948 3911 3909 3882 3872 3882 3864 3862 3894 3900 3906 3927 3951 3951 3950 3950 3906 3885 3889 3889 3878 3878 3867 3860 3859 3848 3831 3808 3799 3754 3783 3783 3779 3768 3759 3757 3756 3730 3748 3684 3692 3692 3660 3647 3646 3665 3669 3652 3643 3621 3597 3592 3546 3537 3516 3506 3474 3442 3428 3269 3288 3262 3278 3300 3346 3346 3339 3323 3319 3330 3389 3329 3318 3318 3315 3315 3336 3361 3325 3356 3358 3339 3280 3315 3304 3304 3278 3267 3267 3251 3251 3250 3248 3239
3952 3947 3908 3925 3889 3863 3881 3863 3882 3861 3896 3906 3918 3945 3945 3917 3944 3944 3943 3865 3885 3889 3888 3874 3854 3862 3885 3883 3839 3831 3799 3798 3772 3778 3776 3768 3761 3757 3757 3726 3721 3692 3693 3693 3687 3671 3665 3654 3642 3624 3632 3617 3600 3537 3544 3535 3516 3487 3474 3472 3284 3275 3222 3269 3297 3284 3297 3335 3311 3320 3373 3400 3389 3336 3319 3320 3309 3315 3336 3336 3325 3294 3340 3347 3311 3269 3297 3304 3293 3267 3271 3269 3251 3251 3250 3239
3903 3945 3947 3936 3936 3889 3869 3862 3871 3894 3896 3918 3923 3944 3915 3917 3933 3906 3906 3894 3895 3889 3874 3832 3845 3856 3856 3885 3856 3838 3808 3788 3778 3772 3761 3767 3750 3751 3750 3724 3710 3721 3699 3705 3705 3694 3666 3664 3623 3637 3635 3633 3599 3557 3557 3528 3528 3514 3476 3452 3424 3257 3234 3286 3255 3274 3288 3300 3269 3261 3400 3356 3367 3319 3320 3336 3318 3309 3330 3311 3306 3311 3328 3347 3347 3273 3283 3293 3293 3282 3271 3271 3251 3258 3259 3244
3854 3882 3900 3890 3929 3919 3880 3880 3864 3852 3895 3908 3916 3910 3892 3889 3899 3853 3906 3895 3895 3873 3884 3832 3838 3834 3854 3874 3867 3840 3822 3804 3804 3777 3760 3767 3767 3751 3753 3725 3716 3699 3707 3699 3703 3695 3666 3648 3638 3652 3635 3617 3579 3546 3539 3546 3517 3485 3464 3463 3269 3236 3225 3241 3234 3274 3239 3290 3300 3300 3290 3283 3292 3282 3297 3336 3335 3314 3329 3330 3311 3306 3303 3303 3336 3336 3325 3325 3293 3311 3286 3274 3277 3259 3266 3260
3854 3882 3892 3845 3873 3901 3909 3897 3891 3864 3878 3886 3885 3834 3848 3867 3871 3863 3884 3895 3850 3884 3884 3842 3831 3828 3830 3830 3874 3840 3808 3797 3802 3793 3793 3753 3756 3756 3751 3753 3727 3725 3714 3699 3701 3695 3677 3661 3652 3641 3634 3607 3600 3579 3529 3555 3529 3516 3467 3421 3420 3248 3246 3231 3243 3250 3279 3300 3252 3300 3290 3292 3292 3292 3298 3287 3298 3314 3314 3319 3312 3303 3303 3284 3336 3336 3283 3325 3314 3314 3288 3292 3277 3284 3266 3255
3858 3889 3871 3836 3826 3873 3908 3909 3898 3890 3868 3884 3886 3857 3850 3867 3839 3845 3868 3884 3838 3870 3873 3839 3822 3821 3830 3828 3863 3829 3829 3818 3793 3786 3793 3792 3772 3775 3761 3761 3742 3727 3708 3716 3723 3723 3705 3684 3673 3671 3651 3630 3630 3598 3557 3546 3539 3521 3474 3441 3423 3403 3262 3241 3243 3279 3279 3247 3259 3291 3289 3281 3290 3291 3298 3287 3285 3287 3319 3312 3319 3309 3307 3302 3308 3330 3308 3260 3297 3314 3303 3292 3292 3291 3266 3257
3888 3860 3858 3837 3835 3875 3897 3898 3892 3875 3831 3858 3831 3857 3857 3849 3856 3873 3873 3856 3861 3873 3859 3830 3801 3810 3810 3796 3797 3827 3818 3818 3811 3783 3782 3793 3782 3782 3761 3754 3750 3710 3710 3714 3716 3721 3714 3716 3716 3687 3662 3651 3603 3594 3568 3576 3539 3535 3519 3474 3456 3405 3300 3245 3279 3268 3268 3260 3262 3291 3289 3280 3291 3298 3298 3298 3287 3277 3292 3300 3309 3308 3303 3302 3300 3329 3330 3297 3297 3303 3272 3302 3300 3291 3291 3280
3879 3856 3863 3870 3861 3816 3886 3892 3903 3870 3874 3847 3847 3822 3846 3847 3858 3862 3857 3830 3831 3873 3851 3830 3791 3810 3808 3799 3797 3785 3785 3779 3830 3782 3790 3812 3802 3801 3768 3760 3739 3717 3729 3740 3711 3727 3707 3701 3698 3705 3666 3640 3630 3619 3587 3603 3550 3549 3528 3485 3457 3446 3464 3289 3284 3279 3268 3251 3272 3278 3280 3280 3280 3288 3287 3286 3277 3281 3293 3298 3297 3297 3300 3303 3263 3319 3299 3308 3303 3303 3292 3275 3302 3281 3270 3259
3880 3881 3881 3879 3833 3827 3881 3881 3901 3903 3885 3847 3829 3813 3835 3858 3862 3862 3839 3832 3862 3862 3818 3769 3810 3808 3781 3797 3800 3807 3807 3782 3830 3785 3819 3819 3808 3780 3771 3766 3748 3744 3744 3742 3729 3729 3690 3679 3674 3688 3670 3640 3640 3623 3601 3577 3603 3559 3548 3532 3493 3466 3300 3427 3289 3268 3266 3257 3267 3273 3280 3280 3287 3288 3276 3269 3270 3281 3293 3297 3287 3281 3284 3292 3283 3319 3319 3282 3301 3303 3285 3275 3281 3281 3256 3220
3859 3880 3879 3877 3824 3826 3863 3862 3825 3829 3875 3853 3820 3826 3826 3857 3862 3830 3818 3831 3832 3827 3774 3800 3808 3808 3786 3800 3799 3782 3807 3793 3828 3794 3790 3819 3808 3775 3768 3766 3764 3746 3744 3729 3742 3731 3731 3690 3672 3674 3677 3663 3631 3624 3613 3576 3602 3592 3564 3557 3542 3492 3488 3448 3444 3407 3283 3401 3290 3272 3279 3279 3291 3280 3277 3276 3274 3282 3286 3286 3284 3235 3248 3281 3281 3270 3272 3308 3297 3279 3273 3273 3270 3273 3273 3262
3851 3862 3869 3857 3851 3850 3852 3845 3847 3857 3864 3813 3793 3743 3774 3827 3830 3829 3771 3809 3810 3743 3746 3748 3790 3783 3779 3774 3772 3796 3796 3744 3785 3782 3784 3808 3783 3774 3772 3756 3746 3738 3737 3731 3724 3720 3720 3695 3680 3663 3664 3656 3632 3621 3621 3602 3602 3605 3585 3575 3542 3531 3511 3464 3444 3434 3401 3402 3300 3300 3300 3291 3289 3280 3275 3275 3282 3275 3275 3277 3260 3249 3259 3281 3281 3250 3250 3273 3297 3241 3272 3257 3262 3262 3272 3262
3795 3852 3852 3853 3851 3852 3845 3852 3847 3848 3846 3795 3773 3777 3745 3769 3801 3779 3773 3764 3800 3771 3745 3744 3764 3753 3754 3774 3772 3731 3755 3751 3744 3737 3784 3785 3783 3763 3774 3763 3738 3745 3717 3710 3711 3728 3730 3682 3666 3666 3621 3643 3641 3614 3621 3638 3602 3603 3605 3584 3575 3553 3546 3493 3447 3438 3438 3427 3420 3300 3300 3284 3289 3288 3291 3412 3300 3300 3275 3277 3275 3249 3259 3273 3274 3248 3244 3273 3286 3286 3284 3254 3246 3246 3245 3251
3815 3816 3835 3842 3842 3840 3836 3841 3841 3837 3837 3826 3795 3784 3732 3758 3801 3800 3774 3764 3800 3745 3745 3744 3745 3740 3753 3763 3752 3742 3715 3740 3723 3723 3767 3773 3773 3763 3763 3757 3757 3746 3746 3735 3735 3730 3713 3719 3719 3668 3667 3648 3644 3644 3638 3621 3621 3596 3600 3601 3574 3553 3548 3509 3467 3484 3456 3466 3427 3416 3425 3409 3412 3410 3412 3411 3401 3401 3274 3291 3266 3250 3273 3274 3260 3242 3246 3262 3251 3286 3253 3230 3219 3246 3243 3245
3759 3762 3800 3830 3825 3831 3834 3836 3841 3819 3818 3826 3826 3750 3758 3773 3791 3783 3772 3753 3789 3782 3745 3741 3742 3734 3756 3753 3742 3742 3742 3731 3724 3714 3773 3741 3736 3741 3763 3727 3756 3728 3701 3719 3735 3701 3696 3674 3712 3708 3655 3655 3610 3644 3633 3637 3627 3620 3583 3601 3577 3576 3556 3548 3514 3492 3473 3467 3467 3425 3423 3434 3414 3412 3429 3440 3430 3300 3300 3291 3267 3280 3280 3260 3263 3251 3255 3262 3228 3235 3227 3214 3168 3215 3224 3224
3657 3716 3773 3823 3825 3826 3825 3825 3836 3836 3819 3801 3820 3792 3752 3762 3791 3780 3752 3752 3753 3778 3750 3741 3742 3745 3746 3724 3723 3742 3717 3742 3725 3734 3745 3736 3744 3744 3725 3729 3711 3697 3705 3708 3708 3701 3652 3672 3708 3658 3641 3655 3608 3609 3633 3633 3627 3627 3597 3588 3590 3577 3559 3556 3513 3514 3473 3469 3436 3456 3456 3440 3438 3429 3458 3436 3408 3300 3300 3300 3289 3280 3280 3269 3258 3252 3245 3223 3194 3246 3274 3244 3263 3215 3204 3193
3656 3734 3657 3772 3790 3824 3826 3825 3814 3834 3818 3820 3819 3792 3781 3744 3789 3745 3746 3742 3752 3772 3743 3734 3741 3735 3743 3741 3711 3736 3720 3725 3707 3734 3735 3710 3743 3707 3718 3690 3674 3701 3708 3697 3700 3661 3655 3708 3658 3653 3609 3618 3623 3622 3622 3622 3611 3616 3604 3583 3590 3590 3566 3558 3511 3510 3487 3487 3467 3458 3458 3447 3440 3429 3458 3447 3431 3401 3300 3300 3280 3402 3269 3269 3249 3263 3241 3169 3223 3244 3273 3274 3263 3252 3199 3216
3660 3667 3678 3706 3790 3809 3815 3815 3814 3814 3814 3814 3804 3801 3803 3768 3770 3770 3741 3705 3772 3771 3687 3726 3730 3714 3743 3689 3736 3710 3735 3696 3667 3720 3700 3714 3714 3692 3692 3700 3701 3700 3672 3645 3652 3673 3655 3697 3702 3656 3636 3629 3623 3623 3619 3622 3611 3616 3616 3587 3587 3579 3574 3572 3551 3498 3500 3500 3476 3459 3468 3448 3437 3458 3456 3436 3431 3429 3420 3420 3403 3403 3288 3272 3263 3252 3218 3214 3214 3209 3256 3202 3228 3218 3252 3247
3788 3653 3678 3688 3749 3771 3808 3815 3803 3805 3814 3814 3808 3807 3803 3801 3768 3770 3713 3715 3761 3750 3687 3725 3726 3724 3732 3698 3721 3698 3715 3688 3704 3709 3684 3713 3689 3678 3672 3667 3679 3690 3683 3691 3691 3627 3628 3662 3702 3701 3645 3644 3645 3646 3635 3625 3646 3610 3608 3582 3585 3576 3574 3559 3552 3490 3500 3493 3486 3486 3475 3464 3458 3457 3447 3412 3420 3402 3413 3420 3409 3300 3299 3279 3262 3247 3208 3236 3214 3235 3185 3235 3196 3242 3242 3241
3786 3656 3677 3684 3753 3771 3798 3804 3804 3805 3806 3808 3816 3814 3793 3792 3759 3759 3720 3715 3761 3704 3693 3708 3723 3725 3724 3732 3721 3703 3715 3641 3704 3638 3693 3688 3636 3635 3639 3639 3646 3654 3690 3690 3645 3613 3635 3635 3651 3691 3691 3656 3646 3673 3664 3647 3647 3629 3610 3599 3582 3581 3571 3563 3548 3504 3492 3489 3484 3484 3475 3475 3447 3429 3425 3300 3300 3300 3404 3424 3424 3287 3300 3279 3274 3255 3217 3234 3236 3225 3206 3179 3148 3155 3240 3199
3777 3658 3658 3648 3714 3773 3789 3804 3804 3793 3804 3806 3797 3816 3790 3774 3726 3752 3721 3748 3716 3698 3684 3687 3686 3685 3713 3713 3696 3703 3692 3688 3704 3633 3659 3638 3657 3657 3646 3649 3628 3628 3646 3643 3664 3662 3608 3648 3666 3684 3691 3680 3675 3675 3664 3653 3653 3636 3603 3563 3552 3582 3564 3555 3532 3503 3502 3479 3484 3482 3473 3447 3446 3414 3403 3300 3300 3435 3457 3426 3404 3300 3300 3274 3246 3223 3225 3223 3225 3225 3190 3177 3159 3186 3189 3191
3789 3749 3678 3676 3715 3755 3782 3789 3798 3797 3795 3797 3798 3805 3774 3757 3706 3687 3694 3748 3748 3668 3686 3676 3669 3655 3713 3654 3666 3695 3666 3688 3686 3638 3683 3677 3679 3713 3725 3707 3649 3643 3691 3691 3664 3634 3624 3651 3656 3656 3650 3680 3667 3634 3632 3631 3653 3603 3588 3554 3543 3536 3530 3553 3555 3526 3526 3484 3504 3475 3457 3431 3432 3200 3200 3200 3401 3457 3411 3426 3300 3415 3300 3284 3273 3252 3222 3225 3214 3207 3214 3196 3177 3185 3186 3180
3789 3788 3674 3685 3704 3751 3756 3767 3779 3798 3795 3795 3794 3794 3781 3755 3732 3687 3697 3703 3742 3741 3673 3675 3660 3702 3702 3654 3697 3687 3658 3677 3670 3685 3686 3691 3713 3723 3725 3667 3647 3691 3693 3693 3689 3625 3624 3640 3618 3613 3610 3642 3645 3592 3604 3632 3612 3628 3620 3620 3600 3572 3561 3544 3544 3541 3541 3527 3517 3508 3475 3421 3432 3200 3200 3191 3200 3412 3456 3408 3415 3408 3300 3290 3263 3228 3214 3222 3214 3214 3214 3214 3207 3181 3169 3164
3768 3766 3688 3688 3704 3744 3745 3745 3771 3787 3784 3794 3777 3794 3788 3777 3755 3689 3696 3689 3742 3692 3687 3668 3648 3691 3670 3647 3697 3668 3687 3677 3685 3688 3686 3703 3703 3714 3667 3651 3639 3639 3628 3681 3642 3662 3627 3638 3613 3587 3611 3610 3599 3585 3614 3621 3619 3620 3598 3620 3590 3589 3563 3563 3544 3541 3541 3535 3534 3506 3497 3464 3435 3431 3406 3191 3199 3446 3446 3407 3415 3300 3300 3290 3288 3252 3200 3211 3237 3235 3225 3225 3208 3196 3190 3164
3700 3760 3689 3686 3693 3704 3745 3743 3780 3787 3787 3775 3773 3787 3787 3788 3769 3733 3690 3659 3731 3687 3640 3638 3667 3671 3680 3660 3676 3713 3679 3671 3695 3696 3697 3703 3668 3668 3657 3650 3600 3609 3679 3682 3681 3663 3652 3637 3616 3583 3602 3602 3599 3599 3621 3619 3621 3617 3591 3551 3562 3560 3545 3533 3533 3516 3509 3535 3513 3480 3479 3488 3489 3442 3180 3191 3193 3414 3439 3300 3300 3403 3299 3278 3275 3245 3224 3229 3218 3268 3219 3223 3214 3214 3170 3185
3740 3760 3759 3683 3694 3693 3722 3745 3766 3776 3777 3773 3766 3765 3785 3787 3770 3723 3659 3690 3731 3724 3685 3640 3661 3678 3680 3680 3676 3711 3713 3702 3702 3697 3681 3668 3661 3635 3604 3600 3601 3673 3675 3682 3682 3671 3627 3620 3592 3599 3595 3602 3599 3610 3590 3610 3572 3586 3548 3529 3533 3562 3534 3516 3516 3516 3495 3479 3473 3469 3458 3453 3451 3440 3174 3178 3185 3414 3300 3403 3403 3403 3300 3257 3274 3275 3236 3236 3225 3266 3268 3214 3207 3214 3197 3186
3756 3727 3749 3720 3691 3690 3727 3749 3776 3776 3783 3794 3773 3755 3769 3772 3776 3731 3723 3660 3714 3720 3720 3676 3659 3669 3669 3650 3665 3675 3675 3675 3702 3691 3681 3655 3647 3633 3606 3617 3659 3673 3671 3670 3671 3645 3589 3589 3611 3589 3600 3599 3605 3605 3603 3597 3597 3570 3570 3543 3529 3529 3523 3508 3488 3505 3484 3495 3467 3466 3449 3445 3200 3438 3429 3418 3412 3425 3423 3300 3300 3300 3284 3267 3278 3267 3225 3255 3225 3226 3287 3214 3192 3203 3203 3186
3756 3756 3749 3749 3706 3696 3734 3734 3769 3771 3783 3792 3794 3762 3732 3741 3761 3761 3712 3712 3714 3720 3720 3693 3676 3669 3649 3668 3668 3659 3660 3675 3675 3691 3691 3681 3652 3647 3636 3655 3662 3659 3664 3665 3620 3589 3641 3641 3614 3611 3600 3594 3590 3591 3573 3576 3579 3570 3570 3565 3563 3553 3552 3526 3512 3480 3477 3467 3419 3411 3410 3409 3403 3429 3429 3200 3191 3425 3191 3200 3184 3289 3289 3289 3300 3290 3299 3272 3215 3289 3289 3257 3204 3203 3203 3218
3762 3728 3716 3738 3738 3724 3760 3760 3734 3754 3771 3773 3783 3771 3750 3750 3742 3760 3731 3703 3695 3709 3715 3658 3675 3658 3667 3622 3659 3638 3658 3669 3664 3685 3680 3670 3670 3636 3637 3648 3662 3662 3665 3616 3605 3606 3641 3641 3630 3591 3593 3590 3583 3580 3581 3581 3581 3581 3570 3570 3565 3553 3535 3524 3512 3510 3456 3409 3419 3411 2174 2200 3157 3422 3164 3155 3147 3184 3180 3181 3200 3300 3300 3300 3300 3290 3300 3300 3300 3227 3268 3271 3258 3251 3218 3229
3751 3743 3709 3738 3738 3733 3753 3760 3743 3752 3754 3776 3783 3783 3772 3750 3760 3758 3732 3703 3696 3709 3713 3715 3665 3665 3657 3616 3641 3648 3651 3668 3669 3685 3684 3669 3670 3648 3642 3637 3653 3651 3654 3637 3637 3606 3630 3636 3617 3571 3571 3572 3558 3553 3580 3565 3565 3563 3537 3559 3559 3547 3531 3515 3501 3490 3454 3428 2200 3408 2184 2189 2200 3157 3139 3174 3161 3147 3170 3191 3184 3284 3300 3273 3300 3300 3300 3256 3231 3290 3288 3278 3261 3258 3247 3247
3744 3751 3695 3711 3727 3727 3743 3743 3743 3743 3749 3762 3772 3762 3752 3737 3722 3722 3718 3716 3698 3704 3684 3682 3658 3665 3657 3650 3611 3648 3648 3653 3653 3658 3674 3658 3669 3648 3642 3653 3652 3654 3654 3647 3635 3626 3636 3634 3614 3560 3543 3545 3547 3551 3563 3570 3564 3542 3536 3510 3508 3490 3526 3515 3501 3458 3457 3445 3426 3417 3408 2191 2191 3157 3162 3173 3174 3156 3168 3191 3200 3274 3274 3274 3274 3299 3271 3174 3192 3268 3290 3279 3279 3267 3247 3247
3740 3711 3711 3714 3716 3742 3743 3732 3721 3742 3751 3751 3766 3761 3739 3739 3738 3738 3713 3707 3704 3704 3697 3682 3682 3632 3646 3646 3627 3623 3628 3637 3642 3667 3674 3674 3667 3669 3658 3658 3645 3643 3640 3615 3595 3629 3629 3625 3619 3549 3545 3512 3547 3554 3570 3570 3564 3562 3536 3499 3499 3467 3458 3494 3457 3424 1670 3445 3410 3417 3417 2200 2200 3200 3168 3199 3190 3190 3155 3147 3172 3273 3256 3263 3263 3195 3175 3168 3192 3274 3262 3272 3279 3267 3261 3241
3740 3740 3712 3716 3716 3722 3732 3716 3741 3742 3751 3766 3761 3765 3761 3731 3738 3738 3700 3707 3707 3693 3687 3668 3671 3654 3649 3646 3646 3641 3627 3632 3642 3647 3663 3647 3647 3648 3651 3658 3645 3643 3636 3615 3595 3606 3629 3618 3618 3581 3561 3536 3554 3536 3552 3559 3542 3536 3535 3518 3499 1678 1666 1658 1667 3484 3484 1691 3418 3406 3406 3406 3200 3200 3200 3200 3200 3200 3184 3183 3200 3263 3263 3279 3197 3197 3164 3171 3187 3274 3273 3263 3268 3268 3260 3261
3729 3734 3729 3705 3705 3732 3725 3732 3724 3731 3755 3755 3748 3750 3745 3730 3732 3705 3682 3696 3690 3696 3686 3687 3671 3666 3647 3649 3626 3639 3641 3631 3632 3663 3663 3663 3658 3656 3640 3647 3640 3638 3641 3604 3576 3584 3608 3579 3618 3617 3596 3559 3543 3510 3517 3542 3525 3514 3507 3509 3491 1664 1679 1689 1689 3434 3483 1691 2185 2200 3438 3429 3200 3200 3200 3200 3200 3200 3200 3199 3200 3268 3277 3279 3200 3184 3145 3153 3160 3170 3187 3252 3268 3268 3262 3245
3734 3733 3704 3703 3711 3711 3711 3721 3731 3739 3741 3744 3750 3747 3750 3732 3731 3713 3702 3666 3689 3690 3685 3676 3676 3660 3657 3655 3639 3635 3630 3631 3629 3635 3652 3639 3640 3658 3647 3647 3638 3641 3619 3563 3589 3608 3584 3607 3615 3617 3596 3561 3535 3501 3498 3524 3507 3500 3498 1663 1664 1678 1691 1691 1699 3428 3473 3427 2200 3451 3440 3429 3200 3200 3200 3199 3190 3199 3199 3200 3200 3200 3268 3197 3189 3158 3166 3128 3124 3167 3178 3252 3252 3257 3261 3262
3723 3718 3704 3685 3681 3705 3710 3720 3730 3741 3744 3744 3744 3739 3709 3710 3721 3721 3704 3668 3653 3679 3674 3674 3676 3665 3665 3657 3646 3635 3635 3629 3629 3623 3652 3652 3641 3647 3647 3627 3627 3620 1680 3585 3584 3574 3567 3597 3597 3606 3588 3570 3552 3534 3534 1677 1673 1691 1689 1663 1662 1675 1675 1680 1689 3466 3473 3473 3451 3409 2189 2200 3200 3200 3189 3200 3200 3200 3190 3190 3189 3184 3197 3197 3191 3155 3148 3116 3118 3156 3178 3183 3257 3252 3257 3251
3723 3716 3693 3686 3687 3705 3713 3723 3730 3733 3733 3739 3739 3739 3655 3657 3659 3705 3714 3651 3672 3679 3679 3700 3663 3665 3665 3660 3646 3641 3635 3612 3628 3621 3626 3639 3641 3641 3636 3616 3596 1676 3614 3612 3585 3567 3556 3578 3580 3606 3606 3577 3573 3552 3535 3495 1656 1652 1648 1645 1649 1680 1700 1678 3407 3417 3425 2200 3427 2200 2169 2155 2150 3199 2147 3125 3171 3187 3172 3188 3179 3173 3155 3191 3189 3155 3155 3116 3120 3134 3170 3205 3241 3241 3246 3251
3707 3712 3712 3693 3689 3694 3715 3718 3719 3733 3737 3739 3738 3728 3712 3659 3641 3675 3703 3686 3658 3640 3668 3698 3700 3689 3654 3658 3660 3616 3613 3613 3618 3626 3626 3630 3636 3636 3629 3610 3609 1691 1675 3614 3531 3540 3563 3563 3569 3569 3595 3595 3571 3573 3551 3550 1690 1673 1647 1637 1656 1700 3401 3401 3457 3457 3406 3406 2200 3401 2173 2151 2147 2168 2174 3103 3127 3133 3161 3162 3168 3168 3154 3155 3175 3180 3144 3144 3127 3138 3247 3247 3241 3243 3246 3246
3712 3712 3696 3690 3694 3694 3704 3708 3719 3721 3728 3738 3736 3728 3702 3686 3648 3694 3694 3676 3676 3665 3665 3663 3682 3689 3660 3649 3649 3643 3612 3618 3618 3619 3630 3630 3634 3618 3610 3597 3590 1685 3603 3537 3522 3549 3563 3552 3562 3569 3595 3595 3562 3559 3551 3524 3500 1680 1657 1668 1679 1700 3446 3446 3411 3406 3455 3406 3401 2200 2178 2158 2163 2163 2146 2177 3127 3131 3160 3161 3162 3162 3164 3172 3180 3180 3173 3144 3138 3142 3245 3187 3236 3236 3230 3235
3707 3705 3682 3682 3683 3704 3704 3708 3713 3728 3728 3727 3722 3717 3701 1300 1279 3620 3687 3683 3675 3658 3665 3661 3663 3678 3678 3667 3642 3610 3612 3613 3615 3619 3612 3629 3628 3608 3602 3599 3597 3603 3603 3537 3529 3530 3562 3558 3558 3584 3589 3584 3562 3562 3542 3540 3500 1688 1669 1668 1685 1800 3446 3439 2200 2200 2200 2200 2200 2199 2172 2162 2162 2168 2158 2191 3200 3200 3135 3199 3200 3189 3189 3178 3173 3169 3136 3113 3122 3137 3168 3170 3171 3236 3219 3224
3685 3685 3678 3683 3683 3683 3693 3687 3717 3717 3720 3727 3727 3717 3717 1300 1290 1300 3683 3683 3627 3628 3654 3654 3652 3678 3678 3672 3638 3638 3604 3631 3615 3619 3612 3611 3629 3608 3607 1672 3586 3592 3586 3537 3536 3573 3571 3562 3556 3559 3589 3588 3555 3549 3529 3529 3503 1691 1669 1668 1684 3402 3435 3417 3407 2200 2200 2200 2190 2189 2184 2173 2163 2168 2169 2189 3109 3200 3189 3200 3161 3162 3183 3164 3172 3173 3163 3122 3122 3114 3168 3170 3175 3225 3208 3232
