R/output/arrival.asc
NCOLS 638
NROWS 825
XLLCORNER -2985163.8955
YLLCORNER -3022031.214
CELLSIZE 10000
NODATA_value -1
[rows 192 to 239 of 825, columns 288 to 383 of 638]
3130 3130 3135 3129 3113 3113 3102 3108 3108 3112 3119 3126 3134 3141 3145 3143 3146 3146 3150 3161 3154 3161 3141 3125 3114 3119 3119 3108 3125 3126 3143 3107 3083 3092 3101 3107 3108 3086 3086 3076 3061 3067 3060 3032 3032 3016 3006 2990 2977 2976 2973 2965 2942 2961 2961 2961 2950 2956 2962 2933 2948 2938 2922 2951 3001 2971 2944 2942 2918 2934 2936 2914 2923 2916 2909 2907 2911 2905 2911 2915 2913 2914 2931 2924 2944 2917 2933 2926 2927 2949 2947 2929 2925 2922 2900 2877
3146 3135 3135 3130 3128 3113 3119 3120 3129 3130 3144 3144 3145 3152 3152 3151 3157 3150 3149 3151 3161 3148 3148 3133 3122 3124 3128 3117 3126 3143 3143 3122 3092 3112 3118 3111 3114 3106 3087 3086 3076 3078 3038 3043 3043 3023 3012 3007 2989 2989 2978 2966 2965 2972 2970 2954 2950 2971 2973 2956 2949 2944 2925 2954 3001 2961 2950 2914 2941 2936 2913 2908 2923 2907 2909 2906 2906 2911 2911 2915 2900 2910 2925 2950 2950 2919 2928 2918 2936 2938 2938 2938 2940 2940 2917 2914
3146 3127 3135 3118 3130 3119 3128 3120 3136 3143 3144 3155 3162 3152 3166 3168 3157 3157 3144 3170 3172 3156 3157 3134 3138 3134 3128 3110 3152 3154 3124 3124 3101 3112 3118 3118 3112 3114 3098 3083 3078 3066 3048 3038 3043 3036 3034 3005 2989 2989 2989 2977 2977 2972 2972 2935 2943 2973 2967 2967 2943 2944 2970 3000 3011 2954 2943 2912 2929 2929 2908 2916 2934 2933 2907 2906 2922 2904 2922 2905 2905 2905 2910 2950 2950 2928 2916 2928 2938 2943 2942 2947 2938 2969 2962 2914
3139 3129 3129 3128 3118 3129 3130 3140 3147 3152 3171 3162 3164 3166 3168 3188 3193 3193 3177 3172 3186 3170 3159 3159 3145 3134 3127 3113 3154 3121 3116 3116 3107 3129 3127 3123 3120 3120 3095 3094 3066 3059 3054 3053 3035 3034 3018 3003 3001 3000 2982 2977 2977 2972 2970 2924 2942 2978 2978 2967 2924 2940 2972 3018 3018 2961 2923 2940 2929 2924 2908 2915 2934 2923 2906 2914 2917 2922 2915 2912 2905 2921 2921 2961 2961 2939 2921 2927 2928 2943 2940 2945 2947 2944 2969 2958
3134 3131 3128 3126 3117 3117 3131 3156 3163 3173 3173 3174 3175 3182 3172 3188 3204 3204 3197 3188 3188 3166 3164 3145 3145 3116 3113 3113 3117 3115 3116 3109 3114 3129 3123 3118 3120 3120 3105 3078 3077 3059 3049 3054 3022 3012 3012 3003 3000 3000 2984 2988 2988 2981 2952 2941 2941 2989 2953 2940 2934 2981 2988 3029 2999 2954 2940 2939 2935 2922 2934 2933 2935 2935 2913 2917 2933 2932 2916 2916 2912 2920 2921 2954 2961 2939 2924 2932 2939 2951 2951 2939 2956 2957 2979 2980
3131 3131 3120 3119 3117 3137 3145 3174 3179 3179 3179 3174 3182 3183 3183 3204 3206 3204 3199 3177 3177 3164 3164 3156 3155 3116 3124 3124 3123 3127 3127 3126 3131 3134 3134 3134 3131 3113 3105 3088 3075 3069 3060 3060 3040 3012 3005 3001 3000 2999 2984 2977 2988 2974 2961 2950 2957 2989 2998 2940 2976 2979 3027 3029 2972 2970 2933 2931 2935 2934 2933 2934 2935 2935 2934 2928 2933 2912 2909 2916 2899 2920 2932 2942 2972 2970 2962 2932 2962 2951 2951 2940 2952 2979 2978 2980
3116 3131 3119 3119 3117 3137 3158 3158 3174 3179 3188 3189 3193 3194 3194 3206 3204 3215 3214 3187 3177 3175 3151 3156 3141 3134 3124 3123 3123 3128 3126 3127 3142 3142 3145 3145 3138 3111 3111 3087 3070 3039 3060 3060 3050 3021 3006 3006 2995 2977 2975 2983 2999 2998 2949 2957 2957 2982 3000 2998 2997 2999 3034 3034 2981 2942 2942 2931 2942 2935 2933 2940 2940 2946 2946 2939 2939 2907 2925 2927 2910 2932 2943 2943 2941 2972 2936 2962 2938 2960 2960 2950 2950 2979 2986 3004
3098 3123 3130 3128 3128 3139 3158 3185 3190 3190 3188 3189 3204 3205 3195 3193 3204 3204 3215 3210 3175 3158 3162 3162 3162 3135 3133 3134 3122 3126 3137 3137 3141 3142 3142 3145 3132 3125 3099 3087 3061 3064 3071 3071 3046 3007 3006 3006 3010 3017 3017 2980 2994 2999 2981 2966 2951 3000 3008 3010 3026 3045 3034 3034 2977 2942 2936 2935 2953 2941 2932 2951 2944 2946 2952 2941 2945 2913 2914 2927 2935 2941 2943 2943 2938 2973 2973 2973 2971 2960 2971 2962 2961 2980 3015 3015
3100 3130 3130 3128 3133 3139 3167 3200 3201 3183 3165 3199 3205 3206 3206 3189 3214 3215 3221 3194 3185 3163 3152 3162 3149 3135 3134 3121 3128 3128 3128 3137 3148 3151 3155 3156 3132 3122 3122 3097 3082 3080 3071 3061 3019 3017 3007 2985 3001 3017 2990 2979 3005 3005 2999 2998 2957 2981 3010 3055 3056 3005 2998 2989 2968 2953 2935 2935 2953 2951 2941 2951 2951 2957 2961 2963 2950 2914 2910 2924 2935 2935 2954 2954 2947 2947 2973 2971 2978 2973 2973 2972 2975 2986 2997 3015
3111 3139 3139 3144 3150 3150 3159 3196 3201 3168 3165 3210 3210 3206 3184 3184 3194 3215 3221 3186 3165 3173 3166 3173 3163 3127 3121 3104 3116 3128 3118 3118 3148 3148 3151 3156 3142 3122 3115 3106 3082 3035 3071 3057 3028 3029 3028 2992 3026 3028 2985 2969 2979 3005 3027 3025 3032 3032 3062 3062 3056 2995 2983 2978 2969 2968 2951 2943 2952 2936 2962 2960 2926 2927 2957 2963 2950 2910 2921 2946 2946 2949 2954 2952 2953 2984 2989 2989 2983 2988 2981 2984 2986 3026 2986 3019
3141 3141 3148 3155 3155 3150 3159 3207 3207 3156 3206 3210 3217 3171 3183 3168 3212 3232 3232 3186 3166 3160 3173 3163 3127 3121 3119 3097 3086 3139 3139 3132 3159 3159 3162 3143 3121 3133 3131 3115 3112 3053 3072 3068 3034 3029 3028 3027 3021 3037 3027 3025 3009 3036 3043 3037 3044 3066 3062 3062 3016 2994 2983 2980 2969 2958 2953 2952 2954 2952 2942 2962 2927 2926 2968 2968 2968 2959 2921 2942 2960 2965 2965 2958 2969 2999 3000 2994 2994 2988 2988 2977 2986 3021 3026 2986
3138 3138 3147 3155 3147 3159 3161 3179 3207 3163 3171 3219 3221 3217 3177 3225 3227 3243 3225 3189 3166 3182 3184 3168 3168 3138 3098 3086 3085 3085 3139 3082 3152 3159 3162 3116 3114 3133 3131 3114 3087 3052 3068 3079 3037 3054 3038 3003 3001 3033 3044 3027 3009 3054 3065 3082 3073 3036 3027 3009 2994 2970 2980 2979 2954 2953 2953 2954 2943 2963 2963 2963 2933 2920 2924 2968 2961 2921 2891 2957 2960 2965 2954 2969 2969 3000 2995 2994 2998 2999 2988 2991 2991 3037 3036 3032
3137 3138 3138 3165 3166 3161 3174 3190 3218 3189 3211 3221 3222 3224 3222 3248 3243 3241 3221 3182 3168 3168 3184 3168 3109 3179 3149 3141 3094 3148 3150 3104 3168 3173 3173 3129 3141 3142 3119 3113 3114 3108 3079 3046 3054 3074 3074 3041 3025 3043 3055 3054 3053 3089 3084 3084 3073 3025 3004 2998 2978 2993 2981 2970 2962 2964 2955 2942 2943 2951 2963 2949 2944 2938 2951 2954 2979 2950 2941 2971 2976 2976 2976 2969 3006 3006 3005 3005 2999 2989 2988 2988 3006 3037 3032 3035
3136 3158 3158 3166 3170 3194 3201 3190 3218 3227 3228 3238 3259 3259 3248 3248 3244 3242 3200 3195 3178 3141 3150 3168 3109 3190 3159 3142 3131 3150 3177 3184 3175 3170 3173 3153 3160 3142 3137 3109 3109 3095 3077 3084 3029 3035 3043 3043 3036 3043 3065 3089 3089 3078 3054 3033 3022 3020 2998 2997 2971 2978 2981 2981 2964 2950 2966 2966 2933 2953 2974 2955 2974 2970 2969 2979 2997 2998 2987 2987 2971 2976 2980 3017 3006 2975 3005 3005 2989 2998 2999 3002 3043 3043 3043 3036
3165 3183 3172 3176 3172 3201 3201 3208 3227 3229 3228 3244 3259 3252 3249 3249 3244 3232 3200 3195 3192 3171 3169 3160 3115 3190 3189 3153 3173 3179 3196 3197 3186 3179 3145 3184 3182 3138 3130 3115 3113 3111 3059 3065 3085 3030 3030 3054 3002 3032 3061 3100 3100 3054 3010 3017 3006 3022 2968 2969 2989 2971 2992 2998 2992 2942 2942 2966 2949 2949 2971 2974 2969 2985 2985 2990 2998 2993 2993 2987 2987 2980 3017 3017 3016 3009 3016 3000 3000 2999 2984 3002 3002 3043 3037 3037
3183 3183 3183 3211 3171 3179 3196 3198 3248 3219 3255 3269 3270 3260 3249 3249 3243 3225 3195 3204 3192 3177 3179 3186 3152 3170 3171 3193 3195 3195 3204 3204 3197 3172 3113 3184 3116 3115 3140 3141 3113 3063 3065 3059 3076 3058 3049 3099 3092 3053 3061 3100 3081 3055 2990 2999 2981 2980 2968 2971 2989 2964 2950 3007 3009 3003 2953 2953 2977 2959 2976 2976 2996 2996 3004 3004 3004 2993 2997 2998 3026 3028 2984 3022 3022 3016 3011 3000 2995 2984 3012 3047 3054 3054 3037 3037
3169 3176 3194 3194 3212 3212 3205 3199 3230 3255 3255 3270 3260 3260 3248 3248 3243 3227 3215 3206 3190 3181 3197 3196 3171 3170 3169 3171 3176 3215 3215 3204 3190 3163 3140 3171 3169 3116 3126 3151 3118 3118 3082 3069 3070 3076 3076 3099 3099 3117 3110 3111 3061 3025 2999 2998 2988 2982 2982 2987 2978 2952 2949 2990 3009 3014 2986 2977 2977 2975 3035 2987 2987 2996 2996 3008 3024 3004 2998 2989 2989 3028 2986 3022 2994 3025 3027 3006 3000 2999 2986 3013 3054 3048 3048 3015
3186 3194 3194 3192 3218 3216 3209 3204 3230 3266 3256 3271 3270 3271 3248 3248 3241 3227 3215 3215 3206 3186 3182 3197 3199 3161 3150 3162 3152 3215 3197 3188 3181 3176 3176 3152 3145 3124 3158 3147 3137 3118 3082 3080 3087 3088 3121 3128 3117 3117 3111 3061 3040 3009 2989 2977 2983 2983 2983 2978 2957 2952 2953 2953 2987 3014 3014 3025 3036 3036 2987 3008 3003 3007 3007 3026 3026 3008 2990 2981 2988 3009 3033 2976 3017 3027 3006 3006 2999 2997 2986 3063 3065 3048 3046 3015
3219 3238 3222 3229 3207 3216 3238 3245 3280 3282 3271 3271 3271 3259 3259 3238 3238 3226 3215 3213 3184 3174 3178 3203 3199 3151 3173 3173 3182 3226 3172 3177 3174 3199 3176 3156 3145 3125 3167 3169 3150 3129 3091 3098 3121 3121 3139 3120 3110 3092 3088 3051 3041 3018 2990 2973 2987 2983 2979 2961 2954 2962 2964 2964 2970 2982 2999 2992 3018 3042 3042 2995 2998 3003 3007 3018 3026 3024 2972 2981 2981 2984 3033 3033 3028 3028 2999 2988 2996 2997 3003 3065 3059 3059 3026 3026
3240 3245 3245 3229 3227 3232 3241 3264 3293 3282 3277 3277 3277 3259 3252 3220 3236 3214 3214 3198 3197 3191 3192 3214 3207 3172 3180 3206 3226 3224 3199 3198 3199 3198 3187 3167 3138 3138 3168 3169 3141 3129 3087 3110 3133 3139 3137 3111 3109 3083 3081 3052 3011 3018 2987 2994 2976 2978 2979 2968 2965 2955 2964 2993 2980 2993 2982 2999 2988 3017 3053 3019 3012 3014 3003 3016 3018 3026 2974 2985 2991 2991 3044 3033 3028 2999 2999 2995 2999 3023 3070 3070 3059 3035 3026 3026
3256 3256 3221 3225 3243 3243 3286 3293 3293 3277 3265 3277 3269 3194 3194 3203 3222 3224 3206 3205 3185 3192 3225 3214 3214 3216 3226 3228 3228 3217 3216 3209 3225 3187 3198 3197 3146 3141 3169 3174 3174 3140 3087 3108 3144 3144 3122 3095 3074 3058 3063 3052 3010 2998 3016 3005 2981 2974 2976 2977 2964 2966 2957 2984 2993 2991 2988 3010 2994 2994 3046 3053 3014 2948 2977 3017 3017 3023 3023 3002 3008 3044 3044 3036 3039 2999 2995 3010 3002 3004 3070 3070 3064 3031 3037 3037
3256 3254 3224 3251 3243 3308 3304 3304 3299 3297 3281 3288 3270 3234 3202 3223 3214 3224 3205 3205 3223 3225 3227 3225 3207 3225 3227 3233 3233 3208 3216 3216 3227 3227 3198 3198 3172 3157 3158 3174 3152 3150 3140 3133 3144 3132 3095 3074 3072 3063 3027 3027 3010 2999 3005 2985 2981 2976 2974 2965 2953 2966 2995 3004 3004 2984 2999 3010 3008 3008 3028 3064 3062 2977 3028 3028 2984 3023 3023 3002 3055 3054 3050 3039 3039 3013 3010 3022 3023 3081 3074 3064 3062 3046 3037 3032
3267 3254 3295 3325 3315 3315 3304 3304 3299 3298 3288 3288 3234 3270 3223 3223 3201 3214 3201 3216 3226 3226 3226 3227 3227 3227 3227 3244 3244 3206 3226 3224 3232 3232 3208 3197 3157 3159 3185 3178 3151 3122 3140 3140 3148 3125 3094 3070 3047 3038 3063 3021 3005 2995 2996 2996 2981 2992 2991 2964 2961 2968 2970 2995 3004 2986 3015 3015 3005 3007 3030 3064 3030 3019 3028 2976 2970 3034 3007 2976 3055 3050 3012 3017 3021 3017 3021 3024 3081 3081 3076 3042 3048 3021 3010 3034
3265 3265 3326 3326 3321 3315 3299 3299 3298 3296 3218 3264 3220 3234 3211 3199 3196 3195 3203 3196 3216 3226 3220 3220 3232 3239 3236 3239 3244 3237 3226 3204 3227 3232 3215 3208 3183 3196 3185 3185 3115 3151 3166 3165 3155 3105 3085 3070 3025 3038 3038 3021 3020 3002 3003 3001 2998 2992 2976 2962 2961 2968 2997 3006 3006 2973 3015 3015 3005 3030 3041 3045 3046 3039 3045 2976 2980 3034 3027 2978 3061 3009 3011 3028 3028 3021 3015 3015 3017 3092 3091 3053 3053 3027 3019 3022
3336 3265 3332 3321 3321 3310 3299 3299 3239 3201 3198 3198 3207 3206 3210 3206 3201 3203 3203 3205 3227 3234 3227 3237 3243 3243 3255 3254 3228 3226 3226 3209 3243 3243 3236 3204 3196 3195 3180 3161 3137 3123 3166 3155 3107 3090 3060 3060 3049 3047 3016 3023 3023 3002 3003 3009 3009 3002 2973 2957 2970 2961 2979 2997 3006 2981 3026 3026 3019 3016 3040 3041 3056 3039 2997 3045 3044 3034 3053 3054 3061 3009 3024 3028 3032 3012 3033 3035 3026 3092 3041 3038 3053 3053 3044 3019
3343 3332 3276 3236 3236 3241 3267 3238 3198 3212 3193 3207 3206 3202 3206 3214 3210 3212 3193 3205 3227 3227 3237 3237 3243 3242 3250 3255 3232 3231 3224 3220 3238 3243 3215 3203 3194 3194 3180 3177 3135 3172 3121 3121 3107 3105 3071 3053 3049 3034 3032 3023 3000 3008 3008 3003 3009 3020 2987 2996 2992 2968 2974 2992 3008 2992 3017 3026 2986 3016 3018 3050 3063 3063 3052 3051 2975 3029 3035 3054 3072 3061 3038 3039 3013 3032 3035 3035 3037 3098 3087 3057 3020 3053 3055 3044
3343 3312 3214 3225 3235 3225 3257 3234 3212 3210 3211 3213 3213 3217 3217 3212 3214 3208 3200 3238 3238 3248 3248 3236 3254 3253 3249 3261 3261 3243 3242 3204 3249 3254 3253 3199 3199 3188 3188 3177 3143 3183 3172 3123 3096 3082 3071 3066 3042 3034 3017 2985 2996 3008 3003 3013 3014 3018 3020 2985 2992 2992 2977 3008 3007 3002 2995 3036 3037 3027 3035 3050 3072 3074 3073 3071 3029 3029 3092 3099 3067 3117 3051 3041 3051 3043 3060 3037 3098 3098 3087 3064 3047 3055 3036 3012
3276 3294 3235 3224 3225 3246 3257 3257 3240 3207 3211 3228 3228 3217 3217 3212 3219 3192 3219 3203 3238 3248 3232 3252 3253 3254 3249 3261 3261 3242 3242 3225 3249 3254 3231 3201 3199 3199 3146 3192 3183 3153 3123 3123 3082 3077 3079 3053 3046 3039 2985 2985 2994 3019 3014 3003 3014 2989 2988 2987 2980 2991 2988 3014 3013 2991 3005 3037 3037 3046 3051 3051 3051 3090 3073 3079 3027 3029 3099 3099 3088 3117 3095 3071 3071 3060 3102 3109 3049 3034 3045 3075 3074 3060 3008 2997
3249 3251 3232 3232 3236 3236 3228 3266 3268 3220 3224 3228 3221 3206 3209 3209 3211 3219 3219 3249 3259 3259 3259 3253 3260 3260 3260 3272 3272 3265 3252 3225 3260 3260 3201 3203 3210 3210 3194 3194 3176 3151 3134 3098 3097 3079 3062 3050 3039 3039 3037 3029 3030 3025 3011 2990 2997 3020 3030 2998 2979 2998 3014 3014 3013 3012 3028 3054 3054 3062 3051 3053 3076 3083 3090 3090 3079 3075 3034 3057 3065 3127 3073 3073 3070 3053 3056 3109 3109 3045 3045 3070 3075 3026 3007 3014
3228 3238 3217 3212 3247 3222 3221 3262 3268 3238 3238 3239 3190 3195 3207 3211 3230 3230 3220 3220 3249 3259 3233 3242 3251 3260 3252 3250 3272 3253 3234 3235 3260 3260 3210 3208 3210 3194 3193 3193 3151 3144 3133 3095 3084 3069 3050 3043 3031 3039 3022 3030 3025 3025 3014 2990 2999 3031 3031 3030 3023 3013 3025 3025 3019 3039 3036 3054 3062 3060 3083 3083 3078 3093 3101 3100 3109 3110 3076 3057 3128 3097 3073 3073 3053 3067 3066 3056 3054 3053 3053 3071 3081 3028 3006 3025
3199 3217 3210 3247 3232 3216 3221 3273 3273 3245 3239 3216 3205 3206 3188 3187 3230 3213 3211 3220 3263 3270 3234 3242 3242 3264 3283 3261 3281 3261 3223 3271 3271 3213 3210 3193 3221 3220 3163 3162 3141 3129 3106 3095 3069 3069 3061 3045 3033 3027 3036 3036 3003 3006 2993 3001 3024 3042 3040 3041 3036 3013 3025 3050 3030 3050 3063 3065 3068 3082 3083 3122 3078 3094 3118 3086 3100 3111 3110 3083 3081 3064 3075 3084 3073 3052 3067 3120 3120 3043 3051 3081 3082 3081 3025 3003
3199 3212 3234 3234 3228 3234 3233 3241 3273 3235 3235 3218 3206 3189 3192 3192 3194 3241 3221 3231 3270 3270 3265 3253 3282 3280 3271 3283 3261 3250 3245 3271 3264 3210 3191 3191 3221 3216 3163 3162 3140 3106 3105 3088 3069 3061 3060 3042 3038 3038 3014 3047 3004 3003 2982 3028 3029 3042 3041 3039 3036 2991 3002 3041 3050 3037 3072 3070 3082 3099 3100 3122 3120 3094 3118 3111 3107 3104 3111 3110 3066 3075 3074 3084 3084 3063 3057 3078 3118 3064 3055 3047 3082 3092 3085 3033
3278 3267 3258 3257 3227 3229 3234 3277 3284 3256 3251 3212 3212 3188 3187 3192 3220 3267 3267 3257 3279 3281 3245 3264 3282 3258 3263 3288 3288 3254 3245 3282 3234 3209 3202 3182 3227 3163 3163 3160 3124 3114 3103 3080 3056 3067 3067 3067 3038 3019 3013 3058 3008 3001 3007 3008 3041 3079 3052 3040 3102 3065 3023 3041 3061 3081 3081 3071 3093 3116 3107 3148 3105 3099 3115 3127 3129 3120 3122 3111 3085 3057 3093 3095 3092 3076 3073 3075 3066 3066 3065 3047 3088 3067 3092 3092
3278 3199 3262 3260 3237 3251 3240 3284 3284 3251 3251 3212 3199 3196 3203 3203 3222 3243 3267 3256 3276 3281 3275 3264 3283 3283 3252 3272 3288 3288 3282 3280 3259 3219 3212 3227 3185 3171 3165 3156 3135 3134 3114 3070 3054 3041 3078 3042 3019 3018 3013 3056 3058 3004 3007 3063 3086 3086 3075 3051 3069 3103 3072 3092 3092 3050 3072 3110 3127 3116 3118 3149 3127 3138 3128 3129 3131 3122 3103 3123 3107 3070 3104 3087 3094 3094 3075 3076 3064 3066 3053 3099 3103 3099 3077 3079
3255 3267 3262 3244 3251 3251 3295 3265 3229 3261 3262 3212 3214 3212 3203 3205 3194 3243 3278 3278 3276 3286 3286 3264 3283 3283 3252 3275 3292 3299 3299 3276 3270 3246 3238 3238 3185 3176 3165 3150 3134 3125 3125 3064 3040 3059 3078 3051 3059 2994 2996 3014 3063 3063 3063 3067 3095 3112 3114 3098 3096 3098 3100 3164 3165 3082 3111 3120 3127 3127 3142 3154 3149 3125 3126 3128 3152 3151 3130 3125 3125 3114 3132 3111 3087 3076 3083 3083 3072 3039 3056 3085 3099 3103 3101 3049
3264 3260 3253 3222 3239 3237 3295 3294 3268 3262 3216 3196 3214 3214 3205 3223 3192 3289 3278 3278 3275 3286 3259 3264 3264 3294 3275 3268 3279 3299 3281 3270 3270 3246 3238 3196 3176 3156 3161 3161 3136 3136 3114 3067 3065 3071 3089 3059 3057 2973 2982 3040 3033 3063 3074 3072 3084 3114 3125 3124 3098 3127 3100 3110 3165 3184 3170 3173 3162 3160 3160 3154 3152 3131 3125 3141 3169 3162 3134 3097 3086 3108 3139 3139 3103 3056 3075 3077 3091 3110 3110 3085 3063 3108 3064 3050
3271 3263 3220 3234 3235 3239 3301 3301 3234 3232 3220 3220 3214 3213 3210 3251 3289 3289 3241 3248 3255 3297 3290 3265 3286 3291 3294 3275 3309 3310 3257 3256 3247 3249 3200 3192 3186 3156 3156 3161 3149 3124 3115 3114 3041 3098 3105 3061 2982 3039 3012 3012 3040 3051 3074 3088 3119 3119 3125 3134 3134 3142 3141 3109 3184 3171 3173 3173 3188 3151 3159 3159 3159 3130 3145 3178 3169 3169 3158 3115 3115 3109 3121 3128 3150 3085 3077 3102 3102 3096 3085 3112 3073 3108 3108 3053
3270 3222 3208 3208 3235 3268 3301 3301 3215 3224 3231 3200 3207 3210 3210 3300 3300 3240 3259 3259 3255 3297 3265 3265 3284 3286 3305 3305 3310 3291 3260 3227 3216 3249 3191 3186 3187 3153 3167 3172 3171 3144 3128 3076 3077 3094 3105 3070 3040 3040 3010 3051 3074 3091 3104 3106 3119 3131 3145 3138 3152 3187 3195 3133 3161 3184 3182 3186 3187 3157 3153 3159 3135 3134 3180 3180 3179 3151 3161 3141 3119 3117 3118 3150 3148 3128 3113 3102 3130 3130 3105 3119 3084 3083 3108 3075
3281 3205 3232 3239 3228 3241 3288 3279 3244 3240 3242 3231 3224 3221 3267 3311 3270 3268 3259 3252 3269 3308 3276 3269 3287 3287 3287 3316 3316 3309 3251 3249 3218 3202 3186 3184 3186 3138 3167 3167 3172 3147 3121 3093 3077 3077 3116 3115 3078 3044 3050 3057 3084 3091 3111 3130 3130 3118 3162 3169 3169 3188 3206 3186 3161 3182 3182 3187 3191 3180 3181 3170 3170 3147 3156 3150 3179 3180 3158 3149 3119 3119 3139 3148 3144 3124 3122 3137 3141 3141 3129 3130 3096 3081 3072 3097
3281 3280 3226 3245 3252 3305 3323 3261 3243 3242 3242 3240 3231 3221 3222 3311 3270 3236 3238 3238 3285 3307 3308 3281 3265 3287 3258 3316 3309 3308 3251 3227 3202 3195 3185 3162 3168 3145 3169 3178 3178 3171 3094 3094 3086 3094 3125 3116 3053 3079 3057 3079 3102 3122 3141 3130 3135 3114 3180 3217 3216 3206 3188 3167 3193 3203 3203 3207 3209 3181 3164 3170 3163 3148 3156 3149 3178 3191 3137 3135 3140 3150 3114 3155 3155 3155 3152 3150 3141 3134 3130 3106 3081 3045 3073 3062
3319 3231 3243 3261 3288 3323 3321 3254 3243 3238 3242 3232 3232 3239 3275 3322 3229 3229 3226 3238 3268 3287 3314 3298 3298 3295 3282 3327 3327 3282 3250 3212 3213 3203 3178 3149 3163 3169 3182 3189 3173 3171 3170 3112 3088 3125 3123 3122 3090 3097 3118 3132 3133 3158 3151 3153 3151 3180 3178 3222 3222 3231 3225 3176 3214 3203 3218 3198 3209 3187 3174 3178 3177 3148 3161 3165 3183 3202 3202 3174 3213 3141 3161 3133 3144 3179 3152 3169 3158 3136 3123 3114 3092 3111 3045 3052
3337 3293 3272 3263 3270 3269 3254 3243 3244 3251 3242 3258 3239 3239 3275 3322 3221 3240 3239 3249 3266 3292 3292 3314 3298 3249 3257 3320 3327 3321 3261 3213 3227 3246 3167 3150 3149 3180 3180 3200 3198 3179 3141 3068 3142 3144 3133 3097 3085 3129 3150 3099 3169 3210 3189 3151 3153 3208 3198 3222 3242 3242 3225 3235 3217 3238 3245 3198 3211 3193 3134 3184 3153 3165 3194 3165 3172 3183 3224 3202 3213 3213 3208 3208 3180 3180 3169 3158 3158 3156 3147 3085 3137 3130 3105 3084
3375 3327 3320 3275 3248 3270 3265 3254 3251 3251 3260 3260 3239 3269 3332 3267 3221 3240 3258 3260 3265 3303 3309 3325 3325 3281 3280 3257 3336 3338 3291 3272 3272 3228 3189 3146 3146 3173 3180 3190 3200 3172 3136 3075 3144 3106 3171 3114 3085 3150 3143 3169 3211 3211 3207 3189 3184 3210 3226 3235 3266 3282 3284 3256 3255 3245 3242 3199 3210 3228 3181 3184 3182 3172 3193 3194 3176 3183 3235 3196 3195 3213 3176 3206 3134 3158 3169 3150 3151 3153 3147 3140 3112 3148 3145 3126
3365 3294 3322 3322 3253 3276 3266 3262 3261 3235 3255 3255 3255 3297 3333 3297 3248 3246 3237 3260 3285 3303 3314 3318 3325 3303 3320 3275 3264 3338 3343 3272 3287 3257 3255 3167 3140 3140 3191 3201 3201 3183 3136 3125 3152 3134 3171 3126 3115 3161 3167 3239 3220 3219 3189 3239 3243 3244 3253 3253 3294 3284 3237 3253 3256 3283 3239 3231 3188 3239 3217 3183 3153 3180 3182 3222 3211 3204 3235 3234 3196 3169 3194 3183 3172 3172 3167 3182 3169 3127 3118 3140 3149 3145 3148 3147
3348 3300 3283 3276 3315 3266 3255 3262 3237 3224 3249 3255 3266 3267 3296 3303 3303 3248 3232 3258 3284 3285 3314 3314 3334 3336 3284 3274 3308 3281 3343 3343 3343 3257 3218 3209 3122 3112 3191 3201 3201 3190 3136 3158 3152 3170 3216 3209 3159 3170 3239 3240 3242 3224 3231 3243 3264 3244 3253 3253 3312 3329 3262 3283 3253 3294 3242 3250 3181 3237 3239 3211 3183 3182 3181 3209 3222 3224 3236 3246 3205 3194 3179 3162 3150 3174 3161 3193 3202 3151 3176 3158 3147 3154 3127 3127
3349 3349 3308 3326 3296 3280 3287 3271 3241 3210 3249 3247 3248 3266 3314 3314 3303 3237 3243 3271 3284 3284 3313 3331 3336 3287 3257 3274 3279 3354 3270 3347 3294 3294 3273 3266 3257 3189 3196 3147 3158 3147 3234 3234 3143 3153 3216 3183 3202 3213 3237 3270 3272 3252 3243 3264 3264 3264 3251 3274 3311 3340 3285 3238 3253 3276 3294 3253 3236 3212 3244 3244 3191 3209 3207 3220 3264 3218 3262 3253 3253 3242 3217 3144 3141 3185 3185 3174 3204 3204 3175 3165 3165 3154 3154 3124
3353 3351 3297 3326 3352 3332 3262 3284 3258 3275 3250 3219 3276 3323 3314 3307 3243 3242 3237 3254 3282 3311 3312 3331 3331 3293 3267 3285 3283 3354 3354 3283 3265 3306 3289 3284 3276 3283 3251 3200 3217 3245 3238 3234 3173 3181 3227 3191 3244 3244 3269 3270 3272 3270 3268 3275 3295 3296 3250 3269 3285 3340 3338 3285 3264 3264 3292 3260 3266 3265 3248 3255 3236 3210 3210 3223 3258 3264 3222 3225 3253 3242 3236 3214 3150 3199 3158 3158 3168 3168 3157 3177 3172 3156 3154 3118
3353 3326 3335 3381 3336 3354 3321 3269 3284 3305 3230 3258 3325 3258 3267 3278 3278 3254 3243 3282 3282 3289 3312 3342 3267 3267 3314 3289 3291 3364 3316 3305 3300 3298 3317 3317 3293 3284 3284 3254 3188 3245 3254 3247 3176 3227 3226 3224 3255 3244 3276 3295 3316 3284 3281 3286 3313 3301 3296 3301 3296 3294 3318 3274 3282 3282 3264 3266 3272 3272 3255 3265 3215 3254 3236 3243 3269 3269 3213 3225 3242 3258 3236 3235 3196 3194 3210 3177 3167 3155 3174 3174 3178 3160 3149 3107
