R/output/arrival.asc
NCOLS 638
NROWS 825
XLLCORNER -2985163.8955
YLLCORNER -3022031.214
CELLSIZE 10000
NODATA_value -1
[rows 235 to 281 of 825, columns 288 to 383 of 638]
3110 3076 3096 3096 3068 3073 3048 3107 3104 3021 3062 3084 3069 3084 3087 3087 3070 3052 3081 3084 3136 3141 3149 3164 3181 3161 3161 3161 3140 3179 3190 3166 3177 3124 3115 3051 2937 2921 2922 3074 3074 2963 2944 2957 3026 2936 3026 2969 2934 2959 3003 3007 3015 2981 2992 3014 3004 3018 3020 3055 3090 3056 3035 2986 3045 3079 3008 3007 2987 3033 3022 2972 2920 2977 2951 2995 2984 2983 3017 2986 2964 2939 2951 2934 2940 2950 2917 2918 2918 2880 2871 2842 2893 2893 2882 2882
3088 3083 3080 3081 3104 3069 3049 3050 3004 3008 3060 3074 3073 3073 3098 3074 3097 3073 3076 3084 3110 3152 3152 3181 3184 3186 3149 3172 3170 3166 3190 3190 3178 3137 3115 3111 2981 2920 3083 3085 3037 3002 2986 3015 3026 2990 3038 3015 3013 3015 3037 3026 3035 3003 3014 3018 3043 3043 3032 3055 3124 3125 3075 3069 3021 3090 3043 3043 2987 3022 3033 2995 2956 2975 2955 2984 2995 2995 3017 2998 2969 2951 2937 2914 2925 2950 2916 2939 2936 2894 2906 2871 2870 2873 2860 2836
3103 3083 3083 3118 3101 3118 3118 3095 3032 3004 3060 3054 3049 3098 3094 3108 3097 3070 3048 3111 3121 3151 3152 3182 3186 3124 3115 3172 3150 3199 3168 3170 3177 3159 3126 3126 3096 2952 3085 2927 2992 2989 3072 3037 2978 3024 3049 3015 3015 3049 3041 3048 3067 3037 3063 3064 3065 3054 3062 3089 3124 3136 3089 3006 3020 3078 3090 3023 3022 2987 3031 3041 2975 2965 2955 3004 3028 2985 3028 3027 3006 3006 2951 2907 2881 2907 2929 2916 2939 2906 2884 2893 2858 2868 2890 2830
3117 3095 3086 3152 3138 3118 3083 3114 3060 3103 3012 3042 3108 3109 3108 3094 3062 3049 3050 3095 3122 3146 3146 3182 3197 3148 3148 3183 3187 3201 3201 3198 3147 3177 3164 3141 3135 3107 3003 3000 3008 3048 3025 3072 3005 3003 3049 3040 3062 3062 3062 3051 3099 3066 3066 3064 3087 3092 3073 3089 3090 3136 3136 3074 3042 3055 3101 3043 3055 3040 3021 3044 3009 3009 3009 2963 3039 3039 2982 2985 3027 3016 2992 2936 2907 2960 2896 2895 2885 2884 2869 2913 2886 2858 2890 2822
3117 3117 3119 3152 3130 3152 3114 3039 3116 3142 3036 3095 3109 3076 3071 3094 3095 3073 3095 3086 3133 3137 3163 3197 3193 3129 3202 3123 3172 3200 3200 3200 3159 3171 3182 3180 3173 3153 3118 3038 3000 3106 3095 3095 3026 3050 3050 3060 3074 3062 3063 3099 3110 3084 3075 3085 3126 3106 3091 3106 3096 3145 3142 3096 3112 3112 3044 3056 3078 3078 3043 3055 2994 3051 2959 3048 3039 3031 2982 2985 2993 3016 2963 2963 2927 2895 2971 2882 2886 2883 2913 2901 2902 2879 2877 2822
3170 3166 3175 3172 3135 3152 3114 3129 3142 3129 3144 3127 3076 3058 3082 3091 3095 3105 3106 3078 3146 3148 3149 3200 3204 3215 3206 3194 3183 3212 3246 3179 3211 3171 3159 3193 3186 3186 3187 3140 3106 3093 3084 3095 3083 3084 3085 3074 3074 3132 3143 3143 3143 3110 3098 3122 3129 3129 3106 3084 3147 3147 3153 3142 3112 3053 3098 3077 3066 3089 3085 3072 3030 3051 3061 2961 3019 3042 2984 2971 2974 3005 3005 2969 2982 2920 2971 2959 2924 2924 2912 2911 2901 2902 2891 2834
3225 3212 3186 3186 3202 3148 3137 3117 3131 3142 3161 3155 3132 3088 3104 3117 3161 3106 3150 3150 3148 3145 3145 3200 3200 3215 3220 3232 3198 3198 3246 3212 3211 3233 3193 3175 3200 3209 3209 3209 3140 3117 3104 3037 3096 3096 3135 3088 3120 3132 3156 3144 3175 3133 3175 3175 3140 3111 3158 3158 3164 3153 3178 3166 3117 3061 3118 3087 3089 3085 3120 3107 3072 3061 3017 2971 3037 3042 3039 2976 2974 2989 2991 2993 2993 2948 2934 2971 2921 2906 2912 2908 2865 2869 2920 2879
3259 3225 3188 3186 3235 3235 3221 3187 3178 3173 3161 3171 3139 3095 3160 3126 3161 3070 3096 3148 3144 3116 3159 3227 3227 3216 3232 3223 3232 3250 3267 3246 3211 3267 3227 3227 3193 3222 3243 3243 3201 3169 3138 3117 3096 3135 3135 3136 3146 3167 3177 3155 3236 3233 3176 3176 3150 3129 3211 3199 3147 3165 3178 3178 3166 3131 3153 3120 3140 3122 3106 3120 3096 3061 3016 3060 3058 3053 2976 2962 2997 2978 3002 2980 2970 2884 2899 2925 2959 2948 2946 2928 2942 2942 2924 2907
3259 3245 3225 3188 3235 3221 3187 3221 3187 3164 3163 3173 3166 3139 3173 3182 3161 3137 3140 3155 3149 3159 3233 3227 3215 3216 3240 3243 3245 3250 3269 3269 3267 3267 3254 3247 3222 3232 3266 3243 3222 3212 3212 3212 3188 3129 3179 3168 3177 3191 3187 3198 3236 3190 3212 3209 3222 3222 3169 3156 3188 3188 3189 3177 3166 3123 3155 3133 3163 3161 3130 3119 3119 3071 3071 3071 2972 3053 3030 3000 3000 3002 2989 3010 2984 2939 2872 2907 2927 2976 2965 2965 2954 2962 2962 2910
3286 3265 3225 3191 3206 3221 3165 3200 3201 3199 3184 3166 3185 3150 3181 3207 3195 3206 3218 3184 3232 3254 3238 3236 3210 3231 3280 3283 3304 3280 3250 3271 3267 3267 3314 3302 3297 3266 3243 3311 3263 3246 3246 3222 3142 3179 3179 3202 3202 3195 3200 3219 3247 3244 3233 3209 3220 3199 3178 3165 3186 3189 3206 3185 3175 3141 3174 3132 3140 3163 3108 3117 3129 3092 3045 3064 3064 3011 2983 3003 2988 3010 3010 3018 3007 3017 2983 2928 2976 2920 2938 2962 2973 2973 2962 2952
3320 3273 3257 3257 3256 3268 3241 3212 3201 3239 3218 3230 3204 3195 3216 3229 3229 3228 3236 3205 3184 3233 3265 3249 3243 3254 3315 3284 3315 3326 3301 3301 3323 3314 3333 3331 3302 3302 3302 3289 3311 3277 3276 3235 3155 3147 3174 3211 3202 3190 3245 3245 3244 3247 3222 3233 3257 3210 3196 3200 3212 3219 3219 3175 3153 3174 3195 3142 3164 3152 3142 3129 3118 3106 3045 2998 2959 2996 3030 3030 3019 3019 3018 3018 3017 3007 3004 2983 2983 2983 2980 2938 2973 2925 2966 2959
3332 3324 3286 3280 3276 3290 3255 3242 3246 3246 3252 3252 3254 3250 3263 3264 3275 3239 3228 3236 3218 3227 3263 3277 3249 3316 3318 3315 3302 3341 3336 3336 3326 3300 3344 3358 3356 3310 3302 3312 3331 3276 3267 3280 3224 3224 3213 3256 3221 3159 3245 3246 3242 3258 3233 3234 3268 3255 3234 3199 3219 3223 3240 3175 3185 3208 3174 3151 3165 3165 3095 3106 3127 3107 3085 2998 2984 3011 3016 3030 3003 2991 2982 3017 2984 3007 2988 2976 2983 2995 2995 2964 2986 2988 2955 2959
3394 3374 3324 3313 3310 3313 3290 3290 3255 3267 3280 3258 3301 3267 3263 3306 3306 3286 3270 3241 3264 3346 3266 3277 3315 3316 3318 3305 3313 3336 3352 3352 3352 3344 3344 3365 3358 3330 3335 3369 3345 3322 3276 3280 3277 3277 3229 3232 3256 3209 3244 3246 3246 3258 3224 3268 3231 3199 3199 3234 3223 3253 3251 3187 3208 3185 3176 3176 3165 3150 3135 3095 3107 3128 3059 3033 3006 3030 3042 3031 3003 3029 3029 3017 2992 3030 3007 2963 2970 2995 2997 2994 2988 2988 2964 2977
3407 3398 3353 3329 3302 3329 3324 3291 3277 3284 3297 3311 3341 3342 3341 3306 3364 3364 3300 3284 3278 3348 3348 3288 3327 3364 3363 3316 3359 3348 3363 3365 3378 3356 3377 3379 3392 3399 3403 3403 3365 3345 3314 3282 3297 3278 3277 3298 3290 3276 3291 3166 3289 3224 3269 3269 3228 3271 3263 3209 3253 3251 3218 3195 3229 3194 3153 3176 3172 3169 3141 3101 3141 3130 3094 3073 3051 3030 3042 3075 3075 3064 3029 3028 3052 3052 3041 3018 3006 2997 2997 2988 2994 2981 2964 2977
3432 3407 3393 3384 3349 3384 3363 3324 3308 3322 3304 3319 3341 3342 3359 3314 3361 3353 3320 3297 3287 3360 3362 3359 3364 3375 3365 3359 3357 3350 3374 3374 3396 3396 3356 3390 3405 3424 3429 3403 3370 3384 3377 3312 3311 3311 3312 3312 3302 3278 3290 3291 3246 3177 3269 3268 3274 3274 3263 3263 3254 3254 3232 3210 3231 3231 3208 3141 3183 3175 3162 3141 3101 3130 3093 3029 3073 3065 3086 3038 3016 3052 3053 3053 3029 3027 3018 3041 3006 2996 3020 2985 3011 3011 2971 2971
3476 3476 3442 3407 3397 3397 3390 3382 3369 3335 3367 3335 3356 3392 3403 3403 3418 3418 3429 3373 3326 3362 3359 3364 3384 3398 3370 3374 3386 3374 3395 3416 3382 3400 3390 3413 3428 3472 3461 3428 3379 3384 3400 3380 3380 3311 3366 3346 3324 3332 3328 3324 3310 3280 3285 3177 3185 3287 3276 3274 3252 3254 3254 3237 3218 3229 3209 3196 3171 3187 3142 3149 3101 3119 3092 3039 3038 3054 3086 3026 3040 3061 3029 3008 3008 3029 3017 2997 3004 2998 3035 2999 2984 3011 3005 2963
3496 3477 3476 3442 3417 3510 3458 3415 3404 3403 3392 3401 3392 3359 3403 3404 3427 3448 3458 3437 3393 3380 3384 3389 3408 3375 3370 3439 3439 3405 3395 3430 3408 3428 3483 3448 3472 3469 3461 3461 3414 3406 3414 3403 3392 3387 3373 3378 3373 3340 3339 3339 3366 3310 3320 3285 3306 3276 3242 3276 3236 3265 3253 3240 3242 3209 3196 3149 3187 3175 3145 3123 3132 3105 3094 3064 3038 3072 3087 3037 3039 3074 3074 3060 2964 3057 3018 2988 2997 2998 3035 3001 3018 3005 2992 2942
3526 3582 3526 3485 3488 3544 3530 3510 3471 3404 3415 3436 3414 3426 3444 3424 3465 3472 3484 3440 3393 3414 3428 3443 3466 3394 3441 3440 3405 3394 3414 3437 3430 3430 3483 3418 3459 3433 3450 3461 3438 3414 3434 3425 3400 3408 3393 3385 3379 3378 3378 3339 3377 3354 3354 3320 3310 3299 3271 3276 3265 3263 3254 3243 3242 3217 3182 3156 3182 3187 3176 3145 3117 3056 3107 3083 3049 3087 3087 3031 3073 3073 3095 3074 3017 3008 3057 3033 3046 3046 3034 3035 3034 3034 3020 3005
3529 3595 3642 3547 3520 3544 3583 3535 3499 3437 3449 3492 3449 3483 3461 3461 3478 3523 3501 3493 3427 3440 3452 3474 3477 3441 3451 3468 3471 3417 3484 3506 3430 3422 3483 3462 3472 3444 3415 3450 3461 3449 3447 3435 3400 3434 3423 3422 3422 3422 3408 3388 3388 3388 3377 3396 3330 3310 3308 3208 3243 3217 3230 3205 3210 3218 3218 3173 3156 3182 3176 3139 3139 3126 3109 3098 3098 3091 3086 3047 3038 3073 3108 3108 3068 3068 3067 2989 2991 3046 3009 3033 3040 3041 3041 3040
3561 3595 3630 3642 3544 3548 3605 3616 3560 3494 3515 3492 3504 3514 3483 3523 3526 3524 3523 3519 3475 3485 3474 3471 3477 3477 3451 3451 3482 3462 3505 3539 3509 3495 3505 3472 3471 3461 3472 3446 3440 3438 3461 3461 3445 3448 3427 3423 3428 3428 3427 3388 3388 3396 3430 3396 3333 3321 3310 3297 3254 3216 3175 3183 3195 3202 3178 3176 3155 3160 3160 3139 3120 3116 3108 3095 3104 3093 3060 3082 3071 3071 3109 3109 3093 3078 3030 3056 3031 3033 3053 3034 3033 3041 3045 3032
3574 3631 3642 3625 3594 3578 3626 3603 3616 3592 3570 3537 3557 3578 3535 3545 3557 3544 3531 3552 3542 3489 3474 3462 3473 3498 3517 3489 3467 3503 3517 3526 3539 3517 3484 3504 3494 3483 3473 3473 3461 3456 3456 3456 3450 3450 3439 3439 3428 3427 3427 3414 3397 3450 3430 3364 3361 3327 3321 3299 3286 3272 3202 3172 3176 3184 3178 3143 3120 3141 3162 3104 3129 3131 3120 3104 3108 3061 3093 3070 3131 3074 3109 3112 3094 3078 2997 3056 3074 3066 3055 3052 3031 3032 3045 3034
3631 3653 3653 3664 3607 3593 3693 3672 3647 3617 3626 3591 3558 3580 3580 3557 3583 3580 3550 3582 3554 3545 3539 3511 3518 3518 3534 3551 3540 3517 3507 3522 3522 3504 3504 3494 3436 3470 3471 3473 3468 3519 3508 3447 3449 3487 3420 3427 3418 3418 3436 3436 3397 3464 3395 3384 3380 3347 3327 3321 3278 3286 3244 3189 3240 3210 3229 3141 3110 3106 3173 3140 3106 3116 3142 3108 3109 3072 3122 3131 3075 3120 3112 3112 3107 3085 3074 3074 3066 3063 3063 3067 3066 3067 3066 3066
3673 3624 3694 3707 3707 3653 3693 3706 3717 3694 3694 3594 3591 3594 3594 3594 3622 3622 3608 3588 3589 3600 3588 3541 3539 3534 3517 3551 3554 3536 3534 3522 3586 3586 3502 3429 3482 3471 3479 3481 3468 3464 3530 3496 3510 3498 3477 3498 3466 3452 3418 3415 3442 3464 3415 3395 3395 3348 3344 3327 3333 3288 3265 3252 3244 3241 3223 3122 3135 3104 3151 3173 3157 3104 3142 3098 3122 3142 3142 3108 3128 3123 3076 3107 3107 3102 3075 3078 3080 3056 3052 3058 3067 3031 3056 3056
3697 3695 3715 3728 3707 3741 3715 3728 3714 3683 3660 3606 3628 3628 3615 3604 3630 3652 3622 3628 3629 3596 3593 3552 3572 3573 3573 3551 3554 3567 3588 3553 3590 3573 3553 3455 3490 3490 3484 3484 3464 3463 3530 3499 3510 3510 3473 3421 3498 3487 3476 3464 3430 3418 3405 3394 3384 3327 3355 3344 3361 3320 3266 3278 3252 3238 3218 3208 3101 3116 3125 3138 3174 3157 3117 3098 3069 3111 3091 3134 3106 3123 3083 3095 3113 3086 3103 3100 3080 3066 3011 3078 3078 2997 3032 3032
3753 3775 3764 3731 3741 3753 3728 3742 3742 3731 3695 3681 3676 3651 3651 3661 3663 3719 3676 3673 3685 3627 3606 3606 3584 3586 3588 3585 3571 3554 3567 3590 3594 3620 3586 3510 3463 3498 3485 3474 3464 3477 3518 3521 3446 3487 3441 3420 3422 3484 3452 3476 3465 3465 3449 3429 3384 3355 3361 3361 3345 3333 3279 3291 3269 3257 3230 3153 3134 3118 3178 3185 3177 3177 3166 3164 3156 3145 3145 3106 3106 3105 3123 3124 3100 3114 3100 3091 3100 3089 3087 3078 3017 3056 3031 3045
3797 3775 3784 3789 3763 3787 3742 3760 3763 3751 3752 3733 3710 3672 3685 3686 3686 3719 3706 3675 3685 3651 3616 3579 3606 3599 3622 3629 3611 3609 3601 3606 3607 3632 3607 3535 3540 3508 3495 3495 3488 3500 3521 3521 3483 3500 3489 3470 3432 3429 3417 3439 3441 3394 3429 3395 3423 3395 3363 3381 3367 3353 3311 3303 3291 3280 3280 3267 3161 3196 3196 3173 3177 3178 3167 3167 3143 3145 3142 3084 3098 3112 3124 3122 3114 3114 3058 3090 3088 3079 3079 3068 3067 3067 3054 3045
3820 3820 3789 3789 3812 3787 3774 3784 3762 3752 3744 3739 3710 3676 3685 3697 3697 3719 3754 3719 3697 3708 3616 3566 3599 3609 3633 3634 3642 3642 3601 3621 3632 3635 3635 3574 3555 3554 3544 3533 3566 3543 3523 3500 3500 3489 3504 3493 3517 3484 3440 3414 3394 3401 3436 3425 3384 3379 3381 3384 3392 3354 3325 3313 3303 3280 3269 3269 3191 3138 3194 3185 3178 3178 3163 3155 3119 3112 3117 3117 3135 3135 3101 3085 3125 3101 3038 3023 3090 3079 2996 3009 2996 3046 3056 3031
3843 3823 3834 3863 3843 3829 3774 3806 3822 3787 3819 3718 3774 3719 3753 3753 3742 3740 3754 3719 3706 3708 3637 3623 3606 3640 3627 3653 3653 3643 3620 3620 3641 3623 3635 3642 3588 3555 3577 3575 3566 3541 3574 3552 3504 3504 3478 3478 3517 3517 3470 3505 3457 3436 3438 3428 3428 3414 3397 3403 3388 3385 3348 3348 3314 3301 3269 3201 3192 3140 3179 3189 3140 3154 3125 3155 3133 3071 3128 3120 3115 3099 3136 3125 3041 3100 3079 3030 3065 3078 3078 3057 3046 3056 3051 3018
3841 3876 3901 3868 3857 3855 3806 3808 3845 3843 3841 3841 3786 3753 3788 3761 3777 3775 3754 3765 3744 3722 3675 3667 3710 3710 3664 3653 3654 3677 3675 3616 3643 3643 3621 3642 3629 3588 3552 3577 3555 3557 3599 3588 3560 3490 3539 3526 3507 3475 3506 3470 3505 3438 3457 3429 3407 3397 3403 3402 3385 3337 3369 3302 3330 3303 3269 3258 3211 3170 3179 3202 3189 3182 3181 3145 3104 3128 3169 3156 3147 3136 3099 3100 3121 3035 3100 3089 3089 3052 3078 3067 3066 3009 3035 3032
3876 3888 3898 3901 3857 3856 3835 3809 3845 3861 3875 3841 3797 3788 3788 3807 3798 3809 3778 3786 3813 3800 3756 3744 3731 3711 3710 3688 3658 3677 3677 3654 3655 3657 3642 3654 3574 3552 3563 3554 3576 3610 3599 3588 3588 3539 3552 3552 3519 3477 3497 3492 3494 3494 3486 3451 3450 3414 3397 3429 3425 3391 3391 3315 3330 3290 3248 3258 3247 3215 3204 3204 3193 3182 3145 3139 3139 3134 3169 3158 3135 3104 3068 3018 2978 3053 3053 3086 3031 3031 3032 3067 3031 3031 2995 3017
3931 3910 3910 3912 3897 3890 3864 3856 3860 3875 3863 3853 3832 3812 3831 3841 3820 3822 3821 3813 3778 3766 3756 3759 3748 3732 3709 3688 3663 3691 3691 3666 3657 3688 3688 3676 3676 3563 3608 3598 3610 3595 3556 3566 3594 3552 3543 3553 3484 3530 3477 3497 3497 3450 3486 3486 3485 3485 3448 3459 3425 3425 3391 3365 3348 3337 3316 3247 3246 3211 3200 3200 3167 3167 3133 3133 3170 3135 3137 3134 3134 3099 3068 3015 3006 3022 3021 3030 3031 3031 3018 3044 3066 3066 3052 2995
3946 3959 3924 3947 3915 3890 3897 3877 3877 3922 3922 3856 3831 3841 3896 3876 3807 3824 3827 3816 3790 3804 3804 3749 3745 3735 3722 3697 3676 3693 3710 3669 3654 3676 3688 3690 3676 3646 3621 3621 3621 3608 3576 3585 3609 3587 3553 3542 3530 3531 3497 3466 3508 3448 3451 3485 3493 3464 3442 3459 3437 3437 3390 3380 3351 3319 3308 3270 3248 3234 3205 3162 3172 3172 3135 3190 3169 3170 3134 3090 3026 3053 3011 2979 3021 2980 2960 3021 2996 3010 3010 2996 3018 3000 3032 3032
3960 3979 3959 3948 3947 3947 3944 3909 3889 3910 3930 3875 3876 3917 3899 3876 3844 3849 3871 3871 3860 3860 3816 3780 3815 3738 3695 3700 3693 3694 3692 3710 3681 3670 3699 3690 3690 3662 3632 3632 3632 3629 3620 3609 3609 3595 3587 3587 3531 3531 3562 3508 3458 3451 3493 3463 3493 3475 3464 3429 3437 3410 3369 3390 3356 3319 3312 3298 3264 3238 3217 3206 3161 3189 3192 3192 3170 3110 3100 3113 2977 2999 3075 3067 3018 3052 3021 3044 3044 3033 3007 3032 2996 2996 2985 2983
3979 4014 3945 3959 3981 3978 3978 3944 3945 3945 3931 3876 3877 3904 3917 3903 3882 3882 3849 3848 3838 3827 3837 3801 3815 3815 3814 3779 3744 3731 3722 3686 3669 3732 3670 3677 3711 3697 3633 3613 3631 3631 3620 3609 3609 3608 3560 3596 3576 3526 3562 3560 3476 3475 3513 3458 3463 3449 3482 3459 3449 3395 3395 3384 3390 3357 3346 3312 3277 3277 3250 3238 3203 3168 3181 3181 3169 3155 3100 3100 2991 3078 3078 3067 3032 3055 3055 3044 3017 2999 3032 2988 2978 2978 2967 2962
3979 4014 3957 3968 4000 3981 3978 3958 3909 3965 3911 3910 3910 3917 3940 3896 3883 3849 3843 3841 3813 3827 3804 3837 3779 3779 3727 3735 3768 3768 3757 3728 3745 3710 3697 3689 3712 3711 3642 3642 3642 3629 3620 3614 3608 3580 3575 3560 3608 3573 3582 3551 3498 3518 3518 3491 3483 3483 3482 3479 3424 3404 3404 3404 3384 3346 3346 3333 3284 3272 3243 3238 3203 3243 3198 3181 3156 3057 3045 3044 3012 3066 3067 3066 3055 3055 3055 3021 2999 2999 3000 2997 3010 3010 2986 2998
4048 4002 3966 4003 3992 4003 4003 3959 3979 3979 3968 3880 3910 3910 3940 3882 3847 3847 3819 3841 3830 3825 3800 3802 3826 3727 3724 3766 3727 3727 3757 3757 3746 3746 3677 3712 3711 3698 3642 3642 3622 3631 3629 3650 3664 3630 3630 3574 3595 3619 3585 3528 3500 3540 3540 3527 3514 3506 3483 3472 3459 3455 3421 3408 3376 3356 3356 3321 3287 3273 3271 3243 3203 3243 3167 3164 3129 3034 2990 3010 2982 2990 3023 3056 3066 3045 3012 2973 2979 2945 2952 2987 2987 3010 2999 2999
4048 4014 3993 3992 4003 3998 4014 4014 3945 3951 3899 3910 3888 3929 3951 3869 3883 3872 3852 3841 3819 3790 3813 3808 3808 3796 3779 3738 3748 3713 3711 3711 3678 3724 3723 3712 3697 3648 3644 3629 3621 3632 3684 3664 3629 3630 3595 3595 3619 3585 3542 3529 3574 3541 3563 3562 3562 3518 3506 3472 3467 3410 3438 3373 3374 3386 3334 3342 3305 3310 3299 3266 3264 3203 3143 3012 3065 2978 2993 2982 2977 2964 2999 3056 3056 3040 3001 3043 3032 3017 2976 2963 2962 2960 2963 2999
4015 4015 3975 3991 4025 3972 3985 4014 3979 3972 3938 3954 3951 3951 3885 3883 3885 3886 3918 3863 3825 3830 3756 3791 3796 3783 3749 3745 3747 3797 3797 3732 3678 3634 3645 3675 3654 3710 3699 3699 3698 3698 3641 3641 3633 3629 3611 3590 3616 3596 3527 3547 3574 3574 3563 3522 3529 3562 3509 3506 3475 3442 3421 3407 3386 3353 3354 3353 3353 3319 3310 3266 3224 3144 3143 3132 3132 3121 3023 3098 2981 2959 2980 3064 3031 3054 3043 3053 3042 3042 3016 3018 2998 2974 2997 2965
4043 4043 4015 3985 4030 4036 4007 3951 4013 3973 3986 3987 3929 3883 3917 3930 3930 3918 3905 3918 3830 3770 3746 3744 3749 3796 3784 3766 3762 3797 3768 3754 3732 3718 3721 3721 3710 3710 3699 3698 3676 3649 3664 3647 3650 3660 3628 3604 3625 3590 3577 3579 3561 3569 3569 3543 3533 3551 3523 3523 3501 3476 3458 3414 3349 3323 3330 3341 3340 3301 3301 3262 3209 3198 3174 3143 3132 3119 3098 3023 3098 3076 3076 2983 3054 3064 3053 3043 3042 3029 3031 3031 3030 3030 3007 2996
4085 4082 4021 4020 4036 4042 4020 4016 4009 3995 3987 3996 3983 3929 3914 3907 3930 3897 3886 3876 3830 3769 3826 3746 3792 3762 3792 3798 3758 3768 3768 3767 3767 3682 3650 3654 3656 3656 3660 3663 3621 3672 3661 3661 3660 3639 3649 3625 3572 3577 3591 3580 3578 3568 3569 3569 3543 3548 3551 3525 3523 3489 3489 3433 3415 3328 3312 3336 3319 3306 3299 3250 3250 3186 3165 3130 2988 3080 3032 3087 3085 3076 3021 3065 3064 2988 3008 3051 3001 2996 2997 3031 3020 3017 3012 2987
4085 4030 4047 4047 4039 4042 4042 4030 4018 3997 3996 3987 3986 3974 3938 3928 3941 3920 3920 3906 3854 3846 3828 3831 3820 3820 3819 3819 3808 3788 3786 3786 3775 3732 3680 3650 3669 3694 3683 3681 3672 3672 3661 3660 3626 3611 3626 3649 3638 3612 3603 3580 3580 3568 3558 3569 3547 3535 3540 3528 3500 3510 3489 3437 3415 3400 3381 3319 3370 3323 3270 3251 3216 3194 3176 3165 3109 2988 2988 3057 2977 3032 2986 2988 3010 3008 3008 3008 3001 3029 3029 3018 3034 3036 3012 2989
4054 4048 4030 4050 4027 4028 4051 4018 4030 3996 3917 3971 3986 3975 3974 3929 3948 3939 3911 3909 3875 3883 3860 3860 3819 3784 3787 3802 3805 3785 3745 3786 3785 3756 3750 3716 3694 3666 3628 3683 3681 3648 3633 3622 3622 3614 3601 3613 3626 3627 3603 3591 3591 3591 3569 3557 3544 3514 3540 3540 3509 3528 3483 3426 3424 3414 3403 3392 3302 3292 3290 3273 3236 3239 3196 3165 3152 3154 3087 3055 2978 2966 3024 3024 3010 3040 2976 3081 3068 3059 3005 3007 3018 3036 3055 3035
4047 4061 4061 4019 4038 4053 4053 4017 4006 4005 3951 3984 3973 3973 3963 3962 3968 3930 3896 3894 3883 3872 3842 3752 3787 3814 3802 3803 3802 3762 3734 3723 3733 3785 3774 3774 3763 3736 3681 3681 3670 3638 3646 3598 3620 3588 3602 3592 3592 3612 3591 3579 3569 3580 3579 3557 3545 3511 3514 3509 3528 3495 3506 3444 3445 3382 3381 3368 3326 3279 3248 3275 3252 3207 3195 3172 3085 3087 3154 3143 3143 3025 3021 3021 3075 3043 3081 3032 3070 3059 3059 3047 3061 3055 3046 3044
4131 4065 4043 4064 4007 4015 4018 4005 4018 3996 3984 3981 3939 3951 3963 3968 3946 3922 3889 3853 3853 3836 3836 3839 3825 3750 3803 3803 3765 3748 3677 3706 3733 3745 3753 3750 3752 3763 3730 3751 3682 3646 3613 3597 3633 3602 3579 3612 3613 3612 3564 3545 3599 3590 3579 3557 3523 3511 3509 3487 3494 3451 3467 3494 3459 3370 3371 3370 3347 3286 3330 3285 3252 3218 3175 3172 3110 3042 3061 3062 3143 3132 3132 3121 3042 3110 3084 3030 3082 3007 3098 3097 3097 3086 3086 3044
4143 4076 4064 4022 4064 4029 4029 4018 4018 4002 3987 4006 3988 3962 3962 3968 3947 3907 3887 3857 3802 3739 3771 3825 3822 3728 3730 3759 3748 3754 3747 3679 3712 3734 3735 3719 3716 3716 3751 3751 3694 3682 3682 3668 3648 3579 3577 3613 3613 3556 3568 3601 3601 3546 3578 3579 3578 3578 3565 3530 3476 3467 3443 3442 3407 3407 3364 3394 3347 3364 3330 3281 3253 3230 3196 3161 3160 3129 3077 3061 3027 3131 3132 3131 3131 3120 3118 3109 3097 3098 3098 3048 3066 3065 3084 3075
4132 4061 4015 4021 4036 4026 4014 4022 4017 4017 4017 4004 3991 3980 3980 3969 3914 3887 3884 3850 3783 3771 3772 3714 3735 3685 3688 3697 3753 3748 3747 3685 3736 3719 3722 3722 3716 3684 3684 3717 3679 3651 3660 3595 3600 3648 3634 3577 3599 3520 3520 3529 3545 3545 3546 3556 3534 3543 3544 3544 3544 3531 3510 3463 3419 3344 3396 3398 3376 3364 3336 3313 3244 3244 3218 3205 3184 3173 3137 3028 3061 3117 3048 3039 3095 3110 3120 3109 3083 3047 3061 3062 3076 3065 3039 3054
4087 4056 4059 3992 4026 4036 4034 4000 4009 4003 4002 3967 3954 3951 3953 3954 3969 3953 3907 3905 3783 3771 3770 3688 3660 3662 3663 3704 3697 3753 3742 3742 3701 3736 3725 3725 3716 3717 3717 3702 3679 3645 3645 3645 3632 3634 3637 3626 3577 3542 3542 3520 3502 3524 3545 3546 3531 3543 3512 3521 3522 3490 3510 3476 3476 3422 3398 3396 3387 3336 3334 3313 3244 3210 3184 3138 3138 3171 3173 3136 3128 3117 3116 3039 3075 3046 3083 3083 3087 3087 3012 3076 3076 3062 3012 3028
