R/output/arrival.asc
NCOLS 638
NROWS 825
XLLCORNER -2985163.8955
YLLCORNER -3022031.214
CELLSIZE 10000
NODATA_value -1
[rows 235 to 281 of 825, columns 192 to 287 of 638]
2807 2833 2844 2844 2821 2821 2806 2806 2806 2856 2821 2832 2814 2825 2826 2826 2837 2837 2857 2860 2871 2888 2900 2900 2901 2901 2860 2869 2877 2811 2853 2854 2864 2853 2901 2901 2887 2943 2982 2999 2993 3021 3021 3032 3042 3044 3086 3123 3126 3136 3181 3181 3245 3279 3279 3300 3296 3330 3341 3354 3397 3408 3419 3399 3432 3431 3431 3465 3489 3499 3501 3544 3544 3536 3556 3604 3578 3556 3523 3468 3463 3413 3400 3400 3355 3366 3310 3264 3244 3210 3178 3173 3151 3167 3167 3156
2807 2807 2843 2844 2855 2832 2806 2797 2824 2867 2842 2843 2842 2795 2836 2836 2836 2837 2824 2824 2837 2871 2872 2859 2908 2912 2890 2831 2869 2934 2842 2853 2851 2878 2899 2926 2912 2949 3025 2981 3048 3048 3054 3054 3084 3125 3125 3138 3160 3229 3229 3268 3268 3313 3313 3334 3347 3364 3364 3384 3429 3442 3442 3460 3476 3476 3501 3511 3522 3542 3557 3555 3591 3564 3625 3646 3646 3589 3523 3476 3468 3454 3419 3400 3366 3366 3366 3288 3283 3231 3210 3173 3178 3144 3109 3123
2774 2773 2786 2785 2855 2855 2866 2864 2807 2828 2867 2843 2843 2841 2810 2806 2818 2848 2823 2824 2835 2832 2872 2911 2911 2907 2912 2923 2837 2905 2934 2904 2894 2915 2935 2935 2956 3025 3026 3035 3059 3059 3071 3114 3114 3144 3195 3207 3234 3234 3254 3268 3313 3339 3366 3375 3375 3386 3386 3408 3450 3471 3462 3473 3496 3510 3524 3536 3558 3558 3610 3593 3631 3630 3681 3647 3646 3589 3556 3492 3492 3478 3446 3434 3386 3366 3366 3332 3318 3298 3228 3207 3207 3178 3144 3123
2773 2763 2773 2774 2777 2807 2842 2866 2877 2877 2878 2857 2876 2854 2806 2789 2803 2800 2848 2859 2835 2867 2867 2870 2849 2881 2922 2923 2923 2934 2881 2935 2904 2948 2936 2959 2991 3026 3026 3034 3068 3088 3102 3114 3158 3173 3197 3241 3254 3296 3302 3337 3348 3371 3388 3388 3400 3450 3450 3470 3484 3484 3484 3518 3515 3535 3535 3571 3589 3582 3610 3644 3658 3667 3715 3646 3621 3612 3567 3555 3498 3511 3478 3469 3409 3400 3368 3332 3312 3302 3235 3213 3248 3212 3191 3145
2743 2761 2764 2764 2775 2774 2786 2786 2854 2806 2878 2878 2889 2889 2788 2842 2782 2782 2809 2923 2910 2870 2844 2870 2870 2922 2881 2922 2882 2882 2878 2955 2968 2956 2970 3012 3021 3034 3048 3100 3112 3115 3163 3163 3163 3212 3223 3261 3304 3309 3337 3358 3371 3405 3392 3437 3439 3456 3470 3481 3516 3528 3557 3537 3528 3555 3555 3589 3592 3610 3644 3646 3666 3701 3715 3680 3634 3623 3590 3576 3555 3542 3491 3477 3477 3424 3410 3379 3332 3366 3257 3248 3252 3235 3212 3191
2742 2754 2754 2765 2765 2766 2765 2795 2797 2772 2772 2770 2868 2900 2890 2855 2911 2912 2912 2923 2923 2932 2870 2894 2885 2881 2857 2888 2903 2903 2945 2934 2956 2982 2979 3014 3023 3091 3093 3104 3113 3136 3165 3200 3201 3228 3275 3309 3324 3337 3343 3366 3395 3428 3428 3443 3456 3488 3477 3522 3591 3537 3571 3562 3562 3571 3589 3610 3623 3631 3633 3645 3658 3703 3735 3694 3635 3634 3634 3590 3567 3555 3532 3507 3477 3455 3411 3402 3376 3353 3288 3288 3257 3252 3226 3212
2727 2750 2752 2764 2765 2763 2766 2777 2797 2808 2772 2774 2770 2898 2900 2911 2791 2791 2807 2790 2851 2910 2934 2945 2942 2946 2945 2916 2903 2893 2923 2934 2965 2960 3001 3014 3069 3111 3124 3124 3124 3194 3200 3207 3266 3266 3300 3329 3353 3364 3366 3387 3417 3428 3445 3457 3490 3502 3502 3546 3611 3583 3605 3606 3619 3619 3623 3623 3624 3635 3633 3644 3700 3703 3738 3690 3678 3660 3657 3601 3579 3579 3545 3521 3511 3477 3443 3424 3403 3366 3344 3301 3293 3264 3246 3233
2709 2741 2750 2752 2776 2776 2766 2766 2777 2788 2808 2809 2809 2820 2820 2795 2780 2783 2791 2791 2826 2802 2814 2924 2945 2953 2946 2957 2929 2968 2968 2979 2979 3000 3001 3068 3092 3113 3126 3173 3232 3232 3243 3243 3266 3325 3344 3377 3377 3394 3400 3432 3459 3445 3480 3480 3524 3545 3558 3571 3624 3605 3605 3628 3632 3640 3658 3666 3635 3657 3635 3646 3714 3727 3749 3701 3679 3678 3657 3621 3587 3579 3549 3545 3511 3511 3479 3443 3420 3398 3327 3293 3301 3293 3253 3246
2710 2721 2721 2749 2747 2776 2787 2785 2756 2783 2788 2808 2809 2771 2820 2831 2816 2815 2829 2825 2826 2860 2860 2871 2871 2941 2953 2964 2957 2975 2975 3022 3057 3057 3068 3058 3102 3092 3113 3138 3230 3232 3256 3312 3325 3326 3372 3383 3394 3398 3438 3446 3460 3491 3494 3527 3548 3566 3579 3591 3639 3639 3653 3653 3653 3656 3646 3669 3677 3677 3676 3657 3714 3700 3761 3723 3712 3672 3671 3655 3613 3587 3549 3545 3541 3513 3479 3445 3443 3424 3369 3335 3335 3288 3286 3286
2707 2691 2691 2731 2749 2760 2777 2787 2753 2765 2799 2776 2794 2787 2815 2829 2831 2842 2825 2829 2828 2895 2906 2906 2893 2927 2890 2907 2964 2978 2989 2976 3055 2985 2998 3033 3079 3092 3125 3173 3221 3246 3267 3314 3314 3370 3383 3394 3439 3445 3482 3524 3491 3535 3539 3550 3579 3600 3614 3658 3660 3660 3667 3676 3699 3687 3689 3689 3698 3700 3733 3699 3699 3733 3772 3769 3746 3683 3671 3668 3621 3613 3555 3555 3545 3513 3499 3466 3437 3437 3390 3369 3369 3335 3313 3320
2671 2691 2703 2719 2717 2740 2760 2798 2754 2796 2799 2756 2810 2828 2863 2814 2819 2852 2861 2828 2850 2895 2872 2908 2920 2918 2966 2962 2978 2988 2999 3025 3046 2995 3032 3058 3092 3116 3162 3198 3246 3246 3347 3348 3360 3381 3435 3452 3484 3493 3525 3525 3537 3548 3561 3580 3593 3634 3639 3660 3689 3702 3702 3667 3688 3732 3711 3713 3711 3724 3734 3735 3733 3749 3783 3780 3767 3735 3712 3668 3655 3621 3597 3575 3546 3524 3500 3479 3482 3460 3403 3379 3369 3358 3332 3332
2650 2671 2691 2703 2692 2712 2725 2798 2725 2794 2744 2759 2810 2833 2888 2864 2875 2875 2884 2859 2884 2898 2875 2909 2922 2931 2966 2976 3034 3023 3034 3046 3009 3046 3058 3088 3088 3187 3256 3256 3286 3292 3348 3360 3419 3450 3452 3493 3503 3539 3537 3537 3549 3549 3581 3593 3647 3640 3673 3673 3670 3702 3723 3708 3721 3734 3734 3724 3745 3766 3735 3734 3746 3758 3780 3783 3768 3735 3715 3667 3667 3655 3597 3583 3557 3545 3513 3492 3491 3482 3449 3446 3415 3366 3353 3340
2666 2681 2693 2684 2670 2739 2799 2725 2725 2821 2811 2800 2863 2863 2853 2888 2888 2887 2899 2897 2897 2931 2943 2932 2971 2965 3012 3002 3036 3045 3035 3058 3058 3059 3077 3164 3187 3243 3273 3286 3291 3338 3349 3407 3441 3461 3484 3507 3550 3548 3571 3603 3590 3592 3626 3647 3651 3694 3696 3692 3713 3736 3742 3741 3721 3766 3741 3745 3724 3768 3779 3767 3767 3781 3781 3784 3784 3750 3746 3727 3678 3651 3620 3588 3577 3579 3549 3513 3494 3494 3469 3449 3424 3390 3398 3398
2670 2681 2682 2693 2684 2798 2799 2727 2741 2821 2841 2852 2863 2886 2897 2888 2932 2943 2943 2952 2965 2979 2986 2990 3000 3001 3016 3025 3037 3047 3059 3065 3067 3107 3146 3187 3244 3257 3275 3278 3291 3405 3407 3426 3463 3503 3518 3518 3559 3571 3573 3615 3626 3626 3637 3685 3707 3707 3718 3718 3726 3748 3748 3755 3736 3727 3766 3745 3787 3801 3801 3779 3765 3757 3781 3780 3784 3771 3746 3735 3678 3665 3631 3613 3588 3579 3549 3534 3522 3506 3494 3470 3460 3445 3424 3432
2637 2679 2692 2671 2680 2737 2799 2775 2830 2841 2841 2863 2884 2875 2879 2931 2966 2966 2967 2978 2978 2989 2990 3000 3001 3016 3017 3039 3050 3050 3094 3096 3107 3119 3178 3235 3246 3246 3280 3280 3349 3407 3441 3441 3528 3552 3518 3519 3561 3593 3573 3637 3680 3682 3685 3728 3730 3736 3752 3752 3738 3744 3757 3753 3771 3724 3752 3787 3801 3824 3822 3780 3757 3749 3792 3792 3795 3795 3760 3754 3746 3689 3631 3639 3613 3600 3588 3560 3529 3526 3516 3503 3492 3479 3439 3427
2637 2692 2701 2747 2761 2761 2775 2810 2852 2852 2845 2863 2912 2868 2955 2955 2931 2934 2966 2978 2983 2992 3000 3017 3016 3028 3084 3084 3073 3073 3140 3097 3118 3154 3222 3235 3252 3279 3301 3338 3396 3429 3516 3517 3552 3572 3550 3561 3582 3635 3647 3637 3669 3693 3730 3741 3750 3786 3772 3768 3752 3759 3788 3770 3799 3775 3797 3789 3800 3824 3781 3780 3780 3791 3792 3802 3765 3795 3806 3783 3747 3712 3677 3642 3642 3653 3600 3573 3571 3517 3505 3516 3495 3470 3450 3461
2748 2735 2748 2769 2787 2827 2798 2829 2829 2863 2863 2858 2897 2912 2953 2924 2944 2970 2972 2971 2994 3006 3016 3017 3055 3070 3088 3085 3084 3105 3140 3153 3178 3178 3222 3241 3292 3292 3336 3362 3447 3447 3519 3550 3553 3566 3610 3595 3621 3656 3669 3682 3682 3727 3739 3761 3761 3782 3786 3787 3770 3769 3776 3788 3775 3799 3803 3805 3785 3800 3780 3779 3746 3801 3803 3782 3802 3793 3803 3817 3783 3767 3720 3658 3685 3678 3653 3571 3560 3540 3490 3503 3517 3539 3481 3496
2748 2769 2771 2782 2785 2782 2827 2850 2829 2863 2874 2901 2937 2920 2913 2946 2946 2971 2983 2994 2998 3016 3040 3085 3074 3111 3120 3120 3131 3131 3144 3153 3209 3211 3218 3258 3294 3315 3327 3429 3447 3516 3536 3553 3580 3580 3625 3616 3635 3669 3690 3714 3727 3748 3773 3761 3815 3801 3815 3802 3787 3781 3809 3834 3820 3848 3848 3835 3835 3814 3804 3781 3747 3751 3803 3749 3813 3793 3767 3782 3830 3803 3783 3780 3713 3692 3673 3670 3544 3571 3571 3506 3527 3528 3539 3526
2794 2794 2783 2828 2805 2829 2829 2871 2884 2885 2897 2906 2913 2937 2958 2960 2971 2972 3028 2995 3005 3050 3071 3106 3119 3119 3124 3130 3153 3145 3156 3200 3211 3218 3230 3262 3315 3359 3391 3457 3516 3525 3550 3573 3587 3587 3641 3658 3681 3682 3703 3716 3783 3784 3791 3782 3815 3815 3827 3816 3803 3817 3851 3851 3851 3848 3832 3826 3836 3836 3804 3793 3758 3747 3814 3779 3793 3813 3776 3817 3820 3841 3741 3797 3734 3699 3692 3681 3647 3602 3613 3571 3528 3527 3573 3537
2829 2824 2837 2851 2892 2871 2871 2883 2892 2897 2906 2899 2924 2940 2958 3017 3017 3029 3039 3039 3050 3097 3106 3119 3109 3119 3153 3159 3167 3167 3181 3200 3218 3236 3248 3371 3372 3384 3418 3482 3512 3550 3553 3603 3616 3616 3637 3629 3698 3703 3730 3738 3795 3796 3796 3815 3836 3827 3836 3817 3815 3849 3851 3863 3851 3851 3826 3820 3812 3847 3847 3821 3784 3784 3767 3814 3779 3826 3848 3831 3805 3806 3852 3804 3803 3767 3746 3659 3681 3647 3639 3639 3605 3581 3573 3574
2857 2849 2871 2913 2902 2905 2922 2905 2939 2939 2983 2917 2940 2940 2995 3017 3017 3029 3030 3041 3051 3065 3108 3108 3119 3140 3190 3202 3170 3181 3188 3208 3241 3274 3359 3372 3396 3407 3458 3482 3552 3594 3594 3605 3616 3651 3669 3683 3698 3727 3753 3761 3804 3795 3818 3849 3849 3850 3870 3883 3849 3862 3872 3883 3883 3862 3862 3831 3806 3825 3847 3828 3828 3808 3792 3765 3835 3848 3849 3849 3860 3838 3860 3852 3756 3768 3803 3692 3687 3716 3660 3650 3639 3605 3594 3594
2899 2898 2903 2933 2947 2947 2937 2947 2959 2972 3017 3024 3018 3017 3029 3018 3029 3037 3040 3085 3121 3121 3142 3141 3182 3195 3213 3216 3202 3211 3203 3262 3350 3350 3362 3395 3396 3403 3459 3503 3517 3575 3586 3586 3630 3630 3691 3741 3760 3741 3764 3795 3817 3806 3839 3855 3855 3861 3872 3887 3895 3904 3906 3883 3871 3872 3873 3870 3869 3806 3834 3856 3834 3808 3779 3814 3848 3782 3815 3835 3826 3860 3871 3852 3815 3837 3779 3776 3776 3768 3717 3660 3661 3640 3617 3605
2913 2925 2936 2975 2935 2965 2979 2981 2972 2983 3017 3038 3051 3051 3052 3051 3018 3102 3115 3115 3127 3168 3217 3217 3228 3228 3207 3251 3249 3251 3262 3338 3350 3369 3395 3369 3403 3424 3492 3492 3498 3552 3561 3608 3608 3642 3664 3712 3717 3760 3764 3760 3828 3817 3830 3852 3864 3871 3884 3895 3909 3906 3886 3917 3882 3886 3883 3873 3883 3816 3895 3869 3850 3848 3779 3806 3791 3791 3814 3848 3826 3818 3869 3871 3864 3836 3837 3776 3785 3709 3715 3731 3675 3695 3660 3651
2979 2994 3012 3013 2999 3025 3025 3025 2983 3001 3014 3036 3038 3081 3081 3104 3104 3145 3149 3149 3206 3206 3176 3176 3187 3231 3240 3263 3317 3324 3328 3339 3361 3384 3392 3412 3446 3477 3470 3467 3494 3552 3530 3595 3629 3618 3664 3664 3759 3762 3816 3830 3818 3829 3842 3866 3875 3929 3907 3909 3906 3906 3886 3917 3918 3918 3886 3883 3886 3884 3884 3895 3869 3869 3861 3801 3806 3814 3814 3848 3835 3815 3815 3815 3883 3882 3828 3816 3800 3798 3729 3811 3743 3729 3695 3673
3026 3026 3025 3035 3048 3048 3026 3043 3047 3047 3057 3090 3075 3126 3160 3183 3183 3194 3195 3195 3206 3170 3174 3156 3217 3261 3306 3306 3303 3328 3329 3362 3362 3387 3398 3433 3463 3485 3474 3462 3517 3496 3508 3588 3677 3643 3698 3720 3754 3772 3759 3816 3873 3875 3853 3877 3918 3906 3929 3927 3904 3873 3892 3917 3917 3918 3929 3897 3898 3930 3909 3920 3906 3881 3881 3861 3817 3791 3837 3848 3830 3812 3785 3849 3882 3895 3886 3886 3837 3823 3789 3832 3819 3763 3729 3753
3035 3049 3078 3048 3048 3059 3057 3094 3077 3094 3090 3090 3082 3150 3104 3125 3180 3194 3162 3159 3154 3194 3268 3217 3289 3303 3310 3306 3325 3337 3362 3378 3345 3401 3412 3440 3484 3493 3518 3518 3496 3496 3574 3611 3677 3687 3720 3780 3745 3771 3772 3836 3859 3915 3907 3908 3915 3906 3907 3940 3941 3939 3918 3897 3883 3885 3929 3929 3930 3930 3861 3871 3920 3896 3896 3869 3892 3850 3883 3870 3848 3813 3863 3896 3904 3917 3884 3871 3891 3836 3814 3844 3834 3853 3832 3797
3082 3080 3081 3092 3060 3092 3093 3104 3112 3115 3126 3126 3150 3106 3145 3102 3128 3159 3195 3195 3227 3273 3297 3299 3316 3310 3317 3316 3327 3339 3378 3361 3347 3412 3424 3472 3474 3495 3518 3527 3506 3517 3563 3609 3634 3686 3741 3759 3794 3826 3828 3839 3874 3907 3928 3941 3936 3949 3940 3953 3942 3953 3929 3918 3919 3918 3984 3897 3951 3941 3917 3917 3938 3952 3916 3883 3903 3860 3872 3883 3883 3917 3985 3985 4006 3985 3883 3886 3916 3882 3871 3849 3869 3871 3849 3807
3105 3093 3095 3105 3126 3126 3137 3137 3137 3117 3128 3139 3140 3138 3138 3161 3173 3216 3233 3233 3276 3288 3315 3315 3310 3316 3331 3317 3328 3380 3380 3345 3401 3430 3473 3473 3440 3440 3496 3496 3552 3563 3550 3584 3677 3711 3707 3783 3794 3839 3860 3850 3907 3901 3927 3927 3941 3940 3949 3965 3976 3962 3953 3951 3984 3987 3987 3951 3998 3951 3951 3952 3952 3953 3953 3932 3910 3903 3882 3869 3839 3834 3884 3917 3963 4008 3916 3916 3916 3937 3894 3858 3890 3866 3862 3820
3129 3130 3139 3151 3150 3159 3139 3139 3138 3172 3161 3172 3172 3172 3147 3155 3263 3265 3276 3293 3316 3304 3294 3315 3351 3344 3362 3345 3384 3384 3402 3402 3437 3472 3449 3440 3473 3454 3506 3529 3574 3615 3631 3630 3702 3724 3741 3793 3817 3851 3864 3873 3864 3888 3932 3909 3937 3950 3975 3975 3976 3976 3987 3984 3953 3965 3971 3998 4009 3952 3972 3985 3985 3955 3964 3964 3928 3915 3886 3882 3834 3865 3917 3887 3951 4019 3948 3950 3928 3950 3935 3903 3915 3895 3895 3873
3130 3141 3160 3173 3173 3161 3161 3149 3172 3186 3197 3173 3185 3180 3228 3254 3281 3282 3282 3276 3283 3347 3350 3350 3380 3362 3362 3371 3389 3391 3405 3461 3472 3451 3409 3458 3460 3486 3540 3561 3603 3637 3707 3711 3702 3741 3793 3794 3839 3864 3885 3921 3932 3932 3922 3953 3964 3964 3975 3975 3977 3975 3987 3987 3979 3990 3962 4008 4006 4009 3952 3986 4020 3987 3951 3964 3952 3943 3937 3899 3950 3974 3972 3951 3921 3966 4054 3937 3950 3946 3926 3907 3929 3958 3910 3876
3152 3182 3192 3174 3174 3185 3185 3194 3196 3207 3207 3208 3219 3219 3230 3281 3246 3282 3293 3293 3316 3351 3394 3394 3373 3414 3369 3373 3391 3391 3461 3437 3418 3443 3443 3452 3454 3540 3548 3583 3559 3670 3707 3719 3746 3750 3781 3794 3807 3842 3864 3920 3905 3911 3919 3943 3941 3942 3936 3956 3989 3977 3968 3998 3991 3988 4002 4002 4019 4019 4020 4020 4019 4020 4020 4021 4020 3973 3947 3950 3971 4020 4020 3955 4020 4088 4040 3997 3993 3993 3946 3929 3913 3969 3980 3966
3197 3203 3211 3200 3174 3196 3197 3208 3226 3247 3247 3212 3219 3207 3268 3242 3246 3260 3294 3360 3381 3394 3394 3396 3416 3428 3379 3389 3424 3450 3450 3418 3432 3453 3441 3488 3506 3529 3548 3603 3620 3671 3707 3719 3746 3770 3781 3794 3803 3829 3839 3850 3885 3919 3943 3925 3933 3954 3955 3955 3989 3989 4000 4011 4011 4009 4002 4001 4013 3981 4010 4014 4000 4057 4040 4022 4032 4032 3986 3998 4009 3982 3982 4040 4075 4088 4054 3979 4016 4014 3981 3969 3965 3980 3911 3912
3203 3210 3209 3211 3209 3225 3222 3250 3236 3226 3233 3248 3248 3252 3259 3259 3271 3297 3330 3372 3383 3377 3419 3402 3429 3428 3430 3439 3439 3450 3418 3437 3452 3453 3484 3506 3537 3537 3603 3609 3609 3671 3659 3672 3725 3770 3768 3795 3827 3829 3839 3885 3897 3919 3925 3936 3954 3913 3969 3975 3999 3980 3969 3996 4011 4044 4012 4067 4013 3981 4012 3951 4025 4069 4069 4053 4040 4032 3984 4043 4074 4054 4054 4075 4088 4089 4066 3961 4037 4003 4003 3947 3965 3988 3978 3944
3238 3249 3210 3214 3222 3256 3243 3257 3253 3219 3230 3264 3253 3259 3264 3265 3317 3386 3321 3332 3398 3421 3432 3434 3466 3429 3438 3441 3438 3424 3426 3473 3437 3452 3484 3526 3522 3563 3533 3532 3597 3648 3657 3672 3739 3759 3760 3764 3812 3840 3851 3817 3871 3885 3905 3931 3936 3909 3955 3969 3997 3999 3991 4010 4003 4037 4056 4023 4078 4024 4023 4057 4058 4089 4089 4042 4088 4042 3996 4053 4054 4087 4122 4122 4081 4111 4081 4037 4037 4024 3947 3990 4014 3978 3999 3999
3219 3232 3249 3253 3283 3283 3256 3253 3257 3257 3312 3254 3253 3253 3287 3308 3319 3357 3386 3398 3421 3444 3466 3478 3466 3466 3467 3467 3432 3426 3441 3472 3473 3515 3500 3517 3518 3570 3519 3581 3598 3640 3672 3712 3747 3750 3760 3752 3794 3851 3874 3874 3854 3885 3888 3935 3947 3947 3990 3992 3982 4003 3992 4010 4002 4038 4049 4044 4065 4078 4025 4067 4088 4075 4089 4112 4110 4053 4053 4046 4059 4087 4088 4136 4122 4109 4115 4102 4058 4004 3993 3988 4014 4034 3999 3999
3231 3260 3262 3304 3286 3277 3277 3277 3243 3331 3331 3261 3353 3364 3364 3375 3375 3390 3408 3453 3466 3466 3478 3478 3447 3478 3500 3500 3487 3489 3484 3497 3515 3515 3497 3484 3559 3570 3570 3582 3626 3641 3674 3730 3741 3747 3753 3750 3792 3851 3847 3793 3861 3854 3885 3902 3908 3969 3992 3976 3969 4003 4010 4003 4003 4024 4049 4058 4026 4071 4057 4112 4090 4088 4101 4080 4112 4123 4046 4122 4122 4157 4158 4147 4143 4115 4138 4136 4109 4088 3979 4014 4010 4037 4048 4048
3283 3286 3299 3306 3306 3317 3317 3317 3320 3355 3274 3277 3356 3265 3352 3297 3373 3390 3401 3435 3444 3454 3474 3474 3479 3500 3489 3501 3501 3512 3497 3535 3504 3500 3498 3559 3569 3569 3576 3627 3640 3663 3668 3646 3730 3753 3738 3730 3774 3817 3887 3863 3826 3873 3898 3880 3935 3970 3981 3978 3978 4004 4003 3970 3968 4002 4037 4060 4060 4036 4071 4112 4099 4101 4101 4075 4091 4091 4123 4143 4158 4158 4169 4169 4089 4094 4122 4149 4170 4111 4054 4075 4011 4048 4021 4041
3286 3310 3295 3307 3333 3297 3342 3344 3355 3301 3355 3356 3352 3296 3297 3297 3379 3379 3390 3439 3435 3441 3453 3481 3489 3479 3490 3522 3524 3525 3536 3536 3500 3534 3558 3569 3562 3593 3579 3606 3652 3638 3628 3702 3731 3742 3738 3780 3794 3876 3875 3887 3896 3898 3909 3879 3924 3969 3981 3978 4004 4004 4015 3979 3962 3970 4025 4037 4036 4004 4064 4094 4094 4084 4095 4106 4093 4056 4091 4079 4144 4123 4123 4169 4147 4147 4122 4191 4149 4172 4123 4117 4033 4066 4066 4071
3308 3310 3321 3320 3317 3333 3344 3318 3318 3345 3356 3319 3367 3367 3376 3397 3408 3384 3387 3418 3439 3461 3495 3497 3481 3481 3503 3515 3535 3535 3536 3500 3546 3558 3556 3548 3565 3601 3606 3600 3649 3652 3689 3725 3737 3770 3736 3784 3851 3876 3805 3861 3874 3881 3879 3909 3924 3958 3958 3965 3936 3979 4015 4015 4026 3970 4013 4037 3978 4047 4028 4112 4124 4084 4080 4072 4106 4149 4149 4171 4157 4123 4125 4180 4191 4178 4169 4191 4183 4157 4144 4118 4118 4066 4102 4068
3287 3317 3331 3321 3353 3338 3320 3334 3319 3345 3339 3365 3367 3333 3320 3397 3405 3419 3431 3443 3455 3468 3497 3463 3480 3508 3526 3527 3526 3503 3501 3521 3547 3572 3557 3554 3595 3606 3635 3647 3663 3684 3707 3705 3734 3770 3770 3836 3865 3866 3817 3831 3868 3874 3895 3930 3924 3944 3925 3923 3935 3936 3935 3962 4024 4026 3982 3977 3961 4081 4081 4103 4124 4135 4098 4095 4139 4151 4173 4170 4114 4078 4125 4178 4192 4223 4226 4226 4191 4137 4053 4053 4118 4107 4096 4085
3317 3337 3352 3353 3322 3323 3337 3334 3351 3351 3364 3386 3367 3364 3397 3386 3386 3428 3419 3434 3456 3468 3452 3460 3508 3513 3526 3540 3547 3518 3524 3558 3590 3590 3612 3601 3625 3644 3622 3658 3685 3696 3695 3710 3755 3828 3840 3841 3861 3841 3877 3877 3888 3888 3888 3936 3947 3947 3981 3927 3992 3958 3917 3948 3968 3939 3950 3977 4028 4002 4068 4049 4116 4133 4135 4128 4161 4182 4162 4207 4149 4114 4106 4203 4225 4244 4246 4249 4205 4191 4123 4049 4089 4090 4107 4067
3319 3352 3353 3364 3352 3317 3323 3372 3375 3386 3398 3409 3420 3421 3440 3420 3432 3477 3490 3490 3456 3445 3494 3543 3564 3541 3576 3590 3590 3549 3537 3572 3591 3603 3614 3636 3636 3658 3647 3684 3690 3695 3703 3725 3762 3830 3773 3844 3819 3855 3823 3813 3845 3822 3889 3931 3944 3970 3962 3981 3937 3992 3949 3895 3928 3937 3928 3907 3950 4070 4047 4081 4116 4084 4113 4158 4169 4195 4184 4184 4207 4163 4191 4206 4225 4229 4260 4247 4249 4191 4151 4151 4123 4112 4101 4090
3341 3352 3330 3312 3364 3375 3393 3393 3404 3404 3404 3406 3387 3420 3442 3468 3468 3454 3439 3441 3488 3544 3578 3568 3579 3579 3590 3538 3550 3613 3572 3603 3624 3625 3625 3650 3650 3673 3692 3684 3692 3703 3737 3772 3807 3819 3805 3844 3806 3855 3854 3845 3845 3875 3944 3946 3957 3957 3979 3978 3973 3939 3949 3916 3897 3916 3873 3871 3871 3990 4070 4061 4082 4059 4148 4173 4184 4184 4195 4205 4163 4217 4218 4218 4225 4229 4260 4257 4213 4151 4137 4096 4096 4110 4143 4096
3318 3318 3317 3301 3345 3364 3373 3392 3386 3386 3386 3387 3368 3386 3385 3468 3420 3432 3446 3488 3487 3496 3565 3578 3579 3579 3527 3602 3591 3610 3613 3625 3636 3636 3666 3666 3673 3671 3700 3692 3738 3740 3773 3773 3747 3737 3806 3854 3833 3855 3859 3855 3837 3873 3946 3856 3922 3943 3945 3957 4006 4006 3970 3949 3894 3908 3894 3875 3942 3993 4071 4082 4082 4117 4127 4161 4146 4162 4230 4209 4199 4229 4261 4261 4279 4295 4260 4230 4192 4172 4133 4112 4136 4165 4099 4143
3318 3317 3288 3337 3366 3359 3354 3386 3354 3374 3415 3398 3438 3426 3457 3457 3456 3422 3464 3488 3462 3531 3556 3564 3578 3533 3575 3599 3602 3612 3613 3633 3646 3667 3666 3689 3689 3686 3724 3750 3762 3762 3785 3785 3759 3796 3827 3854 3832 3815 3909 3924 3924 3873 3910 3856 3909 3911 3894 3936 3992 4006 3991 3991 3983 3983 3931 3938 3942 4011 4059 4061 4061 4093 4106 4120 4117 4207 4242 4249 4277 4263 4284 4284 4284 4295 4265 4242 4239 4192 4158 4186 4223 4221 4131 4085
3318 3307 3310 3366 3366 3351 3359 3374 3389 3415 3412 3426 3422 3449 3460 3460 3420 3460 3495 3530 3521 3544 3543 3522 3576 3598 3632 3632 3632 3633 3652 3690 3690 3701 3701 3696 3694 3701 3751 3751 3738 3774 3783 3762 3796 3806 3843 3832 3826 3826 3913 3924 3923 3881 3875 3910 3911 3897 3893 3957 3952 3961 4013 4017 4028 3983 3952 4039 4048 4050 4004 4025 4069 4114 4119 4139 4198 4242 4231 4298 4310 4310 4282 4263 4284 4320 4295 4263 4194 4158 4179 4234 4223 4175 4098 4084
3343 3354 3354 3355 3355 3377 3388 3400 3411 3411 3422 3422 3445 3456 3456 3405 3446 3520 3520 3500 3531 3532 3534 3563 3598 3667 3667 3668 3668 3679 3679 3646 3666 3686 3701 3718 3750 3750 3751 3730 3731 3793 3751 3793 3806 3843 3841 3854 3821 3851 3913 3859 3870 3888 3909 3971 3971 3980 3982 3957 3949 3994 4017 3992 4028 4028 4039 4039 4050 4052 4051 4037 4119 4119 4195 4195 4230 4242 4229 4298 4310 4264 4264 4300 4311 4332 4366 4296 4296 4212 4234 4195 4186 4117 4097 4097
