R/output/arrival.asc
NCOLS 638
NROWS 825
XLLCORNER -2985163.8955
YLLCORNER -3022031.214
CELLSIZE 10000
NODATA_value -1
[rows 240 to 287 of 825, columns 288 to 383 of 638]
3414 3391 3407 3381 3343 3380 3327 3305 3323 3322 3326 3325 3239 3257 3273 3288 3278 3258 3265 3249 3300 3300 3289 3342 3340 3321 3321 3311 3311 3365 3365 3301 3339 3321 3292 3317 3319 3312 3312 3295 3275 3242 3245 3254 3237 3243 3243 3241 3265 3292 3294 3295 3329 3316 3286 3322 3313 3313 3301 3296 3314 3341 3343 3325 3288 3276 3292 3283 3272 3272 3263 3289 3259 3278 3280 3236 3237 3280 3233 3222 3228 3260 3260 3225 3231 3196 3210 3186 3182 3173 3173 3176 3176 3178 3167 3146
3435 3409 3409 3380 3380 3377 3369 3354 3372 3379 3370 3370 3277 3260 3320 3320 3304 3293 3293 3293 3300 3284 3284 3331 3324 3315 3346 3353 3346 3371 3371 3344 3339 3350 3325 3310 3311 3319 3337 3297 3297 3279 3263 3214 3254 3273 3296 3287 3298 3296 3325 3327 3340 3340 3324 3324 3306 3305 3323 3322 3350 3343 3359 3348 3315 3294 3294 3287 3299 3285 3314 3314 3307 3308 3254 3206 3269 3280 3273 3228 3226 3217 3238 3242 3232 3200 3210 3210 3157 3178 3174 3154 3143 3152 3165 3151
3464 3462 3386 3389 3412 3412 3408 3386 3381 3381 3355 3370 3334 3309 3320 3315 3317 3270 3271 3311 3310 3294 3301 3342 3340 3333 3364 3363 3375 3382 3388 3381 3360 3362 3329 3351 3318 3328 3354 3355 3342 3335 3278 3258 3255 3274 3274 3307 3314 3332 3350 3339 3399 3383 3379 3379 3324 3324 3357 3352 3332 3341 3369 3370 3348 3321 3336 3318 3325 3325 3314 3316 3308 3270 3261 3297 3272 3291 3217 3200 3211 3210 3217 3214 3206 3181 3200 3205 3205 3194 3194 3187 3185 3183 3183 3161
3472 3464 3434 3406 3412 3408 3397 3407 3383 3381 3344 3359 3354 3331 3336 3343 3317 3299 3306 3311 3291 3338 3347 3342 3326 3363 3364 3391 3393 3382 3399 3400 3362 3370 3365 3410 3340 3340 3391 3411 3385 3353 3353 3325 3324 3307 3323 3325 3314 3351 3361 3377 3401 3350 3383 3350 3368 3368 3333 3326 3352 3359 3370 3348 3348 3331 3336 3334 3344 3342 3316 3316 3315 3270 3301 3308 3218 3291 3290 3209 3211 3211 3207 3216 3209 3181 3164 3170 3203 3187 3194 3187 3203 3203 3194 3175
3521 3494 3446 3418 3433 3412 3403 3410 3414 3383 3363 3366 3368 3345 3336 3378 3344 3374 3385 3340 3351 3360 3358 3337 3335 3326 3364 3402 3415 3399 3398 3400 3399 3389 3428 3411 3411 3383 3383 3428 3413 3395 3392 3353 3291 3314 3325 3353 3354 3357 3379 3394 3406 3401 3390 3361 3371 3368 3354 3355 3362 3376 3397 3350 3332 3338 3360 3327 3322 3344 3317 3315 3320 3319 3291 3308 3308 3234 3200 3202 3200 3242 3209 3253 3233 3242 3209 3170 3186 3176 3191 3186 3201 3185 3194 3181
3521 3520 3492 3458 3451 3467 3422 3409 3436 3423 3419 3419 3417 3357 3399 3389 3405 3394 3385 3374 3367 3358 3381 3364 3345 3370 3420 3374 3428 3428 3426 3417 3439 3437 3428 3428 3424 3424 3446 3417 3439 3439 3411 3409 3343 3334 3317 3339 3364 3368 3389 3417 3417 3406 3382 3390 3379 3361 3361 3387 3380 3399 3399 3350 3339 3370 3379 3349 3339 3333 3316 3318 3320 3319 3286 3245 3227 3201 3253 3263 3264 3242 3253 3233 3242 3236 3231 3209 3209 3198 3195 3187 3195 3190 3205 3203
3549 3547 3503 3499 3498 3503 3447 3436 3440 3430 3430 3419 3426 3410 3401 3422 3423 3396 3376 3378 3355 3369 3382 3382 3362 3398 3420 3409 3422 3433 3433 3439 3420 3400 3435 3454 3447 3446 3449 3439 3450 3417 3410 3410 3389 3338 3356 3400 3398 3350 3389 3417 3389 3406 3387 3379 3379 3379 3398 3376 3396 3410 3412 3377 3371 3390 3360 3354 3357 3355 3296 3296 3338 3337 3317 3265 3241 3250 3253 3253 3231 3230 3206 3220 3217 3236 3214 3198 3207 3197 3198 3204 3206 3221 3177 3205
3567 3553 3542 3526 3524 3523 3519 3441 3441 3460 3442 3441 3445 3428 3428 3437 3453 3425 3414 3384 3368 3408 3378 3392 3374 3426 3444 3419 3422 3444 3433 3438 3432 3421 3443 3465 3474 3456 3460 3465 3466 3448 3410 3416 3410 3363 3345 3380 3427 3426 3398 3428 3410 3398 3380 3376 3376 3369 3387 3398 3408 3415 3412 3394 3390 3390 3384 3383 3357 3347 3294 3296 3325 3325 3283 3292 3261 3252 3264 3241 3230 3259 3259 3225 3217 3253 3235 3206 3208 3211 3215 3214 3214 3221 3188 3210
3583 3581 3565 3552 3525 3534 3521 3521 3460 3486 3496 3470 3470 3468 3461 3449 3471 3469 3425 3423 3384 3410 3410 3390 3392 3454 3444 3426 3444 3444 3438 3466 3492 3448 3463 3465 3490 3474 3501 3501 3476 3466 3447 3427 3447 3425 3402 3409 3427 3381 3428 3369 3398 3396 3387 3370 3407 3414 3425 3403 3450 3415 3383 3390 3429 3384 3346 3384 3373 3366 3346 3329 3329 3327 3301 3292 3270 3261 3275 3275 3264 3264 3257 3246 3253 3253 3242 3242 3208 3236 3225 3225 3231 3214 3187 3210
3616 3586 3581 3579 3530 3541 3552 3551 3503 3519 3497 3486 3475 3473 3488 3453 3471 3481 3463 3395 3432 3457 3471 3430 3478 3500 3482 3471 3454 3446 3455 3460 3491 3492 3474 3494 3496 3511 3511 3494 3476 3483 3479 3438 3479 3461 3465 3456 3434 3438 3443 3445 3436 3378 3378 3424 3414 3414 3436 3426 3457 3468 3393 3400 3449 3449 3383 3346 3373 3373 3353 3336 3291 3327 3305 3272 3286 3286 3284 3268 3257 3264 3264 3262 3242 3246 3235 3242 3236 3235 3238 3218 3232 3232 3203 3210
3630 3628 3602 3607 3597 3608 3586 3586 3579 3559 3570 3506 3526 3517 3500 3506 3506 3515 3506 3471 3468 3479 3470 3471 3500 3505 3460 3472 3461 3461 3475 3509 3474 3498 3498 3496 3511 3522 3527 3502 3492 3497 3517 3490 3480 3482 3483 3483 3472 3457 3456 3454 3454 3451 3425 3425 3367 3454 3443 3443 3432 3468 3429 3401 3413 3413 3403 3375 3364 3364 3336 3336 3293 3307 3291 3273 3259 3285 3293 3260 3262 3273 3257 3241 3246 3276 3235 3233 3233 3225 3249 3242 3219 3232 3221 3209
3646 3630 3636 3613 3608 3625 3614 3612 3581 3581 3575 3557 3541 3519 3502 3526 3522 3545 3552 3530 3508 3500 3502 3527 3516 3498 3474 3483 3483 3458 3482 3520 3502 3498 3523 3522 3522 3530 3547 3549 3503 3520 3519 3519 3508 3491 3509 3509 3501 3488 3455 3476 3487 3465 3473 3425 3454 3414 3410 3443 3421 3466 3439 3407 3460 3403 3373 3357 3384 3358 3356 3318 3328 3293 3284 3279 3262 3282 3304 3277 3263 3290 3291 3286 3230 3276 3269 3232 3236 3241 3249 3243 3232 3232 3231 3203
3675 3686 3657 3649 3638 3651 3649 3640 3635 3585 3586 3586 3568 3559 3569 3541 3562 3563 3566 3541 3541 3526 3527 3532 3565 3512 3474 3501 3499 3461 3469 3520 3510 3505 3523 3506 3551 3533 3530 3549 3521 3521 3535 3535 3524 3531 3531 3521 3520 3515 3513 3487 3497 3478 3513 3491 3489 3457 3430 3432 3427 3429 3440 3440 3459 3411 3366 3355 3385 3385 3374 3329 3329 3285 3299 3293 3282 3298 3304 3263 3264 3272 3291 3287 3263 3267 3276 3254 3260 3258 3243 3249 3245 3235 3231 3230
3677 3704 3715 3668 3650 3666 3694 3649 3635 3629 3613 3617 3588 3595 3586 3584 3563 3583 3566 3548 3541 3536 3536 3576 3565 3513 3520 3506 3532 3514 3529 3578 3533 3504 3549 3548 3551 3549 3533 3540 3545 3546 3551 3542 3540 3543 3548 3541 3543 3548 3541 3497 3548 3547 3528 3537 3524 3490 3484 3428 3429 3391 3418 3407 3413 3446 3445 3357 3357 3367 3374 3345 3334 3317 3309 3316 3315 3314 3288 3261 3263 3270 3292 3292 3287 3274 3265 3247 3254 3260 3253 3245 3245 3246 3253 3236
3699 3704 3708 3715 3668 3673 3695 3695 3682 3644 3653 3624 3618 3633 3586 3589 3627 3584 3595 3587 3573 3585 3576 3576 3565 3565 3523 3517 3532 3521 3545 3607 3589 3579 3571 3555 3545 3560 3556 3527 3546 3536 3598 3598 3552 3569 3568 3543 3571 3571 3552 3519 3514 3556 3563 3552 3524 3490 3485 3485 3416 3411 3354 3380 3384 3395 3358 3339 3349 3360 3353 3338 3327 3320 3309 3316 3314 3309 3287 3303 3301 3281 3292 3292 3291 3284 3258 3267 3254 3256 3256 3235 3235 3253 3242 3235
3710 3726 3725 3721 3684 3682 3721 3705 3713 3678 3661 3649 3644 3633 3626 3628 3627 3617 3624 3631 3603 3568 3577 3569 3534 3559 3558 3552 3530 3547 3592 3596 3607 3605 3571 3577 3578 3567 3574 3574 3577 3533 3580 3625 3570 3582 3582 3582 3571 3571 3560 3551 3542 3563 3563 3530 3537 3495 3492 3489 3467 3439 3407 3372 3362 3369 3360 3349 3315 3343 3371 3323 3343 3343 3325 3321 3320 3294 3303 3281 3314 3303 3302 3302 3296 3285 3243 3267 3273 3273 3262 3264 3246 3236 3253 3229
3736 3728 3758 3732 3703 3704 3751 3750 3747 3709 3706 3671 3644 3665 3656 3639 3659 3651 3629 3642 3647 3644 3606 3566 3604 3553 3598 3608 3608 3573 3574 3593 3593 3588 3579 3578 3546 3553 3556 3572 3577 3632 3626 3576 3576 3593 3593 3580 3553 3570 3572 3574 3542 3565 3546 3545 3526 3502 3493 3489 3474 3463 3429 3373 3399 3390 3379 3346 3328 3313 3371 3339 3322 3342 3332 3331 3325 3313 3325 3314 3302 3309 3302 3307 3307 3290 3231 3254 3273 3273 3264 3264 3262 3252 3242 3242
3759 3757 3760 3760 3732 3731 3751 3754 3765 3753 3742 3677 3667 3697 3671 3660 3685 3719 3674 3645 3672 3700 3662 3660 3620 3630 3623 3619 3608 3601 3585 3599 3633 3634 3562 3556 3557 3553 3564 3575 3565 3621 3632 3626 3643 3636 3608 3608 3597 3586 3579 3548 3574 3565 3565 3546 3526 3519 3521 3515 3503 3463 3440 3424 3401 3391 3362 3344 3318 3342 3349 3369 3341 3341 3342 3331 3326 3325 3325 3318 3320 3313 3311 3295 3307 3300 3289 3279 3284 3263 3263 3264 3252 3241 3241 3241
3797 3759 3786 3787 3761 3800 3763 3780 3753 3751 3735 3728 3718 3698 3672 3696 3729 3744 3689 3701 3723 3699 3696 3620 3630 3653 3633 3633 3622 3603 3616 3610 3634 3616 3604 3566 3574 3575 3576 3576 3560 3579 3632 3632 3643 3643 3599 3606 3602 3592 3603 3585 3557 3544 3536 3541 3531 3516 3516 3521 3510 3471 3458 3456 3411 3400 3373 3372 3311 3315 3342 3342 3347 3342 3340 3326 3311 3315 3304 3320 3307 3313 3296 3311 3316 3291 3291 3295 3284 3267 3243 3263 3263 3235 3239 3233
3822 3822 3789 3787 3777 3800 3770 3792 3792 3774 3772 3750 3737 3719 3696 3723 3736 3745 3745 3734 3741 3718 3690 3689 3688 3655 3671 3660 3644 3626 3616 3640 3640 3640 3638 3602 3593 3593 3582 3582 3571 3608 3652 3654 3589 3599 3607 3566 3609 3603 3580 3592 3582 3576 3576 3554 3542 3520 3521 3519 3498 3493 3447 3458 3428 3402 3402 3362 3375 3312 3368 3370 3359 3359 3352 3331 3335 3347 3336 3318 3307 3297 3313 3318 3301 3302 3295 3285 3285 3274 3274 3263 3257 3256 3235 3240
3841 3813 3824 3820 3820 3829 3803 3828 3829 3818 3817 3810 3783 3744 3755 3762 3747 3766 3749 3734 3741 3739 3712 3646 3689 3678 3678 3667 3662 3662 3644 3651 3649 3685 3657 3647 3593 3609 3602 3600 3603 3605 3653 3654 3605 3636 3635 3609 3587 3630 3587 3583 3581 3565 3574 3553 3551 3531 3525 3555 3527 3509 3487 3460 3444 3430 3418 3397 3375 3381 3370 3363 3352 3359 3353 3353 3347 3346 3318 3316 3308 3312 3312 3313 3318 3311 3257 3293 3284 3269 3269 3257 3263 3258 3239 3247
3851 3842 3831 3839 3857 3850 3822 3839 3828 3827 3806 3817 3790 3772 3773 3778 3798 3772 3789 3783 3757 3775 3723 3646 3673 3659 3678 3671 3675 3675 3668 3668 3696 3694 3701 3648 3610 3610 3631 3662 3676 3683 3663 3646 3602 3628 3658 3648 3648 3643 3578 3571 3574 3576 3582 3584 3577 3540 3520 3527 3566 3516 3488 3478 3471 3430 3411 3418 3397 3353 3369 3370 3363 3353 3353 3353 3328 3328 3319 3322 3323 3323 3312 3294 3322 3311 3267 3264 3280 3269 3242 3232 3255 3238 3258 3235
3875 3868 3887 3889 3900 3877 3846 3857 3858 3838 3863 3800 3799 3799 3800 3800 3813 3789 3826 3826 3773 3775 3731 3713 3712 3665 3660 3681 3671 3686 3669 3667 3696 3678 3701 3701 3649 3648 3669 3670 3687 3675 3697 3685 3665 3669 3631 3620 3648 3645 3632 3627 3621 3576 3603 3593 3584 3577 3575 3566 3559 3517 3520 3522 3488 3467 3467 3413 3379 3379 3372 3391 3345 3352 3328 3378 3328 3319 3329 3297 3329 3305 3323 3322 3268 3285 3274 3274 3275 3271 3271 3260 3229 3238 3238 3236
3884 3916 3954 3932 3903 3900 3868 3866 3913 3913 3895 3884 3828 3801 3829 3816 3820 3831 3830 3837 3812 3784 3740 3720 3713 3702 3702 3682 3691 3692 3684 3677 3693 3705 3677 3701 3667 3666 3665 3687 3685 3686 3708 3713 3687 3629 3659 3631 3623 3637 3645 3621 3622 3604 3604 3595 3577 3582 3577 3560 3548 3517 3522 3489 3489 3478 3466 3430 3355 3401 3402 3391 3391 3384 3384 3378 3323 3325 3356 3356 3334 3323 3313 3291 3321 3274 3292 3282 3282 3271 3271 3266 3264 3229 3238 3237
3917 3932 3954 3954 3912 3903 3875 3891 3911 3939 3940 3885 3867 3856 3828 3862 3829 3868 3831 3841 3848 3847 3839 3807 3750 3758 3727 3734 3691 3708 3724 3688 3723 3733 3702 3716 3665 3667 3668 3695 3686 3719 3714 3714 3703 3629 3638 3664 3627 3632 3633 3634 3622 3621 3610 3610 3597 3586 3564 3585 3560 3538 3538 3489 3495 3470 3439 3430 3419 3402 3404 3406 3395 3384 3377 3357 3323 3360 3356 3356 3332 3313 3301 3235 3225 3293 3293 3282 3263 3245 3256 3266 3239 3248 3213 3202
3944 3938 3938 3943 3933 3935 3907 3897 3896 3940 3922 3884 3884 3881 3873 3886 3885 3875 3875 3848 3847 3843 3845 3850 3822 3776 3766 3735 3700 3724 3726 3723 3722 3757 3757 3752 3728 3728 3730 3724 3719 3719 3693 3695 3705 3692 3673 3665 3643 3647 3632 3632 3621 3610 3610 3617 3604 3617 3604 3603 3581 3581 3538 3506 3495 3495 3462 3443 3432 3377 3406 3376 3346 3375 3339 3323 3367 3334 3340 3340 3307 3307 3301 3300 3234 3236 3252 3272 3265 3255 3255 3255 3255 3255 3244 3203
3946 3946 3942 3943 3964 3935 3924 3918 3921 3946 3946 3913 3881 3892 3912 3886 3857 3875 3881 3881 3859 3870 3850 3833 3831 3774 3766 3748 3736 3778 3779 3761 3719 3757 3761 3788 3757 3732 3751 3750 3733 3722 3720 3711 3718 3696 3675 3680 3673 3673 3654 3630 3639 3614 3621 3628 3617 3613 3603 3602 3592 3581 3546 3529 3499 3495 3461 3450 3433 3410 3393 3366 3400 3375 3345 3382 3367 3367 3329 3311 3289 3254 3251 3241 3249 3214 3215 3252 3249 3241 3248 3244 3241 3214 3244 3238
3963 3964 3954 3954 3965 3971 3966 3924 3928 3946 3957 3913 3912 3930 3914 3896 3859 3903 3903 3903 3892 3892 3876 3866 3878 3814 3757 3800 3737 3779 3740 3768 3768 3759 3806 3795 3795 3740 3731 3751 3740 3740 3729 3718 3723 3700 3702 3701 3674 3690 3684 3649 3639 3598 3628 3624 3615 3617 3612 3594 3583 3557 3523 3536 3491 3490 3486 3474 3491 3433 3411 3400 3350 3389 3384 3384 3366 3338 3312 3329 3236 3252 3279 3290 3250 3267 3239 3274 3274 3263 3241 3252 3200 3193 3214 3203
3964 3994 3965 3982 3987 3978 3978 3968 3968 3957 3950 3913 3912 3915 3941 3940 3894 3903 3893 3885 3882 3887 3889 3867 3878 3878 3871 3861 3843 3789 3786 3751 3775 3806 3749 3778 3795 3760 3749 3707 3739 3740 3729 3723 3721 3695 3699 3702 3701 3646 3684 3673 3630 3638 3650 3624 3606 3603 3612 3610 3584 3551 3547 3536 3536 3530 3520 3498 3492 3492 3465 3463 3400 3361 3367 3365 3356 3345 3296 3299 3248 3279 3290 3283 3290 3279 3279 3272 3228 3224 3252 3219 3196 3227 3196 3185
3965 3994 3992 3982 4002 3989 3993 3970 3935 3996 3922 3931 3948 3947 3941 3919 3905 3904 3886 3882 3859 3876 3875 3889 3855 3842 3812 3860 3850 3850 3839 3815 3832 3749 3805 3778 3784 3784 3760 3750 3739 3732 3729 3728 3705 3695 3695 3691 3695 3694 3684 3677 3644 3657 3657 3646 3603 3607 3615 3602 3584 3581 3579 3563 3530 3529 3520 3498 3440 3465 3421 3393 3392 3389 3378 3357 3346 3281 3276 3273 3262 3260 3267 3261 3266 3279 3279 3256 3245 3245 3252 3252 3230 3230 3203 3219
4038 3993 3991 3983 3994 4004 4004 3986 3978 3997 3997 3917 3933 3947 3947 3895 3904 3877 3876 3867 3882 3876 3858 3877 3887 3803 3820 3850 3808 3794 3839 3839 3834 3834 3794 3784 3783 3767 3710 3702 3709 3739 3728 3749 3739 3721 3723 3677 3695 3701 3690 3668 3666 3662 3657 3652 3640 3639 3629 3618 3613 3595 3581 3570 3559 3534 3525 3469 3469 3448 3448 3451 3395 3430 3372 3355 3300 3270 3204 3259 3253 3252 3257 3257 3270 3270 3256 3228 3217 3212 3216 3207 3218 3230 3219 3219
4054 4003 3993 3994 4009 4009 4014 4014 3968 3979 3927 3940 3933 3958 3949 3938 3932 3932 3909 3872 3889 3861 3888 3878 3878 3867 3819 3829 3836 3794 3805 3804 3787 3812 3816 3783 3783 3767 3750 3723 3702 3731 3750 3750 3728 3732 3705 3677 3701 3673 3668 3661 3662 3663 3652 3652 3641 3640 3629 3613 3611 3584 3574 3538 3559 3559 3523 3507 3467 3469 3496 3458 3458 3383 3382 3289 3279 3221 3222 3227 3226 3224 3231 3257 3259 3252 3224 3245 3245 3234 3218 3218 3212 3200 3197 3219
4043 3979 3969 4015 4020 3998 4003 4014 3970 3961 3967 3958 3960 3960 3947 3938 3914 3931 3927 3883 3861 3889 3858 3854 3871 3860 3844 3811 3836 3855 3855 3805 3734 3717 3727 3730 3756 3778 3778 3767 3767 3756 3739 3728 3715 3706 3679 3675 3701 3701 3654 3662 3663 3671 3671 3645 3641 3641 3635 3618 3591 3576 3567 3560 3552 3553 3553 3542 3542 3497 3497 3458 3419 3382 3321 3312 3289 3289 3253 3283 3228 3210 3226 3251 3238 3240 3242 3245 3245 3240 3238 3223 3222 3207 3211 3197
4045 4045 4016 4005 4013 4037 4012 3979 4023 3969 3969 3992 3958 3935 3955 3962 3964 3946 3925 3916 3890 3864 3847 3832 3834 3862 3847 3847 3837 3855 3826 3808 3791 3766 3766 3755 3767 3767 3776 3761 3760 3739 3739 3734 3732 3749 3731 3676 3678 3667 3656 3692 3664 3671 3683 3647 3637 3646 3639 3635 3617 3598 3587 3558 3542 3514 3514 3542 3531 3479 3470 3447 3414 3385 3384 3353 3256 3289 3284 3228 3243 3262 3262 3226 3240 3246 3241 3242 3234 3234 3240 3229 3229 3218 3212 3212
4057 4054 4016 3999 4031 4057 3982 4025 4034 3962 3992 3992 3975 3974 3954 3944 3964 3935 3919 3897 3892 3863 3881 3833 3860 3845 3871 3864 3822 3855 3831 3809 3814 3802 3783 3772 3759 3785 3792 3750 3743 3732 3737 3737 3749 3748 3738 3712 3703 3672 3693 3693 3666 3682 3683 3676 3637 3657 3646 3631 3631 3599 3618 3580 3534 3510 3533 3526 3505 3486 3468 3447 3413 3390 3374 3351 3301 3335 3266 3284 3273 3262 3262 3257 3257 3240 3235 3235 3231 3229 3221 3223 3229 3255 3196 3190
4057 4027 4049 4030 4031 4059 4059 4052 4030 4003 3969 3985 3975 3981 3940 3944 3948 3946 3937 3937 3901 3892 3874 3891 3882 3882 3877 3877 3866 3859 3850 3850 3832 3805 3787 3794 3801 3792 3792 3755 3764 3764 3748 3730 3728 3711 3720 3738 3727 3694 3722 3697 3682 3682 3675 3694 3672 3657 3656 3635 3616 3629 3590 3587 3544 3534 3534 3506 3526 3504 3498 3436 3411 3407 3379 3363 3356 3278 3244 3262 3209 3211 3216 3218 3255 3239 3235 3239 3284 3230 3230 3269 3269 3258 3258 3192
4038 4049 4042 4028 4013 4058 4058 4052 4051 3969 3960 3977 3983 3983 3964 3957 3963 3956 3945 3937 3902 3920 3893 3893 3875 3842 3871 3876 3866 3836 3834 3848 3839 3820 3816 3803 3803 3781 3756 3755 3775 3748 3746 3728 3728 3717 3706 3709 3727 3722 3720 3704 3700 3700 3694 3675 3648 3655 3657 3646 3644 3645 3600 3578 3560 3552 3551 3530 3504 3498 3499 3476 3425 3425 3424 3363 3363 3358 3272 3262 3240 3206 3218 3246 3246 3264 3241 3302 3291 3280 3280 3269 3273 3263 3263 3247
4058 4049 4069 4021 4062 4058 4058 4024 4024 3996 3965 3990 3980 3981 3964 3964 3963 3946 3928 3909 3920 3919 3863 3834 3823 3859 3845 3848 3843 3819 3806 3818 3825 3839 3828 3828 3822 3800 3781 3775 3774 3753 3739 3718 3708 3708 3705 3706 3695 3720 3710 3695 3686 3700 3693 3675 3646 3629 3630 3634 3645 3607 3623 3578 3575 3552 3544 3523 3500 3499 3497 3480 3453 3414 3396 3378 3330 3317 3358 3347 3347 3295 3261 3269 3271 3271 3302 3300 3291 3280 3280 3274 3285 3263 3281 3270
4109 4080 4027 4069 4011 4026 4033 4022 4027 3965 3990 3990 3968 3966 3974 3974 3952 3931 3924 3919 3888 3865 3845 3837 3859 3826 3848 3848 3837 3807 3789 3789 3814 3814 3828 3810 3821 3822 3795 3795 3777 3742 3721 3690 3738 3706 3697 3696 3721 3706 3683 3678 3679 3686 3678 3669 3645 3647 3623 3620 3619 3613 3603 3607 3575 3564 3544 3537 3508 3500 3497 3487 3453 3416 3396 3367 3336 3306 3238 3276 3347 3336 3336 3325 3269 3314 3312 3248 3273 3232 3303 3292 3292 3281 3281 3264
4131 4080 4078 4009 4069 4040 4040 4029 4029 3995 4001 4013 3979 3995 3969 3978 3963 3931 3920 3920 3836 3807 3808 3859 3835 3819 3804 3815 3809 3809 3796 3756 3807 3808 3810 3809 3779 3781 3804 3793 3766 3767 3767 3756 3740 3689 3682 3696 3696 3660 3679 3679 3668 3661 3668 3678 3669 3666 3666 3640 3614 3614 3596 3551 3582 3571 3533 3544 3526 3527 3526 3458 3479 3451 3405 3368 3368 3327 3320 3316 3250 3336 3336 3330 3330 3319 3319 3308 3308 3303 3301 3273 3292 3265 3281 3275
4130 4069 4018 4020 4037 4030 4037 4029 4024 4024 4013 4013 4002 3996 3996 3985 3951 3928 3908 3901 3890 3834 3819 3758 3773 3747 3784 3803 3808 3793 3796 3776 3808 3807 3808 3799 3792 3772 3772 3783 3760 3745 3749 3689 3717 3729 3722 3684 3685 3654 3628 3649 3651 3657 3667 3667 3650 3658 3664 3655 3655 3644 3638 3582 3564 3560 3560 3592 3545 3527 3508 3480 3462 3435 3423 3396 3375 3364 3327 3288 3305 3346 3267 3279 3329 3314 3319 3309 3298 3281 3248 3270 3270 3265 3253 3246
4096 4046 4046 4012 4012 4037 4037 3999 4000 4022 4020 3985 3987 3967 3974 3975 3985 3974 3926 3926 3892 3791 3785 3757 3765 3745 3737 3774 3779 3798 3798 3787 3780 3808 3797 3799 3799 3788 3783 3781 3765 3740 3729 3729 3718 3718 3729 3718 3663 3655 3645 3628 3621 3627 3629 3634 3618 3624 3624 3631 3644 3620 3638 3637 3600 3572 3560 3591 3561 3525 3506 3480 3434 3424 3402 3357 3339 3364 3364 3353 3347 3347 3294 3262 3298 3296 3309 3309 3298 3298 3243 3270 3270 3263 3227 3244
4107 4096 4024 4011 4021 4059 4030 3993 3994 4020 4020 4009 4009 3998 3975 3953 3974 3930 3926 3908 3901 3819 3780 3765 3747 3746 3792 3737 3736 3785 3791 3780 3762 3763 3777 3797 3786 3788 3770 3761 3761 3738 3710 3711 3718 3693 3701 3718 3712 3690 3667 3683 3627 3618 3611 3629 3618 3623 3630 3613 3611 3602 3609 3593 3601 3589 3563 3555 3534 3505 3505 3469 3427 3421 3397 3341 3314 3308 3313 3255 3256 3267 3336 3280 3318 3288 3277 3302 3265 3274 3236 3281 3221 3259 3259 3223
4107 4124 4034 4020 4048 4057 4059 4031 4031 3993 4013 4020 4002 3964 3963 3946 3948 3937 3918 3897 3897 3789 3780 3810 3799 3842 3846 3740 3750 3748 3751 3778 3791 3769 3753 3764 3786 3786 3763 3758 3756 3703 3667 3671 3702 3700 3648 3701 3712 3711 3685 3685 3674 3663 3608 3615 3617 3630 3628 3613 3611 3602 3602 3601 3600 3583 3555 3553 3517 3503 3470 3444 3444 3422 3397 3375 3369 3323 3250 3266 3274 3292 3336 3336 3269 3320 3320 3281 3291 3292 3292 3228 3233 3234 3259 3248
4107 4124 4117 4057 4047 4048 4041 3993 3982 3994 4037 4019 4009 4009 3998 3982 3909 3898 3896 3876 3892 3831 3850 3849 3864 3853 3837 3835 3789 3764 3787 3769 3791 3791 3760 3785 3774 3781 3763 3758 3740 3701 3671 3671 3669 3660 3636 3683 3690 3694 3679 3674 3672 3663 3663 3617 3635 3635 3624 3613 3590 3579 3579 3579 3562 3560 3556 3534 3519 3521 3472 3454 3442 3382 3352 3368 3369 3312 3283 3295 3313 3314 3325 3325 3268 3269 3270 3283 3247 3240 3227 3237 3234 3209 3216 3235
4133 4108 4066 4036 4049 4050 4039 4049 3990 4048 4046 4002 3993 3993 3975 3938 3915 3909 3887 3890 3834 3892 3881 3881 3863 3790 3808 3843 3843 3811 3802 3802 3769 3791 3785 3784 3759 3781 3779 3730 3730 3714 3671 3681 3639 3640 3629 3627 3642 3679 3679 3646 3645 3596 3663 3599 3635 3635 3589 3590 3580 3573 3573 3562 3540 3540 3544 3537 3534 3487 3494 3454 3406 3411 3427 3404 3344 3342 3342 3331 3331 3272 3249 3325 3325 3259 3239 3259 3281 3248 3270 3263 3198 3184 3235 3234
4135 4135 4144 4049 4048 4078 4060 3994 3992 4048 4026 3981 3991 3971 3946 3937 3910 3910 3881 3887 3836 3874 3845 3815 3832 3796 3798 3841 3761 3787 3791 3802 3780 3771 3757 3754 3727 3729 3739 3712 3729 3675 3692 3692 3647 3639 3617 3616 3627 3638 3617 3594 3644 3645 3657 3639 3616 3586 3586 3582 3554 3551 3555 3562 3562 3534 3534 3523 3516 3467 3476 3443 3422 3438 3427 3393 3364 3337 3340 3334 3297 3263 3255 3289 3314 3285 3253 3252 3281 3281 3270 3261 3263 3184 3194 3208
4158 4147 4147 4136 4087 4076 3992 3992 3972 3974 3963 3981 3970 3970 3965 3965 3938 3938 3892 3883 3865 3833 3826 3814 3828 3825 3832 3832 3808 3798 3798 3782 3773 3771 3764 3725 3715 3728 3729 3719 3681 3685 3692 3664 3632 3636 3635 3618 3618 3618 3605 3599 3607 3603 3656 3657 3604 3572 3562 3569 3582 3564 3534 3533 3512 3516 3533 3493 3497 3492 3464 3465 3449 3431 3393 3360 3366 3355 3355 3334 3286 3252 3307 3275 3258 3314 3303 3292 3241 3232 3244 3249 3252 3216 3184 3183
