R/output/arrival.asc
NCOLS 638
NROWS 825
XLLCORNER -2985163.8955
YLLCORNER -3022031.214
CELLSIZE 10000
NODATA_value -1
[rows 288 to 335 of 825, columns 480 to 575 of 638]
2290 2286 2280 2307 2307 2296 2306 2308 2292 2290 2258 2242 2232 2232 2221 2210 2210 2187 2181 2168 2168 2170 2163 2166 2159 2154 2150 2146 2144 2134 2122 2123 2123 2125 2109 2107 2100 2118 2067 2067 2056 2012 2011 1955 1981 1961 1959 1949 1938 1938 1948 1965 1957 1939 1880 1851 1870 1888 1890 1883 1868 1868 1846 1865 1886 1893 1876 1837 1827 1815 1794 1782 1813 1813 1808 -1 -1 -1 -1 -1 -1 -1 -1 -1 -1 -1 -1 -1 -1 -1 -1 -1 -1 -1 -1 -1
2261 2279 2290 2292 2305 2296 2308 2292 2290 2269 2248 2237 2221 2230 2214 2210 2210 2204 2203 2186 2170 2174 2163 2166 2157 2156 2146 2146 2135 2134 2132 2121 2123 2106 2107 2107 2095 2095 2051 2049 2001 2012 2047 1982 2025 2025 1961 1950 1938 1939 1942 1949 1957 1956 1914 1893 1870 1885 1885 1885 1856 1853 1846 1852 1865 1882 1882 1826 1817 1815 1796 1796 1813 1777 -1 -1 -1 -1 -1 -1 -1 -1 -1 -1 -1 -1 -1 -1 -1 -1 -1 -1 -1 -1 -1 -1
2268 2272 2272 2281 2284 2286 2285 2280 2274 2226 2220 2220 2219 2209 2199 2199 2199 2194 2204 2193 2176 2176 2159 2177 2141 2157 2150 2148 2139 2139 2128 2122 2112 2121 2119 2096 2074 2056 2048 1996 2002 2047 2027 2000 2003 2025 1973 1955 1939 1939 1960 1938 1931 1946 1935 1900 1884 1883 1885 1879 1853 1854 1846 1844 1854 1854 1830 1830 1831 1817 1817 1834 -1 -1 -1 -1 -1 -1 -1 -1 -1 -1 -1 -1 -1 -1 -1 -1 -1 -1 -1 -1 -1 -1 -1 -1
2268 2280 2254 2245 2257 2275 2280 2279 2238 2219 2145 2145 2186 2198 2198 2156 2188 2188 2194 2193 2182 2182 2177 2175 2148 2141 2143 2150 2138 2139 2137 2137 2122 2113 2121 2105 2078 2058 2040 1995 1995 2035 2002 2000 1990 2014 2011 1971 1951 1960 1940 1904 1917 1906 1935 1901 1890 1890 1879 1879 1854 1853 1845 1846 1843 1834 1824 1848 1848 1837 1835 1835 -1 -1 -1 -1 -1 -1 -1 -1 -1 -1 -1 -1 -1 -1 -1 -1 -1 -1 -1 -1 -1 -1 -1 -1
2282 2264 2236 2243 2245 2247 2236 2225 2209 2164 2140 2140 2151 2171 2198 2187 2175 2188 2183 2183 2182 2182 2171 2165 2154 2130 2130 2149 2148 2147 2137 2130 2126 2117 2110 2103 2085 2063 2057 2011 2058 2057 2028 1972 1983 2000 2001 1957 1968 1958 1927 1896 1867 1900 1906 1930 1928 1884 1854 1864 1872 1856 1843 1845 1852 1824 1842 1846 1852 1845 -1 -1 -1 -1 -1 -1 -1 -1 -1 -1 -1 -1 -1 -1 -1 -1 -1 -1 -1 -1 -1 -1 -1 -1 -1 -1
2282 2260 2253 2227 2232 2234 2232 2225 2227 2209 2184 2169 2162 2167 2216 2187 2211 2211 2193 2187 2188 2177 2166 2171 2160 2160 2149 2149 2148 2119 2124 2124 2118 2118 2100 2095 2092 2085 2061 2057 2001 2046 2030 2001 1972 1983 2001 1990 1995 1955 1944 1923 1847 1892 1895 1930 1902 1884 1873 1874 1874 1879 1863 1852 1852 1861 1845 1863 1852 1852 -1 -1 -1 -1 -1 -1 -1 -1 -1 -1 -1 -1 -1 -1 -1 -1 -1 -1 -1 -1 -1 -1 -1 -1 -1 -1
2281 2271 2224 2226 2243 2232 2223 2227 2209 2184 2156 2184 2173 2173 2214 2216 2176 2209 2200 2188 2172 2170 2142 2161 2161 2160 2150 2149 2146 2128 2110 2112 2110 2096 2080 2084 2079 2079 2068 2057 2035 2035 2035 2030 1983 2002 2018 2018 1995 1979 1945 1945 1852 1874 1879 1884 1919 1919 1883 1890 1890 1891 1885 1883 1867 1874 1863 -1 -1 -1 -1 -1 -1 -1 -1 -1 -1 -1 -1 -1 -1 -1 -1 -1 -1 -1 -1 -1 -1 -1 -1 -1 -1 -1 -1 -1
2263 2263 2254 2243 2243 2221 2198 2198 2205 2187 2163 2163 2168 2213 2211 2205 2205 2194 2165 2183 2169 2153 2160 2160 2159 2150 2143 2146 2132 2121 2105 2091 2089 2089 2080 2080 2077 2036 2000 2057 2057 2051 2051 2033 2029 2029 2018 1995 1972 1974 1972 1923 1932 1863 1881 1893 1912 1919 1911 1902 1902 1894 1885 1871 1874 1874 -1 -1 -1 -1 -1 -1 -1 -1 -1 -1 -1 -1 -1 -1 -1 -1 -1 -1 -1 -1 -1 -1 -1 -1 -1 -1 -1 -1 -1 -1
2239 2228 2186 2199 2236 2231 2236 2203 2199 2187 2163 2172 2177 2184 2213 2182 2205 2165 2194 2165 2154 2117 2143 2158 2149 2149 2150 2144 2132 2114 2103 2088 2066 2070 2058 2055 2040 2029 2012 2019 2029 2050 2023 2012 2008 2029 2024 2007 1994 1952 1974 1924 1911 1881 1891 1918 1931 1913 1917 1915 1906 1895 -1 -1 -1 -1 -1 -1 -1 -1 -1 -1 -1 -1 -1 -1 -1 -1 -1 -1 -1 -1 -1 -1 -1 -1 -1 -1 -1 -1 -1 -1 -1 -1 -1 -1
2256 2212 2196 2174 2252 2243 2243 2232 2198 2199 2188 2188 2177 2195 2202 2202 2182 2137 2128 2161 2156 2154 2143 2143 2125 2149 2138 2139 2131 2113 2090 2086 2088 2058 2048 2016 2030 2030 2019 2019 2021 2023 2005 1951 1967 1991 2022 2024 1984 1977 1973 1973 1890 1883 1928 1931 1912 1912 1913 1917 1906 -1 -1 -1 -1 -1 -1 -1 -1 -1 -1 -1 -1 -1 -1 -1 -1 -1 -1 -1 -1 -1 -1 -1 -1 -1 -1 -1 -1 -1 -1 -1 -1 -1 -1 -1
2274 2252 2196 2254 2195 2196 2243 2232 2221 2183 2181 2210 2199 2199 2205 2198 2135 2126 2092 2148 2154 2156 2145 2138 2132 2104 2127 2127 2112 2108 2097 2097 2086 2077 2037 1998 1990 1998 2005 2003 1995 2001 1981 1942 1965 1991 2002 2013 1995 1984 1949 1973 1892 1921 1928 1929 1929 1910 1903 1903 1903 -1 -1 -1 -1 -1 -1 -1 -1 -1 -1 -1 -1 -1 -1 -1 -1 -1 -1 -1 -1 -1 -1 -1 -1 -1 -1 -1 -1 -1 -1 -1 -1 -1 -1 -1
2273 2205 2194 2220 2254 2222 2244 2226 2221 2221 2210 2207 2199 2216 2198 2196 2169 2126 2097 2148 2148 2141 2145 2145 2134 2134 2123 2123 2108 2107 2079 2071 2053 2041 2052 2012 1968 1952 2003 1995 2001 1994 1922 1949 1956 1956 1980 1996 2006 1974 1969 1968 1966 1939 1929 1929 1920 1920 1903 1909 1909 -1 -1 -1 -1 -1 -1 -1 -1 -1 -1 -1 -1 -1 -1 -1 -1 -1 -1 -1 -1 -1 -1 -1 -1 -1 -1 -1 -1 -1 -1 -1 -1 -1 -1 -1
2252 2234 2178 2185 2175 2168 2244 2242 2233 2233 2215 2222 2216 2199 2198 2170 2095 2159 2152 2099 2148 2137 2137 2134 2134 2121 2123 2088 2109 2075 2077 2049 2039 2023 2021 1995 1958 1945 1975 1925 1973 1953 1923 1889 1946 1956 1963 1975 1978 1974 1967 1969 1968 1938 1891 1913 1909 1920 1920 1920 -1 -1 -1 -1 -1 -1 -1 -1 -1 -1 -1 -1 -1 -1 -1 -1 -1 -1 -1 -1 -1 -1 -1 -1 -1 -1 -1 -1 -1 -1 -1 -1 -1 -1 -1 -1
2243 2207 2177 2177 2167 2154 2175 2181 2226 2233 2222 2222 2215 2194 2143 2080 2094 2159 2159 2088 2127 2131 2137 2126 2128 2121 2115 2110 2101 2101 2081 2071 2015 2004 2013 1947 1936 1974 1949 1975 1957 1968 1945 1883 1945 1946 1961 1973 1975 1973 1958 1947 1957 1957 1918 1902 1903 1913 1931 -1 -1 -1 -1 -1 -1 -1 -1 -1 -1 -1 -1 -1 -1 -1 -1 -1 -1 -1 -1 -1 -1 -1 -1 -1 -1 -1 -1 -1 -1 -1 -1 -1 -1 -1 -1 -1
2252 2245 2209 2187 2148 2173 2175 2237 2176 2201 2221 2222 2204 2189 2181 2121 2118 2128 2126 2110 2127 2129 2131 2139 2126 2127 2103 2101 2101 2101 2071 2070 2013 1967 1972 2002 1956 1957 1962 1964 1968 1966 1931 1925 1924 1934 1939 1938 1957 1964 1958 1957 1946 1950 1939 1918 1920 1931 -1 -1 -1 -1 -1 -1 -1 -1 -1 -1 -1 -1 -1 -1 -1 -1 -1 -1 -1 -1 -1 -1 -1 -1 -1 -1 -1 -1 -1 -1 -1 -1 -1 -1 -1 -1 -1 -1
2263 2215 2180 2186 2134 2147 2153 2239 2168 2228 2228 2211 2199 2197 2189 2123 2133 2155 2128 2100 2105 2150 2149 2139 2117 2098 2115 2092 2100 2087 2072 2018 2008 2007 1956 1984 1986 1975 1975 1964 1964 1991 1919 1921 1925 1915 1921 1939 1930 1953 1953 1947 1946 1908 1929 1920 1925 1929 -1 -1 -1 -1 -1 -1 -1 -1 -1 -1 -1 -1 -1 -1 -1 -1 -1 -1 -1 -1 -1 -1 -1 -1 -1 -1 -1 -1 -1 -1 -1 -1 -1 -1 -1 -1 -1 -1
2254 2247 2202 2166 2115 2133 2147 2180 2239 2179 2228 2217 2211 2183 2140 2141 2155 2153 2117 2117 2116 2109 2109 2118 2118 2114 2096 2098 2100 2072 2061 2021 2008 1990 1948 1961 1968 1975 2002 1984 1991 1953 1930 1919 1943 1921 1928 1928 1940 1941 1942 1946 1947 1936 1936 1925 1925 -1 -1 -1 -1 -1 -1 -1 -1 -1 -1 -1 -1 -1 -1 -1 -1 -1 -1 -1 -1 -1 -1 -1 -1 -1 -1 -1 -1 -1 -1 -1 -1 -1 -1 -1 -1 -1 -1 -1
2236 2219 2213 2153 2116 2188 2180 2180 2169 2169 2217 2192 2188 2181 2140 2143 2155 2137 2127 2126 2106 2116 2100 2118 2128 2128 2096 2096 2082 2089 2071 2005 1997 1964 1948 1954 1961 2002 2001 1986 1991 1945 1959 1943 1942 1932 1932 1928 1930 1930 1917 1935 1935 1936 1901 1884 1913 -1 -1 -1 -1 -1 -1 -1 -1 -1 -1 -1 -1 -1 -1 -1 -1 -1 -1 -1 -1 -1 -1 -1 -1 -1 -1 -1 -1 -1 -1 -1 -1 -1 -1 -1 -1 -1 -1 -1
2236 2229 2213 2142 2191 2191 2149 2180 2167 2169 2211 2193 2188 2188 2148 2143 2155 2132 2127 2078 2106 2106 2118 2117 2100 2119 2117 2103 2085 2077 2039 2001 2033 1989 1948 1945 2002 2019 2008 1980 1985 1964 1957 1959 1948 1927 1932 1906 1917 1898 1910 1912 1920 1924 1894 1884 -1 -1 -1 -1 -1 -1 -1 -1 -1 -1 -1 -1 -1 -1 -1 -1 -1 -1 -1 -1 -1 -1 -1 -1 -1 -1 -1 -1 -1 -1 -1 -1 -1 -1 -1 -1 -1 -1 -1 -1
2225 2219 2213 2191 2099 2118 2120 2143 2167 2165 2211 2210 2161 2177 2177 2166 2168 2152 2121 2099 2068 2085 2089 2089 2107 2117 2117 2075 2075 2072 2071 2026 2033 2033 1959 1959 2019 2019 2008 1980 1980 1969 1953 1953 1965 1937 1927 1887 1896 1890 1890 1917 1920 1920 -1 -1 -1 -1 -1 -1 -1 -1 -1 -1 -1 -1 -1 -1 -1 -1 -1 -1 -1 -1 -1 -1 -1 -1 -1 -1 -1 -1 -1 -1 -1 -1 -1 -1 -1 -1 -1 -1 -1 -1 -1 -1
2224 2219 2171 2144 2121 2107 2114 2131 2165 2167 2184 2184 2155 2166 2171 2170 2169 2144 2120 2110 2068 2084 2084 2089 2098 2107 2093 2086 2075 2075 2072 2044 2022 1986 1966 1971 1994 2012 1992 1992 1969 1973 1956 1976 1946 1945 1909 1884 1884 1881 1870 1897 1919 -1 -1 -1 -1 -1 -1 -1 -1 -1 -1 -1 -1 -1 -1 -1 -1 -1 -1 -1 -1 -1 -1 -1 -1 -1 -1 -1 -1 -1 -1 -1 -1 -1 -1 -1 -1 -1 -1 -1 -1 -1 -1 -1
2218 2208 2189 2174 2140 2112 2125 2147 2147 2149 2182 2156 2154 2173 2173 2171 2169 2128 2126 2110 2068 2092 2084 2100 2100 2093 2092 2086 2084 2075 2053 2053 2039 1988 2013 1974 2030 2028 2013 1992 1987 1976 1976 1976 1946 1928 1889 1890 1889 1881 1890 1901 1919 -1 -1 -1 -1 -1 -1 -1 -1 -1 -1 -1 -1 -1 -1 -1 -1 -1 -1 -1 -1 -1 -1 -1 -1 -1 -1 -1 -1 -1 -1 -1 -1 -1 -1 -1 -1 -1 -1 -1 -1 -1 -1 -1
2208 2201 2192 2149 2170 2140 2145 2146 2148 2153 2140 2142 2139 2153 2173 2160 2158 2124 2128 2110 2099 2099 2082 2081 2081 2082 2075 2072 2068 2084 2086 2064 2042 2015 2031 2031 2011 2030 2011 1998 1987 1974 1954 1948 1924 1900 1899 1872 1890 1913 1891 1908 -1 -1 -1 -1 -1 -1 -1 -1 -1 -1 -1 -1 -1 -1 -1 -1 -1 -1 -1 -1 -1 -1 -1 -1 -1 -1 -1 -1 -1 -1 -1 -1 -1 -1 -1 -1 -1 -1 -1 -1 -1 -1 -1 -1
2199 2192 2181 2146 2170 2170 2164 2148 2153 2153 2153 2138 2133 2162 2162 2162 2142 2140 2120 2112 2094 2099 2088 2092 2089 2089 2078 2057 2042 2033 2086 2040 2022 2042 2031 2031 2020 2020 1984 2009 1987 1958 1948 1947 1902 1900 1878 1896 1921 1921 1913 -1 -1 -1 -1 -1 -1 -1 -1 -1 -1 -1 -1 -1 -1 -1 -1 -1 -1 -1 -1 -1 -1 -1 -1 -1 -1 -1 -1 -1 -1 -1 -1 -1 -1 -1 -1 -1 -1 -1 -1 -1 -1 -1 -1 -1
2208 2163 2190 2159 2159 2161 2164 2163 2151 2153 2151 2135 2131 2149 2149 2162 2156 2134 2120 2113 2099 2096 2092 2089 2076 2053 2053 2051 2044 2024 2026 1989 1966 1982 1973 1972 2005 2020 2009 1998 1975 1974 1948 1910 1906 1881 1916 1914 1922 1932 1934 -1 -1 -1 -1 -1 -1 -1 -1 -1 -1 -1 -1 -1 -1 -1 -1 -1 -1 -1 -1 -1 -1 -1 -1 -1 -1 -1 -1 -1 -1 -1 -1 -1 -1 -1 -1 -1 -1 -1 -1 -1 -1 -1 -1 -1
2207 2185 2185 2168 2180 2187 2179 2142 2151 2158 2142 2125 2131 2131 2144 2142 2155 2156 2129 2114 2118 2103 2087 2092 2077 2066 2055 2033 2044 2044 1998 1966 1956 1971 1972 2009 2016 2009 2002 2009 2000 1967 1974 1963 1963 1931 1918 1925 1943 1945 1945 -1 -1 -1 -1 -1 -1 -1 -1 -1 -1 -1 -1 -1 -1 -1 -1 -1 -1 -1 -1 -1 -1 -1 -1 -1 -1 -1 -1 -1 -1 -1 -1 -1 -1 -1 -1 -1 -1 -1 -1 -1 -1 -1 -1 -1
2254 2222 2185 2174 2218 2235 2168 2165 2154 2158 2158 2134 2128 2128 2128 2144 2138 2135 2127 2129 2111 2103 2088 2087 2078 2063 2055 2022 2013 2015 1976 1952 1950 1951 2044 2055 2016 2005 2005 2001 1990 1966 1966 1963 1963 1939 1941 1943 1944 -1 -1 -1 -1 -1 -1 -1 -1 -1 -1 -1 -1 -1 -1 -1 -1 -1 -1 -1 -1 -1 -1 -1 -1 -1 -1 -1 -1 -1 -1 -1 -1 -1 -1 -1 -1 -1 -1 -1 -1 -1 -1 -1 -1 -1 -1 -1
2206 2200 2198 2197 2187 2236 2176 2179 2154 2162 2190 2123 2139 2126 2088 2128 2126 2137 2122 2126 2126 2099 2089 2089 2035 2033 2024 2013 1963 1968 1984 1959 1981 2044 2044 2055 2053 2005 2005 2001 -1 -1 -1 -1 1958 1970 1970 1969 -1 -1 -1 -1 -1 -1 -1 -1 -1 -1 -1 -1 -1 -1 -1 -1 -1 -1 -1 -1 -1 -1 -1 -1 -1 -1 -1 -1 -1 -1 -1 -1 -1 -1 -1 -1 -1 -1 -1 -1 -1 -1 -1 -1 -1 -1 -1 -1
2202 2202 2198 2172 2174 2200 2236 2225 2225 2185 2214 2139 2124 2089 2105 2117 2117 2116 2137 2119 2119 2087 2084 2057 2044 2028 1981 1981 1970 1952 1928 1959 1988 2000 2037 2033 2008 1986 1974 1981 -1 -1 -1 1956 1952 1958 1959 -1 -1 -1 -1 -1 -1 -1 -1 -1 -1 -1 -1 -1 -1 -1 -1 -1 -1 -1 -1 -1 -1 -1 -1 -1 -1 -1 -1 -1 -1 -1 -1 -1 -1 -1 -1 -1 -1 -1 -1 -1 -1 -1 -1 -1 -1 -1 -1 -1
2195 2202 2191 2174 2185 2185 2176 2171 2225 2214 2192 2171 2118 2118 2105 2110 2117 2122 2122 2122 2119 2071 2066 2046 1999 1988 1944 1933 1934 1922 1922 1997 1999 2030 2033 2019 1977 1952 1974 1983 -1 -1 -1 1941 1941 -1 -1 -1 -1 -1 -1 -1 -1 -1 -1 -1 -1 -1 -1 -1 -1 -1 -1 -1 -1 -1 -1 -1 -1 -1 -1 -1 -1 -1 -1 -1 -1 -1 -1 -1 -1 -1 -1 -1 -1 -1 -1 -1 -1 -1 -1 -1 -1 -1 -1 -1
2136 2150 2191 2191 2164 2184 2167 2156 2181 2214 2214 2174 2102 2116 2107 2107 2102 2111 2104 2131 2094 2062 2048 2015 1981 1937 1972 1961 1950 1950 1956 2041 2041 2030 1995 1980 1977 1943 1983 1983 1919 -1 -1 -1 -1 -1 -1 -1 -1 -1 -1 -1 -1 -1 -1 -1 -1 -1 -1 -1 -1 -1 -1 -1 -1 -1 -1 -1 -1 -1 -1 -1 -1 -1 -1 -1 -1 -1 -1 -1 -1 -1 -1 -1 -1 -1 -1 -1 -1 -1 -1 -1 -1 -1 -1 -1
2150 2149 2159 2180 2155 2163 2163 2158 2198 2209 2209 2174 2079 2097 2100 2107 2098 2098 2133 2089 2075 2062 2025 2015 2013 1961 1955 1944 1950 1950 1935 1967 2039 1983 1985 1970 1944 1943 1972 1972 1952 -1 -1 -1 -1 -1 -1 -1 -1 -1 -1 -1 -1 -1 -1 -1 -1 -1 -1 -1 -1 -1 -1 -1 -1 -1 -1 -1 -1 -1 -1 -1 -1 -1 -1 -1 -1 -1 -1 -1 -1 -1 -1 -1 -1 -1 -1 -1 -1 -1 -1 -1 -1 -1 -1 -1
2169 2169 2154 2180 2180 2169 2170 2170 2180 2207 2162 2151 2089 2095 2097 2104 2114 2133 2100 2076 2049 2046 2009 2004 1997 1955 1943 1944 1926 1933 1933 1939 1954 1985 1971 1956 1913 1932 1972 -1 -1 -1 -1 -1 -1 -1 -1 -1 -1 -1 -1 -1 -1 -1 -1 -1 -1 -1 -1 -1 -1 -1 -1 -1 -1 -1 -1 -1 -1 -1 -1 -1 -1 -1 -1 -1 -1 -1 -1 -1 -1 -1 -1 -1 -1 -1 -1 -1 -1 -1 -1 -1 -1 -1 -1 -1
2173 2169 2158 2156 2169 2146 2163 2170 2159 2154 2152 2153 2135 2115 2124 2104 2125 2125 2078 2087 2076 2042 2027 2004 1984 1975 1937 1927 1930 1952 1953 1944 1954 1963 1960 1953 1935 1949 1971 -1 -1 -1 -1 -1 -1 -1 -1 -1 -1 -1 -1 -1 -1 -1 -1 -1 -1 -1 -1 -1 -1 -1 -1 -1 -1 -1 -1 -1 -1 -1 -1 -1 -1 -1 -1 -1 -1 -1 -1 -1 -1 -1 -1 -1 -1 -1 -1 -1 -1 -1 -1 -1 -1 -1 -1 -1
2175 2143 2158 2169 2155 2146 2158 2158 2147 2154 2136 2142 2142 2115 2125 2124 2098 2107 2076 2060 2076 2067 2050 1993 1993 1993 1964 1959 1961 1984 1988 1988 1960 1946 1939 1902 1921 1970 1971 -1 -1 -1 -1 -1 -1 -1 -1 -1 -1 -1 -1 -1 -1 -1 -1 -1 -1 -1 -1 -1 -1 -1 -1 -1 -1 -1 -1 -1 -1 -1 -1 -1 -1 -1 -1 -1 -1 -1 -1 -1 -1 -1 -1 -1 -1 -1 -1 -1 -1 -1 -1 -1 -1 -1 -1 -1
2164 2157 2153 2147 2142 2142 2122 2131 2125 2136 2143 2114 2131 2131 2125 2103 2100 2098 2093 2049 2068 2068 2049 2001 2038 2006 1982 1995 1995 1998 1989 1978 1970 1959 1948 1907 1910 1960 1960 -1 -1 -1 -1 -1 -1 -1 -1 -1 -1 -1 -1 -1 -1 -1 -1 -1 -1 -1 -1 -1 -1 -1 -1 -1 -1 -1 -1 -1 -1 -1 -1 -1 -1 -1 -1 -1 -1 -1 -1 -1 -1 -1 -1 -1 -1 -1 -1 -1 -1 -1 -1 -1 -1 -1 -1 -1
2164 2164 2153 2153 2118 2116 2093 2093 2120 2123 2132 2132 2098 2131 2120 2107 2100 2094 2048 2076 2072 2074 2056 2039 2039 2017 1999 1995 2012 1994 1999 1999 1967 1959 1941 1911 1926 1953 1936 -1 -1 -1 -1 -1 -1 -1 -1 -1 -1 -1 -1 -1 -1 -1 -1 -1 -1 -1 -1 -1 -1 -1 -1 -1 -1 -1 -1 -1 -1 -1 -1 -1 -1 -1 -1 -1 -1 -1 -1 -1 -1 -1 -1 -1 -1 -1 -1 -1 -1 -1 -1 -1 -1 -1 -1 -1
2155 2155 2153 2129 2118 2070 2072 2091 2095 2125 2126 2126 2122 2122 2120 2106 2100 2067 2094 2083 2072 2076 2067 2045 2047 2028 1999 2012 2010 1993 1988 1988 1959 1957 1903 1929 1929 1937 1937 -1 -1 -1 -1 -1 -1 -1 -1 -1 -1 -1 -1 -1 -1 -1 -1 -1 -1 -1 -1 -1 -1 -1 -1 -1 -1 -1 -1 -1 -1 -1 -1 -1 -1 -1 -1 -1 -1 -1 -1 -1 -1 -1 -1 -1 -1 -1 -1 -1 -1 -1 -1 -1 -1 -1 -1 -1
2146 2136 2120 2113 2109 2098 2098 2062 2108 2107 2114 2104 2115 2120 2111 2111 2065 2069 2057 2059 2072 2076 2065 2067 1996 2030 2037 2021 2019 1993 2001 1972 1937 1931 1918 1940 1947 -1 -1 -1 -1 -1 -1 -1 -1 -1 -1 -1 -1 -1 -1 -1 -1 -1 -1 -1 -1 -1 -1 -1 -1 -1 -1 -1 -1 -1 -1 -1 -1 -1 -1 -1 -1 -1 -1 -1 -1 -1 -1 -1 -1 -1 -1 -1 -1 -1 -1 -1 -1 -1 -1 -1 -1 -1 -1 -1
2117 2111 2120 2093 2088 2098 2098 2047 2108 2106 2103 2097 2097 2101 2111 2075 2069 2068 2059 2042 2018 2041 2031 2048 1985 2037 2038 2026 2021 2001 1993 1977 1951 1933 1955 1982 1982 -1 -1 -1 -1 -1 -1 -1 -1 -1 -1 -1 -1 -1 -1 -1 -1 -1 -1 -1 -1 -1 -1 -1 -1 -1 -1 -1 -1 -1 -1 -1 -1 -1 -1 -1 -1 -1 -1 -1 -1 -1 -1 -1 -1 -1 -1 -1 -1 -1 -1 -1 -1 -1 -1 -1 -1 -1 -1 -1
2105 2095 2095 2065 2067 2063 2087 2087 2064 2103 2072 2086 2092 2088 2088 2079 2071 2041 2039 2041 2020 2031 2025 2020 2020 2037 2040 2040 2018 2012 1997 1977 1951 1949 1949 1975 1982 -1 -1 -1 -1 -1 -1 -1 -1 -1 -1 -1 -1 -1 -1 -1 -1 -1 -1 -1 -1 -1 -1 -1 -1 -1 -1 -1 -1 -1 -1 -1 -1 -1 -1 -1 -1 -1 -1 -1 -1 -1 -1 -1 -1 -1 -1 -1 -1 -1 -1 -1 -1 -1 -1 -1 -1 -1 -1 -1
2101 2090 2090 2084 2063 2061 2063 2071 2076 2049 2101 2092 2079 2088 2081 2051 2074 2047 2041 2048 2041 2031 2030 2020 1996 2014 2026 2018 2029 2012 2011 1982 1971 1949 1956 1967 1992 -1 -1 -1 -1 -1 -1 -1 -1 -1 -1 -1 -1 -1 -1 -1 -1 -1 -1 -1 -1 -1 -1 -1 -1 -1 -1 -1 -1 -1 -1 -1 -1 -1 -1 -1 -1 -1 -1 -1 -1 -1 -1 -1 -1 -1 -1 -1 -1 -1 -1 -1 -1 -1 -1 -1 -1 -1 -1 -1
2064 2090 2087 2079 2079 2028 2052 2052 2074 2076 2058 2085 2092 2081 2052 2075 2048 2042 2040 2048 2048 2031 1961 1964 1969 2011 2010 2022 2029 2007 2001 2001 1983 1971 1967 1993 1993 -1 -1 -1 -1 -1 -1 -1 -1 -1 -1 -1 -1 -1 -1 -1 -1 -1 -1 -1 -1 -1 -1 -1 -1 -1 -1 -1 -1 -1 -1 -1 -1 -1 -1 -1 -1 -1 -1 -1 -1 -1 -1 -1 -1 -1 -1 -1 -1 -1 -1 -1 -1 -1 -1 -1 -1 -1 -1 -1
2063 2064 2056 2052 2079 2053 2045 2057 2041 2065 2065 2062 2069 2081 2056 2075 2048 2053 2042 2037 2031 2009 1982 1960 1955 1968 2007 2007 2015 2004 1990 1990 1985 1966 1974 1974 1963 -1 -1 -1 -1 -1 -1 -1 -1 -1 -1 -1 -1 -1 -1 -1 -1 -1 -1 -1 -1 -1 -1 -1 -1 -1 -1 -1 -1 -1 -1 -1 -1 -1 -1 -1 -1 -1 -1 -1 -1 -1 -1 -1 -1 -1 -1 -1 -1 -1 -1 -1 -1 -1 -1 -1 -1 -1 -1 -1
2068 2061 2013 2052 2078 2076 2057 2057 2046 2065 2065 2060 2059 2049 2070 2046 2064 2064 2053 2031 2003 2001 1961 1932 1943 1965 2005 1989 1989 2002 1993 1992 1960 1985 1965 1967 -1 -1 -1 -1 -1 -1 -1 -1 -1 -1 -1 -1 -1 -1 -1 -1 -1 -1 -1 -1 -1 -1 -1 -1 -1 -1 -1 -1 -1 -1 -1 -1 -1 -1 -1 -1 -1 -1 -1 -1 -1 -1 -1 -1 -1 -1 -1 -1 -1 -1 -1 -1 -1 -1 -1 -1 -1 -1 -1 -1
2086 2068 2053 2041 2041 2078 2067 2057 2046 2056 2064 2064 2060 2049 2069 2057 2049 2053 2020 2020 1983 1983 1954 1925 1944 1958 1996 1996 1985 1993 1981 1992 1937 1947 1963 1957 -1 -1 -1 -1 -1 -1 -1 -1 -1 -1 -1 -1 -1 -1 -1 -1 -1 -1 -1 -1 -1 -1 -1 -1 -1 -1 -1 -1 -1 -1 -1 -1 -1 -1 -1 -1 -1 -1 -1 -1 -1 -1 -1 -1 -1 -1 -1 -1 -1 -1 -1 -1 -1 -1 -1 -1 -1 -1 -1 -1
2084 2086 2057 2051 2027 2047 2067 2067 2056 2056 2063 2053 2046 2037 2059 2045 2038 2024 2020 1982 1932 1888 1956 1945 1957 1957 1989 1971 1978 1993 1970 1991 1946 1936 1952 1943 -1 -1 -1 -1 -1 -1 -1 -1 -1 -1 -1 -1 -1 -1 -1 -1 -1 -1 -1 -1 -1 -1 -1 -1 -1 -1 -1 -1 -1 -1 -1 -1 -1 -1 -1 -1 -1 -1 -1 -1 -1 -1 -1 -1 -1 -1 -1 -1 -1 -1 -1 -1 -1 -1 -1 -1 -1 -1 -1 -1
2057 2075 2068 2057 2035 2030 2030 2049 2038 2056 2045 2045 2042 2042 2059 2036 2014 1992 1986 1949 1910 1968 1921 1976 1938 1965 1970 1968 1957 1979 1961 1952 1952 1950 1952 1882 -1 -1 -1 -1 -1 -1 -1 -1 -1 -1 -1 -1 -1 -1 -1 -1 -1 -1 -1 -1 -1 -1 -1 -1 -1 -1 -1 -1 -1 -1 -1 -1 -1 -1 -1 -1 -1 -1 -1 -1 -1 -1 -1 -1 -1 -1 -1 -1 -1 -1 -1 -1 -1 -1 -1 -1 -1 -1 -1 -1
