R/urupa/arrival.asc
NCOLS 638
NROWS 825
XLLCORNER -2985163.8955
YLLCORNER -3022031.214
CELLSIZE 10000
NODATA_value -1
[rows 368 to 413 of 825, columns 384 to 479 of 638]
2227 2227 2215 2204 2194 2192 2172 2172 2172 2161 2181 2172 2180 2169 2158 2164 2141 2073 2063 2086 2086 2041 2043 2086 2100 2048 2024 2037 2026 2015 2015 2004 1979 1979 1968 1957 1923 1922 1911 1900 1878 1800 1758 1766 1789 1777 1731 1688 1654 1654 1459 1439 1500 1497 1497 1486 1416 1386 1409 1444 1466 1444 1428 1397 1356 1359 1259 1184 1221 1187 1090 839 995 908 983 984 973 896 962 1128 955 957 944 933 934 922 922 921 921 1005 994 1005 1071 1026 1071 980
2170 2227 2216 2204 2194 2183 2183 2172 2180 2161 2161 2186 2187 2176 2167 2175 2152 2107 2093 2093 2098 2082 2109 2109 2076 2051 2008 1958 1993 2024 1993 1982 1979 1945 1968 1968 1934 1922 1922 1879 1888 1866 1865 1864 1778 1778 1731 1680 1687 1665 1599 1508 1508 1519 1497 1486 1475 1413 1455 1477 1432 1424 1432 1421 1364 1348 1337 1188 1195 1127 1090 977 896 943 984 984 973 968 962 1128 1120 954 1106 1106 943 932 932 921 1019 1027 1031 1126 1103 1171 1127 1060
2173 2215 2216 2204 2194 2194 2177 2180 2198 2176 2176 2187 2187 2176 2175 2175 2142 2107 2093 2040 2085 2098 2098 2075 2109 2076 2018 2009 1990 2024 2024 1957 1956 1924 1934 1934 1923 1913 1912 1901 1901 1889 1890 1853 1832 1767 1756 1687 1687 1676 1676 1625 1508 1519 1519 1508 1478 1470 1477 1466 1445 1437 1429 1390 1376 1285 1266 1188 1188 1160 1090 985 873 873 885 931 896 957 962 1117 1117 1106 1106 1106 943 932 932 1018 1042 1103 1092 1160 1138 1171 1171 1082
2215 2183 2205 2220 2193 2221 2209 2187 2187 2198 2198 2202 2201 2141 2147 2132 2114 2083 2091 2006 2036 2059 2082 2059 2059 2076 2075 2075 1991 1991 2013 2002 1990 1945 1945 1933 1922 1912 1867 1901 1866 1890 1890 1865 1844 1853 1765 1643 1665 1676 1676 1653 1631 1566 1565 1555 1478 1478 1577 1477 1456 1437 1434 1426 1398 1376 1238 1221 1156 1115 1115 1006 1006 899 984 932 896 896 896 940 1117 1117 940 1106 1094 929 1064 1072 1113 1137 1129 1171 1194 1194 1163 1136
2215 2207 2193 2193 2221 2221 2210 2210 2203 2209 2237 2237 2168 2006 2072 2141 2141 2130 2096 2065 1997 1952 2037 1993 1983 2041 2066 2075 1976 1955 1980 2001 1990 1985 1963 1945 1929 1781 1912 1814 1855 1878 1890 1879 1853 1867 1734 1619 1721 1721 1710 1698 1665 1670 1670 1666 1467 1588 1477 1449 1456 1445 1437 1332 1398 1294 1288 1199 1166 1115 1107 1006 1006 932 984 984 973 909 909 940 1090 948 940 1095 1095 1064 1083 1113 1113 1137 1179 1137 1194 1194 1160 1160
2182 2243 2243 2186 2187 2221 2251 2259 2248 2209 2237 2237 2225 2149 2029 2141 2118 2130 2096 2085 2085 2004 2016 2004 1981 1993 2041 2042 1976 1947 1955 1956 1968 1985 1985 1974 1940 1776 1814 1806 1855 1855 1879 1879 1878 1878 1830 1732 1721 1745 1745 1723 1723 1755 1754 1700 1588 1588 1566 1433 1444 1445 1445 1426 1329 1283 1249 1188 1145 1104 976 976 995 983 984 984 943 932 948 951 1090 997 1010 1095 1095 1094 1102 1174 1182 1182 1190 1205 1178 1197 1183 1160
2254 2243 2243 2249 2225 2225 2259 2259 2259 2248 2282 2236 2225 2217 2068 2072 2041 2063 2004 2014 2085 2027 2015 2004 1993 1982 1997 2006 2006 1955 1955 1956 1937 1947 1977 1963 1940 1880 1843 1843 1810 1844 1844 1879 1878 1845 1831 1831 1756 1780 1757 1746 1734 1714 1744 1711 1678 1580 1566 1554 1496 1544 1434 1434 1329 1238 1177 1227 1154 1104 873 916 995 995 917 973 930 962 962 967 1079 1079 1084 1092 1125 1148 1183 1186 1186 1217 1217 1226 1217 1205 1225 1192
2293 2261 2220 2250 2260 2249 2259 2259 2293 2282 2227 2226 2224 2225 2191 2072 2064 2007 2062 2062 2005 2005 1969 1969 1970 1971 1962 1970 1995 1995 1960 1937 1949 1926 1943 1951 1951 1894 1868 1843 1834 1802 1802 1812 1870 1855 1767 1831 1780 1785 1769 1769 1734 1681 1689 1719 1689 1532 1645 1555 1544 1544 1519 1434 1423 1306 1177 1166 1155 1093 873 932 941 972 972 921 960 962 962 1020 1020 1084 1084 1094 1194 1194 1183 1186 1228 1217 1226 1237 1237 1237 1225 1214
2285 2282 2282 2228 2258 2260 2260 2293 2293 2282 2270 2236 2214 2214 2192 2100 2050 2002 2062 2062 2051 2005 1982 1973 1963 1960 1935 1938 1933 1959 1960 1962 1962 1937 1926 1951 1914 1929 1840 1868 1868 1802 1811 1834 1823 1820 1819 1699 1749 1780 1785 1758 1734 1699 1688 1722 1689 1653 1653 1572 1631 1544 1531 1519 1423 1420 1376 1166 1093 1093 930 941 972 961 972 949 928 965 965 964 1020 1091 1124 1125 1194 1194 1239 1228 1228 1216 1226 1201 1237 1236 1264 1256
2227 2261 2282 2271 2271 2260 2304 2258 2248 2258 2271 2225 2224 2214 2202 2123 2115 2046 2020 2039 2051 2040 2039 2039 2005 1936 1880 1903 1924 1902 1928 1951 1962 1938 1883 1883 1904 1904 1904 1845 1868 1857 1834 1834 1820 1820 1820 1774 1726 1757 1785 1777 1685 1685 1722 1689 1618 1653 1548 1642 1642 1561 1576 1522 1430 1420 1420 1386 1302 1156 930 931 931 961 961 961 1021 932 965 1020 1066 1251 1251 1240 1240 1239 1231 1192 1228 1207 1207 1196 1248 1265 1265 1264
2306 2296 2295 2250 2284 2284 2318 2307 2250 2192 2258 2224 2216 2224 2203 2191 2124 2123 2012 1993 2015 2040 2039 2031 1997 1971 1903 1868 1841 1895 1906 1951 1973 1938 1886 1872 1872 1819 1903 1833 1822 1802 1790 1825 1819 1786 1774 1784 1718 1718 1763 1774 1751 1678 1711 1684 1548 1666 1554 1642 1642 1631 1631 1561 1527 1527 1450 1409 1324 1156 1013 1002 1063 993 1063 1063 1010 999 976 1089 1262 1251 1251 1240 1163 1229 1239 1218 1218 1207 1207 1219 1259 1265 1265 1264
2351 2340 2340 2253 2287 2318 2318 2307 2273 2180 2186 2247 2224 2224 2157 2157 2134 2137 2054 1993 1982 1983 1970 1994 1994 1994 1937 1901 1704 1841 1895 1931 1973 1939 1894 1861 1841 1748 1833 1810 1780 1736 1735 1775 1819 1810 1783 1817 1817 1729 1752 1774 1763 1666 1711 1630 1666 1658 1598 1644 1631 1631 1631 1620 1528 1527 1519 1460 1398 1335 1298 1052 1063 1063 1044 1063 1273 1030 1125 1262 1262 1250 1110 1239 1240 1229 1229 1218 1218 1204 1207 1259 1259 1276 1276 1276
2340 2339 2340 2329 2329 2318 2270 2273 2273 2219 2147 2135 2168 2157 2149 2101 2100 2136 2124 2040 2049 2027 1971 1970 1939 1972 1929 1901 1879 1704 1873 1907 1965 1973 1940 1860 1770 1770 1833 1759 1736 1736 1667 1752 1763 1775 1783 1809 1817 1783 1743 1763 1751 1673 1634 1634 1666 1619 1655 1655 1587 1596 1620 1620 1562 1575 1527 1483 1398 1335 1332 1323 1123 1123 1122 1284 1299 1273 1055 1081 1262 1091 1152 1124 1214 1214 1229 1237 1226 1226 1241 1251 1282 1287 1276 1307
2300 2300 2289 2329 2329 2320 2283 2273 2272 2262 2186 2127 2087 2141 2149 2149 2116 2113 2126 2079 2049 2049 2038 1971 1971 1882 1882 1815 1922 1803 1794 1849 1852 1940 1883 1766 1760 1714 1770 1770 1770 1712 1701 1707 1707 1705 1760 1739 1748 1794 1720 1751 1717 1665 1651 1662 1639 1623 1655 1655 1618 1632 1620 1619 1586 1575 1575 1516 1398 1332 1332 1122 1321 1321 1282 1361 1361 1294 969 1055 1059 1118 1175 1224 1169 1248 1237 1213 1226 1202 1191 1287 1287 1287 1308 1308
2240 2300 2289 2295 2328 2328 2283 2294 2227 2261 2261 2118 2138 2149 2161 2183 2115 2088 2126 2088 2077 2015 2002 2002 1979 1980 1889 1922 1922 1900 1843 1843 1850 1872 1871 1782 1780 1748 1747 1770 1759 1714 1701 1690 1696 1696 1693 1717 1740 1748 1748 1718 1673 1673 1662 1662 1640 1651 1644 1644 1633 1633 1619 1624 1586 1575 1564 1564 1504 1409 1287 1276 1321 1321 1310 1353 1373 1322 1173 -1 1126 1236 1247 1248 1248 1151 1237 1237 1215 1226 1274 1306 1306 1319 1319 1308
2271 2289 2288 2295 2328 2297 2294 2294 2271 2296 2253 2216 2207 2191 2196 2183 2116 2107 2088 2081 2091 2048 1991 2002 1969 1980 1911 1947 1934 1900 1869 1877 1866 1860 1860 1838 1838 1713 1704 1781 1781 1668 1667 1701 1696 1696 1681 1706 1717 1740 1748 1737 1695 1552 1550 1662 1651 1651 1640 1644 1633 1633 1632 1632 1610 1557 1564 1564 1505 1423 1421 1295 1339 1395 1395 1387 1384 1390 1373 1178 1197 1247 1247 1251 1273 1273 1213 1215 1215 1274 1274 1309 1330 1319 1319 1295
2352 2340 2288 2294 2317 2297 2287 2295 2307 2262 2261 2207 2207 2196 2196 2158 2158 2158 2214 2104 2214 2077 2056 2056 2034 1980 1980 1957 1957 1911 1877 1877 1877 1855 1843 1792 1838 1816 1816 1703 1781 1701 1701 1701 1673 1673 1684 1707 1707 1715 1717 1717 1709 1629 1557 1557 1651 1651 1639 1639 1622 1622 1611 1632 1584 1565 1565 1561 1494 1438 1429 1429 1418 1432 1410 1401 1395 1401 1378 1258 1258 1241 1247 1283 1284 1262 1146 1214 1230 1333 1341 1330 1330 1309 1297 1295
2341 2341 2330 2294 2329 2308 2306 2307 2307 2296 2183 2218 2207 2195 2196 2185 2152 2158 2114 2214 2203 2092 2125 2092 2048 1925 1947 1949 1957 1935 1912 1935 1880 1843 1843 1826 1827 1827 1816 1794 1703 1773 1726 1715 1673 1631 1620 1685 1707 1685 1683 1706 1641 1633 1538 1594 1608 1608 1607 1639 1628 1622 1614 1610 1610 1599 1575 1561 1550 1493 1460 1460 1418 1432 1467 1444 1445 1456 1368 1309 1317 1306 1295 1364 1364 1250 1145 1215 1275 1341 1341 1320 1320 1278 1255 1255
2345 2341 2330 2329 2321 2318 2318 2295 2285 2262 2262 2218 2169 2176 2172 2185 2174 2156 2092 2206 2100 2203 2203 2089 2057 1940 1949 1946 2010 1946 1935 1879 1924 1923 1832 1827 1842 1842 1831 1831 1796 1695 1726 1726 1638 1631 1585 1649 1696 1696 1638 1638 1641 1641 1594 1594 1619 1608 1617 1628 1628 1625 1614 1608 1599 1599 1561 1492 1550 1550 1505 1460 1421 1443 1446 1467 1468 1455 1340 1317 1422 1333 1367 1375 1364 1272 1223 1275 1342 1342 1274 1302 1320 1262 1263 1263
2349 2338 2319 2319 2329 2308 2294 2284 2273 2253 2239 2228 2150 2184 2162 2163 2174 2174 2142 2115 2116 2203 2124 2090 2090 2021 1949 2021 2010 1964 1935 1935 1924 1858 1845 1853 1842 1831 1831 1831 1819 1743 1693 1715 1703 1651 1571 1614 1660 1683 1675 1590 1627 1630 1630 1619 1594 1595 1606 1651 1659 1619 1619 1597 1599 1598 1588 1492 1482 1550 1539 1538 1478 1490 1490 1479 1478 1470 1436 1421 1433 1345 1375 1295 1339 1364 1353 1353 1342 1341 1234 1275 1275 1262 1262 1263
2394 2370 2345 2327 2305 2274 2274 2274 2273 2250 2250 2120 2163 2184 2184 2149 2160 2173 2163 2115 2122 2192 2192 2113 2090 2082 2021 2021 2010 1998 1963 1924 1924 1858 1853 1821 1815 1804 1798 1811 1820 1787 1634 1704 1704 1671 1659 1614 1641 1672 1672 1615 1618 1619 1630 1619 1607 1584 1626 1659 1636 1617 1619 1585 1566 1598 1590 1588 1482 1528 1539 1539 1504 1512 1490 1479 1478 1478 1373 1433 1433 1410 1376 1375 1347 1352 1353 1353 1342 1275 1262 1275 1275 1254 1206 1240
2394 2375 2376 2327 2310 2185 2231 2239 2239 2117 2250 2120 2112 2173 2173 2085 2149 2163 2152 2141 2180 2192 2192 2091 2090 2067 1986 1986 1999 1979 1956 1900 1888 1891 1808 1853 1750 1761 1784 1809 1819 1819 1693 1678 1715 1678 1659 1614 1650 1661 1672 1661 1615 1580 1604 1595 1596 1614 1636 1659 1626 1553 1597 1585 1574 1598 1598 1541 1482 1471 1528 1528 1527 1527 1489 1479 1467 1455 1413 1411 1433 1411 1354 1366 1366 1352 1288 1300 1311 1265 1238 1309 1286 1239 1216 1216
2396 2384 2384 2316 2316 2279 2228 2195 2092 2109 2109 2109 2104 2151 2150 2085 2084 2131 2163 2122 2170 2181 2181 2111 2078 2077 1967 1987 1975 1987 1954 1856 1818 1818 1773 1810 1798 1777 1652 1680 1797 1819 1808 1742 1715 1670 1659 1603 1650 1671 1682 1649 1615 1604 1604 1595 1595 1617 1648 1648 1625 1581 1585 1577 1576 1587 1587 1565 1474 1527 1535 1535 1527 1519 1472 1472 1467 1421 1362 1410 1410 1402 1376 1377 1366 1330 1322 1344 1330 1320 1320 1286 1286 1216 1211 1216
2396 2369 2384 2348 2290 2288 2243 2243 2155 2144 2133 2098 2092 2150 2150 2070 2080 2091 2141 2131 2131 2181 2121 2111 2100 2100 2007 1985 1985 1976 1956 1752 1796 1818 1810 1810 1810 1799 1686 1680 1744 1797 1785 1785 1785 1739 1716 1659 1584 1649 1682 1682 1630 1617 1604 1604 1603 1650 1650 1647 1633 1581 1581 1563 1574 1576 1564 1565 1551 1450 1524 1535 1535 1516 1439 1472 1444 1402 1421 1410 1410 1410 1399 1365 1355 1330 1352 1352 1341 1320 1320 1297 1289 1222 1214 1216
2404 2396 2373 2348 2294 2290 2248 2193 2155 2144 2087 2069 2142 2093 2150 2139 2080 2080 2141 2138 2126 2180 2172 2111 2100 2100 2053 1959 1967 1976 1976 1936 1734 1784 1807 1807 1808 1808 1729 1689 1755 1721 1693 1777 1785 1774 1716 1708 1629 1693 1694 1674 1683 1625 1658 1661 1625 1650 1650 1647 1633 1581 1581 1570 1576 1576 1556 1551 1543 1485 1504 1538 1546 1493 1431 1461 1439 1353 1338 1391 1410 1410 1399 1377 1354 1331 1342 1352 1319 1331 1297 1297 1250 1214 1216 1216
2490 2404 2373 2312 2301 2283 2256 2220 2210 2197 2176 2111 2168 2044 2082 2174 2139 2107 2121 2141 2159 2180 2180 2111 2026 2088 2089 2004 1934 1964 1986 1985 1922 1740 1807 1808 1785 1773 1718 1699 1755 1755 1713 1698 1728 1774 1763 1716 1705 1694 1694 1683 1683 1672 1648 1661 1612 1647 1650 1647 1622 1573 1581 1570 1564 1563 1564 1540 1441 1453 1505 1516 1546 1494 1413 1461 1457 1283 1241 1293 1293 1386 1399 1399 1321 1343 1343 1354 1342 1323 1296 1297 1249 1169 1227 1227
2490 2479 2393 2382 2291 2283 2256 2256 2210 2210 2199 2176 2176 2065 2057 2128 2173 2069 2108 2130 2120 2120 2169 2157 2086 2077 2069 2008 1917 1942 1997 1975 1933 1864 1812 1797 1797 1789 1729 1710 1747 1755 1721 1698 1719 1751 1763 1752 1708 1694 1636 1683 1683 1672 1649 1661 1661 1636 1644 1644 1625 1558 1550 1553 1553 1542 1561 1561 1502 1456 1493 1493 1546 1486 1406 1450 1450 1397 1292 1397 1386 1386 1388 1387 1314 1343 1343 1354 1354 1331 1296 1287 1249 1202 1238 1225
2479 2478 2455 2382 2382 2370 2362 2245 2216 2216 2205 2182 2182 2109 2068 2068 2163 2163 2108 2130 2109 2100 2169 2146 2089 2066 2066 2009 1951 2000 1997 1997 1886 1886 1823 1834 1789 1789 1778 1710 1756 1756 1723 1720 1720 1709 1709 1752 1751 1638 1606 1625 1675 1683 1647 1638 1638 1645 1644 1644 1625 1524 1558 1547 1553 1542 1524 1561 1513 1448 1456 1415 1494 1453 1408 1431 1423 1398 1397 1389 1316 1386 1377 1377 1376 1368 1365 1365 1353 1342 1287 1250 1249 1238 1238 1191
2480 2479 2467 2385 2385 2371 2370 2370 2220 2216 2199 2183 2182 2132 2084 2117 2117 2048 2119 2118 2097 2070 2158 2158 2055 2035 2066 2019 2008 1951 1974 1997 1974 1886 1875 1812 1717 1781 1778 1767 1756 1756 1720 1693 1720 1717 1706 1743 1751 1751 1717 1684 1695 1683 1672 1653 1642 1642 1656 1656 1623 1523 1547 1532 1547 1536 1516 1524 1513 1482 1479 1414 1448 1437 1362 1362 1317 1287 1284 1397 1305 1376 1377 1341 1376 1353 1365 1365 1342 1331 1287 1250 1179 1238 1190 1179
2458 2480 2468 2434 2390 2385 2314 2370 2303 2209 2209 2182 2173 2173 2131 2152 2108 2040 2075 2086 2078 2075 2146 2138 2135 2135 2043 2008 2008 1962 1860 1974 1974 1876 1876 1854 1722 1683 1728 1767 1774 1774 1693 1728 1717 1717 1706 1694 1682 1740 1740 1729 1729 1683 1678 1678 1645 1642 1656 1656 1623 1531 1480 1524 1533 1521 1512 1501 1502 1490 1379 1379 1448 1448 1426 1380 1317 1302 1225 1265 1287 1283 1305 1375 1376 1341 1353 1353 1342 1334 1264 1190 1179 1191 1116 1033
2568 2468 2468 2467 2459 2412 2397 2359 2359 2248 2246 2198 2194 2178 2139 2152 2116 2035 2086 2063 2086 2065 2067 2045 2135 2135 2124 2018 1996 1988 1860 1898 1966 1910 1898 1898 1864 1733 1725 1730 1774 1774 1728 1728 1717 1706 1671 1671 1660 1682 1729 1729 1683 1679 1678 1670 1667 1627 1655 1634 1623 1543 1532 1566 1533 1498 1501 1490 1490 1456 1316 1379 1426 1425 1426 1403 1351 1269 1265 1265 1275 1288 1367 1375 1375 1340 1340 1340 1283 1283 1202 1178 1109 1133 -1 957
2594 2544 2457 2467 2467 2446 2401 2421 2359 2336 2248 2295 2232 2178 2170 2141 2117 2106 2095 2075 2079 2067 2067 2057 2019 2044 2124 2124 2009 1951 1894 1963 1906 1905 1905 1898 1865 1808 1796 1727 1785 1763 1697 1720 1682 1682 1680 1680 1650 1650 1695 1695 1729 1689 1634 1626 1667 1667 1635 1634 1612 1558 1566 1566 1489 1466 1421 1421 1340 1340 1379 1380 1380 1372 1351 1339 1340 1339 1329 1328 1328 1299 1376 1376 1318 1341 1341 1341 1294 1272 1248 1201 1148 1098 -1 957
2615 2544 2448 2433 2456 2456 2435 2422 2368 2357 2357 2315 2298 2222 2178 2156 2156 2111 2134 2087 2079 2084 2068 2057 2023 2042 2113 2113 2112 1951 1963 1963 1963 1905 1897 1894 1876 1864 1864 1808 1796 1785 1762 1736 1761 1683 1691 1691 1651 1650 1688 1701 1712 1704 1689 1567 1604 1646 1646 1605 1605 1600 1592 1555 1574 1456 1434 1412 1328 1330 1338 1373 1373 1369 1339 1331 1340 1340 1293 1320 1328 1326 1376 1376 1352 1340 1341 1317 1294 1296 1274 1274 1218 1112 -1 1024
2673 2623 2533 2456 2456 2435 2435 2422 2368 2357 2357 2346 2341 2222 2249 2215 2251 2156 2134 2112 2084 2084 2073 2067 2034 2041 2112 2031 1943 1940 1940 1951 1952 1886 1840 1894 1894 1875 1864 1830 1796 1785 1772 1772 1764 1739 1691 1688 1651 1688 1711 1700 1712 1712 1689 1668 1569 1646 1610 1598 1600 1600 1578 1574 1574 1506 1452 1441 1338 1379 1333 1373 1373 1339 1296 1299 1329 1338 1328 1306 1340 1348 1337 1387 1387 1333 1341 1296 1296 1296 1285 1274 1274 1240 1109 1057
2673 2623 2591 2466 2529 2530 2432 2424 2403 2367 2381 2346 2346 2244 2271 2270 2250 2182 2210 2146 2084 2084 2067 2067 2068 2112 2112 2104 2006 1930 1941 1952 1952 1952 1898 1842 1876 1876 1898 1853 1784 1746 1768 1812 1780 1745 1736 1733 1725 1722 1711 1715 1754 1765 1722 1788 1657 1646 1645 1576 1598 1609 1601 1555 1599 1551 1540 1540 1408 1400 1397 1375 1334 1299 1269 1291 1299 1349 1349 1349 1348 1348 1343 1344 1409 1352 1328 1271 1274 1302 1285 1301 1301 1290 1239 1112
2673 2663 2591 2580 2580 2536 2507 2518 2421 2409 2381 2370 2346 2314 2271 2271 2214 2240 2210 2194 2135 2100 2067 2077 2101 2101 2091 2091 2078 1968 1896 2030 2022 1940 1947 1918 1939 1886 1898 1898 1844 1803 1812 1812 1802 1791 1733 1733 1733 1754 1754 1743 1757 1811 1822 1733 1576 1552 1552 1575 1598 1609 1609 1610 1610 1541 1532 1540 1455 1408 1397 1386 1342 1357 1277 1276 1277 1348 1349 1302 1328 1328 1366 1398 1409 1409 1355 1294 1312 1313 1289 1301 1311 1257 1280 1259
2697 2663 2663 2652 2579 2569 2565 2519 2489 2415 2399 2392 2392 2361 2314 2314 2270 2188 2240 2203 2195 2113 2113 2101 2093 2101 2101 2090 2079 1984 1932 2030 2030 1940 2008 1947 1947 1920 1920 1898 1845 1836 1834 1813 1802 1791 1741 1706 1732 1738 1825 1765 1833 1822 1811 1789 1755 1552 1528 1507 1507 1517 1511 1610 1610 1610 1473 1444 1441 1375 1397 1397 1386 1368 1334 1266 1268 1293 1349 1279 1346 1346 1400 1445 1445 1412 1355 1280 1324 1313 1301 1311 1311 1280 1267 1267
2705 2651 2652 2590 2629 2558 2569 2558 2529 2478 2433 2441 2392 2369 2315 2314 2270 2283 2199 2229 2203 2179 2167 2138 2137 2100 2100 2090 2079 2033 1968 1957 1957 1951 2019 2019 1997 1996 1851 1852 1903 1880 1881 1835 1794 1799 1766 1752 1742 1776 1765 1833 1833 1767 1822 1811 1759 1715 1507 1499 1632 1632 1505 1621 1621 1529 1529 1396 1346 1316 1333 1359 1386 1346 1238 1255 1262 1304 1371 1371 1376 1376 1398 1445 1445 1409 1356 1361 1361 1333 1334 1322 1314 1294 1294 1272
2694 2683 2652 2652 2628 2580 2588 2558 2533 2485 2485 2441 2448 2370 2358 2315 2292 2257 2282 2218 2218 2201 2177 2149 2145 2149 2100 2078 2078 2070 1977 1872 1957 2019 2019 2008 1997 1997 1908 1916 1848 1903 1870 1835 1810 1799 1799 1777 1776 1776 1765 1765 1743 1769 1789 1811 1791 1770 1702 1476 1632 1632 1533 1621 1533 1429 1480 1484 1385 1347 1260 1264 1256 1259 1260 1254 1255 1304 1371 1371 1346 1456 1456 1456 1374 1383 1383 1356 1361 1361 1339 1339 1338 1316 1301 1278
2694 2694 2645 2641 2640 2619 2588 2558 2552 2552 2485 2478 2448 2437 2420 2325 2304 2287 2292 2247 2261 2250 2206 2193 2168 2146 2168 2144 2144 2078 2033 1872 1951 1929 1951 1964 1997 1997 1927 1919 1845 1914 1914 1857 1791 1763 1776 1777 1738 1767 1733 1733 1746 1769 1758 1769 1770 1770 1692 1677 1635 1643 1620 1621 1544 1428 1392 1407 1406 1370 1316 1234 1231 1228 1220 1360 1392 1369 1369 1369 1382 1374 1456 1456 1436 1422 1389 1347 1356 1349 1339 1339 1338 1338 1337 1337
2692 2683 2672 2672 2641 2628 2617 2590 2552 2474 2474 2478 2478 2448 2398 2376 2365 2323 2331 2331 2292 2270 2281 2239 2247 2213 2179 2179 2156 2142 2142 2031 1902 1928 1929 1940 1973 1975 1939 1927 1914 1916 1914 1810 1802 1718 1753 1766 1709 1707 1707 1712 1713 1746 1781 1781 1726 1770 1736 1711 1654 1643 1499 1429 1544 1372 1347 1381 1381 1338 1338 1260 1228 1381 1403 1406 1392 1380 1380 1374 1382 1391 1341 1386 1444 1433 1433 1378 1372 1269 1338 1339 1372 1348 1348 1337
2735 2677 2672 2672 2624 2628 2617 2582 2542 2519 2503 2503 2509 2462 2459 2434 2365 2427 2331 2314 2315 2320 2308 2259 2259 2236 2236 2205 2171 2190 2142 2040 2040 1873 1939 1931 1928 1975 1975 1928 1927 1925 1905 1891 1837 1543 1707 1708 1730 1685 1696 1704 1746 1738 1781 1781 1746 1700 1736 1711 1677 1669 1386 1555 1555 1303 1361 1381 1358 1339 1338 1268 1322 1403 1428 1428 1428 1395 1383 1396 1467 1467 1456 1395 1395 1410 1433 1422 1372 1372 1359 1373 1362 1348 1327 1296
2740 2710 2696 2671 2624 2624 2568 2606 2605 2531 2520 2520 2470 2492 2445 2404 2434 2434 2325 2423 2320 2320 2306 2291 2303 2267 2254 2242 2224 2180 2153 2119 2053 2005 1939 1939 1919 1950 1975 1961 1961 1927 1847 1870 1837 1801 -1 1635 1658 1658 1632 1689 1712 1781 1792 1712 1712 1711 1700 1688 1711 1628 1594 1555 1372 1361 1361 1350 1350 1338 1203 1203 1300 1428 1439 1408 1428 1417 1394 1383 1478 1478 1406 1395 1395 1369 1358 1422 1387 1387 1364 1359 1359 1348 1299 1285
2773 2773 2688 2671 2648 2613 2553 2606 2606 2595 2516 2585 2461 2502 2478 2454 2361 2389 2423 2412 2348 2349 2317 2303 2303 2300 2276 2219 2224 2202 2153 2153 2096 2029 1916 1941 1885 1949 1953 1961 1950 1927 1870 1859 1859 1804 -1 1621 1666 1666 1633 1681 1689 1722 1792 1712 1711 1703 1658 1658 1658 1643 1624 1256 1280 1292 1303 1339 1350 1203 1203 1299 1314 1371 1439 1439 1417 1428 1420 1406 1429 1478 1348 1368 1326 1372 1373 1409 1409 1398 1353 1341 1285 1330 1307 1243
2773 2773 2696 2685 2685 2628 2584 2602 2514 2595 2594 2594 2551 2516 2513 2365 2275 2340 2423 2423 2392 2367 2348 2356 2334 2292 2276 2200 2208 2208 2164 2108 2062 2062 2005 1983 1939 1961 1962 1984 1961 1916 1870 1847 1848 1817 1801 1801 1666 1624 1657 1668 1689 1728 1803 1795 1711 1639 1658 1650 1650 1628 1624 1555 1221 1221 1219 1219 1208 1186 -1 1317 1325 1402 1450 1479 1479 1457 1468 1478 1513 1514 1426 1379 1421 1421 1410 1410 1401 1388 1367 1370 1370 1307 1257 1204
3145 3002 2674 2685 2685 2649 2626 2614 2614 2550 2515 2594 2549 2524 2490 2454 2323 2349 2401 2412 2401 2393 2356 2356 2345 2345 2268 2242 2208 2235 2234 2118 2030 2028 1960 2018 1983 1972 1949 1984 1929 1905 1894 1883 1883 1817 1817 1733 1744 1744 1728 1729 1729 1772 1803 1780 1712 1661 1650 1650 1613 1602 1624 1221 -1 1177 1196 1219 1208 -1 -1 1315 1404 1404 1414 1450 1479 1525 1536 1501 1525 1514 1404 1421 1441 1440 1410 1410 1399 1388 1375 1319 1370 1256 1187 1218
