R/urupa/arrival.asc
NCOLS 638
NROWS 825
XLLCORNER -2985163.8955
YLLCORNER -3022031.214
CELLSIZE 10000
NODATA_value -1
[rows 414 to 459 of 825, columns 288 to 383 of 638]
-1 -1 -1 -1 -1 -1 -1 -1 -1 -1 -1 -1 -1 -1 -1 -1 -1 -1 -1 -1 -1 -1 -1 -1 -1 2352 2451 2751 2774 3027 3050 3050 2922 2992 3061 3116 3159 3078 3136 3137 3137 3472 3535 3524 3529 3529 3554 3543 3543 3565 3565 3563 3563 3449 3449 3350 3350 3338 3220 3338 3161 3184 3140 3256 3128 3264 3253 3106 3231 3365 3467 3471 3499 3512 3526 3537 3548 3527 3489 3524 3513 3513 3502 3502 3491 3491 3434 3490 3479 3444 3421 3413 3387 3333 3314 3224
-1 -1 -1 -1 -1 -1 -1 -1 -1 -1 -1 -1 -1 -1 -1 -1 -1 -1 -1 -1 -1 -1 -1 -1 -1 -1 2462 2687 2774 2852 3050 3038 2841 2900 2981 2981 2959 2888 2888 3066 3136 3136 3125 3506 3513 3513 3506 3506 3529 3529 3565 3555 3563 3460 3394 3295 3184 3184 3140 3151 3151 3140 3140 3137 3137 3118 3106 3106 3228 3228 3376 3464 3464 3500 3501 3527 3524 3500 3467 3375 3502 3513 3502 3502 3491 3491 3490 3490 3433 3444 3444 3421 3421 3376 3365 3292
-1 -1 -1 -1 -1 -1 -1 -1 -1 -1 -1 -1 -1 -1 -1 -1 -1 -1 -1 -1 -1 -1 -1 -1 -1 -1 2473 2561 2763 2819 2876 3018 2853 2808 2888 2899 2958 2890 2890 2881 2879 3136 3115 3114 3114 3472 3495 3098 3241 3494 3494 3471 3472 3262 3195 3176 3184 3184 2932 2974 3148 3137 3140 3129 3129 3118 3063 3063 3095 3206 3364 3442 3464 3471 3471 3500 3477 3445 3356 3434 3434 3447 3446 3458 3457 3432 3455 3482 3468 3398 3422 3422 3421 3376 3376 3318
-1 -1 -1 -1 -1 -1 -1 -1 -1 -1 -1 -1 -1 -1 -1 -1 -1 -1 -1 -1 -1 -1 -1 -1 -1 -1 2461 2561 2561 2631 2854 3016 3016 2924 2923 2902 2856 2856 2890 2848 2857 2889 2889 2878 3051 3085 3085 3096 3241 3233 3251 3451 3460 3107 3018 3018 3007 3007 2932 2896 2931 2974 2975 3049 3129 3038 3041 3095 3063 3131 3206 3261 3453 3453 3420 3445 3449 3394 3345 3434 3372 3425 3425 3457 3457 3413 3413 3468 3468 3433 3422 3414 3387 3365 3297 3318
-1 -1 -1 -1 -1 -1 -1 -1 -1 -1 -1 -1 -1 -1 -1 -1 -1 -1 -1 -1 -1 -1 -1 -1 -1 -1 2528 2572 2611 2783 2854 3016 3016 3004 2961 2913 2924 2924 2947 2903 2935 2889 2855 2856 2878 3039 3073 3031 3096 3073 3099 3107 3273 3010 2811 2948 2844 2789 2832 2833 2885 2824 2885 2939 2964 2993 3017 3040 3083 3084 3206 3206 3262 3262 3370 3378 3310 3327 3360 3423 3361 3414 3403 3449 3457 3405 3413 3468 3468 3434 3456 3388 3354 3354 3277 3318
-1 -1 -1 -1 -1 -1 -1 -1 -1 -1 -1 -1 -1 -1 -1 -1 -1 -1 -1 -1 -1 -1 -1 -1 -1 -1 2308 2572 2644 2649 2923 2984 3005 3005 2994 2958 2958 2947 2947 2936 2936 2845 2831 2843 2832 2868 3008 3039 2988 2983 2988 3032 3021 2812 2803 2706 2695 2599 2690 2690 2690 2790 2802 2871 2874 2939 2993 2982 3040 3040 3029 3062 3162 3173 3239 3299 3310 3330 3423 3423 3423 3414 3414 3349 3346 3402 3379 3434 3457 3457 3456 3400 3354 3353 3307 3307
-1 -1 -1 -1 -1 -1 -1 -1 -1 -1 -1 -1 -1 -1 -1 -1 -1 -1 -1 -1 -1 -1 -1 -1 -1 -1 2219 2577 2644 2690 2872 2927 2961 3005 2994 2993 2924 2901 2890 2936 2804 2837 2756 2805 2810 2868 2925 2988 2955 2951 2846 2966 2966 2811 2706 -1 2554 2599 2599 2566 2678 2790 2679 2812 2835 2905 2939 2982 3040 3032 3029 3050 3162 3074 3250 3299 3304 3328 3350 3378 3412 3412 3403 3403 3368 3379 3379 3390 3445 3387 3448 3456 3345 3287 3296 3307
-1 -1 -1 -1 -1 -1 -1 -1 -1 -1 -1 -1 -1 -1 -1 -1 -1 -1 -1 -1 -1 -1 -1 -1 -1 -1 -1 2572 2644 2670 2725 2901 2960 2960 2994 2948 2912 2736 2728 2839 2839 2756 2816 2805 2805 2794 2857 2925 2955 2955 2846 2966 2834 2709 -1 2706 2068 2121 2554 2554 2586 2608 2608 2569 2569 2614 2916 2916 2971 2982 3050 3050 3115 3151 3239 3239 3288 3338 3368 3411 3412 3412 3411 3403 3388 3379 3353 3365 3387 3387 3310 3342 3353 3264 3284 3296
-1 -1 -1 -1 -1 -1 -1 -1 -1 -1 -1 -1 -1 -1 -1 -1 -1 -1 -1 -1 -1 -1 -1 -1 -1 -1 -1 2181 2602 2610 2660 2770 2861 2914 2950 2950 2916 2884 2908 2881 2839 2816 2816 2750 2805 2780 2788 2835 2856 2810 2846 2775 2742 2706 -1 -1 -1 2120 2180 2554 2558 2558 2597 2597 2597 2586 2586 2765 2971 2971 3018 3018 3050 3115 3126 3228 3259 3328 3368 3368 3392 3411 3411 3400 3391 3380 3342 3321 3387 3365 3310 3310 3331 3319 3262 3284
-1 -1 -1 -1 -1 -1 -1 -1 -1 -1 -1 -1 -1 -1 -1 -1 -1 -1 -1 -1 -1 -1 -1 -1 -1 -1 -1 2130 2142 2264 2242 2759 2827 2900 2923 2950 2939 2916 2916 2741 2741 2741 2808 2717 2717 2739 2750 2739 2732 2721 2775 2764 2741 2476 -1 -1 -1 -1 2146 2214 2543 2222 2359 2597 2586 2586 2586 2765 2862 2870 2960 2996 3006 3093 3118 3122 3217 3216 3317 3357 3391 3392 3403 3400 3389 3380 3357 3302 3376 3353 3281 3281 3273 3273 3206 3228
-1 -1 -1 -1 -1 -1 -1 -1 -1 -1 -1 -1 -1 -1 -1 -1 -1 -1 -1 -1 -1 -1 -1 -1 -1 -1 -1 2130 2256 2264 2264 2770 2816 2890 2912 2939 2928 2916 2839 2728 2744 2684 2595 2696 2708 2717 2737 2737 2732 2732 2775 2767 2528 -1 -1 1979 -1 -1 2087 2164 2281 2289 2257 2333 2497 2516 2540 2575 2737 2859 2859 2948 3008 3074 3118 3118 3216 3216 3325 3325 3345 3346 3346 3400 3366 3369 3357 3303 3303 3318 3281 3281 3270 3117 3154 3162
-1 -1 -1 -1 -1 -1 -1 -1 -1 -1 -1 -1 -1 -1 -1 -1 -1 -1 -1 -1 -1 -1 -1 -1 -1 -1 -1 -1 2132 2253 2253 2667 2781 2838 2884 2905 2905 2894 2853 2752 2752 2395 2438 2471 2686 2729 2700 2737 2715 2718 2733 2741 2560 2418 1982 1979 -1 -1 1968 2143 2187 2289 2289 2278 2356 2384 2532 2540 2732 2859 2859 2838 2972 3031 3118 3153 3216 3221 3314 3302 3332 3332 3344 3344 3377 3377 3346 3345 3307 3307 3256 3266 3270 3237 3117 3151
-1 -1 -1 -1 -1 -1 -1 -1 -1 -1 -1 -1 -1 -1 -1 -1 -1 -1 -1 -1 -1 -1 -1 -1 -1 -1 -1 -1 -1 2110 2152 2152 2574 2618 2803 2859 2861 2873 2861 2771 2752 2307 2438 2438 2575 2575 2692 2726 2561 2684 2684 2707 2707 2584 2536 1979 1979 1968 1968 2135 2135 2249 2278 2356 2373 2384 2409 2566 2732 2766 2837 2942 2973 3021 3084 3113 3222 3222 3314 3314 3255 3255 3168 3333 3354 3377 3345 3345 3307 3307 3266 3231 3073 3073 3073 3140
-1 -1 -1 -1 -1 -1 -1 -1 -1 -1 -1 -1 -1 -1 -1 -1 -1 -1 -1 -1 -1 -1 -1 -1 -1 -1 -1 -1 -1 -1 -1 2277 2618 2791 2838 2848 2873 2873 2851 2782 2263 2287 2442 2442 2495 2564 2564 2726 2726 2715 2715 2570 2696 2696 2538 -1 1967 1968 2124 2255 2462 2278 2334 2345 2373 2373 2421 2490 2563 2726 2766 2950 2977 3074 3168 3113 3193 3233 3213 3303 3233 3189 3176 3310 3310 3323 3334 3311 3303 3296 3266 3257 3231 3222 3100 3140
-1 -1 -1 -1 -1 -1 -1 -1 -1 -1 -1 -1 -1 -1 -1 -1 -1 -1 -1 -1 -1 -1 -1 -1 -1 -1 -1 -1 -1 -1 2277 2277 2607 2607 2838 2838 2862 2862 2805 2771 2263 2310 2397 2442 2495 2564 2564 2663 2715 2715 2715 2673 2696 2696 2608 2538 2476 2473 2473 2462 2462 2451 2345 2428 2405 2416 2460 2498 2726 2726 2826 2950 3030 3084 3084 3168 3196 3267 3292 3291 3224 3211 3178 3108 3298 3299 3299 3290 3298 3284 3255 3255 3231 3231 3100 3111
-1 -1 -1 -1 -1 -1 -1 -1 -1 -1 -1 -1 -1 -1 -1 -1 -1 -1 -1 -1 -1 -1 -1 -1 -1 -1 -1 -1 -1 -1 -1 2276 2320 2584 2758 2772 2804 2827 2805 2782 2342 2342 2331 2450 2475 2553 2583 2663 2663 2703 2704 2704 2662 2685 2684 2566 2527 2516 2516 2505 2505 2461 2450 2450 2439 2463 2471 2487 2586 2715 2817 2987 2997 3076 3124 3211 3223 3292 3292 3292 3281 3188 3200 3177 3132 3155 3224 3234 3287 3287 3264 3243 3220 3185 3096 3111
-1 -1 -1 -1 -1 -1 -1 -1 -1 -1 -1 -1 -1 -1 -1 -1 -1 -1 -1 -1 -1 -1 -1 -1 -1 -1 -1 -1 -1 -1 -1 2200 2288 2322 2584 2576 2584 2728 2793 2793 2750 2331 2310 2449 2483 2505 2550 2582 2619 2704 2704 2704 2685 2685 2685 2639 2585 2630 2516 2563 2519 2494 2456 2482 2471 2471 2476 2487 2575 2715 2939 2939 2974 3049 3073 3211 3223 3257 3283 3291 3291 3258 3256 3188 3144 3155 3175 3199 3276 3287 3276 3256 3222 3195 3063 3100
-1 -1 -1 -1 -1 -1 -1 -1 -1 -1 -1 -1 -1 -1 -1 -1 -1 -1 -1 -1 -1 -1 -1 -1 -1 -1 -1 -1 -1 -1 -1 -1 2190 2562 2573 2325 2265 2291 2343 2750 2705 2321 2329 2375 2461 2505 2561 2572 2651 2652 2693 2703 2695 2673 2674 2674 2638 2638 2627 2585 2615 2563 2513 2548 2472 2472 2476 2484 2575 2575 2927 2928 2986 3004 3040 3157 3199 3213 3268 3270 3291 3280 3247 3189 3132 3161 3124 3186 3194 3232 3233 3264 3232 3211 3208 3137
-1 -1 -1 -1 -1 -1 -1 -1 -1 -1 -1 -1 -1 -1 -1 -1 -1 -1 -1 -1 -1 -1 -1 -1 -1 -1 -1 -1 -1 -1 -1 -1 2177 2573 2573 2573 2378 2438 2378 2705 2705 2329 2386 2694 2461 2539 2561 2574 2608 2693 2693 2703 2703 2681 2674 2674 2640 2652 2629 2616 2616 2605 2626 2582 2583 2486 2518 2540 2540 2611 2928 2928 2975 3023 3040 3089 3134 3156 3205 3258 3259 3280 3259 3177 3177 3132 3161 3186 3194 3194 3208 3253 3255 3231 3211 3195
-1 -1 -1 -1 -1 -1 -1 -1 -1 -1 -1 -1 -1 -1 -1 -1 -1 -1 -1 -1 -1 -1 -1 -1 -1 -1 -1 -1 -1 -1 -1 -1 2253 2363 2562 2562 2446 2446 2377 2292 2705 2697 2694 2694 2507 2683 2561 2574 2608 2640 2654 2682 2772 2692 2663 2673 2652 2652 2641 2641 2638 2638 2627 2667 2594 2587 2579 2540 2545 2612 2802 2917 2975 3023 3051 3089 3126 3133 3172 3248 3256 3256 3256 3166 3155 3161 3172 3183 3187 3187 3198 3253 3253 3254 3244 3231
-1 -1 -1 -1 -1 -1 -1 -1 -1 -1 -1 -1 -1 -1 -1 -1 -1 -1 -1 -1 -1 -1 -1 -1 -1 -1 -1 -1 -1 -1 -1 -1 2245 2310 2562 2562 2446 2469 2472 2446 2480 2445 2683 2694 2683 2683 2672 2672 2579 2663 2682 2682 2692 2771 2665 2673 2673 2662 2641 2641 2638 2645 2666 2655 2632 2587 2587 2576 2635 2771 2803 2917 2964 3023 3043 3090 3123 3134 3213 3226 3170 3248 3145 3089 3155 3160 3172 3172 3187 3187 3189 3200 3242 3230 3242 3244
-1 -1 -1 -1 -1 -1 -1 -1 -1 -1 -1 -1 -1 -1 -1 -1 -1 -1 -1 -1 -1 -1 -1 -1 -1 -1 -1 -1 -1 -1 -1 -1 2253 2333 2389 2551 2551 2469 2515 2518 2471 2355 2434 2507 2683 2683 2672 2672 2671 2671 2649 2671 2671 2761 2681 2670 2662 2736 2651 2651 2645 2672 2672 2671 2666 2663 2645 2622 2643 2643 2791 2792 2906 2961 3012 3111 3123 3202 3202 3233 3245 3226 3149 3126 3144 3161 3172 3176 3176 3172 3195 3208 3219 3219 3208 3230
-1 -1 -1 -1 -1 -1 -1 -1 -1 -1 -1 -1 -1 -1 -1 -1 -1 -1 -1 -1 -1 -1 -1 -1 -1 -1 -1 -1 -1 -1 -1 -1 2166 2242 2424 2551 2551 2540 2540 2529 2463 2354 2423 2434 2423 2441 2671 2672 2661 2671 2660 2671 2681 2681 2761 2750 2739 2669 2662 2728 2706 2836 2837 2683 2683 2694 2677 2668 2633 2690 2792 2890 2961 2961 3022 3101 3112 3191 3202 3245 3245 3245 3171 3160 3098 3160 3161 3176 3176 3132 3184 3206 3312 3276 3196 3196
-1 -1 -1 -1 -1 -1 -1 -1 -1 -1 -1 -1 -1 -1 -1 -1 -1 -1 -1 -1 -1 -1 -1 -1 -1 -1 -1 -1 -1 -1 -1 -1 2242 2412 2424 2506 2550 2542 2540 2529 2480 2418 2380 2397 2423 2441 2548 2548 2661 2661 2650 2660 2660 2668 2668 2670 2659 2739 2728 2823 2823 2828 2848 2848 2836 2813 2694 2689 2688 2711 2890 2890 2938 2950 3036 3122 3145 3148 3191 3191 3180 3234 3204 3180 3145 3143 3160 3165 3162 3127 3127 3195 3311 3268 3161 3126
-1 -1 -1 -1 -1 -1 -1 -1 -1 -1 -1 -1 -1 -1 -1 -1 -1 -1 -1 -1 -1 -1 -1 -1 -1 -1 -1 -1 -1 -1 -1 2150 2220 2413 2424 2506 2550 2550 2539 2529 2482 2270 2383 2416 2427 2416 2487 2548 2604 2606 2650 2650 2649 2649 2668 2649 2658 2695 2823 2823 2859 2859 2882 2860 2859 2847 2834 2705 2705 2711 2927 2927 2950 2950 3044 3078 3145 3191 3191 3191 3223 3223 3222 3180 3147 3143 3160 3143 3138 3118 3099 3160 3301 3246 3128 3172
-1 -1 -1 -1 -1 -1 -1 -1 -1 -1 -1 -1 -1 -1 -1 -1 -1 -1 -1 -1 -1 -1 -1 -1 -1 -1 -1 -1 -1 -1 -1 2105 2345 2413 2414 2504 2516 2539 2539 2494 2482 2463 2438 2427 2427 2416 2429 2525 2539 2540 2561 2561 2584 2637 2638 2638 2648 2657 2725 2812 2851 2870 2882 2882 2858 2856 2848 2711 2744 2752 2927 2919 2762 2892 3022 3074 3145 3179 3180 3193 3223 3223 3223 3212 3169 3154 3132 3132 3110 3043 3076 3221 3241 3149 3149 3128
-1 -1 -1 -1 -1 -1 -1 -1 -1 -1 -1 -1 -1 -1 -1 -1 -1 -1 -1 -1 -1 -1 -1 -1 -1 -1 -1 -1 -1 -1 -1 2105 2349 2414 2448 2493 2504 2508 2528 2516 2494 2438 2438 2383 2427 2396 2404 2449 2473 2517 2539 2539 2550 2517 2506 2614 2629 2656 2690 2806 2824 2861 2872 2893 2885 2883 2856 2904 2752 2916 2916 2762 2626 2626 2615 3059 3078 3169 3180 3193 3192 3222 3222 3212 3201 3168 3086 2925 2397 2418 3060 3105 3230 3230 3219 3196
-1 -1 -1 -1 -1 -1 -1 -1 -1 -1 -1 -1 -1 -1 -1 -1 -1 -1 -1 -1 -1 -1 -1 -1 -1 -1 -1 -1 -1 -1 -1 2094 2146 2425 2459 2459 2493 2449 2493 2516 2505 2471 2362 2351 2361 2385 2385 2429 2438 2461 2531 2539 2517 2517 2506 2506 2505 2505 2690 2806 2824 2861 2872 2893 2893 2894 2848 2905 2905 2916 2916 2868 2645 2577 2604 3044 3067 3147 3179 3190 3222 3214 3188 3158 3118 3114 2925 2692 2610 2418 3036 3061 3151 3219 3219 3208
-1 -1 -1 -1 -1 -1 -1 -1 -1 -1 -1 -1 -1 -1 -1 -1 -1 -1 -1 -1 -1 -1 -1 -1 -1 -1 -1 -1 -1 -1 2062 2083 2300 2357 2451 2425 2417 2395 2384 2394 2482 2373 2361 2108 2351 2328 2340 2349 2438 2438 2462 2462 2416 2416 2405 2405 2497 2505 2494 2761 2783 2814 2825 2858 2883 2894 2894 2905 2905 2857 2751 2657 2611 2567 2523 2603 2604 3144 3157 3187 3190 3211 3199 3189 3118 3096 3086 2745 2642 2430 2430 3036 3128 3162 3219 3208
-1 -1 -1 -1 -1 -1 -1 -1 -1 -1 -1 -1 -1 -1 -1 -1 -1 -1 -1 -1 -1 -1 -1 -1 -1 -1 -1 -1 -1 -1 2070 2078 2346 2313 2380 2387 2357 2395 2093 2082 2082 2373 2015 2015 2064 2140 2326 2329 2350 2407 2407 2397 2408 2416 2394 2405 2372 2372 2483 2483 2753 2761 2792 2858 2858 2894 2846 2894 2740 2740 2712 2649 2645 2634 2634 2512 2127 2127 3144 3157 3180 3211 3211 3200 3118 3075 2800 2789 2745 2452 2429 2419 3076 3154 3164 3207
-1 -1 -1 -1 -1 -1 -1 -1 -1 -1 -1 -1 -1 -1 -1 -1 -1 -1 -1 -1 -1 -1 -1 -1 -1 -1 -1 -1 -1 1984 2070 2148 2346 2346 2169 2158 1930 -1 2093 2027 2027 1998 1987 1987 1992 1993 2046 2132 2406 2407 2407 2396 2396 2375 2385 2364 2364 2362 2362 2361 2658 2706 2761 2792 2750 2739 2846 2803 2739 2740 2740 2738 2749 2803 2715 2704 2806 2814 2668 2668 3153 3177 3188 3189 3095 3074 2778 2712 2598 2452 2408 2364 2364 3076 3130 3130
-1 -1 -1 -1 -1 -1 -1 -1 -1 -1 -1 -1 -1 -1 -1 -1 -1 -1 -1 -1 -1 -1 -1 -1 -1 -1 -1 -1 -1 2028 2070 2159 2258 2335 2191 2191 2191 1701 1701 2027 2027 2015 1806 1810 1953 1982 2034 2105 2318 2318 2395 2396 2396 2385 2385 2364 2374 2348 2354 2342 2350 2350 2728 2781 2781 2835 2835 2812 2792 2757 2743 2749 2749 2803 2803 2814 2825 2877 2848 2855 3119 3142 3130 3131 2811 2799 2723 2711 2598 2508 2508 2442 2260 2985 3085 3093
-1 -1 -1 -1 -1 -1 -1 -1 -1 -1 -1 -1 -1 -1 -1 -1 -1 -1 -1 -1 -1 -1 -1 -1 -1 -1 -1 -1 -1 2048 2115 2148 2335 2335 2335 2191 2183 1662 1690 1729 2016 2016 1861 1897 1942 1943 1981 2105 2105 2121 2307 2307 2395 2395 2385 2374 2374 2305 2351 2351 2326 2339 2727 2781 2791 2833 2835 2835 2792 2770 2770 2791 2792 2803 2855 2866 2877 2877 2888 2888 3119 2844 2833 2806 2811 2802 2817 2745 2607 2598 2525 2508 2237 2193 3054 3093
-1 -1 -1 -1 -1 -1 -1 -1 -1 -1 -1 -1 -1 -1 -1 -1 -1 -1 -1 -1 -1 -1 -1 -1 -1 -1 -1 -1 -1 2059 2155 2225 2324 2324 2323 2192 2100 2091 1783 2016 2016 2016 1904 1897 1943 1981 2001 2035 2094 2119 2161 2296 2387 2395 2293 2371 2374 2360 2351 2351 2340 2719 2780 2780 2791 2803 2821 2824 2824 2789 2790 2792 2848 2891 2892 2866 2877 2887 2932 3119 3119 3111 2835 2806 2828 2851 2842 2780 2723 2564 2543 2514 2486 2270 2999 3043
-1 -1 -1 -1 -1 -1 -1 -1 -1 -1 -1 -1 -1 -1 -1 -1 -1 -1 -1 -1 -1 -1 -1 -1 -1 -1 -1 -1 2008 2059 2200 2227 2324 2324 2324 2192 2146 2146 2089 2089 2005 2015 1956 1948 1948 1959 2004 2035 2094 2119 2296 2296 2296 2384 2285 2292 2363 2363 2352 2330 2340 2727 2722 2780 2791 2806 2824 2824 2824 2821 2864 2909 2901 2909 2919 2942 3009 2921 3053 3108 2910 2909 2898 2874 2922 2930 2825 2772 2676 2575 2575 2525 2497 2338 2557 3017
-1 -1 -1 -1 -1 -1 -1 -1 -1 -1 -1 -1 -1 -1 -1 -1 -1 -1 -1 -1 -1 -1 -1 -1 -1 -1 -1 -1 2046 2048 2200 2235 2313 2323 2315 1684 2138 2146 2135 2135 2007 2015 2015 1955 1948 1979 2001 2055 2094 2150 2221 2221 2384 2384 2384 2363 2363 2363 2360 2352 2341 2716 2716 2780 2802 2824 2824 2842 2864 2864 2909 2909 2920 2943 2998 3041 3009 3019 3108 3108 3108 2965 2899 2920 2942 2919 2818 2746 2746 2614 2554 2497 2474 2271 2534 2994
-1 -1 -1 -1 -1 -1 -1 -1 -1 -1 -1 -1 -1 -1 -1 -1 -1 -1 -1 -1 -1 -1 -1 -1 -1 -1 -1 1994 2048 2192 2200 2224 2244 2323 2323 1751 1827 2124 2135 2135 2124 2124 2004 1993 1980 1982 2055 2055 2189 2191 2221 2221 2283 2291 2373 2373 2362 2362 2360 2360 2555 2716 2798 2835 2813 2842 2853 2853 2864 2914 2937 2916 2935 3033 3041 3042 3042 3097 3097 3096 3033 2975 2964 2965 2941 2896 2780 2780 2746 2613 2579 2519 2293 2468 2560 2568
-1 -1 -1 -1 -1 -1 -1 -1 -1 -1 -1 -1 -1 -1 -1 -1 -1 -1 -1 -1 -1 -1 -1 -1 -1 -1 -1 2005 2037 2190 2213 2224 2271 2312 2312 2235 1869 1872 2077 2124 2124 2124 2112 2004 1980 2002 2044 2082 2199 2213 2213 2232 2232 2372 2373 2373 2362 2362 2341 2341 2705 2705 2758 2812 2835 2842 2938 2972 2964 2906 3008 3007 2972 3041 3041 3042 3086 3097 3041 3097 2998 2998 2976 2965 2942 2919 2829 2782 2738 2597 2531 2519 2296 2502 2613 2568
-1 -1 -1 -1 -1 -1 -1 -1 -1 -1 -1 -1 -1 -1 -1 -1 -1 -1 -1 -1 -1 -1 -1 -1 -1 -1 -1 -1 2120 2190 2213 2280 2288 2312 2312 2237 1869 1872 1893 1980 2067 2113 2113 2003 2013 2013 2044 2094 2199 2213 2221 2252 2280 2280 2280 2361 2362 2270 2351 2340 2659 2705 2747 2765 2835 2896 2939 2986 2986 2972 3008 3008 2950 3019 2987 2987 3086 3086 3053 2982 2982 2964 2964 2930 2953 2919 2843 2758 2647 2647 2600 2304 2304 2638 2646 2623
-1 -1 -1 -1 -1 -1 -1 -1 -1 -1 -1 -1 -1 -1 -1 -1 -1 -1 -1 -1 -1 -1 -1 -1 -1 -1 -1 -1 2166 2191 2213 2288 2300 2301 2291 2257 1869 1904 1904 2067 2113 2113 2113 2102 2031 2091 2057 2080 2178 2188 2202 2232 2252 2269 2269 2269 2361 2351 2351 2388 2649 2695 2717 2893 2893 2904 2904 2950 2986 2973 3008 3008 2940 2949 2983 2995 3074 3086 3086 3043 2982 2900 2908 2911 2873 2851 2773 2636 2642 2664 2658 2658 2697 2711 2697 2612
-1 -1 -1 -1 -1 -1 -1 -1 -1 -1 -1 -1 -1 -1 -1 -1 -1 -1 -1 -1 -1 -1 -1 -1 -1 -1 1928 1963 2168 2191 2288 2288 2301 2301 2301 2279 1858 1904 1904 1980 2056 2102 2112 2102 2091 2091 2080 2080 2188 2188 2188 2177 2196 2258 2269 2410 2411 2400 2402 2638 2638 2717 2717 2881 2893 2939 2975 2972 2986 2997 3007 2999 2938 2903 2983 2994 3052 3085 3085 3085 2982 2873 2838 2829 2851 2851 2809 2686 2720 2812 2696 2745 2778 2778 2685 2635
-1 -1 -1 -1 -1 -1 -1 -1 -1 -1 -1 -1 -1 -1 -1 -1 -1 -1 -1 -1 -1 -1 -1 -1 -1 -1 1851 1964 2155 2190 2209 2257 2266 2290 2289 2264 1847 1999 1988 1988 1980 2104 2112 2112 2101 2101 2090 2090 2177 2178 2178 2168 2177 2256 2300 2422 2433 2433 2391 2638 2638 2669 2718 2765 2871 2939 2975 2975 2937 2965 3007 3007 2973 2915 2903 3006 3051 3077 3051 3051 3040 2901 2795 2730 2806 2806 2817 2743 2754 2789 2812 2815 2835 2780 2766 2685
-1 -1 -1 -1 -1 -1 -1 -1 -1 -1 -1 -1 -1 -1 -1 -1 -1 -1 -1 -1 -1 -1 -1 -1 -1 -1 -1 1975 2155 2155 2098 2220 2246 2289 2289 2281 1999 2043 1995 1988 2008 2032 2062 2090 2101 2101 2090 2090 2166 2169 2178 2167 2167 2264 2300 2411 2422 2444 2501 2627 2637 2637 2765 2870 2892 2917 2950 2975 2975 2937 2937 2985 2938 2903 2863 2940 3017 3017 3017 2907 3018 2896 2719 2709 2720 2720 2732 2743 2655 2709 2801 2835 2835 2846 2824 2788
-1 -1 -1 -1 -1 -1 -1 -1 -1 -1 -1 -1 -1 -1 -1 -1 -1 -1 -1 -1 -1 -1 -1 -1 -1 -1 1917 1975 1989 2155 2098 2209 2247 2253 2278 2242 2131 2172 1994 2043 2053 2074 2062 2051 2066 2077 2069 2090 2079 2155 2167 2167 2256 2300 2300 2338 2378 2436 2616 2616 2637 2661 2754 2862 2881 2964 2972 2972 2938 2937 2869 2892 2870 2869 2863 2914 3009 2936 2924 2873 2885 2885 2719 2719 2648 2599 2675 2676 2676 2654 2757 2767 2801 2846 2857 2891
-1 -1 -1 -1 -1 -1 -1 -1 -1 -1 -1 -1 -1 -1 -1 -1 -1 -1 -1 -1 -1 -1 -1 -1 -1 -1 1986 2015 2074 2144 2144 2183 2253 2278 2278 2278 2223 2180 2158 2053 2097 2158 2089 2097 2086 2055 2066 2079 2143 2143 2133 2155 2255 2278 2413 2436 2405 2413 2499 2616 2626 2685 2743 2795 2938 2938 2972 2961 2939 2869 2869 2821 2829 2629 -1 -1 2627 2664 2839 2804 2827 2816 2769 2707 2631 2631 2632 2631 2643 2709 2665 2725 2755 2823 2849 2891
-1 -1 -1 -1 -1 -1 -1 -1 -1 -1 -1 -1 -1 -1 -1 -1 -1 -1 -1 -1 -1 -1 -1 -1 -1 1986 1986 2034 2074 2144 2144 2219 2219 2247 2266 2267 2267 2180 2169 2169 2158 2158 2146 2147 2138 2102 2058 2078 2143 2135 2134 2143 2212 2255 2369 2447 2424 2490 2490 2594 2673 2826 2869 2870 2903 2927 2927 2862 2713 2858 2858 2807 2818 2662 2651 2643 2657 2665 2688 2804 2769 2708 2708 2664 2631 2620 2520 2383 2383 2603 2665 2614 2747 2747 2788 2803
