R/urupa/arrival.asc
NCOLS 638
NROWS 825
XLLCORNER -2985163.8955
YLLCORNER -3022031.214
CELLSIZE 10000
NODATA_value -1
[rows 460 to 505 of 825, columns 288 to 383 of 638]
-1 -1 -1 -1 -1 -1 -1 -1 -1 -1 -1 -1 -1 -1 -1 -1 -1 -1 -1 -1 -1 -1 -1 -1 -1 1975 1997 2012 2045 2085 2133 2187 2208 2244 2267 2267 2231 2006 2045 2020 2054 2158 2147 2147 2137 2082 2078 2078 2086 2132 2121 2132 2150 2343 2282 2439 2459 2487 2490 2594 2756 2872 2905 2904 2916 2927 2927 2770 2794 2858 2858 2818 2818 2818 2795 2665 2665 2688 2804 2804 2796 2699 2697 2665 2620 2577 2509 2390 -1 2322 2359 2339 2357 2357 2731 2745
-1 -1 -1 -1 -1 -1 -1 -1 -1 -1 -1 -1 -1 -1 -1 -1 -1 -1 -1 -1 -1 -1 -1 -1 -1 -1 1997 2012 2045 2096 2133 2186 2210 2233 2233 2256 2221 1925 1953 2020 2040 2111 2147 2147 2146 2112 2104 2110 2120 2146 2162 2172 2197 2335 2343 2412 2481 2481 2558 2615 2615 2834 2905 2905 2896 2893 2870 2789 2859 2859 2846 2807 2836 2807 2796 2796 2725 2736 2782 2793 2758 2697 2697 2697 2620 2568 2509 2383 -1 -1 -1 2323 -1 2357 -1 2742
-1 -1 -1 -1 -1 -1 -1 -1 -1 -1 -1 -1 -1 -1 -1 -1 -1 -1 -1 -1 -1 -1 -1 -1 -1 -1 -1 -1 2022 2037 2107 2141 2196 2197 2222 2222 2152 1925 1925 1961 2029 2114 2136 2146 2146 2100 2104 2113 2121 2117 2214 2225 2161 2224 2367 2415 2458 2481 2559 2604 2604 2592 2869 2905 2869 2788 2847 2848 2859 2859 2847 2836 2836 2800 2796 2796 2771 2771 2793 2793 2793 2758 2688 2654 2629 2576 2423 2361 -1 -1 -1 -1 -1 -1 -1 -1
-1 -1 -1 -1 -1 -1 -1 -1 -1 -1 -1 -1 -1 -1 -1 -1 -1 -1 -1 -1 -1 -1 -1 -1 -1 -1 -1 -1 -1 1967 2088 2096 2133 2141 2176 2185 2151 1903 1899 1961 1973 2069 2125 2125 2138 2089 2104 2148 2228 2236 2236 2225 2205 2223 2291 2367 2447 2473 2559 2604 2604 2812 2861 2742 2812 2858 2858 2835 2848 2848 2837 2836 2836 2825 2795 2787 2773 2771 2782 2782 2712 2696 2696 2629 2565 2522 2412 2350 -1 -1 -1 -1 -1 -1 -1 -1
-1 -1 -1 -1 -1 -1 -1 -1 -1 -1 -1 -1 -1 -1 -1 -1 -1 -1 -1 -1 -1 -1 -1 -1 -1 -1 -1 -1 -1 -1 -1 -1 2099 2107 2151 2163 2044 1861 1883 1953 1961 1995 2102 2123 2125 2078 2123 2148 2149 2257 2272 2306 2303 2280 2320 2367 2412 2412 2569 2593 2603 2603 2592 2588 2730 2858 2858 2847 2848 2848 2835 2827 2835 2835 2795 2795 2784 2771 2736 2736 2700 2692 2662 2629 2621 2554 2410 2402 -1 -1 -1 -1 -1 2227 -1 2228
-1 -1 -1 -1 -1 -1 -1 -1 -1 -1 -1 -1 -1 -1 -1 -1 -1 -1 -1 -1 -1 -1 -1 -1 -1 -1 -1 -1 -1 -1 -1 -1 -1 1847 2068 2151 2142 1969 1936 1914 1939 2031 2036 2103 2146 2115 2148 2237 2269 2314 2326 2314 2303 2280 2356 2358 2401 2401 2561 2603 2569 2571 2560 2668 2707 2792 2847 2847 2835 2836 2835 2835 2835 2827 2752 2784 2784 2760 2737 2692 2689 2662 2618 2566 2491 2443 2410 2410 2269 2270 2295 2303 2304 2271 2303 2261
-1 -1 -1 -1 -1 -1 -1 -1 -1 -1 -1 -1 -1 -1 -1 -1 -1 -1 -1 -1 -1 -1 -1 -1 -1 -1 -1 -1 -1 -1 -1 -1 -1 1676 1935 2008 2140 2011 2010 1925 1998 2038 2058 2066 2146 2157 2157 2182 2270 2315 2348 2325 2280 2281 2325 2358 2436 2436 2480 2371 2531 2531 2538 2610 2665 2730 2847 2847 2790 2814 2814 2824 2824 2801 2766 2773 2761 2747 2726 2692 2692 2662 2618 2540 2499 2488 2454 2388 2310 2292 2363 2371 2338 2337 2326 2253
-1 -1 -1 -1 -1 -1 -1 -1 -1 -1 -1 -1 -1 -1 -1 -1 -1 -1 -1 -1 -1 -1 -1 -1 -1 -1 -1 -1 -1 -1 -1 -1 -1 1839 1896 1997 2129 2129 2050 2047 2072 2084 2090 2143 2165 2113 2157 2262 2270 2314 2382 2382 2269 2272 2350 2358 2436 2446 2425 2371 2348 2457 2543 2642 2730 2730 2768 2824 2824 2814 2800 2803 2813 2801 2766 2761 2761 2756 2692 2596 2651 2651 2558 2543 2558 2529 2477 2399 2343 2371 2382 2405 2371 2360 2337 2238
-1 -1 -1 -1 -1 -1 -1 -1 -1 -1 -1 -1 -1 -1 -1 -1 -1 -1 -1 -1 -1 -1 -1 -1 -1 -1 -1 -1 -1 -1 -1 -1 1704 1896 1896 2128 2129 2129 2118 2118 2096 2107 2165 2176 2168 2176 2190 2220 2270 2270 2374 2382 2349 2278 2347 2347 2373 2415 2504 2425 2457 2554 2554 2565 2730 2758 2768 2824 2824 2813 2803 2813 2813 2813 2790 2779 2767 2767 2628 2604 2651 2651 2607 2558 2558 2535 2480 2458 2388 2405 2406 2405 2405 2372 2349 2314
-1 -1 -1 -1 -1 -1 -1 -1 -1 -1 -1 -1 -1 -1 -1 -1 -1 -1 -1 -1 -1 -1 -1 -1 -1 -1 -1 -1 -1 -1 -1 -1 1716 1828 1885 1986 2022 2117 2118 2118 2107 2107 2210 2210 2176 2280 2280 2269 2269 2290 2313 2382 2383 2371 2370 2393 2415 2503 2571 2518 2515 2616 2546 2642 2719 2766 2789 2789 2813 2813 2803 2803 2802 2790 2790 2779 2779 2767 2767 2640 2640 2640 2570 2593 2559 2536 2515 2472 2447 2426 2417 2417 2349 2348 2337 2329
-1 -1 -1 -1 -1 -1 -1 -1 -1 -1 -1 -1 -1 -1 -1 -1 -1 -1 -1 -1 -1 -1 -1 -1 -1 -1 -1 -1 -1 -1 -1 -1 -1 1727 1874 1973 1999 2082 2083 2117 2117 2154 2210 2233 2244 2280 2280 2279 2302 2313 2313 2348 2383 2383 2370 2381 2415 2571 2571 2582 2639 2639 2650 2653 2708 2766 2767 2778 2768 2802 2802 2801 2802 2802 2767 2743 2758 2617 2617 2595 2593 2596 2593 2593 2582 2547 2524 2514 2514 2437 2417 2393 2348 2321 2273 2260
-1 -1 -1 -1 -1 -1 -1 -1 -1 -1 -1 -1 -1 -1 -1 -1 -1 -1 -1 -1 -1 -1 -1 -1 -1 -1 -1 -1 -1 -1 -1 -1 -1 -1 1738 1874 1975 1999 2082 2108 2117 2121 2202 2211 2244 2280 2279 2271 2291 2313 2305 2324 2394 2394 2393 2407 2549 2571 2593 2628 2639 2650 2697 2697 2755 2755 2744 2778 2778 2793 2801 2781 2801 2801 2779 2711 2700 2606 2605 2548 2559 2536 2559 2527 2535 2547 2524 2524 2514 2440 2428 2428 2370 2333 2333 2332
-1 -1 -1 -1 -1 -1 -1 -1 -1 -1 -1 -1 -1 -1 -1 -1 -1 -1 -1 -1 -1 -1 -1 -1 -1 -1 -1 -1 -1 -1 -1 -1 -1 -1 -1 1874 1874 2073 2082 2082 2110 2121 2121 2210 2222 2200 2221 2255 2291 2302 2312 2337 2359 2394 2394 2393 2538 2583 2594 2630 2641 2696 2697 2712 2723 2715 2733 2766 2767 2766 2801 2757 2748 2801 2793 2726 2680 2576 2550 2517 2207 2459 2481 2481 2491 2492 2513 2503 2448 2449 2428 2439 2439 2396 2333 2344
-1 -1 -1 -1 -1 -1 -1 -1 -1 -1 -1 -1 -1 -1 -1 -1 -1 -1 -1 -1 -1 -1 -1 -1 -1 -1 -1 -1 -1 -1 -1 -1 -1 -1 -1 -1 1784 1977 1977 1999 2060 2071 2113 2077 2043 2011 2012 2212 2250 2302 2312 2337 2348 2347 2359 2492 2548 2583 2594 2676 2687 2698 2696 2701 2712 2710 2721 2732 2766 2732 2758 2755 2748 2748 2767 2722 2722 2546 2546 2174 1802 2207 2381 2470 2481 2480 2503 2480 2448 2449 2449 2460 2460 2471 2394 2482
-1 -1 -1 -1 -1 -1 -1 -1 -1 -1 -1 -1 -1 -1 -1 -1 -1 -1 -1 -1 -1 -1 -1 -1 -1 -1 -1 -1 -1 -1 -1 -1 -1 -1 -1 -1 1863 1863 1863 1976 1976 1999 2069 2077 1980 1959 1930 2034 2229 2294 2302 2302 2405 2405 2414 2484 2548 2548 2629 2687 2687 2696 2698 2701 2712 2710 2721 2724 2732 2652 2679 2635 2700 2736 2737 2722 2688 2575 2546 2524 2207 1685 1685 2334 2435 2437 2437 2436 2428 2448 2449 2460 2460 2471 2471 2482
-1 -1 -1 -1 -1 -1 -1 -1 -1 -1 -1 -1 -1 -1 -1 -1 -1 -1 -1 -1 -1 -1 -1 -1 -1 -1 -1 -1 -1 -1 -1 -1 -1 -1 -1 1763 1804 1862 1854 1706 1965 1999 1999 1967 1967 1956 1930 2013 2146 2172 2273 2302 2408 2470 2481 2492 2568 2582 2664 2664 2687 2690 2698 2701 2710 2710 2710 2569 2546 2535 2496 2613 2699 2700 2711 2711 2654 2586 1814 1814 1803 1685 -1 2334 2346 2435 2436 2436 2402 2413 2436 2460 2439 2460 2403 2298
-1 -1 -1 -1 -1 -1 -1 -1 -1 -1 -1 -1 -1 -1 -1 -1 -1 -1 -1 -1 -1 -1 -1 -1 -1 -1 -1 -1 -1 -1 -1 -1 -1 -1 -1 -1 1794 1862 1862 1759 1977 1988 1976 1965 1967 1945 1931 2052 2146 2209 2217 2347 2416 2470 2503 2568 2653 2664 2630 2667 2678 2678 2689 2699 2698 2699 2567 2536 2485 2484 2496 2496 2612 2645 2711 2654 2620 2578 1825 1825 1758 1688 2267 2325 2427 2435 2435 2383 2383 2413 2405 2405 2404 2403 2288 2288
-1 -1 -1 -1 -1 -1 -1 -1 -1 -1 -1 -1 -1 -1 -1 -1 -1 -1 -1 -1 -1 -1 -1 -1 -1 -1 -1 -1 -1 -1 -1 -1 -1 -1 -1 -1 1795 1851 1851 1832 1988 1988 1942 1957 1965 1942 1908 2063 2063 2217 2217 2416 2439 2482 2556 2545 2579 2653 2653 2667 2640 2668 2571 2555 2643 2555 2473 2465 2386 2378 2406 2389 2499 2620 2654 2646 2598 2487 1825 1825 1823 1718 2279 2347 2369 2372 2369 2370 2370 2301 2266 2321 2266 2403 2342 2121
-1 -1 -1 -1 -1 -1 -1 -1 -1 -1 -1 -1 -1 -1 -1 -1 -1 -1 -1 -1 -1 -1 -1 -1 -1 -1 -1 -1 -1 -1 -1 -1 -1 -1 -1 -1 1794 1820 1840 1840 1942 1896 1832 1943 1954 1931 1799 2063 2151 2195 2206 2427 2462 2485 2533 2642 2653 2631 2656 2656 2606 2606 2516 2440 2532 2462 2361 2361 2356 2356 2389 2389 2429 2507 2609 2609 2597 2444 1836 1836 1823 1729 2313 2347 2361 2369 2361 2359 2336 2236 2266 2266 2232 2235 2243 2221
-1 -1 -1 -1 -1 -1 -1 -1 -1 -1 -1 -1 -1 -1 -1 -1 -1 -1 -1 -1 -1 -1 -1 -1 -1 -1 -1 -1 -1 -1 -1 -1 -1 -1 -1 -1 1786 1794 1829 1840 1843 1846 1854 1896 1854 1766 2094 2183 2189 2206 2297 2450 2519 2519 2490 2564 2642 2645 2656 2656 2621 2595 2407 2418 2429 2462 2428 2373 2353 2352 2318 2111 2053 2429 2533 2609 2507 2243 1993 1892 1888 1847 2327 2335 2347 2358 2335 2257 2234 2187 2186 2209 2201 2057 2209 2210
-1 -1 -1 -1 -1 -1 -1 -1 -1 -1 -1 -1 -1 -1 -1 -1 -1 -1 -1 -1 -1 -1 -1 -1 -1 -1 -1 -1 -1 -1 -1 -1 -1 -1 -1 1707 1707 1737 1783 1783 1818 1810 1854 1802 1724 1766 2083 2184 2305 2339 2339 2381 2442 2519 2519 2531 2642 2642 2645 2645 2642 2620 2543 2535 2510 2462 2462 2441 2373 2352 2352 2163 2174 2174 2130 2220 2199 2016 2016 1892 1903 1902 2267 2291 2324 2313 2301 2214 2214 2165 2001 2012 2004 1972 2022 2046
-1 -1 -1 -1 -1 -1 -1 -1 -1 -1 -1 -1 -1 -1 -1 -1 -1 -1 -1 -1 -1 -1 -1 -1 -1 -1 -1 -1 -1 -1 -1 -1 -1 -1 -1 -1 1707 1772 1783 1776 1776 1790 1799 1776 1721 2011 2097 2237 2305 2339 2331 2294 2381 2508 2580 2588 2609 2645 2631 2645 2642 2634 2584 2555 2532 2520 2462 2452 2417 2409 2341 2141 2094 2105 2155 2139 2139 1983 1916 1899 1903 2125 2233 2137 2137 2148 2148 2154 2148 1990 1989 1958 1958 1960 1968 2011
-1 -1 -1 -1 -1 -1 -1 -1 -1 -1 -1 -1 -1 -1 -1 -1 -1 -1 -1 -1 -1 -1 -1 -1 -1 -1 -1 -1 -1 -1 -1 -1 -1 -1 -1 -1 -1 1707 1696 1764 1768 1779 1790 1909 1828 2019 2105 2229 2273 2328 2328 2381 2390 2485 2565 2588 2574 2609 2631 2633 2612 2584 2584 2577 2577 2532 2497 2452 2417 2373 2318 2173 2096 2105 2097 2071 2071 2104 1986 2115 2114 2126 2126 2137 2137 2148 2140 1946 1947 1947 1946 1904 1547 1637 1477 1863
-1 -1 -1 -1 -1 -1 -1 -1 -1 -1 -1 -1 -1 -1 -1 -1 -1 -1 -1 -1 -1 -1 -1 -1 -1 -1 -1 -1 -1 -1 -1 -1 -1 -1 -1 -1 -1 -1 -1 1670 1678 1790 1746 1953 1964 2019 1909 2226 2263 2328 2282 2358 2370 2390 2550 2574 2577 2576 2620 2619 2585 2554 2544 2577 2543 2497 2509 2430 2417 2373 2318 2309 2128 2096 2094 2082 2082 2106 2104 2115 2115 2126 2126 1911 1935 1935 1946 1938 1683 1902 1794 1593 1572 1523 1522 1844
-1 -1 -1 -1 -1 -1 -1 -1 -1 -1 -1 -1 -1 -1 -1 -1 -1 -1 -1 -1 -1 -1 -1 -1 -1 -1 -1 -1 -1 -1 -1 -1 -1 -1 -1 -1 -1 -1 1644 1678 1748 1872 1917 1964 1964 1964 1942 2204 2227 2271 2237 2293 2320 2409 2529 2551 2562 2597 2575 2574 2499 2531 2531 2523 2500 2497 2455 2489 2406 2339 2307 2239 2200 2139 2083 2103 2093 2114 2114 2115 2115 1913 1924 1924 1935 1935 1924 1846 1902 1902 1902 1731 1582 1534 1534 1522
-1 -1 -1 -1 -1 -1 -1 -1 -1 -1 -1 -1 -1 -1 -1 -1 -1 -1 -1 -1 -1 -1 -1 -1 -1 -1 -1 -1 -1 -1 -1 -1 -1 -1 -1 -1 -1 -1 1656 1722 1838 1872 1953 1953 2000 2000 1997 2183 2183 2194 2194 2293 2367 2420 2431 2536 2517 2546 2552 2517 2474 2488 2474 2463 2437 2475 2394 2406 2395 2339 2307 2240 2208 2208 2117 2104 2103 2114 2072 1945 1932 1910 1924 1924 1835 1835 1821 1732 1772 1963 1971 1889 1638 1594 1594 1556
-1 -1 -1 -1 -1 -1 -1 -1 -1 -1 -1 -1 -1 -1 -1 -1 -1 -1 -1 -1 -1 -1 -1 -1 -1 -1 -1 -1 -1 -1 -1 -1 -1 -1 -1 -1 -1 -1 1667 1734 1850 1902 1953 1989 2073 2016 2019 1994 2150 2193 2204 2362 2409 2362 2431 2409 2456 2467 2444 2467 2474 2262 2251 2290 2360 2383 2383 2350 2349 2307 2307 2262 2186 2208 2142 2104 2103 2093 2043 1932 1910 1877 1814 1837 1837 1826 1824 1764 1772 1971 1971 1783 1638 1638 1727 1556
-1 -1 -1 -1 -1 -1 -1 -1 -1 -1 -1 -1 -1 -1 -1 -1 -1 -1 -1 -1 -1 -1 -1 -1 -1 -1 -1 -1 -1 -1 -1 -1 -1 -1 -1 -1 -1 -1 -1 1734 1850 1913 1946 1992 2073 2084 2084 2095 2196 2204 2204 2362 2362 2328 2328 2328 2317 2317 2284 2271 2273 2215 2207 2204 2193 2277 2288 2288 2299 2262 2254 2240 2210 2197 2166 2104 2092 2080 2043 1924 1844 1680 1793 1829 1837 1833 1821 1811 1775 1960 1783 1775 1773 1776 1807 1784
-1 -1 -1 -1 -1 -1 -1 -1 -1 -1 -1 -1 -1 -1 -1 -1 -1 -1 -1 -1 -1 -1 -1 -1 -1 -1 -1 -1 -1 -1 -1 -1 -1 -1 -1 -1 -1 -1 -1 1734 1838 1858 1991 2070 2073 2084 2084 2027 2094 2204 2226 2293 2340 2328 2320 2306 2294 2317 2181 1949 1938 1938 1929 1915 1943 2007 2041 2175 2229 2262 2173 2218 2218 2186 2139 2091 2048 1966 1932 1855 1409 1587 1724 1810 1833 1845 1856 1833 1878 1960 1960 1783 1785 1796 1807 1807
-1 -1 -1 -1 -1 -1 -1 -1 -1 -1 -1 -1 -1 -1 -1 -1 -1 -1 -1 -1 -1 -1 -1 -1 -1 -1 -1 -1 -1 -1 -1 -1 -1 -1 -1 -1 -1 -1 -1 -1 1830 1858 2002 2036 2047 2070 2058 2058 2001 2149 2181 2283 2272 2216 2161 2161 2119 2059 2051 1949 1938 1938 1937 1904 1920 1941 2041 2033 2145 2229 2173 2165 2174 2174 2110 2032 2021 1955 1553 1836 1409 1294 1724 1810 1833 1856 1938 1845 1845 1949 1949 1869 1847 1806 1796 1727
-1 -1 -1 -1 -1 -1 -1 -1 -1 -1 -1 -1 -1 -1 -1 -1 -1 -1 -1 -1 -1 -1 -1 -1 -1 -1 -1 -1 -1 -1 -1 -1 -1 -1 -1 -1 -1 -1 -1 -1 1816 1913 1994 2036 2062 2070 2070 2058 1962 2127 2149 2249 2160 2150 2161 2127 2071 1958 2059 2048 1926 1937 1937 1903 1858 1946 1954 2007 2041 2145 2173 2173 2162 2133 2133 2010 1970 1900 1556 1761 1588 1587 1728 1742 1822 1833 1859 1938 1949 1949 1949 1869 1843 1785 1704 1704
-1 -1 -1 -1 -1 -1 -1 -1 -1 -1 -1 -1 -1 -1 -1 -1 -1 -1 -1 -1 -1 -1 -1 -1 -1 -1 -1 -1 -1 -1 -1 -1 -1 -1 -1 -1 -1 -1 -1 1834 1880 1936 1979 2036 2047 2059 2037 2036 1974 1998 2093 2152 2160 2127 2104 2059 1859 1949 2048 1993 1904 1926 1904 1900 1946 1954 1954 1952 1996 2076 2076 2162 2162 2133 2056 2011 1934 1634 1612 1761 1761 1761 1795 1787 1833 1929 1938 1938 1937 1867 1858 1843 1714 1685 1601 1556
-1 -1 -1 -1 -1 -1 -1 -1 -1 -1 -1 -1 -1 -1 -1 -1 -1 -1 -1 -1 -1 -1 -1 -1 -1 -1 -1 -1 -1 -1 -1 -1 -1 -1 -1 -1 -1 -1 -1 1834 1880 1958 1950 2013 2036 2028 1951 2007 2029 2040 2040 2036 2085 2093 2071 1884 1886 2037 2048 1973 1970 1904 1903 1900 1935 1946 1928 1952 1989 2076 2015 2139 2162 2151 2055 1998 1705 1705 1716 1589 1738 1795 1806 1795 1880 1937 1937 1872 1839 1843 1784 1783 1714 1714 1593 1540
-1 -1 -1 -1 -1 -1 -1 -1 -1 -1 -1 -1 -1 -1 -1 -1 -1 -1 -1 -1 -1 -1 -1 -1 -1 -1 -1 -1 -1 -1 -1 -1 -1 -1 -1 -1 -1 616 684 1872 1880 1958 1958 2002 1936 1935 1927 1962 2029 2040 2032 1962 1882 1927 1919 1870 1894 1993 2037 2037 1990 1948 1949 1983 1957 1946 1916 1850 1952 2076 2034 2044 2151 2055 2033 1988 1705 1705 1704 1588 1717 1752 1804 1871 1915 1937 1893 1827 1714 1827 1773 1832 1773 1724 1678 1575
-1 -1 -1 -1 -1 -1 -1 -1 -1 -1 -1 -1 -1 -1 -1 -1 -1 -1 -1 -1 -1 -1 -1 -1 -1 -1 -1 -1 -1 -1 -1 -1 -1 -1 -1 -1 -1 650 684 1856 1868 1892 1924 1916 1902 1842 1884 1918 1995 2006 1995 1940 1919 1882 1915 1871 1914 1981 2037 2037 1970 1956 1991 1991 1957 1905 1905 1905 2009 2065 2053 2139 2131 2012 1683 1694 1699 1694 1693 1747 1365 1733 1833 1915 1915 1891 1868 1781 1772 1772 1832 1832 1832 1712 1698 1613
-1 -1 -1 -1 -1 -1 -1 -1 -1 -1 -1 -1 -1 -1 -1 -1 -1 -1 -1 -1 -1 -1 -1 -1 -1 -1 -1 -1 -1 -1 -1 -1 -1 -1 -1 -1 639 684 1790 1848 1868 1890 1913 1913 1882 1811 1789 1884 1876 1972 1973 1927 1927 1927 1927 1949 1941 2026 2026 1991 2025 2017 1991 1969 1930 1930 1962 1951 1997 2065 2128 2128 2042 1990 1517 1778 1840 1843 1851 1754 1747 1799 1868 1915 1915 1868 1833 1781 1776 1786 1821 1820 1774 1701 1701 1719
-1 -1 -1 -1 -1 -1 -1 -1 -1 -1 -1 -1 -1 -1 -1 -1 -1 -1 -1 -1 -1 -1 -1 -1 -1 -1 -1 -1 -1 -1 -1 -1 -1 -1 -1 617 650 673 685 1813 1846 1868 1902 1890 1845 1803 1767 1757 1757 1782 1849 1860 1927 1927 1927 1949 1982 1990 2026 2025 2025 2014 1980 1980 1963 1997 1975 1998 2031 2031 2128 2128 2043 1970 1829 1840 1908 1874 1851 1851 1835 1846 1904 1904 1868 1868 1784 1770 1811 1821 1821 1821 1763 1751 1710 1730
-1 -1 -1 -1 -1 -1 -1 -1 -1 -1 -1 -1 -1 -1 -1 -1 -1 -1 -1 -1 -1 -1 -1 -1 -1 -1 -1 -1 -1 -1 -1 -1 -1 -1 -1 616 650 662 685 684 696 1834 1890 1890 1837 1759 1723 1712 1701 1688 1804 1852 1883 1883 1927 1927 1916 1957 1957 2003 2025 1956 1963 1963 1952 1997 2009 2036 2036 2082 2117 2117 2060 2034 1970 1959 1937 1937 1885 1885 1892 1892 1895 1903 1835 1811 1833 1822 1822 1809 1810 1810 1774 1752 1812 1826
-1 -1 -1 -1 -1 -1 -1 -1 -1 -1 -1 -1 -1 -1 -1 -1 -1 -1 -1 -1 -1 -1 -1 -1 -1 -1 -1 -1 -1 -1 -1 -1 -1 -1 -1 -1 -1 627 -1 -1 695 696 1613 1834 1679 1679 719 742 1679 1688 1677 1818 1838 1860 1885 1894 1905 1894 1906 1914 1916 1933 1955 1963 2003 2026 2037 2071 2049 2083 2117 2117 2061 2048 2013 2025 1937 1937 1911 1881 1881 1892 1903 1903 1801 1800 1811 1822 1822 1800 1810 1823 1815 1823 1823 1834
-1 -1 -1 -1 -1 -1 -1 -1 -1 -1 -1 -1 -1 -1 -1 -1 -1 -1 -1 -1 -1 -1 -1 -1 -1 -1 -1 -1 -1 -1 -1 -1 -1 -1 -1 -1 -1 -1 -1 -1 -1 645 660 718 1679 719 719 730 739 764 1300 1666 1717 1826 1827 1858 1894 1893 1892 1903 1915 1915 1952 1992 2004 2063 2071 2094 2105 2105 2106 2106 2106 2070 2059 2028 1937 1948 1948 1881 1881 1829 1826 1846 1834 1811 1811 1870 1870 1876 1876 1864 1865 1776 1765 1834
-1 -1 -1 -1 -1 -1 -1 -1 -1 -1 -1 -1 -1 -1 -1 -1 -1 -1 -1 -1 -1 -1 -1 -1 -1 -1 -1 -1 -1 -1 -1 -1 -1 -1 -1 -1 -1 -1 -1 -1 -1 -1 -1 -1 -1 -1 -1 718 741 764 808 1337 1655 1767 1778 1858 1894 1800 1881 1881 1893 1915 1981 1992 2015 2071 2071 2094 2036 2073 2097 2105 2106 2070 2048 2036 2036 1994 1948 1962 1949 1879 1856 1949 1903 1938 1927 1916 1915 1916 1912 1911 1801 1801 1765 1869
-1 -1 -1 -1 -1 -1 -1 -1 -1 -1 -1 -1 -1 -1 -1 -1 -1 -1 -1 -1 -1 -1 -1 -1 -1 -1 -1 -1 -1 -1 -1 -1 -1 -1 -1 -1 -1 -1 -1 -1 -1 -1 -1 -1 -1 -1 -1 -1 741 764 807 819 1337 1366 1770 1790 1858 1789 1789 1847 1894 1904 1963 1992 2029 2037 1995 1862 1862 1851 1851 2043 2051 2051 2040 2040 2036 1995 1959 1984 1983 1983 1949 1949 1938 1938 1927 1927 1916 1923 1934 1945 1875 1801 1858 1869
-1 -1 -1 -1 -1 -1 -1 -1 -1 -1 -1 -1 -1 -1 -1 -1 -1 -1 -1 -1 -1 -1 -1 -1 -1 -1 -1 -1 -1 -1 -1 -1 -1 -1 -1 -1 -1 -1 -1 -1 -1 -1 -1 -1 -1 -1 -1 -1 -1 744 774 819 1337 1355 1680 1778 1823 1680 1781 1789 1894 1894 1941 1970 2003 1981 1928 1862 1854 1840 1851 1840 2012 2016 2040 2040 2029 2017 1984 1984 1983 1975 1941 1880 1903 1891 1882 1883 1916 1922 1934 1945 1945 1875 1910 1923
-1 -1 -1 -1 -1 -1 -1 -1 -1 -1 -1 -1 -1 -1 -1 -1 -1 -1 -1 -1 -1 -1 -1 -1 -1 -1 -1 -1 -1 -1 -1 -1 -1 -1 -1 -1 -1 -1 -1 -1 -1 -1 -1 -1 -1 -1 -1 -1 -1 -1 -1 830 830 1337 1431 1613 1702 1739 1739 1767 1766 1872 1906 1928 1920 1849 1841 1792 1792 1737 1780 1672 1671 2006 2006 2017 2017 2009 1984 1983 1914 1869 1847 1880 1872 1880 1880 1869 1899 1899 1947 1980 1969 1945 1991 2017
-1 -1 -1 -1 -1 -1 -1 -1 -1 -1 -1 -1 -1 -1 -1 -1 -1 -1 -1 -1 -1 -1 -1 -1 -1 -1 -1 -1 -1 -1 -1 -1 -1 -1 -1 -1 -1 -1 -1 -1 -1 -1 -1 -1 -1 -1 -1 -1 -1 -1 -1 -1 830 1143 1397 1613 1646 1657 1657 1706 1728 1861 1883 1917 1872 1580 1803 1792 1704 1737 1639 1671 1671 1649 1932 1982 1974 1959 1971 1903 1836 1391 1391 1798 1779 1318 1847 1846 1833 1901 1946 2005 2006 2017 2009 2020
-1 -1 -1 -1 -1 -1 -1 -1 -1 -1 -1 -1 -1 -1 -1 -1 -1 -1 -1 -1 -1 -1 -1 -1 -1 -1 -1 -1 -1 -1 -1 -1 -1 -1 -1 -1 -1 -1 -1 -1 -1 -1 -1 -1 -1 -1 -1 -1 -1 -1 -1 841 841 1157 1376 1561 1567 1624 1657 1634 1635 1640 1850 1872 1849 1536 1525 1558 1569 1592 1603 1660 1637 1614 1548 1548 1537 1266 1266 1380 1380 1244 1225 1203 1203 1205 1318 1502 1503 1957 1980 -1 1995 2017 2017 2020
