R/urupa/arrival.asc
NCOLS 638
NROWS 825
XLLCORNER -2985163.8955
YLLCORNER -3022031.214
CELLSIZE 10000
NODATA_value -1
[rows 322 to 367 of 825, columns 384 to 479 of 638]
1989 1757 1746 1745 1856 1856 1856 1753 1743 1651 1581 1664 1675 1675 1741 1741 1757 1757 1687 1605 1649 1696 1626 1603 1538 -1 1461 1561 1562 1562 1529 1526 1526 1545 1523 -1 1438 1427 1409 1351 1358 1358 1347 1335 1257 1256 1269 1329 1296 1361 1326 1276 1234 1282 1274 1282 1237 1192 1179 1102 1102 1060 940 940 863 852 787 -1 -1 701 -1 -1 -1 -1 -1 -1 -1 -1 -1 -1 -1 -1 -1 -1 -1 -1 -1 -1 -1 -1 -1 -1 -1 -1 -1 -1
1989 1965 1978 1944 1936 1877 1878 1833 1717 1649 1590 1590 1590 1686 1698 1768 1768 1720 1687 1707 1698 1577 1603 1603 1515 1479 1549 1549 1596 1573 1564 1564 1520 1545 1545 1438 1438 1427 1427 1369 1361 1347 1347 1290 1282 1302 1302 1329 1361 1361 1350 1291 1268 1248 1282 1215 1214 1181 1168 1058 1102 1011 935 917 873 852 787 776 746 746 746 -1 -1 -1 -1 -1 -1 -1 -1 -1 -1 -1 -1 -1 -1 -1 -1 -1 -1 -1 -1 -1 -1 -1 -1 -1
2012 2012 1978 1967 1956 1933 1900 1900 1776 1578 1665 1665 1657 1687 1698 1779 1779 1718 1707 1733 1707 1597 1549 1653 1548 -1 1572 1595 1607 1607 1586 1644 1563 1553 1523 1360 1360 1416 1416 1396 1369 1282 1291 1324 1324 1301 1302 1362 1361 1352 1350 1339 1327 1327 1248 1179 1163 1157 1045 1001 1025 1001 990 979 976 901 851 776 767 753 723 695 -1 -1 -1 -1 -1 -1 -1 -1 -1 -1 -1 -1 -1 -1 -1 -1 -1 -1 -1 -1 -1 -1 -1 -1
2024 2100 2023 2013 1944 1939 1900 1776 1801 1633 1540 1665 1566 1701 1764 1764 1779 1771 1733 1732 1707 1590 1531 1664 1675 1641 1606 1606 1599 1607 1621 1655 1647 1589 1534 1223 1404 1405 1361 1361 1323 1290 1266 1313 1373 1303 1373 1396 1362 1325 1386 1386 1339 1316 1219 1179 1134 1126 1092 1008 1025 1025 1031 1020 1014 968 968 851 840 775 764 706 -1 -1 -1 -1 -1 -1 -1 -1 -1 -1 -1 -1 -1 -1 -1 -1 -1 -1 -1 -1 -1 -1 -1 -1
2100 2100 2046 2046 2035 1947 1902 1799 1810 1810 1679 1679 1810 1721 1764 1779 1780 1780 1697 1672 1672 1643 -1 1606 1675 1675 1641 1632 1607 1588 1577 1655 1655 1621 1534 1482 1339 1405 1405 1394 1281 1499 1280 1266 1384 1373 1373 1371 1396 1363 1364 1386 1328 1328 1306 1179 1123 1123 1043 1032 1032 1092 1092 1026 1014 968 968 957 956 823 824 753 636 -1 -1 -1 -1 -1 -1 -1 -1 -1 -1 -1 -1 -1 -1 -1 -1 -1 -1 -1 -1 -1 -1 -1
2110 2102 2089 2089 2035 1991 1947 1799 1787 1810 1811 1811 1811 1766 1745 1802 1802 1747 1655 1532 1576 1665 1676 1653 1641 1667 1642 1643 1678 1591 1620 1655 1656 1599 1501 1257 -1 1372 1327 1369 1292 1499 1395 1384 1277 1382 1431 1396 1432 1396 1360 1397 1363 1349 1283 1100 1124 1123 1077 1032 1083 1103 1103 1139 1128 1055 1066 988 957 946 868 741 643 614 -1 -1 -1 -1 -1 -1 -1 -1 -1 -1 -1 -1 -1 -1 -1 -1 -1 -1 -1 -1 -1 -1
2133 2122 2099 2089 2078 2027 1936 1902 1799 1800 1811 1694 1821 1813 1745 1802 1802 1756 1684 1640 1687 1687 1687 1676 1676 1661 1678 1678 1654 1666 1667 1656 1656 1613 1609 1609 1596 1571 1498 1542 1542 1537 1499 1384 1384 1387 1442 1443 1432 1398 1431 1397 1388 1328 1283 1112 1135 1112 1032 1103 1114 1150 1150 1153 1154 1153 1145 1131 1021 956 860 823 687 625 -1 -1 -1 -1 -1 -1 -1 -1 -1 -1 -1 -1 -1 -1 -1 -1 -1 -1 -1 -1 -1 -1
2143 2122 2111 2110 2078 2067 1991 1991 1868 1710 1833 1833 1822 1813 1745 1756 1791 1756 1709 1709 1698 1687 1672 1675 1676 1654 1689 1681 1638 1679 1667 1656 1656 1620 1609 1618 1603 1597 1548 1586 1549 1537 1465 1456 1465 1454 1443 1443 1432 1431 1422 1397 1322 1322 1283 1146 1149 1135 1102 1125 1162 1182 1183 1198 1206 1198 1198 1120 1013 956 857 823 687 654 -1 -1 -1 -1 -1 -1 -1 -1 -1 -1 -1 -1 -1 -1 -1 -1 -1 -1 -1 -1 -1 -1
2163 2149 2149 2137 2099 2087 1991 2021 1967 1833 1833 1694 1813 1813 1816 1709 1702 1667 1698 1709 1706 1695 1687 1672 1672 1665 1668 1689 1689 1734 1676 1620 1645 1634 1620 1620 1609 1598 1586 1586 1562 1537 1503 1465 1465 1454 1435 1443 1431 1397 1288 1263 1338 1314 1205 1204 1170 1155 1125 1150 1206 1185 1221 1221 1206 1198 1190 1142 1021 976 933 815 687 650 -1 -1 -1 -1 -1 -1 -1 -1 -1 -1 -1 -1 -1 -1 -1 -1 -1 -1 -1 -1 -1 -1
2171 2171 2171 2138 2110 2091 2044 2058 2035 1956 1921 1913 1882 1871 1860 1840 1848 1767 1706 1800 1765 1788 1710 1710 1688 1671 1689 1692 1723 1734 1711 1634 1634 1634 1631 1620 1609 1598 1586 1545 1571 1538 1468 1446 1469 1460 1435 1435 1424 1387 1295 1263 1338 1311 1213 1251 1251 1232 1162 1229 1229 1232 1238 1260 1218 1210 1199 1142 982 976 812 812 709 654 603 -1 -1 -1 -1 -1 -1 -1 -1 -1 -1 -1 -1 -1 -1 -1 -1 -1 -1 -1 -1 -1
2205 2201 2194 2182 2160 2091 2059 2080 2055 1967 1921 1921 1866 1871 1871 1848 1848 1837 1837 1826 1826 1815 1772 1806 1803 1803 1792 1745 1745 1734 1646 1669 1666 1643 1605 1605 1608 1585 1575 1536 1526 1560 1504 1437 1469 1469 1384 1424 1381 1355 1355 1240 1300 1327 1262 1264 1264 1253 1240 1229 1232 1218 1252 1286 1260 1249 1198 1110 1039 954 789 781 709 603 603 -1 -1 -1 -1 -1 -1 -1 -1 -1 -1 -1 -1 -1 -1 -1 -1 -1 -1 -1 -1 -1
2224 2205 2194 2171 2102 2090 2080 2080 2069 2047 1956 1933 1922 1873 1871 1822 1845 1826 1837 1826 1826 1815 1814 1780 1803 1803 1736 1714 1745 1723 1723 1677 1666 1666 1643 1621 1594 1575 1575 1575 1515 1515 1514 1434 1481 1480 1424 1399 1424 1413 1305 1241 1320 1327 1300 1288 1264 1253 1253 1242 1274 1274 1294 1294 1261 1249 1226 1110 1005 789 789 -1 687 675 602 -1 -1 -1 -1 -1 -1 -1 -1 -1 -1 -1 -1 -1 -1 -1 -1 -1 -1 -1 -1 -1
2224 2202 2194 2136 2125 2102 2080 2080 2044 1958 1956 1956 1945 1856 1859 1856 1787 1767 1775 1780 1804 1778 1814 1814 1756 1792 1746 1704 1689 1700 1703 1677 1666 1666 1643 1621 1594 1583 1583 1583 1563 1546 1494 1349 1481 1481 1469 1327 1413 1402 1346 1304 1300 1300 1316 1289 1240 1283 1283 1283 1274 1275 1272 1294 1283 1249 1227 1088 794 675 667 -1 -1 -1 -1 -1 -1 -1 -1 -1 -1 -1 -1 -1 -1 -1 -1 -1 -1 -1 -1 -1 -1 -1 -1 -1
2211 2213 2175 2155 2113 2102 2071 2079 2045 1980 1959 1947 1945 1945 1903 1891 1834 1710 1740 1775 1788 1788 1779 1782 1755 1746 1746 1745 1724 1724 1677 1677 1666 1655 1643 1635 1594 1539 1583 1583 1572 1571 1571 1413 1402 1481 1470 1322 1413 1413 1326 1391 1320 1315 1316 1316 1294 1294 1320 1303 1295 1283 1318 1272 1251 1217 1088 1054 825 653 -1 -1 -1 -1 -1 -1 -1 -1 -1 -1 -1 -1 -1 -1 -1 -1 -1 -1 -1 -1 -1 -1 -1 -1 -1 -1
2192 2202 2202 2166 2134 2006 2026 2079 2079 2046 1970 2003 1925 1925 1903 1891 1856 1787 1734 1766 1732 1777 1782 1782 1757 1746 1768 1768 1735 1724 1671 1677 1666 1666 1678 1632 1581 1520 1557 1557 1571 1571 1534 1492 1289 1380 1379 1334 1401 1402 1391 1391 1332 1380 1366 1323 1312 1319 1329 1329 1329 1318 1296 1260 1260 1145 1054 1053 840 641 -1 -1 -1 -1 -1 -1 -1 -1 -1 -1 -1 -1 -1 -1 -1 -1 -1 -1 -1 -1 -1 -1 -1 -1 -1 -1
2189 2155 2178 2178 2178 2101 2123 2021 2068 2068 2045 1970 1963 1917 1914 1891 1883 1787 1696 1731 1717 1742 1766 1766 1860 1779 1768 1757 1736 1671 1671 1637 1660 1655 1713 1713 1670 1633 1581 1574 1557 1574 1538 1467 1392 1423 1335 1347 1423 1423 1362 1391 1380 1377 1369 1369 1358 1366 1347 1336 1294 1318 1261 1237 1260 1085 1043 860 794 642 -1 -1 -1 -1 -1 -1 -1 -1 -1 -1 -1 -1 -1 -1 -1 -1 -1 -1 -1 -1 -1 -1 -1 -1 -1 -1
2188 2158 2134 2166 2178 2167 2093 2008 2013 2056 2037 2045 1893 1813 1880 1857 1778 1690 1696 1735 1735 1731 1730 1737 1757 1860 1758 1849 1757 1727 1671 1610 1715 1723 1746 1735 1702 1691 1689 1689 1574 1678 1552 1502 1435 1445 1423 1345 1423 1423 1390 1390 1380 1391 1399 1388 1366 1366 1354 1310 1294 1307 1306 1261 1226 1096 1043 918 641 -1 -1 -1 -1 -1 -1 -1 -1 -1 -1 -1 -1 -1 -1 -1 -1 -1 -1 -1 -1 -1 -1 -1 -1 -1 -1 -1
2227 2150 2117 2142 2131 2167 2098 2074 2008 2010 2034 2034 2011 1781 1857 1857 1849 1746 1746 1735 1735 1730 1730 1719 1750 1852 1860 1849 1849 1838 1838 1715 1757 1746 1780 1780 1724 1702 1689 1681 1678 1610 1607 1552 1540 1445 1434 1341 1370 1423 1412 1390 1399 1399 1396 1399 1400 1376 1355 1344 1333 1295 1286 1271 1230 1186 961 957 883 -1 -1 -1 -1 -1 -1 -1 -1 -1 -1 -1 -1 -1 -1 -1 -1 -1 -1 -1 -1 -1 -1 -1 -1 -1 -1 -1
2261 2227 2227 2150 2139 2109 2120 2120 2019 2010 2012 1952 1978 1754 1765 1739 1779 1696 1746 1701 1722 1679 1730 1708 1708 1734 1849 1838 1818 1838 1838 1803 1721 1791 1791 1780 1749 1702 1691 1655 1678 1667 1552 1607 1596 1481 1459 1434 1411 1412 1412 1403 1403 1403 1410 1411 1411 1393 1380 1355 1347 1284 1314 1272 1272 1193 1021 961 903 -1 -1 -1 -1 -1 -1 -1 -1 -1 -1 -1 -1 -1 -1 -1 -1 -1 -1 -1 -1 -1 -1 -1 -1 -1 -1 -1
2261 2261 2237 2192 2083 2097 2098 2120 2109 1999 1920 1882 1952 1952 1846 1846 1846 1674 1649 1701 1701 1599 1622 1674 1697 1696 1723 1784 1723 1756 1827 1827 1757 1791 1724 1769 1780 1725 1691 1680 1667 1667 1541 1596 1596 1585 1540 1502 1423 1445 1412 1411 1411 1422 1422 1422 1426 1418 1404 1401 1401 1335 1322 1284 1272 1193 1146 928 927 -1 -1 -1 -1 -1 -1 -1 -1 -1 -1 -1 -1 -1 -1 -1 -1 -1 -1 -1 -1 -1 -1 -1 -1 -1 -1 -1
2229 2237 2237 2139 2116 2060 2070 2097 2109 2089 1994 1894 1952 1941 1776 1846 1835 1780 1788 1700 1700 1689 1639 1659 1676 1686 1693 1693 1701 1712 1827 1827 1794 1748 1783 1735 1769 1769 1757 1688 1677 1677 1609 1536 1585 1585 1574 1502 1445 1480 1420 1425 1433 1422 1456 1412 1426 1426 1404 1404 1401 1360 1369 1289 1250 1241 1178 928 928 927 -1 -1 -1 -1 -1 -1 -1 -1 -1 -1 -1 -1 -1 -1 -1 -1 -1 -1 -1 -1 -1 -1 -1 -1 -1 -1
2159 2158 2215 2226 2195 2203 2159 2062 2075 2086 2002 1902 1950 1941 1941 1930 1835 1788 1801 1817 1768 1817 1689 1676 1731 1724 1698 1682 1681 1678 1701 1699 1816 1734 1745 1734 1769 1769 1688 1680 1677 1654 1632 1601 1519 1574 1574 1518 1565 1494 1469 1467 1467 1422 1456 1442 1439 1439 1437 1459 1403 1401 1369 1311 1288 1186 1186 1065 927 927 -1 -1 -1 -1 -1 -1 -1 -1 -1 -1 -1 -1 -1 -1 -1 -1 -1 -1 -1 -1 -1 -1 -1 -1 -1 -1
2246 2205 2226 2226 2226 2215 2204 2040 2025 2086 2086 2075 1987 1979 1950 1965 1929 1918 1823 1818 1828 1770 1805 1731 1731 1732 1732 1682 1682 1644 1652 1710 1723 1745 1745 1734 1722 1700 1680 1688 1670 1654 1646 1601 1522 1574 1574 1573 1552 1494 1469 1483 1495 1445 1439 1484 1449 1512 1512 1470 1462 1414 1378 1311 1250 1175 1171 1102 1056 1045 1044 1068 1068 1025 947 750 750 -1 -1 -1 -1 -1 -1 -1 -1 -1 -1 -1 -1 -1 -1 -1 -1 628 628 628
2251 2251 2205 2215 2204 2171 2204 2168 2093 2063 2075 2075 2004 1987 1954 1976 1936 1919 1919 1829 1908 1828 1758 1767 1732 1733 1732 1655 1633 1633 1632 1652 1629 1629 1722 1700 1722 1711 1661 1670 1662 1654 1654 1590 1511 1475 1496 1573 1573 1551 1494 1506 1495 1495 1484 1484 1481 1512 1512 1484 1470 1470 1412 1288 1250 1175 1160 1160 1124 1068 1070 1068 1078 1025 991 957 750 724 -1 -1 -1 -1 -1 -1 -1 -1 -1 -1 -1 -1 -1 -1 628 632 679 687
2243 2251 2194 2199 2196 2129 2129 2157 2157 2146 2014 2075 2014 1994 1996 1976 1965 1919 1919 1908 1820 1828 1820 1767 1767 1712 1666 1658 1624 1632 1632 1653 1687 1687 1617 1618 1638 1613 1646 1659 1659 1643 1643 1603 1590 1567 1477 1541 1562 1562 1538 1530 1504 1505 1534 1550 1516 1523 1528 1528 1493 1481 1436 1293 1163 1160 1160 1151 1149 1149 1091 1104 1112 1090 1078 1003 780 -1 -1 -1 -1 -1 -1 -1 -1 -1 -1 -1 -1 -1 -1 643 665 665 721 710
2221 2240 2240 2199 2229 2194 2146 2167 2157 2146 2136 2095 2067 2045 2033 1985 1936 1936 1838 1908 1908 1813 1744 1755 1767 1744 1723 1710 1596 1583 1632 1665 1679 1687 1645 1618 1618 1611 1637 1659 1647 1583 1643 1632 1592 1581 1568 1506 1562 1562 1551 1538 1515 1505 1550 1550 1539 1539 1528 1528 1482 1481 1459 1282 1209 1151 1135 1135 1142 1149 1138 1127 1116 1112 1092 1071 980 -1 -1 -1 -1 -1 -1 -1 -1 -1 -1 -1 -1 -1 -1 657 665 690 721 721
2229 2240 2240 2229 2229 2196 2175 2195 2147 2206 2136 2095 2067 2072 2045 1996 1974 1936 1925 1907 1902 1897 1755 1709 1734 1756 1745 1733 1585 1554 1594 1599 1621 1665 1665 1619 1619 1619 1636 1648 1601 1576 1589 1632 1621 1621 1578 1507 1541 1551 1551 1551 1527 1472 1505 1542 1539 1528 1516 1517 1494 1481 1458 1425 1217 1149 1113 1081 1071 1089 1138 1138 1127 1127 1107 1071 983 804 -1 -1 -1 -1 -1 -1 -1 -1 -1 -1 -1 660 661 683 683 724 724 721
2213 2305 2201 2218 2283 2218 2209 2217 2206 2206 2153 2125 2086 2094 2072 1986 1986 1964 1925 1925 1878 1848 1805 1729 1740 1745 1745 1645 1541 1462 1466 1588 1588 1631 1653 1642 1578 1619 1636 1628 1575 1477 1588 1588 1621 1621 1581 1497 1540 1540 1542 1539 1539 1472 1472 1481 1539 1481 1481 1505 1505 1471 1436 1305 1217 1217 1105 1057 1049 1071 1080 1105 1127 1127 1116 1037 804 838 -1 -1 -1 -1 -1 -1 -1 -1 -1 -1 633 661 683 722 734 745 724 700
2237 2304 2212 2226 2283 2228 2249 2217 2159 2206 2156 2125 2094 2094 2083 2032 2008 1974 1948 1914 1914 1902 1894 1802 1740 1744 1736 1663 1549 1515 1501 1477 1486 1508 1532 1544 1565 1584 1625 1608 1573 1551 1528 1559 1612 1620 1578 1534 1539 1554 1576 1542 1534 1197 1450 1461 1472 1472 1481 1494 1474 1458 1436 1280 1268 1195 1114 1068 -1 1060 1049 1083 1116 1116 1105 1060 805 838 838 830 -1 -1 -1 -1 -1 -1 -1 640 641 694 695 734 756 756 735 700
2204 2229 2294 2294 2223 2223 2272 2269 2162 2162 2164 2131 2114 2103 2095 2085 2060 1997 1997 1909 1891 1902 1902 1798 1791 1744 1744 1687 1675 1538 1546 1509 1509 1520 1531 1562 1573 1572 1625 1625 1586 1552 1573 1573 1620 1620 1578 1545 1553 1587 1576 1565 1528 1199 1231 1437 1437 1469 1482 1482 1458 1436 1336 1326 1328 1195 1148 1092 918 940 1010 1073 1093 1071 1072 1049 814 860 839 -1 -1 -1 -1 -1 -1 607 641 641 664 768 768 722 756 748 735 656
2180 2212 2215 2215 2189 2211 2223 2272 2234 2164 2188 2164 2123 2123 2103 2095 2052 1997 1989 1955 1955 1839 1847 1847 1791 1780 1699 1686 1597 1666 1629 1619 1573 1561 1550 1575 1573 1573 1614 1614 1592 1581 1581 1570 1598 1609 1609 1598 1612 1588 1587 1542 1517 1239 1239 1304 1319 1315 1458 1459 1446 1394 1352 1336 1238 1195 1148 1114 940 940 960 1081 1081 1049 1049 995 871 930 860 838 -1 -1 -1 -1 -1 607 652 652 694 768 768 757 757 733 735 689
-1 2142 2150 2200 2165 2189 2189 2184 2239 2188 2180 2166 2123 2123 2112 2095 2086 2027 1997 1979 1957 1836 1835 1847 1846 1775 1699 1677 1676 1666 1666 1655 1573 1619 1560 1583 1583 1594 1613 1614 1614 1603 1581 1638 1570 1609 1562 1612 1612 1601 1601 1554 1524 1275 1219 1297 1319 1319 1369 1391 1402 1402 1349 1336 1238 1158 1181 1148 1082 987 1044 1044 1070 978 995 995 933 930 919 864 849 -1 -1 -1 -1 618 651 695 768 779 694 757 757 683 665 654
-1 2150 2165 2200 2200 2189 2189 2178 2167 2167 2188 2155 2141 2144 2133 2100 2095 2027 2020 1990 1979 1955 1858 1869 1781 1780 1694 1691 1677 1668 1676 1665 1644 1644 1608 1632 1597 1602 1602 1579 1603 1559 1570 1646 1646 1624 1563 1604 1620 1601 1590 1563 1541 1535 1283 1286 1297 1308 1251 1296 1349 1402 1294 1248 1212 1184 1181 1159 1123 1066 1044 1059 1059 954 975 975 941 930 930 907 872 762 -1 -1 618 618 675 705 790 779 694 756 757 688 665 649
2182 2117 2139 2150 2170 2170 2178 2145 2145 2167 2177 2177 2144 2144 2133 2133 2088 2084 2024 2024 1955 1918 1869 1814 1814 1735 1702 1691 1691 1676 1676 1665 1665 1644 1633 1633 1593 1556 1525 1527 1603 1602 1559 1559 1646 1635 1635 1612 1634 1634 1601 1574 1574 1535 1272 1288 1296 1274 1274 1307 1338 1326 1259 1270 1212 1134 1181 1181 1126 1089 1048 1059 1059 965 965 964 873 907 919 919 872 781 -1 754 751 729 666 790 790 779 691 699 699 678 638 638
2241 2172 2128 2181 2181 2172 2180 2169 2169 2158 2177 2165 2146 2146 2133 2133 2097 2073 2028 2024 1918 1884 1813 1869 1775 1735 1698 1713 1702 1711 1723 1734 1723 1737 1689 1650 1570 1548 1527 1527 1516 1518 1529 1521 1577 1656 1635 1630 1607 1590 1600 1590 1566 1535 1261 1254 1262 1319 1296 1299 1386 1409 1376 1281 1247 1192 1169 1170 1136 1056 989 999 1047 1047 977 906 873 865 919 919 884 792 762 762 751 751 717 717 782 682 689 699 689 677 608 627
2233 2230 2180 2181 2181 2180 2180 2130 2158 2158 2166 2147 2138 2146 2135 2124 2097 2097 2075 2013 1955 1918 1841 1813 1739 1739 1750 1802 1780 1771 1779 1745 1745 1745 1650 1611 1593 1585 1527 1543 1535 1533 1541 1529 1552 1624 1655 1645 1645 1608 1575 1599 1572 1496 1474 1308 1264 1330 1319 1398 1454 1454 1412 1378 1281 1149 1150 1158 1135 1078 1029 943 1047 1047 1039 941 906 838 827 872 828 -1 -1 762 751 728 717 717 682 700 700 700 678 656 606 -1
2230 2230 2218 2192 2181 2138 2139 2106 2120 2147 2147 2147 2114 2102 2135 2124 2100 2086 2028 2002 1941 1907 1884 1841 1813 1813 1802 1802 1790 1779 1779 1768 1768 1745 1650 1677 1639 1628 1627 1564 1564 1541 1541 1529 1555 1563 1631 1631 1641 1641 1641 1584 1573 1522 1488 1351 1330 1322 1309 1443 1446 1454 1432 1297 1239 1236 1187 1124 1058 1029 1049 1057 1057 1080 1014 977 977 798 837 837 -1 815 -1 707 803 740 781 792 711 665 700 700 667 677 676 606
2161 2199 2219 2117 2185 2138 2130 2107 2099 2097 2111 2146 2146 2135 2109 2111 2075 2063 2010 2002 1808 1952 1830 1764 1805 1738 1791 1802 1791 1779 1779 1768 1768 1746 1669 1677 1677 1655 1628 1586 1564 1553 1553 1518 1563 1563 1563 1606 1642 1642 1607 1584 1573 1530 1496 1353 1331 1330 1320 1334 1443 1388 1410 1386 1308 1249 1209 1124 1040 1029 1057 1092 1080 1091 1058 998 977 805 805 826 826 815 779 736 803 803 792 792 769 711 710 656 687 688 688 621
2183 2161 2219 2219 2207 2116 2138 2127 2127 2116 2128 2138 2146 2135 2135 2100 2074 2018 1995 1930 1941 1952 1876 1694 1729 1740 1747 1791 1791 1771 1779 1770 1759 1759 1695 1737 1670 1662 1633 1631 1631 1608 1582 1667 1566 1582 1664 1652 1642 1642 1596 1583 1572 1519 1485 1462 1342 1342 1342 1376 1420 1432 1375 1375 1294 1250 1235 1146 1146 1040 1034 1103 1103 1103 1091 1022 1002 954 828 826 826 815 815 804 793 795 742 792 769 713 710 710 699 699 688 633
2214 2203 2160 2208 2208 2108 2131 2139 2139 2128 2128 2117 2124 2124 2104 2085 2068 2052 1996 1826 1952 1944 1784 1694 1729 1793 1779 1782 1780 1746 1770 1746 1759 1758 1729 1771 1737 1726 1668 1682 1620 1631 1701 1709 1675 1664 1664 1653 1642 1641 1595 1564 1526 1508 1485 1485 1462 1462 1342 1342 1364 1376 1376 1375 1300 1239 1225 1138 1146 1112 1011 1056 1103 1091 1091 1083 919 955 955 943 818 804 816 804 769 768 769 781 781 710 734 726 723 752 741 730
2194 2215 2214 2215 2208 1958 2043 2139 2087 2115 2128 2117 2124 2124 2113 2085 2068 2107 2041 1996 1838 1827 1739 1739 1719 1793 1793 1782 1782 1723 1781 1770 1748 1747 1738 1771 1763 1726 1703 1693 1693 1735 1743 1743 1640 1664 1617 1606 1564 1598 1595 1537 1490 1375 1364 1351 1454 1462 1352 1354 1368 1354 1376 1354 1331 1331 1193 1150 1216 1135 1057 1114 1114 1056 1043 1022 991 907 955 944 944 826 816 816 793 793 781 782 781 759 786 744 752 829 815 839
2226 2226 2215 2215 2214 2186 2140 1999 2095 2083 2105 2105 2112 2119 2119 2118 2107 2099 2041 1996 1838 1816 1807 1804 1734 1792 1793 1929 1781 1929 1904 1723 1914 1922 1922 1771 1760 1726 1715 1712 1690 1709 1743 1710 1632 1644 1658 1563 1513 1559 1548 1502 1490 1432 1409 1351 1351 1451 1451 1396 1354 1365 1365 1365 1351 1308 1216 1216 1208 1157 1125 1114 1114 1056 1043 1032 1022 846 944 944 944 840 843 807 805 828 794 793 774 797 817 795 806 837 874 882
2226 2226 2216 2215 2214 2206 2203 2170 2172 2072 2072 2094 2094 2107 2130 2119 2107 2045 2029 2018 1978 1885 1815 1809 1804 1851 1851 1851 1929 1918 1905 1905 1712 1922 1739 1702 1737 1701 1785 1807 1777 1722 1766 1743 1720 1666 1666 1600 1559 1524 1548 1524 1455 1433 1444 1351 1410 1398 1451 1399 1394 1394 1417 1371 1351 1273 1240 1194 1216 1160 979 990 1022 1033 1032 1011 1011 877 897 943 935 933 922 841 830 830 794 794 812 854 827 819 861 917 971 901
2157 2226 2216 2216 2214 2183 2203 2192 2172 2161 2161 2127 2117 2117 2130 2106 2105 2083 2029 2029 2021 1896 1964 1884 1873 1861 1955 1955 1977 1907 1916 1916 1934 1948 1945 1911 1810 1679 1807 1889 1796 1796 1818 1766 1700 1632 1666 1644 1521 1559 1536 1516 1420 1455 1444 1421 1410 1398 1466 1466 1455 1406 1417 1417 1351 1351 1255 1230 1196 1205 1117 943 1022 1032 1032 1022 1011 907 898 943 943 922 922 922 911 873 873 867 867 875 863 927 916 917 982 971
2227 2157 2207 2216 2205 2175 2203 2203 2192 2161 2180 2180 2121 2110 2130 2141 2133 2106 2041 2097 2089 1995 1952 1984 1984 1988 1988 2035 1977 1955 1944 1982 1968 1956 1945 1923 1900 1900 1888 1900 1889 1818 1818 1789 1721 1632 1644 1600 1550 1558 1547 1447 1420 1447 1421 1421 1410 1410 1458 1466 1455 1397 1428 1406 1351 1351 1263 1252 1218 1229 1195 943 959 1021 978 988 957 1011 968 966 888 874 874 911 911 873 889 889 897 886 874 928 927 924 982 982
2227 2227 2148 2205 2205 2183 2183 2192 2192 2181 2181 2180 2139 2138 2110 2153 2153 2106 2043 2097 2097 1995 1984 1985 2048 2048 2037 2037 2026 2014 1990 2004 1979 1971 1957 1923 1933 1900 1877 1900 1899 1800 1767 1789 1767 1734 1678 1624 1646 1654 1547 1492 1447 1441 1486 1441 1424 1388 1388 1418 1455 1428 1432 1375 1359 1359 1232 1232 1229 1229 1039 1055 995 995 956 978 977 896 977 1128 966 885 944 933 933 908 908 897 897 886 927 927 953 985 993 971
