R/with_max/veg_4400/arrival.asc
NCOLS 638
NROWS 825
XLLCORNER -2985163.8955
YLLCORNER -3022031.214
CELLSIZE 10000
NODATA_value -1
[rows 282 to 328 of 825, columns 192 to 287 of 638]
3586 3600 3609 3622 3623 3631 3645 3654 3655 3645 3654 3671 3677 3676 -1 -1 3722 3720 -1 3735 3736 -1 3765 3788 3802 3804 3790 3802 3819 3827 3826 3826 3849 3857 3872 3886 3892 3880 3893 3901 3926 3924 3922 3945 3959 3969 3970 3984 3993 4007 4014 4014 4028 4051 4073 4082 4075 4095 4103 4117 4126 4112 4121 4126 4140 4143 4151 4163 4173 4186 4195 4211 4220 4211 4218 4232 4234 4240 4265 4278 4279 4310 4323 4332 4346 4355 4356 4368 4378 4368 4400 -1 -1 -1 -1 -1
3564 3587 3600 3609 3612 3624 3632 -1 3631 3645 -1 -1 -1 -1 -1 3699 3713 3713 3734 3742 3742 3766 3780 3787 3781 3781 3795 3804 3809 3823 3835 3849 3858 3863 3862 3869 3871 3879 3894 3917 3915 3923 3937 3946 3960 3968 3971 3985 3992 4006 4013 4017 4036 4050 4053 4062 4058 4084 4095 4099 4108 4107 4121 4119 4135 4142 4154 4166 4175 4189 4197 4202 4203 4209 4231 4232 4240 4242 4264 4265 4286 4287 4287 4322 4333 4323 4332 4392 4400 4400 4377 4323 -1 -1 -1 -1
3578 3587 -1 -1 -1 -1 -1 3630 3654 3644 -1 3668 3691 3697 3711 3720 3722 3722 3736 3744 3757 3765 3759 3779 3786 3788 3801 3804 3813 3826 3846 3855 3857 3840 3848 3870 3878 3892 3905 3906 3915 3923 3938 3945 3959 3968 3973 3987 3993 4007 4018 4027 4030 4039 4050 4072 4081 4094 4097 4106 4123 4131 4130 4134 4143 4145 4165 4174 4176 4177 4177 4177 4196 4210 4240 4239 4241 4255 4255 4253 4277 4285 4288 4301 4310 4301 4308 4309 4367 4345 4355 4332 4293 -1 4269 4256
3579 3585 -1 3608 3609 3623 3631 3645 3632 3668 3676 3690 3699 3700 3699 3691 -1 -1 -1 -1 -1 3756 3773 3782 3780 3789 3802 3810 3817 3832 3834 3848 3833 3840 3856 3878 3900 3892 3901 3901 3914 3923 3937 3940 3961 3972 3981 3990 3995 4009 4031 4030 4031 4053 4062 4058 4062 4086 4100 4109 4119 4128 4128 4129 4151 4152 4152 4153 4164 4173 4187 4189 4198 4208 4219 4233 4240 4253 4262 4264 -1 4266 4280 4302 4311 4299 4331 4307 4354 4321 -1 -1 4293 4269 -1 4262
3576 3587 3601 3610 3622 3631 3623 -1 -1 -1 -1 3677 3677 -1 -1 -1 -1 -1 -1 -1 3757 3759 3758 -1 -1 3801 3811 3811 3824 3825 3824 3823 3847 3856 3869 3892 3883 3882 3896 3895 3903 3927 3941 3949 3963 3969 3983 3994 3993 4012 4016 4039 4039 4051 4055 4064 4065 4078 4083 4097 4106 4119 4128 4142 4150 4143 4144 4165 4174 4173 4188 4195 4219 4218 4217 4234 4243 4256 4265 4265 4263 4285 4265 4300 4309 4322 4308 -1 4330 4285 4300 -1 -1 4285 4277 -1
-1 -1 -1 -1 -1 -1 -1 3646 3655 3668 3669 -1 -1 -1 -1 3700 3712 3721 3723 3744 3766 3759 -1 3782 3790 3802 3810 3811 3810 3812 3823 3833 3846 3855 3868 3860 3860 3873 3879 3904 3918 3917 3946 3947 3948 3960 3986 3992 4004 4017 4017 4037 4062 4053 4060 4065 4066 4074 4088 4098 4097 4120 4127 4141 4142 4144 4153 4167 4163 4187 4196 4210 4210 4233 4241 4235 4242 4242 4256 4263 4277 4263 4277 4277 4285 4286 4299 4299 4285 4299 4284 -1 -1 -1 -1 4263
-1 -1 -1 -1 -1 -1 -1 -1 -1 -1 -1 -1 -1 -1 -1 -1 -1 -1 3735 3737 3745 -1 3768 3787 3789 -1 -1 -1 3803 3811 3824 3832 3833 3847 3878 3857 3868 3877 3881 3902 3916 3925 3938 3968 3948 3962 3970 3994 4008 4014 4028 4036 4053 4062 4060 4073 4082 4087 4098 4107 4107 4120 4129 4130 4141 4151 4163 4172 4175 4194 4195 4209 4197 4198 4220 4221 4220 4241 4254 4253 4254 -1 -1 -1 -1 -1 -1 -1 4277 -1 -1 4276 -1 -1 -1 -1
-1 -1 -1 -1 -1 -1 -1 -1 -1 -1 -1 -1 -1 -1 -1 -1 -1 -1 -1 -1 -1 -1 3779 3781 -1 -1 -1 -1 3802 3810 3824 3833 3835 3869 3856 3858 3871 3880 3893 3914 3923 3915 3937 3940 3959 3960 3963 3986 4006 4013 4027 4033 4039 4053 4060 4073 4075 4084 4097 4106 4108 4130 4129 4131 4128 4150 4168 4176 4186 4188 4197 4198 4199 4211 4212 4218 4232 4232 4240 -1 4264 4262 4254 4263 -1 -1 -1 -1 4263 -1 -1 -1 -1 -1 -1 -1
-1 -1 -1 -1 -1 -1 -1 -1 -1 -1 -1 -1 -1 -1 -1 -1 3637 -1 -1 -1 -1 3758 3765 -1 -1 3781 3795 3804 -1 3826 3813 3832 3846 3858 3849 3861 3871 3884 3891 3900 3929 3929 3945 3937 3941 3969 3972 3991 4005 4006 4029 4038 4042 4061 4062 4075 4082 4083 4086 4099 4106 4122 4127 4127 4150 4154 4172 4167 4176 4175 4189 4190 4196 4196 4210 4209 4218 4217 4218 4239 4255 4253 -1 -1 -1 -1 -1 -1 -1 -1 -1 -1 -1 -1 -1 -1
-1 -1 -1 -1 -1 -1 -1 -1 -1 -1 -1 -1 -1 -1 -1 -1 -1 -1 -1 -1 3749 3756 -1 -1 3772 3789 3780 -1 3817 3810 3823 3827 3849 3855 3848 3859 3885 3893 3892 3916 3917 3926 3940 3946 3950 3971 3982 3994 3993 4016 4030 4037 4039 4074 4083 4083 4084 4096 4105 4097 4127 4118 4118 4141 4145 4163 4153 4153 4167 4174 4173 4187 4194 4200 4201 4209 4195 4209 4231 4241 4232 -1 -1 -1 -1 -1 -1 -1 -1 -1 -1 -1 -1 -1 -1 -1
-1 -1 -1 -1 -1 -1 -1 -1 -1 -1 -1 -1 -1 -1 -1 -1 -1 -1 -1 -1 3759 -1 -1 -1 3781 3771 -1 3794 3813 3801 3812 3826 3827 3846 3850 3871 3872 3884 3895 3904 3907 3924 3927 3949 3962 3974 3985 3992 4007 4015 4029 4037 4051 4051 4075 4082 4096 4104 4105 4118 4109 4110 4117 4130 4140 4136 4144 4152 4166 4165 4172 4186 4177 4173 4187 4195 4200 4231 4239 4233 4239 4223 4207 -1 4195 -1 -1 4241 -1 -1 -1 -1 -1 -1 -1 -1
-1 -1 -1 -1 -1 -1 -1 -1 -1 -1 -1 -1 -1 -1 -1 -1 -1 -1 -1 3750 3736 -1 -1 3769 3767 -1 -1 3783 3804 3803 3814 3823 3832 3848 3862 3872 3884 3885 3892 3901 3915 3929 3938 3961 3975 3975 3984 3992 4006 4015 4029 4029 4052 4061 4059 4059 4082 4096 4104 4106 4097 4108 4122 4122 4135 4131 4143 4142 4150 4163 4162 4172 4173 4187 4195 4199 4196 4210 4219 4209 4209 4231 4222 4218 4218 4231 4232 4223 -1 -1 -1 -1 -1 -1 -1 -1
-1 -1 -1 -1 -1 -1 -1 -1 -1 -1 -1 -1 -1 -1 -1 -1 -1 -1 -1 -1 -1 -1 -1 -1 -1 -1 -1 3790 3791 3805 3810 3816 3826 3835 3848 3862 3871 3879 3893 3907 3916 3916 3952 3962 3975 3970 3970 3984 4006 4006 4017 4038 4038 4051 4060 4061 4072 4084 4095 4098 4099 4106 4113 4119 4128 4144 4153 4150 4142 4150 4164 4164 4178 4187 4174 4188 4208 4217 4195 4200 4208 4217 4210 4209 4232 4240 4232 4222 -1 -1 -1 -1 -1 -1 -1 -1
-1 -1 -1 -1 -1 -1 -1 -1 -1 -1 -1 -1 -1 -1 -1 -1 -1 -1 3697 -1 -1 -1 -1 -1 -1 -1 3782 3784 3787 3801 3807 3813 3829 3827 3839 3856 3869 3870 3892 3901 3915 3930 3938 3953 3961 3951 3964 3988 3997 4008 4019 4030 4037 4042 4053 4061 4075 4081 4097 4099 4085 4095 4117 4120 4128 4130 4128 4151 4141 4151 4151 4156 4164 4173 4171 4194 4185 4187 4177 4185 4185 4193 4195 4218 4208 4200 4209 4195 -1 -1 -1 -1 -1 -1 -1 -1
-1 -1 -1 -1 -1 -1 -1 -1 -1 -1 -1 -1 -1 -1 -1 -1 -1 3696 3674 -1 -1 -1 -1 -1 -1 -1 3768 -1 3784 3791 3804 3827 3829 3834 3825 3849 3848 3878 3892 3906 3906 3923 3937 3946 3952 3965 3974 3990 3993 4010 4016 4035 4041 4051 4052 4052 4083 4084 4083 4106 4108 4119 4127 4126 4129 4130 4142 4142 4150 4150 4149 4151 4164 4172 4186 4171 4164 4173 4194 4171 4173 -1 4194 4196 4194 4177 4186 4186 -1 -1 -1 -1 -1 -1 -1 -1
-1 -1 -1 -1 -1 -1 -1 -1 -1 -1 -1 -1 -1 -1 3652 3675 3684 3683 -1 -1 -1 -1 -1 -1 -1 3759 3771 3768 3782 3790 3791 3803 3835 3826 3840 3856 3851 3873 3884 3905 3914 3927 3929 3943 3959 3968 3982 3984 3993 4013 4015 4027 4037 4039 4052 4061 4075 4075 4077 4085 4105 4105 4108 4121 4128 4122 4128 4127 4141 4149 4149 4150 4163 4162 4162 4170 4172 4186 4162 4164 4172 4186 4187 4186 4173 4171 4163 4172 4164 4150 4149 4128 -1 -1 -1 -1
-1 -1 -1 -1 -1 -1 -1 -1 -1 -1 -1 -1 -1 3653 3661 3660 -1 -1 -1 -1 -1 -1 -1 -1 -1 3748 3762 3767 3781 3782 3795 3804 3817 3816 3833 3847 3860 3860 3896 3894 3919 3926 3922 3936 3949 3962 3971 3971 4004 4006 4015 4029 4037 4039 4052 4061 4063 4063 4083 4096 4097 4105 4104 4107 4119 4120 4119 4127 4140 4140 4141 4142 4151 4149 4161 4164 4172 4172 4162 4151 4163 4164 4173 4172 4164 4154 4162 4164 4140 4163 4141 4140 -1 -1 -1 -1
-1 -1 -1 -1 -1 -1 -1 -1 -1 -1 -1 -1 -1 -1 -1 -1 -1 -1 -1 -1 -1 -1 -1 -1 3726 3740 3745 3758 3772 3781 3780 3794 3813 3825 3837 3836 3850 3874 3882 3895 3917 3917 3926 3940 3948 3958 3967 3981 3993 4006 4016 4029 4030 4039 4052 4054 4060 4074 4074 4083 4096 4106 4105 4098 4106 4126 4118 4118 4126 4126 4128 4127 4140 4148 4148 4150 4163 4149 4150 4162 4151 4150 4165 -1 4163 4150 4149 4131 4127 -1 -1 -1 4117 -1 -1 -1
-1 -1 -1 -1 -1 -1 -1 -1 -1 -1 -1 -1 -1 -1 -1 -1 -1 -1 -1 -1 -1 -1 -1 3746 3737 3723 3736 3749 3758 3771 3790 3804 3815 3812 3835 3829 3850 3859 3880 3895 3904 3903 3925 3939 3945 3961 3961 3985 3985 4007 4008 4016 4030 4038 4038 4051 4052 4061 4063 4081 4082 4096 4085 4097 4088 4095 4117 4104 4117 4106 4118 4117 4139 4139 4128 4140 4149 4148 4149 4171 4151 4151 4150 4141 4139 4140 4126 -1 -1 -1 -1 -1 -1 -1 -1 -1
-1 -1 -1 -1 -1 -1 -1 -1 -1 -1 -1 -1 -1 -1 -1 -1 -1 -1 -1 -1 -1 -1 3714 3714 -1 3725 3757 3745 3768 3781 3783 3806 3789 3803 3826 3836 3857 3871 3881 3872 3903 3916 3925 3936 3939 3948 3970 3984 3984 4007 4008 4016 4017 4030 4030 4038 4039 4059 4072 4058 4084 4082 4082 4087 4104 4094 4096 4104 4097 4104 4105 4115 4125 4129 4127 4140 4139 4127 4140 4142 4149 4142 4128 4141 4128 4125 4117 -1 -1 -1 -1 -1 -1 -1 -1 -1
-1 -1 -1 -1 -1 -1 -1 -1 -1 -1 -1 -1 -1 -1 -1 -1 -1 -1 -1 -1 -1 -1 3715 3712 3723 3734 3748 3759 3760 3769 3770 3793 3789 3792 3828 3825 3849 3858 3880 3871 3881 3916 3912 3926 3948 3948 3960 3970 3993 3994 4016 4008 4016 4016 4030 4039 4050 4049 4051 4060 4075 4080 4083 4095 4086 4087 4095 4102 4089 4105 4103 4116 4126 4120 4118 4126 4125 4126 4126 4128 4140 4128 4118 4127 4119 4116 -1 -1 -1 -1 -1 -1 -1 -1 -1 -1
-1 -1 -1 -1 -1 -1 -1 -1 -1 -1 -1 -1 -1 -1 -1 -1 -1 -1 -1 -1 3695 3703 3713 3722 3726 3735 3738 3747 3748 3761 3784 3781 3783 3803 3814 3812 3835 3836 3859 3879 3893 3903 3903 3939 3948 3948 3970 3971 3985 3994 4007 3998 4007 4016 4041 4036 4041 4039 4038 4061 4071 4074 4081 4081 4082 4083 4093 4088 4097 4095 4104 4117 4108 4107 4118 4117 4116 4117 4120 4116 4118 4106 4105 4106 4105 -1 -1 -1 -1 -1 -1 -1 -1 -1 -1 -1
-1 -1 -1 -1 -1 -1 -1 -1 -1 -1 -1 -1 -1 -1 -1 -1 -1 -1 -1 -1 -1 3700 3714 3715 3724 3727 3746 3745 3758 3761 3770 3767 3782 3805 3813 3814 3828 3850 3857 3870 3881 3895 3903 3916 3939 3961 3963 3971 3975 3984 3994 3997 4008 4032 4027 4035 4032 4039 4052 4062 4059 4073 4072 4073 4074 4081 4080 4079 4083 4096 4105 4116 4125 4117 4104 4103 4104 4104 4096 4103 4097 4119 4106 -1 -1 -1 -1 -1 -1 -1 -1 -1 -1 -1 -1 -1
-1 -1 -1 -1 -1 -1 -1 -1 -1 -1 -1 -1 -1 -1 -1 -1 -1 -1 -1 -1 3701 3700 3711 3715 3723 3737 3744 3749 3757 3769 3768 3768 3790 3804 3805 3813 3827 3834 3847 3858 3872 3894 3895 3904 3925 3927 3949 3961 3962 3985 3987 3993 4007 4018 4026 4018 4031 4039 4053 4050 4049 4050 4058 4059 4072 4081 4072 4080 4084 4103 4106 4103 4095 4104 4095 4095 4104 4095 4094 -1 -1 4104 4103 4097 -1 -1 -1 -1 -1 -1 -1 -1 -1 -1 -1 -1
-1 -1 -1 -1 -1 -1 -1 -1 -1 -1 -1 -1 -1 -1 -1 -1 -1 -1 -1 3678 3692 3702 3714 3716 3725 3735 3738 3747 3760 3766 3759 3782 3782 3791 3804 3812 3816 3825 3836 3857 3871 3880 3882 3894 3917 3940 3949 3953 3963 3971 3984 3996 4009 4008 4017 4017 4035 4036 4052 4060 4052 4061 4053 4059 4059 4059 4071 4075 4094 4098 4094 4082 4081 4081 4095 4104 4095 4081 4083 4082 4105 4095 4094 4083 -1 -1 -1 -1 -1 -1 -1 -1 -1 -1 -1 -1
-1 -1 -1 -1 -1 -1 -1 -1 -1 -1 -1 -1 -1 -1 -1 -1 -1 -1 3669 3691 3700 3705 3712 3717 3724 3737 3747 3745 3759 3767 3767 3781 3790 3789 3812 3803 3816 3834 3848 3858 3872 3872 3881 3882 3903 3926 3930 3941 3950 3964 3972 3986 4013 4015 4014 4027 4037 4038 4038 4036 4038 4039 4050 4061 4051 4049 4058 4070 4074 4071 4080 4080 4081 4082 4080 4082 4081 4075 4083 4096 4083 4080 -1 -1 -1 -1 -1 -1 -1 -1 -1 -1 -1 -1 -1 -1
-1 -1 -1 -1 -1 -1 -1 -1 -1 -1 -1 -1 -1 -1 -1 -1 -1 -1 3677 3691 3693 3701 3722 3721 3725 3739 3745 3746 3768 3759 3768 3783 3791 3803 3789 3812 3826 3835 3849 3849 3858 3859 3873 3881 3904 3918 3930 3940 3949 3963 3973 3994 4005 4005 4006 4028 4029 4029 4036 4030 4028 4028 4037 4039 4040 4037 4048 4057 4060 4058 4059 4072 4073 4071 4074 4073 4061 4079 4074 4082 -1 -1 -1 -1 -1 -1 -1 -1 -1 -1 -1 -1 -1 -1 -1 -1
-1 -1 -1 -1 -1 -1 -1 -1 -1 -1 -1 -1 -1 -1 -1 -1 -1 3669 3677 3679 3699 3702 3713 3724 3723 3743 3737 3759 3758 3760 3769 3789 3790 3789 3792 3803 3813 3812 3826 3837 3836 3858 3872 3894 3894 3917 3926 3927 3942 3951 3971 3985 3991 3993 4007 4016 4017 4027 4028 4036 4028 4035 4033 4037 4035 4036 4038 4052 4049 4058 4050 4059 4059 4059 4060 4059 4070 4080 4060 4061 4061 4049 -1 -1 -1 -1 -1 -1 -1 -1 -1 -1 -1 -1 -1 -1
-1 -1 -1 -1 -1 -1 -1 -1 -1 -1 -1 -1 -1 -1 -1 -1 -1 -1 3690 3693 3702 3703 3716 3722 3734 3745 3745 3746 3746 3767 3781 3782 3781 3783 3811 3790 3803 3791 3813 3828 3849 3850 3862 3886 3895 3908 3919 3927 3937 3949 3963 3982 3984 3985 3994 4008 4013 4014 4015 4027 4036 4027 4028 4027 4035 4029 4034 4036 4049 4038 4058 4050 4050 4058 4051 4050 4047 4057 4071 4052 4048 4052 4038 4059 4050 4027 -1 -1 -1 -1 -1 -1 -1 -1 -1 -1
-1 -1 -1 -1 -1 -1 -1 -1 -1 -1 -1 -1 -1 -1 -1 -1 -1 -1 3670 3698 3699 3706 3715 3723 3737 3736 3737 3744 3744 3759 3767 3768 3769 3802 3782 3790 3813 3804 3814 3826 3836 3840 3858 3872 3885 3904 3918 3920 3928 3946 3960 3968 3970 3972 3993 4004 4006 4006 4014 4027 4017 4016 4015 4027 4013 4026 4028 4026 4037 4049 4049 4050 4049 4039 4038 4036 4058 4048 4039 4048 4039 4016 4035 4038 4016 4007 -1 -1 -1 -1 -1 -1 -1 -1 -1 -1
-1 -1 -1 -1 -1 -1 -1 -1 -1 -1 -1 -1 -1 -1 -1 -1 3667 3676 -1 3692 3705 3713 3714 3724 3723 3727 3736 3736 3745 3767 3767 3767 3779 3788 3791 3805 3792 3806 3813 3827 3816 3836 3848 3859 3881 3895 3904 3906 3924 3939 3948 3961 3963 3971 3985 3990 3992 3992 4005 4014 4008 4007 4014 4013 4003 4012 4014 4028 4026 4014 4035 4036 4036 4038 4037 4049 4034 4034 4035 4043 4035 4030 4036 4029 4013 3993 -1 3969 -1 -1 -1 -1 -1 -1 -1 -1
-1 -1 -1 -1 -1 -1 -1 -1 -1 -1 -1 -1 -1 -1 -1 -1 -1 3669 3683 3679 -1 3701 3722 3722 3722 3726 3735 3744 3758 3758 3758 3766 3780 3782 3774 3789 3791 3804 3805 3813 3826 3837 3837 3852 3875 3883 3897 3902 3916 3927 3938 3940 3962 3968 3982 3983 3984 3991 3991 3994 3993 4005 4004 3990 4003 4006 4005 3996 4015 4027 4012 4027 4036 4029 4029 4036 4026 4027 4026 4026 4042 4029 4028 4015 4007 4004 -1 -1 -1 -1 -1 -1 3905 3859 -1 -1
-1 -1 -1 -1 -1 -1 -1 -1 -1 -1 -1 -1 -1 3624 -1 -1 -1 3661 3672 3679 3693 3700 3714 3720 3723 3724 3744 3743 3756 3765 3757 3760 3769 3773 3780 3785 3806 3815 3804 3817 3828 3829 3829 3851 3861 3882 3892 3901 3904 3918 3925 3940 3949 3958 3959 3969 3970 3982 3986 3984 3989 3991 3982 3981 3990 4012 3992 4006 4003 4013 4014 4027 4013 4015 4033 4027 4012 4015 4013 4012 4004 4020 4014 4004 3990 3990 -1 -1 -1 -1 -1 3858 3914 3882 3891 3844
-1 -1 -1 -1 -1 -1 -1 -1 -1 -1 -1 -1 3645 3653 -1 -1 -1 3671 -1 3677 3691 3700 3711 3715 3722 3736 3744 3745 3736 3738 3747 3761 3769 3772 3785 3793 3790 3795 3812 3805 3814 3830 3838 3850 3859 3873 3879 3896 3903 3907 3917 3927 3940 3946 3947 3961 3969 3969 3972 3981 3972 3983 3972 3982 4003 4014 3984 3983 4004 4005 4014 4013 4007 4025 4035 4034 4013 4015 4006 4005 4011 4006 4005 3993 3991 3982 -1 -1 -1 3939 3928 3905 -1 -1 3845 3883
-1 -1 -1 -1 -1 -1 -1 -1 -1 -1 -1 -1 -1 3647 3638 -1 -1 -1 -1 3678 3694 3700 3701 3721 3721 3735 3738 3741 3740 3744 3758 3766 3763 3770 3784 3791 3792 3803 3814 3807 3816 3813 3827 3828 3857 3871 3872 3879 3882 3894 3907 3927 3937 3926 3938 3947 3947 3960 3963 3972 3969 3967 3971 3982 4005 3991 3989 3982 3990 4005 4012 4005 4001 4003 4027 4011 4026 4014 4011 4013 4012 4003 3998 3992 3984 3983 3968 3961 3948 3927 3928 3916 3917 -1 -1 3903
-1 -1 -1 -1 -1 -1 -1 -1 -1 -1 -1 -1 3631 -1 -1 -1 -1 -1 3699 3699 3692 3703 3713 3712 3711 3724 3727 3746 3749 3748 3758 3759 3761 3769 3783 3792 3792 3805 3792 3792 3805 3814 3805 3837 3848 3850 3858 3870 3873 3880 3891 3914 3917 3923 3925 3939 3946 3940 3949 3960 3959 3958 3959 3960 3992 3968 3981 3991 3991 3991 4003 4006 4015 4013 4012 4012 4002 4005 4004 4004 3989 3980 3984 3974 3984 3969 3961 3900 3951 3950 3937 3914 3924 3925 3863 3849
-1 -1 -1 -1 -1 -1 -1 -1 -1 -1 -1 -1 3622 -1 -1 3653 3667 3690 3690 3680 3677 3691 3700 3704 3715 3718 3725 3739 3748 3747 3745 3747 3761 3761 3769 3783 3791 3790 3785 3794 3806 3812 3826 3834 3826 3834 3835 3856 3859 3872 3890 3894 3905 3904 3914 3924 3925 3927 3941 3958 3967 3968 3949 3968 3969 3983 3969 3982 3989 3983 3989 3992 4004 4003 3990 4003 3989 3988 3991 3990 3990 3990 3975 3967 3970 3969 3961 3900 3900 3890 3891 3868 3883 3893 3900 3893
-1 -1 -1 -1 -1 -1 -1 -1 -1 -1 -1 -1 -1 -1 -1 -1 3654 3676 3676 -1 -1 -1 3700 3701 3722 3717 3716 3737 3746 3748 3745 3749 3760 3761 3761 3782 3781 3771 3793 3795 3803 3802 3805 3813 3825 3836 3837 3851 3858 3869 3882 3892 3901 3902 3902 3916 3918 3924 3935 3945 3937 3946 3959 3968 3960 3969 3969 3970 3991 3981 3992 3993 3993 3991 3989 3990 3992 3983 3990 3971 3982 3982 3981 3966 3900 3900 3900 3900 3889 3882 3882 3882 3892 3892 3894 3857
-1 -1 -1 -1 -1 -1 -1 -1 -1 -1 -1 -1 -1 -1 -1 -1 -1 3668 3656 -1 -1 -1 3692 3701 3713 3717 3716 3717 3739 3726 3736 3740 3747 3760 3759 3768 3767 3784 3794 3782 3791 3791 3790 3791 3827 3828 3835 3849 3837 3860 3868 3878 3893 3893 3902 3903 3915 3922 3921 3936 3924 3946 3959 3950 3961 3960 3961 3967 3983 3983 3984 3991 3987 3984 3990 3981 3984 3969 3981 3968 3968 3900 3900 3900 3900 3900 3899 3894 3888 3889 3868 3868 3878 3883 3893 3879
-1 -1 -1 -1 -1 -1 -1 -1 -1 -1 -1 -1 -1 -1 -1 -1 3644 3655 -1 -1 -1 -1 3693 3702 3704 3705 3726 3723 3725 3718 3722 3724 3738 3745 3760 3759 3767 3770 3781 3769 3782 3781 3790 3804 3817 3814 3826 3827 3846 3859 3851 3869 3880 3893 3894 3900 3901 3912 3913 3923 3937 3946 3946 3945 3949 3947 3958 3967 3969 3969 3982 3979 3970 3981 3988 3970 3970 3967 3900 3969 3900 3900 3900 3900 3900 3900 3899 3888 3880 3887 3860 3861 3870 3869 3871 3879
-1 -1 -1 -1 -1 -1 -1 -1 -1 -1 -1 -1 -1 -1 -1 -1 3646 -1 -1 -1 -1 -1 3693 3701 3696 3704 3715 3717 3722 3714 3716 3727 3736 3737 3746 3758 3769 3772 3768 3768 3771 3781 3803 3816 3812 3813 3812 3814 3838 3845 3847 3856 3857 3879 3871 3880 3891 3890 3899 3914 3923 3935 3938 3937 3946 3944 3958 3960 3961 3968 3969 3969 3968 3967 3980 3961 3968 3966 3900 3900 3900 3900 3900 3899 3900 3888 3886 3876 3879 3878 3847 3856 3860 3856 3861 3857
-1 -1 -1 -1 -1 -1 -1 -1 -1 -1 -1 -1 -1 -1 -1 -1 3632 -1 -1 -1 -1 -1 -1 3693 3696 3700 3703 3714 3705 3713 3722 3713 3736 3737 3746 3760 3749 3760 3767 3780 3789 3794 3803 3811 3804 3812 3803 3824 3825 3833 3837 3847 3847 3870 3848 3877 3879 3892 3901 3901 3914 3924 3927 3925 3936 3937 3947 3946 3947 3960 3960 3960 3967 3966 3967 3900 3900 3900 3900 3900 3900 3900 3887 3887 3887 3900 3879 3877 3867 3864 3842 3846 3855 3847 3848 3837
-1 -1 -1 -1 -1 -1 -1 -1 -1 -1 -1 -1 -1 -1 -1 -1 -1 -1 3615 3624 -1 -1 -1 3679 3691 3684 3695 3702 3700 3713 3722 3736 3744 3745 3758 3749 3757 3759 3768 3782 3791 3791 3789 3789 3803 3793 3792 3815 3823 3813 3825 3833 3857 3835 3858 3868 3870 3878 3879 3902 3913 3915 3916 3923 3923 3926 3938 3947 3946 3947 3949 3958 3970 3900 3900 3900 3900 3900 3900 3900 3891 3887 3887 3886 3887 3878 3869 3864 3856 3856 3843 3844 3841 3845 3847 3848
-1 -1 -1 -1 -1 -1 -1 -1 -1 -1 -1 -1 -1 -1 -1 -1 -1 3623 3632 3638 3625 -1 -1 3679 3693 3702 3693 3701 3715 3724 3712 3735 3744 3750 3757 3766 3757 3766 3768 3768 3782 3780 3789 3781 3792 3801 3802 3823 3811 3814 3839 3848 3834 3849 3855 3856 3858 3869 3893 3901 3906 3904 3914 3915 3917 3922 3924 3938 3939 3945 3943 3961 3965 3900 3900 3899 3900 3900 3900 3887 3887 3878 3887 3877 3887 3878 3864 3857 3857 3843 3846 3843 3835 3834 3836 3835
-1 -1 -1 -1 -1 -1 -1 -1 -1 -1 -1 -1 -1 -1 -1 -1 -1 3625 3637 3634 3647 3648 -1 -1 3692 3701 3703 3693 3699 3713 3721 3713 3736 3745 3746 3746 3746 3759 3767 3766 3766 3780 3778 3790 3792 3801 3814 3802 3801 3838 3835 3834 3833 3835 3846 3848 3859 3869 3882 3890 3893 3905 3901 3902 3913 3922 3916 3924 3936 3946 3947 3948 3956 3900 3900 3888 3900 3900 3899 3887 3888 3887 3878 3869 3886 3878 3865 3864 3862 3848 3853 3845 3834 3825 3833 3813
-1 -1 -1 -1 -1 -1 -1 -1 -1 -1 -1 -1 -1 -1 -1 -1 -1 -1 3633 3637 3670 3672 3639 -1 3672 3680 3694 3691 -1 3700 3714 3723 3705 3737 3744 3737 3744 3745 3758 3769 3778 3779 3769 3781 3780 3791 3801 3802 3801 3825 3826 3826 3826 3834 3845 3839 3859 3859 3868 3870 3879 3892 3893 3901 3913 3915 3922 3924 3938 3938 3946 3946 3900 3900 3887 3887 3900 3899 3886 3886 3878 3879 3878 3877 3868 3865 3856 3857 3863 3854 3831 3821 3820 3823 3834 3824
-1 -1 -1 -1 -1 -1 -1 -1 -1 -1 -1 -1 -1 -1 -1 -1 -1 -1 3634 3639 3670 3672 3646 -1 -1 3678 3678 3699 3699 3691 3692 3722 3713 3723 3735 3736 3723 3736 3746 3757 3770 3758 3767 3781 3788 3788 3812 3803 3802 3822 3816 3812 3825 3836 3839 3846 3846 3848 3856 3869 3878 3883 3892 3894 3902 3913 3915 3918 3924 3937 3945 3900 3900 3900 3900 3887 3887 3887 3887 3877 3877 3869 3864 3863 3863 3857 3843 3855 3842 3840 3842 3831 3822 3825 3821 3810
