R/with_max/veg_4400/arrival.asc
NCOLS 638
NROWS 825
XLLCORNER -2985163.8955
YLLCORNER -3022031.214
CELLSIZE 10000
NODATA_value -1
[rows 376 to 422 of 825, columns 384 to 479 of 638]
2273 2285 2286 2287 2296 2315 2316 2339 2331 2349 2338 2339 2329 2352 2340 2330 2330 2328 2338 2353 2339 2316 2309 2308 2296 2306 2309 2306 2300 2307 2309 2308 2295 2283 2282 2296 2294 2289 2272 2282 2283 2259 2260 2278 2280 2259 2256 2251 2248 2254 2256 2248 2234 2247 2235 2246 2244 2224 2224 2223 2234 2226 2232 2210 2209 2203 2181 2167 2167 2159 2155 2163 2136 2124 2131 2117 2113 2120 2116 2099 2098 2081 2091 2078 2076 2070 2069 2059 2053 2044 2048 2031 2035 2021 2022 2022
2265 2272 2273 2295 2293 2302 2317 2322 2316 2329 2340 2330 2340 2339 2331 2317 2317 2315 2306 2329 2330 2317 2316 2307 2296 2295 2286 2293 2293 2285 2295 2291 2295 2286 2273 2283 2282 2285 2280 2269 2273 2267 2259 2272 2258 2250 2247 2237 2234 2246 2247 2255 2232 2226 2238 2226 2223 2235 2215 2215 2214 2225 2224 2202 2200 2190 2186 2168 2159 2166 2145 2155 2131 2124 2121 2112 2109 2099 2111 2108 2090 2090 2078 2069 2068 2076 2056 2047 2050 2036 2034 2025 2022 2026 2031 2013
2264 2276 2271 2280 2293 2293 2308 2308 2307 2317 2327 2318 2317 2331 2330 2318 2314 2316 2293 2307 2315 2316 2312 2294 2293 2287 2287 2272 2284 2286 2290 2293 2293 2286 2272 2273 2274 2271 2269 2261 2260 2250 2248 2256 2258 2250 2236 2233 2232 2226 2233 2246 2224 2212 2234 2215 2214 2222 2212 2211 2212 2211 2211 2210 2189 2190 2186 2178 2164 2158 2142 2136 2141 2123 2122 2119 2100 2095 2098 2094 2095 2086 2076 2069 2055 2054 2067 2054 2045 2033 2028 2019 2024 2030 2022 2011
2268 2275 2277 2273 2284 2295 2315 2300 2304 2295 2303 2329 2320 2317 2316 2315 2315 2316 2307 2293 2292 2307 2308 2304 2293 2285 2273 2270 2270 2272 2290 2293 2294 2284 2270 2263 2260 2259 2262 2249 2247 2245 2236 2247 2249 2236 2246 2237 2234 2223 2225 2233 2232 2210 2225 2201 2212 2203 2213 2202 2203 2204 2203 2202 2201 2189 2182 2177 2164 2155 2144 2133 2121 2132 2118 2114 2110 2091 2089 2099 2090 2077 2072 2068 2050 2054 2045 2055 2047 2032 2031 2033 2018 2021 2005 2008
2266 2254 2269 2272 2286 2292 2276 2306 2297 2306 2294 2296 2296 2309 2307 2307 2306 2316 2307 2293 2294 2294 2291 2290 2280 2284 2270 2273 2264 2261 2262 2277 2284 2285 2263 2262 2251 2239 2250 2247 2240 2238 2224 2224 2233 2235 2215 2224 2226 2211 2210 2224 2224 2201 2211 2202 2203 2190 2199 2193 2199 2191 2212 2203 2187 2188 2181 2167 2155 2141 2142 2135 2124 2120 2109 2110 2096 2088 2074 2075 2076 2067 2069 2064 2067 2041 2045 2046 2031 2028 2031 2023 2010 2014 2008 2013
2252 2250 2255 2263 2283 2293 2279 2284 2282 2282 2283 2283 2285 2295 2298 2294 2293 2294 2307 2291 2285 2295 2286 2283 2281 2261 2249 2262 2265 2253 2250 2270 2268 2271 2262 2248 2239 2238 2237 2238 2226 2216 2223 2225 2210 2204 2214 2202 2206 2212 2201 2210 2200 2188 2188 2203 2194 2189 2191 2201 2201 2200 2211 2189 2180 2188 2179 2158 2145 2144 2136 2133 2123 2111 2110 2101 2092 2078 2064 2065 2066 2058 2057 2045 2040 2044 2055 2023 2033 2022 2019 2023 2011 2002 2005 2000
2243 2251 2250 2261 2284 2270 2271 2275 2269 2273 2274 2264 2274 2286 2294 2298 2285 2284 2292 2282 2272 2272 2270 2273 2267 2259 2248 2254 2251 2245 2254 2245 2246 2250 2248 2242 2229 2226 2225 2228 2226 2217 2204 2214 2213 2211 2201 2205 2203 2214 2212 2202 2187 2188 2180 2189 2188 2192 2200 2198 2193 2193 2192 2203 2189 2179 2165 2165 2145 2137 2122 2122 2123 2117 2100 2101 2087 2079 2070 2056 2057 2054 2050 2055 2053 2030 2030 2023 2027 2024 2010 2010 2009 2009 2009 2009
2230 2242 2247 2257 2271 2270 2262 2268 2259 2280 2271 2272 2272 2285 2294 2286 2271 2271 2283 2271 2272 2264 2265 2268 2245 2271 2241 2254 2249 2242 2246 2248 2249 2250 2242 2242 2229 2217 2216 2217 2204 2194 2195 2200 2202 2204 2192 2191 2189 2190 2209 2203 2179 2178 2179 2180 2187 2179 2176 2179 2190 2189 2190 2189 2180 2166 2166 2157 2157 2143 2123 2114 2119 2114 2109 2095 2086 2079 2070 2050 2047 2056 2051 2043 2046 2032 2024 2022 2018 2002 2004 2001 2001 2000 2000 1988
2228 2229 2239 2249 2262 2261 2249 2257 2281 2255 2263 2272 2276 2285 2294 2272 2263 2270 2293 2270 2271 2263 2259 2266 2251 2245 2262 2248 2248 2240 2248 2240 2241 2231 2228 2211 2220 2215 2206 2202 2203 2181 2181 2191 2191 2181 2189 2183 2192 2180 2201 2190 2180 2166 2165 2166 2167 2178 2176 2178 2180 2179 2180 2181 2167 2158 2166 2143 2143 2141 2134 2114 2119 2119 2099 2095 2096 2087 2065 2047 2043 2034 2037 2036 2033 2025 2023 2010 2011 2000 2008 1999 1987 1988 1987 1987
2222 2231 2235 2239 2248 2250 2258 2272 2260 2260 2249 2259 2263 2271 2285 2272 2261 2261 2262 2284 2270 2262 2269 2258 2246 2244 2239 2247 2240 2239 2226 2239 2227 2227 2222 2220 2206 2208 2208 2195 2193 2195 2203 2182 2180 2168 2169 2180 2188 2177 2170 2187 2181 2167 2157 2164 2165 2167 2156 2177 2169 2177 2171 2167 2166 2158 2157 2135 2135 2132 2121 2119 2110 2110 2110 2097 2086 2073 2064 2050 2042 2047 2029 2040 2029 2011 2005 2000 2001 2002 1989 1985 1986 1980 1965 1978
2212 2228 2226 2240 2249 2252 2252 2252 2260 2251 2251 2241 2248 2263 2261 2271 2270 2248 2248 2270 2261 2269 2260 2251 2247 2237 2235 2227 2238 2226 2231 2225 2227 2225 2218 2206 2207 2208 2215 2214 2186 2184 2194 2180 2171 2169 2159 2166 2171 2180 2161 2164 2178 2165 2155 2156 2166 2157 2155 2179 2168 2178 2168 2159 2167 2158 2144 2134 2121 2121 2120 2112 2098 2100 2097 2087 2089 2073 2052 2051 2072 2035 2041 2029 2028 2020 2006 2009 2003 1996 1981 1985 1978 1963 1966 1964
2208 2219 2226 2226 2240 2240 2236 2238 2252 2237 2237 2239 2239 2249 2249 2262 2262 2261 2239 2239 2247 2260 2250 2238 2242 2223 2224 2228 2232 2222 2217 2217 2218 2207 2216 2202 2203 2197 2205 2206 2205 2170 2171 2180 2172 2158 2156 2143 2166 2171 2156 2155 2155 2156 2164 2165 2145 2147 2154 2156 2170 2154 2169 2147 2145 2144 2143 2122 2120 2121 2112 2111 2097 2100 2095 2088 2075 2066 2064 2064 2065 2033 2050 2027 2027 2019 2027 2019 2005 1994 1973 1983 1977 1964 1962 1957
2225 2213 2218 2231 2217 2216 2227 2229 2238 2228 2237 2228 2240 2250 2249 2248 2249 2254 2253 2248 2248 2249 2246 2241 2228 2224 2223 2223 2226 2225 2216 2209 2206 2204 2205 2196 2193 2194 2192 2193 2192 2182 2168 2172 2178 2169 2147 2144 2157 2167 2166 2141 2142 2142 2156 2157 2144 2143 2146 2166 2153 2147 2155 2146 2136 2145 2135 2134 2113 2112 2121 2100 2091 2090 2092 2097 2088 2072 2064 2074 2052 2042 2029 2041 2028 2019 2008 1996 1998 1982 1976 1974 1964 1955 1955 1953
2216 2204 2208 2218 2218 2208 2213 2215 2215 2214 2228 2217 2226 2240 2241 2239 2240 2249 2239 2239 2226 2248 2241 2238 2227 2220 2215 2214 2226 2218 2204 2203 2196 2197 2183 2208 2180 2181 2183 2169 2184 2184 2160 2160 2158 2149 2145 2144 2150 2145 2158 2158 2140 2143 2143 2143 2143 2135 2144 2158 2153 2145 2157 2132 2133 2144 2136 2122 2111 2098 2112 2103 2099 2088 2078 2075 2068 2065 2054 2050 2053 2044 2021 2031 2023 1999 2005 1999 1997 1984 1966 1975 1960 1953 1941 1942
2208 2208 2195 2196 2194 2205 2207 2215 2227 2214 2206 2210 2206 2227 2226 2225 2217 2226 2241 2225 2226 2239 2227 2224 2222 2218 2204 2204 2203 2217 2204 2195 2194 2183 2182 2200 2174 2172 2149 2161 2170 2170 2161 2157 2155 2135 2132 2135 2145 2150 2147 2144 2134 2134 2134 2142 2134 2142 2144 2145 2134 2131 2148 2124 2135 2132 2135 2122 2097 2090 2098 2103 2096 2074 2077 2076 2074 2067 2044 2045 2041 2028 2021 2020 2028 1995 2006 2007 1988 1984 1984 1965 1961 1952 1939 1940
2181 2182 2195 2205 2186 2191 2204 2193 2207 2218 2209 2204 2219 2225 2225 2218 2218 2217 2227 2225 2225 2227 2224 2218 2215 2213 2199 2204 2203 2208 2203 2182 2181 2183 2175 2176 2186 2163 2158 2147 2147 2162 2147 2149 2157 2146 2133 2123 2122 2136 2138 2141 2135 2121 2120 2133 2133 2142 2135 2133 2124 2122 2126 2111 2131 2126 2123 2113 2100 2099 2091 2098 2090 2066 2058 2068 2067 2053 2052 2047 2046 2030 2022 2006 2009 1997 2007 1998 1984 1987 1975 1961 1953 1939 1928 1930
2180 2196 2196 2203 2185 2196 2193 2184 2214 2206 2196 2196 2205 2204 2217 2217 2204 2204 2225 2218 2217 2227 2218 2215 2201 2199 2195 2190 2194 2209 2200 2194 2180 2173 2174 2160 2177 2154 2154 2150 2148 2138 2135 2139 2148 2146 2134 2124 2114 2122 2125 2119 2132 2113 2118 2119 2120 2122 2133 2132 2112 2112 2111 2112 2122 2123 2109 2100 2090 2077 2076 2081 2089 2051 2044 2054 2044 2043 2031 2043 2029 2033 2024 2008 1999 2000 1986 1998 1975 1974 1965 1954 1940 1929 1921 1922
2172 2187 2194 2182 2194 2184 2182 2170 2182 2187 2174 2181 2195 2203 2203 2204 2202 2195 2205 2216 2203 2204 2219 2195 2200 2202 2206 2181 2180 2186 2201 2182 2159 2159 2158 2164 2152 2140 2140 2136 2145 2139 2125 2138 2146 2138 2126 2113 2114 2121 2121 2119 2109 2109 2111 2121 2111 2113 2120 2123 2110 2109 2103 2107 2114 2108 2101 2100 2078 2077 2077 2076 2077 2045 2043 2056 2045 2030 2014 2022 2019 2020 2010 2002 1985 1985 1986 1985 1977 1965 1956 1954 1918 1932 1944 1943
2173 2181 2180 2185 2191 2171 2173 2183 2192 2192 2186 2183 2194 2186 2180 2194 2195 2196 2192 2203 2203 2196 2205 2191 2184 2197 2193 2179 2177 2177 2187 2180 2173 2159 2150 2160 2155 2141 2140 2131 2135 2136 2123 2117 2125 2137 2125 2121 2113 2100 2101 2112 2110 2120 2097 2120 2112 2121 2110 2111 2100 2102 2101 2098 2108 2100 2100 2092 2069 2078 2074 2068 2069 2053 2032 2047 2033 2022 2021 2021 2013 2007 2007 2000 1988 1985 1985 1982 1983 1963 1960 1951 1917 1944 1951 1931
2173 2151 2172 2182 2171 2162 2182 2183 2183 2192 2183 2186 2185 2181 2181 2172 2203 2194 2182 2194 2194 2182 2204 2178 2183 2201 2193 2183 2173 2164 2178 2171 2161 2158 2151 2137 2152 2138 2139 2138 2140 2131 2125 2116 2124 2123 2109 2116 2113 2099 2099 2099 2100 2112 2088 2098 2112 2112 2103 2101 2088 2077 2087 2087 2100 2086 2086 2090 2087 2064 2065 2054 2055 2045 2044 2031 2029 2020 2014 2009 2001 2008 2008 1999 1990 1979 1976 1983 1974 1961 1954 1938 1928 1934 1920 1912
2159 2158 2161 2168 2163 2160 2168 2174 2170 2183 2173 2182 2172 2173 2172 2180 2183 2173 2180 2181 2171 2171 2196 2183 2179 2170 2176 2172 2175 2155 2159 2165 2159 2152 2149 2135 2128 2129 2130 2124 2117 2116 2108 2102 2102 2116 2103 2103 2110 2112 2100 2091 2098 2099 2090 2098 2098 2098 2103 2097 2088 2069 2078 2078 2086 2077 2064 2084 2081 2057 2056 2051 2046 2038 2032 2024 2022 2011 2006 2014 2006 2000 2006 1986 1999 1975 1977 1975 1963 1941 1941 1930 1918 1942 1910 1906
2149 2152 2160 2149 2151 2160 2151 2164 2169 2173 2173 2164 2163 2163 2171 2181 2174 2180 2172 2180 2172 2172 2182 2174 2181 2179 2168 2159 2161 2151 2150 2151 2156 2138 2138 2129 2126 2114 2115 2117 2116 2118 2094 2102 2112 2104 2101 2102 2094 2103 2099 2097 2090 2095 2087 2095 2089 2089 2099 2099 2090 2069 2064 2065 2077 2064 2064 2067 2076 2065 2044 2042 2046 2045 2038 2029 2010 1998 2002 1997 2008 1998 1986 1997 1983 1969 1968 1968 1957 1955 1938 1921 1915 1910 1897 1889
2136 2138 2140 2146 2159 2148 2160 2161 2165 2151 2151 2159 2162 2149 2158 2172 2172 2160 2179 2160 2171 2160 2173 2160 2162 2172 2170 2164 2152 2139 2136 2142 2142 2137 2136 2136 2115 2107 2106 2108 2118 2122 2109 2095 2094 2090 2081 2092 2088 2089 2090 2096 2088 2077 2075 2075 2087 2076 2097 2091 2075 2064 2052 2064 2056 2055 2062 2058 2052 2045 2035 2042 2033 2025 2032 2032 2020 2006 1991 1990 1984 1999 1988 1978 1977 1964 1967 1966 1953 1944 1935 1912 1899 1907 -1 1868
2130 2135 2137 2148 2150 2139 2146 2169 2151 2150 2151 2159 2158 2149 2149 2159 2158 2158 2170 2151 2157 2160 2151 2153 2149 2158 2156 2155 2141 2129 2128 2140 2133 2133 2128 2128 2107 2116 2094 2093 2114 2109 2084 2085 2086 2073 2081 2078 2077 2079 2081 2077 2088 2068 2073 2073 2087 2068 2077 2088 2056 2055 2064 2055 2042 2041 2053 2038 2035 2021 2036 2025 2033 2024 2023 2009 2023 2000 1998 2001 1986 1988 1984 1980 1977 1961 1965 1957 1930 1944 1931 1916 1890 1893 -1 1870
2126 2126 2139 2136 2145 2147 2161 2138 2142 2160 2150 2158 2159 2149 2150 2149 2149 2156 2160 2149 2157 2159 2158 2150 2139 2139 2150 2148 2141 2132 2120 2133 2131 2120 2114 2115 2114 2107 2096 2095 2100 2101 2085 2072 2068 2071 2081 2072 2070 2068 2074 2076 2077 2076 2065 2064 2064 2079 2068 2075 2054 2066 2055 2033 2041 2032 2039 2030 2030 2015 2022 2020 2024 2019 2001 2001 2009 2010 1986 1984 1993 1979 1979 1975 1961 1955 1965 1943 1933 1922 1907 1922 1907 1894 1884 1871
2127 2117 2128 2136 2146 2138 2147 2137 2130 2128 2152 2150 2150 2127 2141 2136 2158 2158 2151 2148 2151 2159 2156 2149 2139 2136 2154 2138 2132 2119 2111 2118 2132 2108 2111 2106 2113 2105 2102 2091 2092 2080 2077 2078 2063 2059 2062 2056 2049 2054 2065 2068 2069 2067 2056 2053 2050 2076 2055 2066 2052 2057 2043 2041 2041 2032 2031 2017 2016 2020 2011 2014 2011 2010 1987 1996 2001 2002 1987 1978 1975 1984 1970 1962 1961 1953 1956 1920 1934 1921 1921 1908 1898 1885 1885 1861
2106 2105 2114 2123 2137 2138 2125 2147 2129 2138 2142 2137 2136 2128 2135 2149 2158 2137 2150 2134 2137 2150 2148 2135 2134 2135 2145 2132 2129 2119 2110 2119 2116 2102 2097 2092 2104 2093 2093 2092 2079 2069 2071 2080 2070 2046 2048 2058 2047 2051 2046 2054 2055 2045 2045 2053 2045 2067 2051 2043 2054 2045 2034 2032 2042 2032 2041 2019 2010 2012 2021 2000 2002 1987 1987 1988 1997 1989 1988 1979 1965 1975 1956 1953 1963 1953 1943 1916 1921 1912 1884 1898 1899 1876 1876 1861
2104 2124 2114 2124 2126 2125 2123 2138 2116 2129 2129 2137 2136 2128 2135 2136 2135 2149 2136 2137 2137 2136 2134 2127 2135 2138 2131 2123 2123 2110 2096 2119 2114 2107 2098 2088 2090 2081 2093 2084 2083 2071 2057 2056 2071 2057 2034 2040 2050 2065 2067 2046 2067 2051 2054 2031 2032 2044 2042 2030 2045 2053 2031 2042 2033 2019 2019 2032 2019 2016 2013 1998 1993 1983 1979 1964 1974 1975 1987 1965 1963 1957 1948 1961 1955 1939 1934 1908 1920 1912 1877 1886 1889 1862 1876 1854
2104 2115 2115 2117 2116 2124 2125 2114 2116 2115 2128 2115 2136 2127 2135 2136 2127 2127 2135 2129 2129 2135 2127 2136 2126 2129 2134 2123 2122 2100 2098 2111 2105 2097 2091 2089 2082 2069 2071 2084 2070 2060 2072 2056 2049 2048 2025 2027 2036 2057 2058 2052 2054 2067 2050 2045 2031 2028 2021 2022 2009 2031 2008 2031 2033 2020 2011 2009 2010 1995 2007 1999 1990 1984 1982 1955 1965 1973 1978 1955 1956 1954 1942 1941 1953 1939 1930 1916 1911 1898 1889 1896 1877 1866 1854 1867
2101 2091 2101 2096 2124 2103 2115 2116 2115 2107 2115 2128 2127 2127 2127 2113 2116 2127 2113 2115 2126 2115 2127 2114 2113 2115 2125 2109 2108 2098 2087 2087 2097 2088 2094 2092 2072 2071 2060 2069 2061 2059 2063 2046 2047 2045 2035 2019 2033 2035 2043 2045 2045 2032 2042 2041 2028 2022 2020 2008 2031 2023 1999 2022 2019 2011 2019 1997 1996 1994 1987 1984 1978 1976 1969 1960 1952 1970 1964 1964 1942 1951 1941 1941 1943 1934 1930 1916 1908 1898 1890 1885 1887 1874 1854 1854
2090 2092 2093 2115 2101 2093 2101 2102 2114 2106 2113 2105 2118 2114 2113 2114 2113 2107 2106 2113 2112 2106 2105 2114 2110 2112 2115 2102 2100 2099 2085 2096 2087 2089 2085 2094 2083 2075 2062 2060 2047 2055 2049 2040 2037 2036 2036 2026 2032 2034 2034 2036 2031 2023 2030 2033 2019 2008 2006 1999 2009 2022 2008 2019 2011 1989 1997 2010 1998 1988 1985 1976 1955 1969 1967 1945 1946 1950 1961 1956 1935 1942 1943 1939 1932 1919 1911 1897 1908 1894 1894 1893 1875 1866 1865 1853
2079 2100 2100 2101 2101 2102 2092 2093 2106 2113 2104 2114 2104 2105 2105 2104 2114 2093 2092 2104 2104 2115 2105 2113 2110 2106 2109 2096 2087 2086 2076 2076 2075 2074 2071 2072 2085 2075 2066 2046 2038 2057 2046 2041 2023 2015 2023 2027 2013 2023 2025 2020 2022 2032 2022 2009 2019 2010 2000 1997 1986 1999 1996 2010 1997 1974 1987 1996 1989 1977 1971 1961 1968 1953 1946 1944 1938 1942 1948 1938 1934 1933 1934 1940 1930 1921 1910 1896 1888 1884 1885 1894 1884 1871 1863 1853
2091 2091 2092 2102 2092 2093 2100 2093 2105 2092 2092 2114 2105 2096 2092 2091 2105 2091 2096 2114 2093 2090 2106 2101 2104 2101 2094 2093 2087 2077 2074 2066 2074 2051 2065 2062 2067 2068 2052 2044 2038 2033 2048 2027 2018 2004 2004 2014 2009 2005 2011 2013 2019 2024 2020 2008 2006 2009 2007 1987 1987 1988 1986 1974 1987 1965 1975 1988 1975 1967 1968 1962 1954 1933 1932 1941 1924 1924 1928 1939 1925 1925 1920 1917 1931 1929 1912 1897 1898 1872 1872 1875 1885 1862 1862 1871
2078 2078 2093 2080 2080 2092 2101 2085 2091 2083 2106 2093 2113 2092 2092 2091 2083 2095 2105 2084 2092 2092 2083 2090 2082 2087 2087 2085 2084 2073 2066 2052 2065 2042 2051 2049 2049 2059 2053 2047 2048 2025 2035 2033 2011 2011 1996 2000 2001 2002 1987 2005 2006 2000 2010 2012 1999 1997 2000 1999 1986 1986 1973 1977 1975 1951 1966 1974 1973 1964 1954 1949 1941 1945 1948 1949 1933 1919 1931 1929 1920 1917 1911 1912 1918 1909 1920 1906 1889 1866 1875 1876 1872 1863 1849 1840
2069 2079 2080 2081 2071 2092 2078 2082 2071 2082 2092 2104 2092 2091 2084 2083 2091 2082 2082 2091 2083 2092 2073 2083 2090 2079 2088 2078 2076 2061 2065 2053 2044 2030 2040 2041 2036 2045 2049 2048 2039 2026 2025 2026 2012 2002 -1 1991 1991 1989 1981 1991 1997 1998 2001 1985 1988 1983 1977 1985 1977 1977 1963 1964 1952 1966 1952 1965 1974 1953 1950 1946 1932 1947 1939 1925 1940 1916 1910 1922 1911 1910 1908 1903 1895 1889 1885 1898 1874 1874 1867 1871 1867 1854 1845 1841
2071 2071 2072 2079 2079 2079 2069 2080 2082 2090 2084 2091 2081 2083 2082 2072 2073 2082 2090 2090 2084 2091 2072 2082 2074 2081 2081 2064 2066 2057 2062 2062 2050 2029 2026 2027 2022 2037 2039 2041 2026 2016 2025 2016 2017 2003 -1 1968 1982 1980 1982 1975 1983 1988 1989 1978 1983 1975 1962 1963 1976 1964 1963 1950 1943 1942 1951 1951 1965 1941 1944 1942 1927 1923 1938 1926 1930 1921 1908 1899 1906 1898 1897 1885 1879 1886 1880 1883 1884 1875 1866 1862 1853 1848 1849 1831
2057 2079 2070 2079 2070 2070 2056 2060 2059 2070 2092 2070 2083 2070 2068 2068 2063 2070 2082 2070 2082 2082 2070 2069 2073 2074 2080 2056 2063 2064 2054 2040 2042 2028 2020 2018 2013 2023 2026 2027 2018 2002 2003 1994 2001 1990 1980 1971 1968 1966 1969 1959 1976 1979 1986 1975 1957 1957 1961 1953 1955 1955 1955 1942 1929 1930 1943 1930 1930 1927 1921 1928 1927 1918 1924 1931 1908 1909 1907 1900 1901 1903 1894 1888 1874 1873 1874 1871 1875 1872 1862 1858 1852 1845 1839 1826
2070 2048 2047 2057 2070 2056 2057 2069 2069 2068 2069 2083 2069 2061 2061 2059 2049 2061 2068 2068 2069 2070 2062 2061 2065 2070 2067 2054 2043 2055 2052 2040 2017 2018 2007 2029 2014 2017 2004 2030 2003 1994 2002 1995 1982 1992 1981 1967 1958 1960 1960 1961 1965 1967 1977 1963 1961 1940 1952 1941 1941 1939 1941 1931 -1 1921 1929 1929 1922 1908 1918 1907 1919 1905 1904 1915 1923 1909 1900 1899 1904 1897 1866 1880 1873 1866 1878 1866 1864 1867 1863 1853 1852 1843 1829 1816
2058 2057 2047 2056 2048 2048 2046 2060 2067 2070 2060 2069 2069 2070 2060 2046 2048 2069 2060 2060 2069 2067 2068 2048 2061 2051 2058 2051 2041 2035 2042 2043 2017 2008 2011 2020 2030 2006 2004 2024 2021 1995 1993 1989 1988 1978 1969 1964 1958 1949 1952 1956 1969 1968 1954 1952 1944 -1 1939 1938 1932 1932 1930 -1 -1 -1 -1 -1 -1 -1 1904 1896 1898 1904 1902 1895 1892 1899 1900 1887 1895 1888 1872 1875 1884 1877 1866 1857 1858 1855 1858 1840 1838 1815 1820 1821
2057 2049 2048 2055 2056 2038 2046 2058 2046 2061 2060 2061 2061 2047 2047 2037 2039 2069 2060 2052 2061 2059 2059 2045 2043 2044 2048 2042 2032 2033 2020 2030 1997 1998 2007 2011 2022 1998 1999 2015 2007 1999 1981 1980 1980 1980 1970 1957 1966 1954 1956 1947 1969 1959 1941 1940 1935 1921 1930 1919 1930 1941 1919 -1 -1 -1 -1 -1 -1 1886 1908 1896 1896 1901 1909 1903 1894 1886 1887 1886 1885 1881 1873 1871 1875 1865 1851 1848 1852 1849 1835 1834 1821 1830 1839 1807
2035 2026 2046 2047 2034 2037 2035 2045 2038 2045 2047 2047 2048 2038 2038 2030 2060 2046 2038 2051 2068 2047 2046 2036 2036 2042 2043 2039 2029 2019 2021 2019 2006 1999 2004 2008 2004 1998 1999 2002 1992 1978 1972 1979 1971 1971 1957 1946 1946 1943 1945 1947 1956 1946 1945 1953 1943 -1 -1 -1 1920 1932 1910 -1 -1 -1 -1 -1 1886 1899 1907 1903 1895 1884 1883 1885 1887 1881 1881 1886 1886 1877 1864 1859 1861 1853 1840 1843 1834 1843 1830 1827 1820 1816 1830 1809
2034 2026 2033 2033 2033 2025 2036 2024 2036 2047 2039 2039 2047 2025 2046 2037 2046 2046 2047 2046 2059 2038 2022 2037 2048 2033 2025 2035 2021 2020 2010 2010 2007 2005 2004 2000 1999 1996 2003 1993 1979 1985 1970 1981 1957 1949 1957 1944 -1 -1 1936 1947 1933 1937 1938 1936 1944 1934 -1 -1 -1 1919 -1 -1 -1 -1 1877 1907 1882 1877 1885 1898 1876 1881 1876 1880 1883 1885 1878 1886 1878 1864 1855 1841 1850 1836 1839 1832 1826 1821 1820 1829 1821 1807 1807 1817
2025 2017 2024 2034 2035 2024 2023 2022 2039 2047 2025 2025 2038 2023 2037 2038 2037 2046 2046 2039 2024 2036 2015 2023 2039 2020 2017 2023 2011 2012 2002 1998 1998 1996 1997 1992 1986 1982 1994 1981 1980 1981 1976 1972 1956 1955 1949 1935 -1 -1 1914 1924 1925 1930 1924 1923 1931 1921 -1 -1 -1 -1 -1 -1 -1 1900 1886 1898 1906 1885 1884 1877 1872 1875 1882 1874 1882 1876 1863 1870 1854 1855 1840 1832 1832 1827 1828 1830 1817 1812 1806 1807 1799 1813 1813 1808
2016 2012 2025 2010 2026 2023 2024 2025 2038 2025 2026 2016 2025 2023 2025 2024 2037 2038 2025 2016 2023 2022 2014 2024 2025 2015 2011 2029 2014 2018 2004 2001 1989 1995 1983 1982 1980 1984 1981 1975 1973 1972 1966 1958 1949 1948 1946 1923 -1 -1 1913 1910 1911 1916 1915 -1 1922 -1 -1 1890 1916 1916 1877 1894 1885 1879 1900 1887 1898 1876 1884 1882 1871 1873 1859 1860 1873 1856 1854 1800 1846 1841 1832 -1 -1 1813 1814 1804 1807 1808 1818 1795 1806 1799 1804 1794
2003 2003 2011 2012 2024 2021 2016 2024 2016 2024 2024 2017 2024 2023 2017 2015 2023 2016 2024 2007 2013 2014 2015 2016 2005 2002 2000 2022 2020 2006 2009 1997 1996 1986 1985 1975 1973 1976 1972 1968 1974 1961 1959 1957 1950 1934 1933 1911 1909 1899 1901 -1 -1 1907 -1 -1 -1 -1 1895 1899 1907 1907 1896 1889 1888 1878 1869 1865 1878 1875 1875 1863 1873 1865 1856 1860 1852 -1 1847 -1 1832 1818 1833 1818 -1 -1 1804 1805 1793 1794 1787 1809 1797 1798 1794 -1
1995 2003 2012 2015 2012 2011 2002 2022 2015 2015 2015 2003 2015 2016 2023 2015 2002 2002 2015 2001 2006 2001 2001 2004 2003 1994 1993 1997 2013 1999 2006 1997 1988 1976 1975 1967 1962 1964 1962 1967 1961 1955 1953 1950 1936 1926 1925 1924 1912 1900 -1 -1 -1 1894 -1 -1 -1 1877 1920 1907 1899 1894 1887 1871 1874 1875 1866 1863 1855 1855 1874 1862 1860 1863 1859 1859 1851 1862 1833 1824 1810 1824 1819 1810 1809 1791 1799 1792 1784 1785 1786 1789 -1 -1 -1 -1
1981 1994 2010 2004 2010 2003 2001 2014 2002 2001 2002 1994 2002 2002 2014 2001 1994 2002 2003 2001 1993 1993 1992 2002 2003 1993 1979 1990 1997 1997 1997 1988 1985 1978 1963 1966 1955 1960 1957 1962 1954 1952 1946 1936 1935 1927 1913 1910 1903 -1 -1 -1 1865 1885 1871 1885 1877 1886 1911 1888 1885 1875 -1 -1 -1 -1 1843 1852 1842 1863 1861 1852 1853 1854 1861 1850 1853 1842 1839 1825 1811 1811 1819 1797 1796 1797 1798 1783 1785 1783 1776 -1 -1 -1 -1 -1
