R/with_max/veg_4400/arrival.asc
NCOLS 638
NROWS 825
XLLCORNER -2985163.8955
YLLCORNER -3022031.214
CELLSIZE 10000
NODATA_value -1
[rows 188 to 234 of 825, columns 384 to 479 of 638]
1451 1465 1473 1474 1496 1509 1496 1511 1512 1511 1514 1515 1519 1522 1525 1522 1515 1521 1514 1534 1525 1523 1522 1537 1513 1530 1532 1532 1518 1520 -1 -1 1528 1532 1540 1518 1508 1495 -1 -1 -1 -1 -1 -1 -1 1480 1476 -1 1483 -1 -1 1477 1491 1491 1477 1480 -1 -1 1466 1447 -1 -1 -1 1467 -1 -1 -1 -1 1383 1376 -1 -1 1354 1354 1345 1356 1371 1378 1378 1380 1387 1387 1378 1364 1360 1367 1377 1356 -1 -1 -1 -1 -1 -1 -1 -1
1451 1453 1467 1474 1487 1510 1518 1520 1520 1518 1520 1522 1528 1529 1526 1523 1535 1523 1523 1513 1520 1534 1543 1545 1536 1536 1539 1541 1541 1531 1529 1543 1542 1531 1519 1517 1509 1495 -1 -1 -1 1482 -1 -1 -1 1494 1490 1477 1489 1478 1490 1490 1499 1500 1490 1489 1480 -1 1475 -1 -1 -1 -1 1476 1480 1466 -1 -1 -1 -1 -1 -1 -1 1345 1363 1370 1379 1386 1386 1388 1401 1386 1366 1366 1374 1390 1365 1366 -1 -1 -1 -1 -1 -1 -1 -1
-1 -1 -1 1476 1496 1510 1519 1520 1534 1532 1534 1536 1537 1537 1534 1533 1536 1544 1537 1524 1533 1533 1557 1559 1540 1542 1545 1554 1554 1538 1551 1551 1541 1540 1518 1510 1517 1508 -1 -1 -1 -1 1490 -1 -1 1503 1499 1498 1500 1513 1499 1499 1513 1512 1514 1498 1497 1488 1478 1476 -1 -1 1475 1480 1490 1477 -1 -1 -1 -1 -1 -1 -1 -1 1340 1377 1393 1400 1402 1410 1400 1390 -1 1380 1383 1399 1378 1366 1366 -1 -1 -1 -1 -1 -1 -1
1473 1479 1488 1489 1489 1501 1519 1524 1543 1542 1541 1542 1545 1546 1546 1543 1556 1545 1545 1536 1535 1541 1553 1565 1568 1556 1543 1563 1563 1555 1554 1564 1553 1541 1533 1518 1531 1509 -1 1511 1513 1504 -1 1496 1496 1503 1512 1503 1521 1514 1513 1522 1513 1523 1521 1511 1511 1492 1492 1490 -1 -1 1491 1477 1499 1477 -1 -1 -1 -1 -1 -1 -1 -1 -1 1385 1402 1409 1411 1423 1414 1409 1400 1389 1397 1401 -1 1387 1379 -1 -1 -1 -1 -1 -1 -1
1475 1479 1498 1489 1497 1509 1524 1533 1537 1545 1542 1544 1557 1555 1554 1559 1568 1565 1559 1558 1548 1555 1552 1562 1579 1568 1559 1552 1564 1565 1573 1563 1562 1555 1541 1540 1517 1516 1518 1519 1526 1524 1516 1525 1525 1517 1535 1526 1522 1521 1522 1536 1535 1536 1535 1520 1514 1500 1501 1492 1499 1500 1498 1488 1491 1477 -1 -1 -1 -1 -1 -1 -1 -1 -1 -1 1381 1422 1432 1423 1413 1408 1413 1405 1398 1405 1410 1395 1389 -1 -1 -1 -1 -1 -1 -1
1495 1509 1512 1495 1509 -1 1532 1533 1542 1542 1537 1547 1556 1565 1564 1578 1582 1579 1567 1568 1557 1556 1564 1576 1588 1581 1561 1553 1566 1574 1577 1576 1576 1564 1563 1554 1541 1532 1532 1533 1532 1526 1539 1539 1525 1526 1535 1544 1535 1536 1544 1559 1545 1557 1543 1534 1523 1501 1514 1501 1513 1520 1511 1490 1499 1478 -1 -1 -1 -1 -1 -1 -1 -1 -1 -1 -1 1412 1446 1436 1410 1422 1422 1419 1406 1407 1419 1398 -1 -1 -1 -1 -1 -1 -1 -1
1510 1518 1532 1520 1520 1533 1534 1541 1547 1540 1545 1546 1556 1565 1566 1580 1587 1591 1588 1579 1581 1570 1578 1578 1585 1590 1575 1565 1565 1575 1585 1588 1585 1585 1577 1577 1554 1554 1542 1541 1539 1546 1548 1548 1549 1549 1550 1559 1559 1545 1547 1568 1566 1544 1542 1537 1523 1523 1523 1512 1513 1522 1513 1500 1492 1491 -1 -1 -1 -1 -1 -1 -1 -1 -1 -1 -1 1455 1445 1436 1423 1431 1425 1423 1420 1409 1427 1411 -1 -1 -1 1376 1379 -1 -1 -1
1521 1521 1535 1541 1534 1534 1541 1543 1555 1545 1545 1554 1555 1564 1570 1568 1589 1600 1588 1590 1592 1579 1586 1582 1587 1598 1577 1577 1574 1589 1597 1598 1587 1586 1586 1586 1577 1563 1556 1548 1555 1549 1561 1561 1558 1572 1566 1567 1581 1567 1570 1588 1579 1558 1545 1546 1545 1536 1545 1544 1521 1511 1512 1522 1514 1490 -1 1491 -1 -1 -1 -1 -1 -1 -1 -1 -1 1446 1459 1432 1430 1428 1432 1428 1431 1422 1421 1420 -1 -1 1384 1385 1380 1387 1401 1387
1534 1534 1543 1543 1542 1542 1555 1557 1558 1559 1554 1545 1563 1564 1566 1571 1579 1609 1588 1603 1591 1593 1600 1590 1607 1600 1586 1579 1587 1575 1598 1601 1607 1588 1600 1585 1578 1564 1568 1558 1558 1561 1561 1570 1571 1580 1581 1589 1581 1581 1579 1560 1567 1556 1559 1558 1559 1568 1543 1535 1558 1521 1521 1536 1523 1498 -1 1499 1491 -1 -1 -1 -1 -1 -1 1455 1446 1447 1467 1432 1444 1433 1431 1442 1429 1434 1430 1421 -1 -1 -1 1399 1389 1409 1401 1392
1543 1543 1543 1555 1563 1557 1564 1565 1579 1567 1568 1563 1559 1560 1557 1565 1566 1588 1601 1602 1612 1604 1604 1609 1609 1602 -1 1588 1588 1596 1598 1611 1610 1609 1601 1598 1587 1567 1581 1569 1570 1572 1572 1584 1603 1595 1589 1590 1602 1593 1589 1582 1569 1568 1560 1567 1568 1581 1568 1567 1543 1535 1535 1544 1536 1522 1513 1503 1500 1504 1492 -1 -1 1477 1468 1468 1456 1455 1445 1453 1446 1445 1451 1443 1442 1443 1443 1433 -1 -1 -1 1403 1408 1410 1401 1391
1535 1536 1543 1548 1556 1556 1565 1565 1588 1578 1577 1576 1567 1567 1568 1570 1578 1602 1604 1610 1611 1613 1626 1613 1610 1608 1599 -1 -1 1612 1620 1618 1609 1610 1607 1599 1595 1590 1592 1584 1580 1583 1595 1584 1593 1590 1590 1590 1603 1602 1591 1582 1581 1569 1569 1581 1582 1582 1590 1581 1558 1567 1568 1545 1544 1536 1526 1513 1512 1501 1493 1478 1477 1490 1477 1469 1468 1468 1467 1455 1454 1454 1465 1466 1452 1444 1456 -1 -1 -1 -1 1411 1421 1423 1415 1401
1535 1543 1557 1556 1557 1556 1557 1578 1587 1586 1585 1580 1570 1578 1578 1582 1592 1610 1615 1613 1625 1634 1624 1627 1622 1613 1610 1601 -1 1608 1620 1622 1608 1609 1608 1603 1589 1595 1599 1604 1606 1604 1593 1591 1606 1590 1604 1591 1611 1612 1605 1605 1583 1590 1583 1582 1589 1591 1590 1604 1604 1590 1582 1558 1548 1544 1535 1522 1513 1514 1502 1500 1480 1491 1481 1478 1477 1477 1475 1467 1467 1473 1474 1466 1458 1465 1445 -1 1432 1432 1423 1430 1432 1423 1409 1387
1535 1544 1544 1566 1565 1566 1571 1587 1600 1592 1589 1589 1579 1587 1590 1591 1601 1615 1624 1623 1632 1648 1635 1633 1631 1626 1621 1624 1610 1619 1621 1630 1622 1616 1611 1615 1602 1608 1612 1615 1617 1605 1604 1615 1603 1604 1612 1613 1604 1602 1613 1614 1604 1591 1591 1591 1603 1612 1613 1612 1606 1603 1579 1567 1558 1548 1536 1537 1523 1516 1513 1500 1500 1500 1491 1490 1492 1487 1488 1476 1476 1475 1480 1480 1467 1454 1453 1446 1446 1452 1444 1434 1425 1423 1410 1387
1522 1536 1544 1557 1566 1567 1579 1580 1588 1608 1592 1588 1588 1601 1600 1612 1627 1633 1636 1646 1655 1657 1649 1646 1635 1644 1632 1623 1625 -1 1633 1644 1630 1623 1616 1625 1622 1626 1626 1629 1618 1612 1613 1608 1611 1612 1612 1612 1616 1613 1615 1614 1613 1605 1603 1605 1604 1613 1626 1614 1612 1603 1589 1581 1567 1559 1545 1538 1536 1525 1522 1513 1513 1514 1513 1501 1510 1497 1498 1489 1490 1488 1489 1476 1471 1466 1467 1455 1469 1455 1446 1444 1432 1421 1409 1399
1544 1544 1557 1557 1580 1579 1588 1593 1602 1602 1611 1603 1612 1624 1625 1613 1636 1646 1647 1658 1669 1671 1658 1649 1655 1653 1646 1634 1634 -1 1642 1631 1653 1632 1634 1621 1631 1635 1637 1635 1629 1627 1626 1617 1614 1614 1624 1613 1625 1624 1627 1623 1614 1626 1626 1612 1613 1613 1635 1611 1611 1592 1604 1582 1568 1560 1547 1547 1544 1537 1537 1536 1522 1523 1522 1519 1520 1511 1499 1499 1496 1502 1479 1479 1490 1476 1470 1478 1455 1447 1453 1432 1430 1422 1408 1400
1560 1556 1557 1566 1589 1588 1587 1588 1593 1610 1624 1609 1610 1611 1632 1633 1649 1655 1669 1677 1671 1679 1672 1657 1661 1655 1648 1643 1643 1633 1655 1645 1633 1646 1648 1647 1644 1640 1648 1637 1628 1636 1628 1637 1626 1633 1634 1625 1624 1626 1636 1637 1635 1635 1636 1627 1635 1626 1635 1627 1625 1625 1613 1590 1581 1569 1561 1548 1546 1544 1544 1545 1538 1524 1536 1533 1534 1521 1512 1512 1511 1502 1493 1498 1491 1479 1469 1456 1447 1454 1446 1445 1431 1422 1409 1402
1567 1565 1581 1579 1580 1588 1592 1601 1602 1610 1624 1633 1622 1611 1624 1625 1649 1656 1670 1678 1678 1680 1680 1670 1669 1670 1657 1656 1670 1656 1679 1668 1647 1654 1651 1653 1650 1648 1657 1651 1635 1630 1625 1629 1635 1626 1648 1626 1635 1627 1646 1636 1627 1635 1634 1634 1635 1633 1635 1634 1634 1626 1606 1589 1583 1583 1569 1562 1560 1558 1560 1547 1558 1559 1556 1543 1537 1528 1521 1514 1523 1515 1501 1500 1492 1477 1457 1466 1454 1467 1454 1432 1431 1424 1410 1400
1558 1569 1589 1588 1588 1588 1602 1593 1610 1623 1622 1633 1646 1623 1633 1631 1656 1669 1672 1679 1678 1691 1694 1680 1670 1670 1669 1665 1665 1679 1687 1677 1670 1655 1660 1667 1658 1656 1662 1660 1649 1643 1634 1643 1635 1657 1625 1626 1636 1635 1636 1650 1649 1635 1636 1636 1648 1636 1649 1636 1628 1627 1614 1591 1592 1592 1571 1572 1568 1566 1569 1582 1568 1565 1559 1546 1547 1525 1527 1533 1525 1522 1513 1502 1501 1479 1475 1468 1476 1477 1468 1445 1433 1411 1408 1401
1571 1577 1580 1602 1591 1602 1611 1603 1602 1611 1632 1631 1654 1655 1647 1646 1670 1672 1678 1681 1682 1691 1700 1702 1692 1678 1678 1678 1679 1688 1691 1679 1669 1653 1667 1675 1672 1671 1671 1657 1665 1652 1651 1647 1635 1649 1639 1638 1650 1649 1659 1658 1637 1647 1648 1656 1649 1657 1650 1637 1633 1628 1628 1614 1593 1592 1572 1583 1582 1580 1590 1590 1581 1567 1570 1559 1548 1538 1524 1536 1534 1524 1515 1515 1515 1489 1498 1490 1476 1469 1467 1455 1423 1409 1409 1400
1580 1572 1578 1589 1611 1605 1611 1612 1611 1624 1625 1625 1634 1648 1655 1669 1669 1678 1680 1683 1691 1693 1699 1701 1692 1683 1682 1675 1689 1690 1699 1689 1678 1675 1674 1684 1681 1680 1672 1658 1674 1654 1656 1651 1657 1649 1647 1658 1647 1672 1648 1660 1650 1656 1649 1656 1657 1648 1658 1649 1647 1637 1636 1628 1614 1615 1607 1606 1604 1612 1582 1569 1568 1570 1568 1557 1547 1538 1545 1543 1535 1526 1524 1524 1521 1512 1499 1490 1477 1476 1468 1455 1447 1423 1401 1388
1579 1589 1579 1603 1612 1614 1612 1625 1624 1628 1633 1633 1647 1645 1656 1655 1678 1692 1694 1700 1702 1713 1700 1700 1694 1691 1684 1683 1691 1698 1698 1698 1692 1686 1679 1682 1685 1681 1671 1666 1657 1649 1659 1664 1661 1657 1649 1672 1658 1681 1669 1657 1658 1658 1658 1670 1655 1656 1658 1655 1649 1636 1636 1627 1629 1613 1614 1603 1604 1590 1583 1582 1568 1569 1566 1557 1545 1557 1543 1536 1523 1524 1525 1525 1521 1513 1500 1491 1490 1489 1477 1455 1432 1423 1409 1398
1577 1588 1588 1601 1603 1612 1626 1624 1634 1633 1636 1635 1647 1655 1668 1668 1679 1693 1701 1703 1714 1722 1703 1702 1714 1704 1684 1692 1693 1693 1701 1700 1695 1694 1693 1680 1696 1694 1679 1688 -1 1650 1658 1673 1694 1670 1681 1659 1672 1683 1659 1660 1670 1671 1671 1679 1669 1655 1658 1657 1650 1635 1650 1635 1651 1638 1626 1613 1592 1591 1591 1569 1579 1566 1560 1546 1566 1545 1545 1539 1535 1523 1536 1525 1522 1513 1512 1499 1498 1491 1478 1469 1432 1433 1410 1406
1576 1591 1591 1590 1610 1611 1625 1634 1648 1647 1650 1655 1656 1669 1669 1677 1691 1700 1701 1717 1716 1723 1716 1714 1723 1705 1705 1702 1701 1702 1710 1714 1703 1698 1701 1705 1693 1703 1680 1687 1666 1657 1671 1682 1695 1683 1694 1681 1672 1691 1671 1671 1679 1680 1680 1678 1658 1657 1672 1658 1659 1659 1649 1652 1649 1635 1628 1613 1605 1605 1581 1580 1580 1568 1559 1546 1545 1558 1548 1544 1538 1545 1545 1536 1525 1521 1503 1502 1499 1499 1478 1469 1446 1444 1424 1421
1580 1600 1591 1600 1604 1611 1625 1648 1634 1656 1655 1659 1672 1672 1678 1678 1692 1714 1723 1725 1723 1725 1722 1725 1729 1715 1701 1700 1715 1713 1711 1724 1723 1717 1715 1717 1698 1689 1688 1674 1656 1670 1670 1680 1694 1684 1681 1695 1681 1680 1680 1678 1679 1679 1693 1671 1672 1681 1659 1659 1672 1673 1657 1658 1650 1649 1636 1635 1614 1613 1602 1588 1589 1582 1558 1547 1559 1567 1559 1547 1546 1545 1537 1544 1535 1517 1516 1516 1499 1500 1492 1476 1467 1453 1430 1422
1569 1589 1602 1605 1602 1601 1613 1633 1657 1656 1669 1669 1678 1679 1692 1700 1714 1715 1724 1736 1723 1737 1736 1725 1723 1737 1724 1724 1722 1712 1712 1732 1725 1719 1719 1724 1725 1712 -1 -1 1653 1679 1679 -1 1693 1717 1704 1695 1695 1694 1681 1682 1691 1701 1680 1681 1669 1670 1669 1681 1681 1672 1671 1659 1658 1658 1649 1636 1626 1625 1611 1601 1602 1591 1557 1568 1560 1568 1560 1545 1544 1546 1544 1548 1539 1525 1524 1514 1513 1500 1491 1477 1468 1455 1432 1431
1578 1592 1591 1611 1604 1618 1622 1636 1647 1671 1679 1678 1692 1700 1695 1700 1713 1723 1736 1745 1723 1745 1737 1745 1738 1738 1737 1737 1736 1706 1720 1733 1738 1725 1722 1716 1720 1720 -1 -1 -1 -1 -1 -1 1701 1726 1717 1704 1702 1693 1694 1700 1693 1680 1692 1692 1679 1678 1671 1671 1680 1680 1663 1673 1672 1671 1648 1634 1633 1625 1624 1611 1604 1590 1566 1567 1569 1582 1569 1561 1547 1560 1548 1539 1539 1537 1523 1521 1512 1499 1490 1476 1472 1464 1446 1441
1580 1601 1600 1613 1614 1623 1627 1645 1658 1661 1669 1670 1679 1693 1693 1704 1716 1737 1725 1744 1739 1746 1745 1746 1747 1746 1746 1744 1761 1730 -1 1747 1742 1732 1718 1720 1734 1733 1719 1716 -1 -1 -1 -1 -1 1726 1715 1714 1716 1703 1694 1702 1694 1701 1701 1693 1691 1673 1673 1680 1684 1693 1681 1680 1680 1657 1650 1637 1634 1633 1623 1626 1613 1604 1580 1581 1583 1583 1590 1569 1568 1558 1562 1547 1538 1546 1535 1521 1501 1503 1494 1480 1458 1487 1456 1450
1577 1583 -1 1601 1614 1637 1638 1647 1660 1667 1683 1670 1679 1693 1701 1702 1715 1724 1745 1739 1747 1759 1768 1761 1760 1758 1748 1747 1752 1769 1734 1743 1755 1745 1736 1743 1734 1742 1743 1734 1730 1726 1726 -1 -1 1724 1722 1725 1717 1729 1705 1703 1703 1715 1715 1694 1682 1695 1681 1685 1694 1683 1682 1694 1673 1659 1650 1648 1638 1647 1635 1613 1613 1612 1589 1589 1592 1591 1606 1582 1567 1557 1570 1561 1534 1543 1544 1522 1514 1503 1494 1480 1486 1496 1464 1450
-1 -1 -1 -1 -1 1625 1645 1646 1656 1669 1670 1692 1679 1692 1701 1714 1724 1723 1737 1744 1748 1759 1768 1769 1768 1769 1767 1761 1756 1753 1740 -1 1748 1764 1739 1742 1742 1738 1739 1739 1740 1728 1740 1740 1738 1739 1726 1725 1726 1737 1725 1715 1716 1717 1724 1703 1704 1695 1695 1705 1697 1696 1703 1681 1671 1659 1657 1657 1656 1652 1649 1635 1626 1612 1603 1590 1605 1614 1592 1583 1581 1558 1570 1552 1538 1544 1536 1537 1524 1513 1501 1518 1510 1501 1472 1441
-1 -1 -1 -1 -1 1624 1633 1640 1648 1662 1678 1682 1706 1714 1715 1724 1738 1738 1747 1745 1747 1758 1759 1760 1768 1759 1763 1774 1762 1755 1746 1745 1759 1767 1762 1755 1749 1746 1748 1753 1752 1748 1748 1749 1746 1740 1747 1739 1737 1738 1739 1724 1725 1725 1718 1717 1717 1703 1704 1704 1703 1705 1693 1695 1658 1659 1679 1670 1660 1658 1650 1649 1634 1625 1628 1614 1614 1604 1603 1589 1566 1570 1562 1551 1547 1547 1565 1546 1522 1512 1511 1493 1479 1501 1473 1465
-1 -1 -1 -1 -1 -1 -1 -1 -1 1659 1671 1682 1691 1704 1715 1723 1737 1746 1760 1759 1761 1767 1781 1790 1782 1791 1776 1774 1770 1769 1769 1768 1759 1785 1778 1771 1764 1760 1761 1760 1760 1748 1762 1762 1761 1747 1749 1748 1747 1746 1747 1747 1738 1739 1726 1726 1719 1726 1718 1717 1716 1719 1696 1681 1680 1671 1672 1670 1658 1658 1658 1659 1648 1636 1636 1628 1613 1627 1590 1593 1584 1583 1569 1561 1567 1558 1569 1557 1536 1520 1520 1497 1488 1488 1479 1465
-1 -1 -1 -1 -1 -1 -1 -1 -1 1646 1668 1682 1704 1705 1706 1715 1729 1746 1759 1769 1768 1770 1784 1771 1781 1785 1783 1785 1783 1782 1778 1767 1764 1794 1786 1778 1769 1775 1766 1769 1771 1770 1770 1769 1771 1762 1748 1751 1747 1749 1762 1761 1748 1748 1739 1728 1739 1725 1717 1725 1727 1716 1703 1680 1671 1673 1679 1673 1661 1671 1657 1657 1649 1637 1628 1627 1635 1604 1592 1606 1592 1584 1589 1581 1568 1559 1560 1545 1533 1532 1520 1511 1497 1491 1479 1469
-1 -1 -1 -1 -1 -1 -1 -1 -1 -1 -1 1668 1691 1712 1701 1728 1738 1751 1751 1782 1761 1770 1781 1792 1790 1794 1792 1798 1792 1791 1787 1768 -1 1768 1787 1764 1765 1784 1766 1784 1784 1783 1770 1748 1760 1748 1760 1749 1748 1761 1784 1771 1762 1759 1748 1747 1740 1749 1747 1726 1725 1703 1704 1694 1680 1695 1681 1669 1680 1659 1650 1658 1650 1636 1636 1616 1634 1612 1614 1606 1593 1591 1582 1578 1568 1582 1558 1554 1541 1532 1533 1515 1499 1500 1478 1470
-1 -1 -1 -1 -1 -1 -1 -1 -1 -1 -1 -1 -1 1692 1691 -1 1729 1752 1760 1752 1791 1805 1775 1775 1804 1815 1806 1806 1807 1806 1805 1777 1781 1787 1782 1765 1779 1762 1770 1793 1784 1793 1792 1783 1774 1762 1762 1749 1761 1793 1771 1763 1768 1762 1761 1761 1747 1748 1740 1739 1739 1716 1717 1695 1704 1692 1678 1674 1672 1672 1656 1658 1648 1636 1628 1617 1624 1625 1615 1614 1605 1610 1602 1588 1579 1591 1563 1557 1556 1542 1538 1524 1513 1502 1493 1476
-1 -1 -1 -1 -1 -1 -1 -1 -1 -1 -1 -1 -1 -1 -1 -1 -1 -1 -1 1759 1769 1788 1814 1827 1805 1804 1813 1814 1814 1806 1809 1801 1805 1800 1791 1787 1797 1797 1770 1771 1771 1771 1785 1773 1785 1785 1771 1770 1770 1771 1785 1785 1771 1770 1770 1761 1750 1747 1741 1747 1740 1726 1717 1717 1701 1680 1683 1679 1684 1681 1680 1657 1651 1637 1629 1627 1633 1627 1625 1626 1613 1604 1604 1590 1582 1590 1581 1564 1558 1545 1547 1536 1522 1514 1498 1489
-1 -1 -1 -1 -1 -1 -1 -1 -1 -1 -1 -1 -1 -1 -1 -1 1783 1797 -1 -1 1768 1789 1792 1791 1836 1828 1826 1828 1823 1805 1800 1807 1809 1813 1800 1801 1798 1807 1784 1793 1793 1793 1772 1794 1794 1797 1792 1783 1793 1793 1794 1762 1763 1769 1770 1762 1748 1741 1749 1748 1741 1738 1725 1719 1705 1697 1693 1685 1674 1674 1670 1660 1650 1637 1635 1635 1635 1634 1634 1613 1612 1613 1600 1581 1590 1586 1577 1567 1558 1546 1559 1545 1534 1521 1497 1476
-1 -1 -1 -1 -1 -1 -1 -1 -1 -1 -1 -1 -1 -1 -1 -1 -1 -1 1806 1760 1774 1791 1804 1793 1814 1816 1837 1835 1837 1832 -1 1816 1823 1824 1809 1810 1806 1807 1816 1807 1793 1807 1793 1807 1807 1798 1815 1806 1807 1784 1784 1783 1770 1772 1763 1770 1748 1740 1749 1749 1747 1739 1728 1723 1714 1702 1697 1683 1680 1687 1679 1658 1650 1648 1649 1649 1647 1634 1625 1612 1608 1603 1609 1590 1590 1581 1568 1567 1559 1567 1555 1543 1533 1512 1498 1488
-1 -1 -1 -1 -1 -1 -1 -1 -1 -1 -1 -1 -1 -1 -1 -1 -1 -1 -1 -1 1782 1783 1796 1828 -1 1829 1850 1838 1830 1831 1829 1832 1830 1832 1823 1820 1815 1813 1815 1807 1815 1816 1816 1816 1815 1807 1807 1815 1816 1807 1792 1794 1786 1783 1769 1761 1761 1748 1741 1750 1748 1742 1741 1724 1716 1706 1682 1683 1688 1681 1682 1674 1671 1657 1658 1656 1646 1632 1623 1611 1604 1599 1592 1588 1587 1581 1569 1560 1568 1564 1545 1542 1521 1519 1511 1502
-1 -1 -1 -1 -1 -1 -1 -1 -1 -1 -1 -1 -1 -1 -1 -1 -1 -1 -1 -1 -1 -1 -1 1797 1837 1851 1852 1837 -1 1837 1844 1838 1839 1846 1828 1829 1829 1842 1829 1815 1815 1814 1828 1828 1829 1816 1816 1816 1829 1806 1805 1791 1792 1784 1793 1784 1762 1748 1749 1764 1761 1747 1741 1738 1719 1719 1696 1697 1695 1702 1693 1680 1658 1659 1672 1669 1655 1631 1610 1613 1603 1593 1583 1590 1582 1578 1571 1558 1558 1549 1545 1538 1514 1524 1515 1501
-1 -1 -1 -1 -1 -1 -1 -1 -1 -1 -1 -1 -1 -1 -1 -1 1827 1841 -1 -1 -1 -1 -1 -1 -1 1850 1859 1861 1851 1868 1854 1845 1855 1852 1837 1838 1843 1837 1838 1829 1838 1836 1829 1829 1838 1830 1817 1829 1838 1829 1807 1806 1792 1790 1784 1770 1762 1762 1772 1769 1762 1749 1747 1742 1728 1728 1705 1703 1703 1694 1682 1681 1673 1680 1677 1671 1645 1635 1626 1612 1605 1591 1594 1580 1571 1580 1559 1565 1557 1547 1545 1546 1533 1520 1523 1523
-1 -1 -1 -1 -1 -1 -1 -1 -1 -1 -1 -1 -1 -1 -1 -1 -1 1850 -1 -1 -1 -1 -1 1842 1850 1859 1874 1851 1859 1860 1876 1861 1860 1850 1837 1839 1851 1850 1852 1838 1837 1830 1830 1837 1838 1842 1838 1831 1837 1815 1815 1806 1792 1793 1786 1783 1770 1771 1771 1771 1763 1761 1750 1737 1724 1726 1717 1694 1696 1694 1687 1692 1678 1679 1680 1657 1648 1634 1613 1614 1604 1594 1603 1579 1570 1567 1558 1556 1556 1547 1547 1542 1524 1524 1516 1515
-1 -1 -1 -1 -1 -1 -1 -1 -1 -1 -1 -1 -1 -1 -1 -1 -1 1830 1842 -1 -1 -1 -1 -1 1851 1872 1883 1873 1872 1859 1861 1873 1883 1875 1851 1860 1859 1853 1851 1861 1839 1852 1839 1851 1842 1852 1839 1838 1829 1828 1815 1815 1807 1795 1792 1785 1783 1785 1786 1772 1769 1769 1760 1746 1738 1717 1704 1705 1703 1688 1701 1691 1684 1678 1671 1657 1636 1636 1616 1605 1595 1590 1588 1579 1568 1561 1564 1560 1560 1560 1546 1546 1537 1535 1526 1514
-1 -1 -1 -1 -1 -1 -1 -1 -1 -1 -1 -1 -1 -1 -1 -1 -1 -1 1834 1851 -1 -1 -1 1852 1865 -1 1896 1881 1882 1899 1881 1875 1873 1883 1874 1859 1862 1860 1860 1883 1861 1852 1860 1852 1853 1860 1839 1860 1851 1828 1814 1805 1807 1796 1793 1791 1794 1794 1786 1773 1769 1773 1764 1769 1740 1726 1715 1718 1695 1693 1700 1694 1692 1678 1672 1659 1650 1640 1628 1617 1592 1583 1602 1593 1569 1569 1568 1569 1568 1559 1538 1537 1548 1536 1523 1512
-1 -1 -1 -1 -1 -1 -1 -1 -1 -1 -1 -1 -1 -1 -1 -1 -1 -1 -1 1864 1865 1873 1874 1875 1888 1887 1904 1882 1877 1881 1890 1883 1874 1882 1883 1874 1862 1873 1874 1883 1875 1861 1873 1861 1860 1862 1853 1852 1851 1837 1829 1816 1808 1814 1805 1791 1783 1787 1772 1786 1772 1769 1771 1763 1741 1723 1727 1716 1692 1702 1702 1701 1692 1680 1672 1658 1662 1648 1625 1626 1627 1625 1613 1605 1581 1582 1589 1580 1566 1547 1544 1548 1557 1545 1515 1501
-1 -1 -1 -1 -1 -1 -1 -1 -1 -1 -1 -1 -1 -1 -1 -1 -1 -1 -1 1851 1865 1887 1888 1889 1897 1896 1918 1896 1891 1894 1896 1897 1895 1882 1896 1875 1876 1876 1882 1883 1883 1882 1862 1863 1873 1862 1860 1860 1853 1839 1831 1830 1817 1816 1807 1798 1784 1785 1794 1786 1776 1772 1772 1763 1750 1737 1738 1724 1718 1704 1716 1707 1684 1680 1658 1671 1650 1639 1627 1635 1634 1613 1602 1590 1591 1582 1581 1569 1560 1558 1557 1535 1534 1523 1511 1494
-1 -1 -1 -1 -1 -1 -1 -1 -1 -1 -1 -1 -1 -1 -1 -1 -1 -1 -1 1852 1866 1874 1896 1897 1898 1898 1927 1920 1900 1903 1906 1905 1897 1904 1905 1898 1885 1884 1883 1897 1896 1872 1861 1882 1883 1874 1873 1862 1838 1837 1838 1817 1818 1820 1807 1807 1791 1793 1794 1784 1783 1774 1786 1771 1760 1747 1740 1727 1717 1725 1716 1694 1691 1681 1672 1658 1650 1636 1636 1635 1626 1611 1604 1591 1586 1591 1590 1580 1568 1559 1556 1542 1526 1520 1501 1498
-1 -1 -1 -1 -1 -1 -1 -1 -1 -1 -1 -1 -1 -1 -1 -1 -1 -1 -1 -1 -1 1874 1887 1911 1910 1897 1911 1906 1928 1905 1913 1906 1904 1918 1906 1907 1921 1897 1897 1905 1905 1905 1883 1862 1874 1867 1882 1853 1852 1839 1840 1830 1821 1817 1808 1816 1808 1795 1795 1792 1773 1794 1785 1769 1761 1749 1739 1725 1702 1703 1724 1715 1703 1692 1681 1672 1658 1648 1637 1628 1614 1613 1605 1614 1602 1592 1583 1571 1571 1565 1560 1549 1538 1515 1502 1503
