R/with_max/veg_4400/arrival.asc
NCOLS 638
NROWS 825
XLLCORNER -2985163.8955
YLLCORNER -3022031.214
CELLSIZE 10000
NODATA_value -1
[rows 329 to 375 of 825, columns 384 to 479 of 638]
2890 2882 2868 2863 2851 2850 2841 2825 2803 2789 2780 2780 2766 2767 2744 2735 2744 2600 2600 2600 2721 2712 2686 2700 2700 2688 2686 2662 2655 2656 2641 2632 2640 2617 2600 2597 2592 2591 2578 2573 2555 2551 2523 2528 2520 2500 2509 2500 2499 2499 2473 2465 2454 2442 2431 2418 2411 2413 2388 2391 2385 2372 2364 2352 2350 2346 2350 2319 2307 2300 2296 2283 2269 2260 2246 2223 2229 2215 2201 2187 -1 -1 -1 -1 -1 -1 -1 -1 -1 -1 -1 -1 -1 -1 -1 1890
2891 2881 2867 2859 2852 2850 2837 2817 2812 2803 2781 2766 2758 2757 2758 2734 2600 2599 2600 2588 2587 2587 2600 2700 2699 2600 2600 2600 2663 2665 2641 2632 2631 2600 2630 2621 2608 2596 2587 2574 2564 2550 2542 2529 2532 2500 2499 2501 2479 2467 2463 2462 2456 2441 2434 2420 2419 2419 2404 2395 2386 2373 2373 2353 2351 2344 2341 2322 2313 2305 2297 2273 2261 2245 2252 2228 2209 2207 2204 2193 2184 -1 -1 -1 -1 -1 -1 -1 -1 -1 -1 -1 -1 -1 -1 1894
2873 2882 2868 2858 2850 2843 2828 2833 2811 2789 2789 2766 2767 2758 2750 2600 2600 2600 2587 2600 2585 2595 2600 2600 2594 2589 2592 2600 2668 2666 2600 2642 2640 2620 2617 2618 2610 2599 2564 2564 2565 2551 2511 2528 2523 2506 2497 2487 2486 2488 2466 2455 2454 2440 2432 2420 2421 2412 2410 2396 2373 2376 2367 2364 2352 2345 2336 2328 2319 2305 2295 2283 2272 2248 2238 2229 2214 2213 2192 2191 2191 2170 -1 -1 2137 -1 -1 -1 -1 -1 -1 -1 -1 -1 -1 1896
2872 2872 2873 2860 2849 2829 2820 2845 2824 2802 2788 2780 2766 2759 2600 2600 2600 2600 2600 2599 2721 2588 2586 2588 2600 2676 2600 2600 2644 2653 2596 2596 2633 2631 2587 2609 2595 2585 2576 2562 2541 2542 2528 2519 2519 2505 2486 2504 2478 2477 2465 2443 2452 2438 2431 2441 2420 2412 2398 2396 2388 2374 2375 2367 2358 2350 2330 2328 2319 2304 2294 2280 2274 2251 2249 2236 2216 2207 2192 2184 2182 2182 2168 -1 -1 -1 -1 -1 -1 -1 -1 -1 -1 -1 -1 1940
2880 2865 2868 2851 2836 2822 2821 2812 2836 2801 2787 2780 2771 2757 2600 2600 2599 2599 2587 2586 2600 2713 2600 2579 2600 2600 2599 2600 2600 2600 2597 2587 2600 2620 2596 2587 2586 2573 2577 2563 2553 2539 2519 2505 2506 2500 2497 2487 2496 2475 2454 2461 2465 2440 2440 2417 2432 2418 2417 2397 2387 2374 2366 2366 2355 2362 2342 2326 2318 2303 2281 2271 2259 2258 2237 2228 2215 2206 2193 -1 -1 -1 -1 -1 -1 -1 -1 -1 -1 -1 -1 -1 -1 -1 1941 1933
2873 2871 2859 2845 2846 2828 2822 2807 2798 2784 2799 2790 2776 2600 2600 2600 2599 2586 2587 2587 2586 2578 2600 2588 2564 2600 2587 2574 2586 2591 2578 2583 2596 2629 2595 2587 2578 2573 2564 2554 2540 2531 2517 2505 2500 2504 2495 2473 2482 2474 2461 2461 2456 2438 2442 2431 2417 2409 2410 2408 2389 2375 2365 2372 2363 2354 2349 2325 2296 2294 2280 2273 2258 2250 2237 2228 2214 2205 2192 -1 -1 -1 -1 -1 -1 -1 -1 -1 -1 -1 -1 -1 -1 -1 1955 1942
2851 2857 2848 2836 2837 2823 2820 2813 2800 2791 2777 2768 2768 2600 2600 2600 2599 2586 2578 2578 2586 2577 2587 2588 2572 2565 2578 2563 2564 2577 2591 2595 2600 2587 2586 2573 2564 2556 2564 2550 2541 2541 2518 2400 2500 2500 2499 2473 2484 2483 2462 2453 2452 2436 2430 2433 2420 2409 2396 2394 2389 2375 2386 2353 2344 2341 2340 2317 2317 2293 2280 2272 2257 2249 2236 2227 2205 2191 -1 -1 -1 2168 -1 -1 -1 -1 -1 -1 -1 1941 1955 -1 -1 1964 1955 1965
2837 2849 2846 2823 2814 2806 2814 2806 2807 2798 2784 2777 2778 2769 2756 2600 2587 2578 2577 2587 2578 2577 2578 2579 2575 2564 2587 2578 2587 2573 2563 2587 2598 2598 2584 2573 2562 2551 2550 2540 2528 2532 2509 2509 2500 2500 2494 2486 2472 2475 2474 2461 2442 2441 2438 2421 2415 2411 2397 2398 2395 2395 2367 2349 2349 2341 2332 2309 2303 2279 2279 2272 2258 2248 2226 2211 2203 2190 2182 2189 2180 2166 2159 -1 -1 -1 -1 -1 -1 1954 1963 -1 1963 1977 1965 1978
2842 2829 2835 2837 2823 2801 2801 2800 2799 2800 2800 2776 2762 2753 2756 2600 2587 2578 2564 2556 2555 2563 2564 2565 2566 2578 2564 2557 2556 2555 2550 2563 2573 2597 2572 2576 2564 2553 2542 2541 2528 2519 2518 2400 2400 2500 2486 2486 2472 2471 2452 2452 2459 2438 2439 2429 2420 2416 2398 2393 2385 2386 2363 2343 2351 2321 2321 2308 2299 2294 2271 2271 2235 2225 2212 2213 2202 2191 2188 2179 2167 2166 -1 -1 -1 -1 -1 -1 -1 1962 1976 1985 1986 2001 1987 1987
2841 2812 2814 2826 2834 2815 2600 2600 2792 2792 2791 2778 2755 2746 2747 2600 2563 2555 2555 2564 2556 2564 2556 2556 2557 2564 2563 2564 2562 2400 2549 2554 2564 2583 2567 2573 2552 2539 2550 2528 2523 2522 2510 2400 2500 2400 2499 2477 2477 2463 2462 2449 2440 2450 2439 2430 2416 2394 2407 2389 2376 2373 2373 2364 2329 2327 2318 2304 2285 2283 2271 2257 2236 2227 2213 2206 2204 2191 2182 2169 2180 2166 2159 -1 -1 -1 -1 -1 -1 -1 1986 1999 2010 2009 2002 1988
2825 2828 2804 2803 2811 2825 2600 2600 2600 2779 2600 2600 2756 2587 2599 2600 2564 2569 2569 2563 2563 2564 2556 2555 2555 2542 2556 2555 2556 2563 2545 2550 2560 2574 2575 2565 2542 2531 2541 2528 2528 2527 2518 2400 2500 2400 2400 2454 2462 2455 2440 2441 2440 2442 2427 2431 2417 2408 2394 2384 2372 2367 2364 2350 2341 2328 2319 2305 2296 2282 2274 2251 2234 2235 2214 2202 2203 2190 2182 2189 2160 2168 -1 -1 -1 -1 -1 -1 -1 -1 1999 2008 2023 2010 2023 2022
2826 2804 2819 2600 2600 2600 2802 2600 2600 2600 2600 2599 2599 2586 2578 2564 2562 2556 2543 2555 2555 2541 2542 2542 2542 2543 2544 2552 2542 2555 2542 2551 2537 2561 2565 2552 2551 2519 2519 2518 2528 2519 2505 2504 2505 2496 2487 2464 2454 2472 2442 2431 2432 2433 2419 2419 2411 2408 2394 2385 2377 2363 2371 2350 2341 2328 2319 2305 2296 2273 2260 2252 2237 2225 2226 2212 2212 2203 2190 2191 2167 2169 -1 -1 -1 -1 -1 -1 -1 -1 -1 2032 2024 2032 2031 2023
2812 2811 2805 2600 2599 2599 2600 2600 2600 2600 2586 2578 2587 2586 2578 2587 2563 2554 2540 2541 2541 2519 2524 2533 2534 2533 2543 2542 2541 2541 2541 2541 2540 2551 2552 2561 2550 2528 2509 2518 2520 2505 2400 2500 2500 2496 2500 2473 2457 2451 2464 2440 2426 2428 2420 2426 2417 2413 2404 2386 2376 2368 2371 2363 2349 2331 2322 2308 2296 2260 2260 2257 2238 2229 2226 2212 2213 2211 2191 2192 2182 2161 -1 -1 -1 -1 -1 -1 -1 -1 2045 2046 2033 2032 2032 2025
2802 2806 2805 2600 2587 2587 2588 2600 2600 2587 2577 2587 2587 2586 2577 2563 2555 2540 2532 2542 2532 2541 2519 2524 2520 2519 2530 2534 2533 2532 2532 2536 2532 2538 2543 2529 2538 2541 2528 2519 2517 2506 2400 2500 2483 2495 2494 2465 2481 2461 2458 2450 2427 2429 2429 2415 2417 2409 2385 2390 2376 2370 2362 2353 2349 2340 2326 2300 2283 2274 2259 2252 2248 2235 2229 2216 2207 2205 2202 2189 2183 2160 -1 -1 -1 -1 -1 -1 2068 2068 2055 2047 2054 2046 2034 2026
2600 2600 2600 2600 2588 2587 2588 2587 2587 2588 2578 2578 2578 2577 2563 2564 2556 2541 2540 2542 2533 2518 2532 2512 2518 2521 2520 2519 2510 2518 2518 2528 2531 2529 2530 2528 2538 2530 2518 2508 2515 2505 2400 2500 2496 2484 2486 2472 2483 2472 2438 2450 2441 2419 2435 2420 2406 2404 2395 2383 2382 2371 2361 2350 2345 2340 2326 2318 2286 2277 2261 2255 2241 2239 2230 2228 2215 2206 2189 2180 2180 2166 2146 2144 -1 -1 -1 2077 2077 2069 2077 2055 2055 2046 2035 2031
2400 2600 2600 2600 2600 2588 2579 2579 2578 2579 2569 2564 2564 2563 2555 2556 2542 2555 2541 2533 2519 2512 2518 2510 2400 2518 2519 2512 2511 2510 2510 2514 2523 2528 2520 2530 2520 2516 2506 2506 2505 2400 2400 2500 2497 2500 2496 2463 2464 2474 2449 2436 2427 2413 2418 2426 2412 2405 2397 2386 2385 2363 2348 2349 2341 2327 2317 2304 2294 2281 2264 2258 2246 2240 2232 2219 2215 2207 2192 2167 2166 2157 2146 2144 2135 2122 2099 2100 2077 2078 2081 2069 2055 2046 2048 2045
2400 2100 2100 2588 2587 2565 2586 2577 2564 2563 2565 2568 2562 2556 2555 2554 2542 2542 2525 2532 2519 2518 2511 2510 2400 2510 2510 2400 2400 2400 2400 2505 2505 2400 2519 2520 2507 2516 2400 2400 2506 2400 2400 2497 2460 2459 2460 2483 2459 2460 2437 2438 2450 2415 2419 2418 2405 2406 2396 2388 2376 2361 2353 2340 2340 2327 2304 2295 2295 2282 2272 2259 2249 2245 2233 2223 2211 2207 2193 2171 2170 2157 2147 2139 2136 2123 2113 2113 2091 2082 2083 2068 2059 2048 2054 2045
2400 2100 2100 2400 2587 2578 2565 2587 2564 2557 2555 2563 2564 2554 2541 2540 2540 2533 2533 2519 2511 2518 2510 2400 2400 2400 2400 2400 2400 2400 2400 2400 2518 2506 2387 2500 2500 2400 2400 2506 2400 2500 2500 2497 2483 2474 2400 2456 2474 2452 2452 2428 2429 2441 2428 2419 2404 2404 2398 2384 2381 2362 2354 2339 2331 2318 2305 2272 2282 2293 2273 2261 2250 2248 2238 2230 2216 2193 2193 2184 2170 2161 2147 2139 2145 2114 2122 2121 2099 2091 2090 2082 2069 2060 2059 2054
2100 2400 2400 2400 2578 2400 2557 2563 2578 2564 2555 2564 2556 2541 2543 2532 2531 2531 2510 2510 2511 2510 2400 2400 2507 2400 2400 2388 2388 2387 2400 2400 2510 2516 2400 2500 2500 2400 2400 2505 2497 2483 2500 2500 2484 2475 2460 2447 2460 2449 2451 2437 2413 2416 2427 2418 2405 2396 2395 2384 2375 2372 2358 2330 2330 2308 2304 2281 2282 2281 2284 2271 2257 2248 2235 2236 2216 2208 2201 2185 2161 2162 2148 2148 2144 2136 2122 2122 2113 2099 2091 2077 2072 2060 2068 2058
2100 2579 2588 2400 2564 2100 2555 2564 2564 2556 2556 2544 2542 2542 2541 2534 2520 2517 2518 2510 2500 2400 2400 2399 2388 2500 2400 2398 2387 2379 2378 2388 2388 2507 2400 2500 2500 2400 2400 2496 2483 2475 2495 2500 2500 2492 2459 2452 2438 2452 2440 2428 2412 2416 2414 2406 2404 2384 2383 2390 2375 2367 2349 2338 2317 2307 2295 2277 2272 2273 2272 2261 2262 2260 2239 2227 2213 2209 2194 2177 2163 2163 2149 2148 2140 2135 2121 2125 2113 2099 2094 2080 2081 2072 2076 2059
2100 2400 2400 2400 2565 2100 2542 2542 2556 2556 2542 2535 2541 2542 2542 2532 2518 2512 2511 2517 2400 2400 2400 2399 2400 2500 2400 2384 2378 2365 2379 2379 2378 2388 2400 2493 2485 2500 2485 2493 2400 2400 2469 2487 2497 2484 2459 2451 2437 2438 2438 2417 2414 2406 2407 2393 2395 2383 2382 2381 2371 2359 2347 2345 2316 2308 2284 2277 2259 2264 2258 2258 2259 2251 2237 2216 2203 2204 2187 2185 2171 2155 2149 2140 2147 2126 2119 2126 2116 2103 2103 2103 2082 2073 2080 2058
2387 2400 2387 2400 2564 2400 2100 2400 2542 2543 2543 2541 2532 2540 2533 2533 2519 2516 2508 2510 2509 2400 2400 2400 2475 2498 2390 2387 2378 2364 2387 2387 2379 2386 2392 2400 2471 2471 2498 2400 2400 2400 2463 2473 2483 2470 2460 2451 2429 2428 2429 2429 2406 2393 2392 2392 2385 2372 2374 2373 2369 2362 2348 2336 2325 2302 2271 2262 2248 2255 2241 2250 2249 2250 2236 2215 2190 2191 2187 2178 2164 2141 2142 2140 2140 2139 2125 2116 2117 2103 2094 2094 2094 2080 2071 2050
2100 2100 2100 2400 2400 2399 2400 2400 2534 2541 2542 2534 2532 2531 2519 2519 2518 2517 2509 2400 2500 2400 2400 2400 2387 2489 2399 2387 2378 2378 2378 2378 2380 2394 2400 2400 2484 2461 2493 2400 2400 2400 2449 2464 2474 2461 2447 2430 2427 2433 2417 2415 2405 2392 2384 2383 2383 2370 2370 2362 2361 2350 2340 2316 2323 2293 2270 2258 2249 2239 2236 2236 2240 2232 2228 2204 2191 2192 2187 2171 2162 2156 2132 2133 2125 2131 2126 2127 2104 2097 2095 2081 2082 2073 2071 2050
2087 2100 2387 2386 2100 2387 2399 2400 2400 2400 2533 2520 2518 2520 2517 2511 2511 2510 2496 2500 2479 2400 2473 2500 2400 2476 2467 2387 2382 2378 2374 2387 2383 2406 2426 2449 2452 2475 2485 2400 2400 2449 2460 2461 2451 2460 2448 2438 2429 2437 2425 2414 2393 2384 2383 2369 2372 2360 2361 2351 2351 2350 2337 2326 2314 2290 2280 2257 2249 2235 2227 2239 2239 2208 2214 2204 2190 2184 2174 2168 2158 2149 2140 2120 2122 2124 2126 2118 2118 2104 2091 2082 2090 2068 2059 2055
2078 2087 2088 2100 2100 2388 2399 2400 2400 2519 2519 2521 2512 2519 2518 2509 2497 2495 2496 2496 2496 2400 2464 2499 2467 2466 2442 2384 2382 2387 2383 2392 2392 2417 2440 2453 2461 2470 2461 2471 2460 2452 2451 2452 2439 2452 2424 2439 2426 2428 2415 2414 2406 2392 2369 2361 2363 2368 2349 2348 2347 2339 2328 2317 2304 2300 2281 2271 2259 2235 2227 2213 2218 2209 2205 2191 2168 2182 2170 2166 2159 2145 2135 2126 2119 2113 2121 2117 2104 2099 2081 2099 2076 2067 2054 2046
2078 2079 2100 2100 2100 2400 2400 2388 2511 2511 2518 2513 2500 2510 2511 2497 2496 2488 2487 2487 2495 2487 2473 2485 2453 2452 2436 2400 2405 2385 2387 2395 2394 2415 2426 2452 2448 2453 2461 2448 2462 2442 2448 2439 2439 2438 2428 2425 2437 2417 2415 2406 2405 2370 2368 2361 2347 2360 2341 2346 2339 2347 2315 2314 2295 2277 2291 2272 2250 2235 2237 2226 2217 2203 2213 2191 2183 2185 2177 2167 2160 2144 2137 2123 2123 2111 2122 2113 2099 2095 2086 2077 2072 2064 2050 2045
2064 2077 2086 2100 2100 2100 2379 2387 2399 2510 2520 2520 2500 2500 2500 2499 2497 2497 2497 2494 2486 2474 2476 2464 2462 2444 2443 2400 2400 2396 2391 2395 2404 2417 2438 2439 2426 2424 2425 2438 2439 2438 2439 2425 2426 2430 2429 2416 2423 2428 2407 2392 2391 2381 2369 2359 2347 2338 2336 2327 2337 2323 2306 2325 2284 2271 2278 2270 2249 2236 2227 2228 2219 2204 2195 2190 2168 2169 2185 2177 2164 2159 2146 2122 2136 2115 2105 2113 2098 2094 2076 2077 2068 2054 2046 2041
2069 2078 2087 2099 2100 2100 2379 2400 2400 2400 2512 2500 2512 2500 2500 2500 2499 2488 2488 2488 2485 2463 2451 2463 2453 2431 2430 2430 2429 2407 2399 2404 2416 2429 2438 2430 2400 2424 2400 2425 2425 2429 2425 2417 2416 2438 2417 2415 2414 2405 2411 2393 2382 2370 2361 2347 2335 2338 2324 2315 2318 2315 2304 2316 2293 2284 2261 2269 2255 2223 2212 2214 2213 2210 2196 2184 2182 2168 2172 2170 2162 2155 2141 2137 2140 2135 2105 2109 2097 2090 2074 2072 2068 2054 2027 2032
2078 2078 2087 2099 2088 2100 2388 2369 2400 2400 2499 2499 2499 2500 2500 2498 2495 2486 2477 2475 2472 2473 2454 2450 2440 2439 2430 2439 2429 2420 2406 2407 2416 2429 2417 2403 2395 2393 2415 2416 2416 2415 2417 2407 2406 2408 2429 2416 2415 2402 2392 2388 2384 2369 2361 2347 2325 2325 2324 2316 2324 2338 2305 2302 2294 2270 2257 2258 2247 2226 2214 2205 2206 2205 2193 2188 2174 2169 2159 2163 2148 2138 2132 2133 2132 2100 2118 2109 2095 2088 2074 2065 2063 2050 2023 2008
2087 2100 2086 2088 2100 2100 2377 2378 2400 2400 2490 2488 2488 2499 2499 2486 2489 2486 2475 2474 2466 2465 2451 2442 2441 2450 2441 2430 2407 2420 2406 2407 2406 2393 2395 2408 2402 2394 2403 2403 2416 2407 2407 2403 2392 2405 2415 2407 2404 2406 2403 2383 2370 2361 2360 2346 2339 2316 2316 2316 2325 2329 2306 2302 2279 2280 2257 2249 2233 2235 2247 2215 2205 2209 2201 2191 2181 2165 2160 2149 2140 2139 2125 2119 2126 2108 2118 2095 2095 2086 2073 2064 2051 2043 2032 2027
2087 2099 2100 2088 2100 2100 2365 2386 2387 2400 2476 2488 2488 2490 2475 2477 2473 2466 2465 2466 2452 2451 2441 2429 2430 2418 2429 2428 2417 2418 2417 2408 2394 2393 2392 2394 2401 2394 2387 2394 2398 2393 2384 2394 2383 2392 2393 2406 2394 2395 2395 2371 2366 2362 2348 2337 2345 2324 2315 2322 2317 2303 2315 2292 2293 2271 2258 2248 2226 2224 2239 2216 2214 2210 2202 2192 2183 2172 2158 2147 2141 2146 2116 2117 2124 2117 2103 2081 2095 2087 2073 2042 2051 2050 2029 2020
2100 2100 2100 2100 2100 2100 2378 2387 2400 2400 2451 2468 2475 2475 2475 2476 2464 2452 2441 2452 2443 2449 2442 2428 2420 2421 2420 2428 2419 2408 2409 2395 2385 2384 2385 2392 2381 2380 2380 2394 2402 2393 2386 2381 2380 2383 2393 2385 2385 2381 2381 2359 2357 2357 2344 2339 2325 2336 2323 2307 2314 2307 2293 2301 2279 2281 2258 2234 2235 2224 2213 2225 2215 2211 2202 2188 2183 2169 2149 2150 2138 2124 2137 2123 2102 2116 2102 2103 2081 2087 2064 2051 2050 2050 2041 2027
2100 2100 2100 2100 2100 2364 2378 2399 2388 2400 2451 2454 2466 2474 2466 2468 2465 2450 2432 2430 2443 2440 2419 2406 2407 2430 2406 2419 2405 2395 2404 2385 2392 2381 2372 2378 2378 2372 2371 2393 2380 2385 2387 2385 2372 2384 2371 2371 2372 2372 2361 2349 2335 2344 2338 2338 2317 2324 2313 2314 2306 2301 2295 2295 2271 2272 2257 2246 2236 2226 2213 2212 2216 2202 2191 2188 2179 2165 2161 2152 2146 2129 2135 2114 2095 2090 2092 2093 2094 2072 2074 2063 2058 2041 2041 2027
2200 2200 2200 2333 2200 2362 2363 2387 2386 2400 2445 2451 2452 2465 2454 2452 2445 2465 2441 2431 2430 2427 2417 2397 2385 2421 2405 2407 2406 2386 2395 2382 2383 2372 2370 2381 2380 2371 2370 2379 2379 2372 2378 2372 2363 2370 2369 2363 2349 2349 2370 2358 2336 2312 2321 2303 2325 2316 2302 2303 2293 2293 2302 2279 2278 2270 2255 2248 2235 2227 2212 2204 2209 2194 2179 2182 2169 2160 2157 2146 2143 2138 2126 2113 2101 2094 2084 2090 2081 2080 2079 2066 2052 2050 2040 2027
2200 2320 2332 2331 2200 2200 2364 2375 2377 2400 2431 2443 2444 2454 2463 2452 2444 2434 2430 2428 2421 2418 2404 2396 2397 2405 2405 2398 2385 2397 2384 2372 2373 2371 2362 2372 2358 2357 2370 2371 2358 2364 2370 2368 2348 2361 2370 2360 2340 2347 2350 2338 2325 2303 2301 2293 2302 2316 2302 2300 2294 2293 2300 2282 2277 2269 2256 2247 2233 2226 2210 2203 2200 2192 2183 2183 2166 2157 2146 2137 2138 2124 2115 2103 2104 2092 2102 2089 2081 2072 2071 2070 2056 2043 2029 2029
2317 2318 2331 2341 2200 2356 2364 2363 2384 2389 2400 2430 2431 2445 2455 2443 2431 2429 2428 2421 2420 2407 2407 2404 2394 2384 2396 2396 2394 2384 2375 2376 2360 2371 2357 2350 2357 2350 2357 2359 2357 2356 2361 2359 2349 2361 2369 2346 2338 2326 2336 2314 2316 2314 2302 2299 2304 2295 2301 2294 2291 2279 2291 2280 2273 2259 2245 2232 2234 2224 2202 2201 2188 2187 2191 2169 2167 2158 2145 2143 2124 2124 2123 2115 2102 2101 2092 2093 2080 2078 2057 2059 2046 2047 2034 2025
2310 2310 2332 2324 2200 2356 2364 2376 2385 2389 2421 2409 2417 2431 2441 2429 2421 2422 2420 2419 2406 2386 2398 2398 2395 2383 2383 2383 2385 2362 2362 2361 2352 2362 2348 2348 2341 2348 2358 2358 2350 2348 2358 2349 2346 2341 2360 2347 2337 2325 2327 2313 2305 2305 2293 2290 2301 2280 2293 2299 2300 2280 2280 2280 2272 2258 2251 2234 2223 2225 2202 2178 2179 2190 2190 2181 2169 2160 2142 2143 2134 2143 2115 2124 2101 2093 2101 2080 2080 2071 2069 2067 2050 2036 2047 2036
2302 2309 2323 2332 2342 2342 2363 2378 2387 2398 2407 2409 2395 2418 2429 2432 2428 2408 2406 2407 2403 2397 2390 2384 2382 2384 2375 2383 2374 2372 2361 2372 2355 2359 2348 2341 2334 2334 2350 2356 2349 2350 2340 2337 2323 2337 2347 2314 2324 2325 2316 2304 2304 2291 2282 2280 2292 2281 2280 2292 2291 2271 2271 2271 2249 2248 2237 2228 2225 2211 2205 2181 2180 2189 2182 2168 2164 2165 2146 2143 2134 2120 2135 2121 2115 2099 2081 2093 2079 2079 2057 2067 2059 2045 2056 2034
2310 2319 2319 2341 2333 2354 2355 2367 2385 2399 2390 2400 2396 2397 2420 2421 2419 2405 2399 2405 2398 2394 2381 2389 2376 2385 2381 2382 2374 2363 2363 2364 2359 2355 2350 2339 2341 2336 2335 2347 2347 2336 2326 2348 2323 2315 2338 2302 2315 2326 2304 2293 2290 2280 2283 2269 2271 2279 2273 2277 2278 2267 2258 2257 2256 2236 2213 2211 2214 2213 2188 2189 2167 2180 2158 2166 2157 2156 2157 2146 2137 2121 2112 2102 2112 2098 2090 2080 2071 2079 2058 2057 2058 2044 2036 2022
2310 2318 2311 2333 2342 2340 2344 2353 2376 2389 2407 2390 2400 2406 2407 2412 2395 2396 2386 2407 2396 2382 2374 2376 2376 2372 2362 2373 2362 2359 2362 2353 2351 2342 2349 2336 2331 2335 2339 2342 2335 2327 2313 2315 2339 2326 2324 2316 2318 2307 2294 2295 2282 2281 2279 2266 2259 2270 2276 2269 2277 2269 2256 2249 2235 2247 2227 2210 2211 2206 2192 2180 2170 2166 2166 2157 2145 2143 2134 2144 2121 2123 2120 2111 2101 2101 2090 2079 2079 2071 2054 2057 2048 2034 2035 2022
2200 2311 2319 2318 2339 2323 2362 2362 2362 2375 2389 2398 2400 2398 2398 2398 2405 2383 2383 2384 2399 2375 2375 2385 2367 2363 2358 2361 2353 2361 2353 2339 2339 2338 2341 2334 2328 2336 2333 2328 2326 2314 2325 2308 2317 2316 2316 2294 2315 2306 2281 2278 2280 2291 2270 2267 2258 2256 2267 2279 2254 2255 2256 2247 2235 2233 2224 2211 2208 2202 2191 2183 2161 2161 2166 2157 2144 2137 2135 2136 2115 2115 2124 2112 2098 2098 2092 2097 2077 2076 2053 2048 2035 2034 2023 2021
2200 2300 2317 2309 2330 2353 2332 2354 2362 2384 2376 2387 2394 2385 2407 2398 2396 2384 2385 2367 2375 2383 2361 2362 2376 2362 2354 2352 2339 2360 2360 2331 2330 2317 2330 2327 2325 2314 2310 2319 2319 2312 2317 2302 2307 2303 2302 2295 2301 2300 2293 2272 2271 2282 2269 2268 2259 2248 2270 2257 2255 2257 2247 2235 2233 2226 2225 2211 2199 2188 2182 2166 2160 2147 2146 2134 2143 2135 2121 2122 2126 2114 2121 2115 2102 2089 2089 2075 2089 2076 2068 2054 2045 2035 2027 2026
2300 2308 2311 2319 2317 2341 2340 2338 2353 2376 2372 2385 2378 2363 2376 2375 2375 2373 2376 2366 2361 2353 2361 2353 2353 2360 2353 2353 2338 2331 2352 2352 2350 2318 2318 2308 2311 2304 2305 2305 2304 2311 2312 2303 2301 2302 2295 2300 2292 2301 2292 2284 2259 2269 2267 2260 2246 2257 2255 2256 2255 2253 2248 2235 2226 2225 2211 2202 2188 2186 2180 2168 2160 2138 2144 2137 2135 2121 2113 2113 2123 2117 2092 2112 2098 2093 2079 2067 2075 2075 2067 2053 2045 2046 2034 2026
2300 2300 2296 2313 2318 2332 2339 2339 2352 2363 2364 2374 2362 2363 2362 2384 2383 2382 2362 2359 2337 2339 2344 2341 2339 2340 2351 2345 2330 2328 2338 2338 2341 2337 2317 2314 2296 2302 2297 2292 2290 2297 2304 2294 2292 2293 2281 2278 2291 2293 2280 2268 2261 2268 2260 2258 2245 2249 2235 2247 2248 2246 2245 2231 2226 2212 2202 2189 2189 2177 2166 2166 2166 2146 2145 2136 2122 2121 2112 2099 2114 2103 2094 2098 2089 2090 2076 2070 2057 2066 2067 2044 2053 2045 2034 2026
2297 2300 2313 2297 2309 2330 2331 2333 2342 2355 2365 2384 2359 2354 2341 2376 2351 2374 2373 2361 2351 2339 2339 2340 2331 2338 2331 2338 2321 2316 2315 2318 2329 2327 2328 2317 2306 2292 2283 2274 2270 2288 2290 2291 2291 2282 2279 2272 2277 2279 2272 2258 2249 2256 2259 2245 2247 2238 2235 2234 2234 2234 2234 2222 2213 2208 2203 2190 2180 2180 2166 2158 2162 2157 2143 2136 2123 2125 2116 2102 2100 2099 2095 2101 2090 2078 2070 2067 2054 2052 2053 2047 2031 2044 2032 2030
2296 2295 2297 2300 2297 2307 2319 2317 2344 2345 2375 2351 2362 2351 2340 2362 2352 2361 2338 2350 2352 2338 2330 2332 2340 2319 2329 2322 2329 2306 2316 2315 2304 2306 2319 2316 2308 2294 2283 2273 2269 2275 2281 2282 2282 2273 2278 2271 2269 2270 2277 2258 2249 2248 2257 2249 2244 2224 2221 2226 2225 2225 2225 2212 2212 2204 2200 2186 2167 2157 2144 2143 2143 2154 2123 2135 2114 2124 2122 2113 2099 2099 2100 2076 2092 2080 2081 2075 2058 2053 2056 2053 2034 2031 2031 2023
2294 2288 2286 2291 2306 2303 2311 2326 2348 2352 2343 2337 2342 2361 2353 2339 2337 2352 2361 2336 2329 2330 2316 2309 2314 2318 2315 2308 2315 2317 2317 2308 2307 2295 2305 2295 2307 2285 2286 2291 2266 2268 2259 2269 2270 2270 2259 2257 2256 2269 2257 2255 2246 2236 2238 2245 2236 2235 2222 2213 2234 2233 2224 2213 2212 2204 2190 2176 2178 2164 2145 2144 2145 2140 2130 2121 2118 2122 2115 2101 2092 2100 2091 2077 2079 2078 2071 2072 2066 2056 2057 2049 2045 2031 2031 2023
