R/veg_5800/arrival.asc
NCOLS 638
NROWS 825
XLLCORNER -2985163.8955
YLLCORNER -3022031.214
CELLSIZE 10000
NODATA_value -1
[rows 376 to 422 of 825, columns 288 to 383 of 638]
-1 -1 -1 -1 -1 -1 -1 -1 -1 -1 -1 -1 -1 -1 -1 -1 -1 -1 -1 -1 -1 -1 -1 -1 -1 603 617 661 699 667 717 765 799 800 786 1816 1829 1851 1867 1866 1897 1897 1897 1935 1932 1932 1932 1914 1945 1945 1931 1854 1854 1846 1820 1842 1845 1845 1807 1807 1841 1816 1829 1860 1860 1891 1891 1914 1932 1960 1960 1960 1974 1922 1991 2008 1980 2025 2028 2039 2059 2070 2083 2145 2138 2101 2134 2134 2153 2166 2180 2169 2163 2200 2364 2378
-1 -1 -1 -1 -1 -1 -1 -1 -1 -1 -1 -1 -1 -1 -1 -1 -1 -1 -1 -1 -1 -1 -1 -1 -1 -1 617 637 667 682 717 730 768 799 800 1830 1864 1864 1867 1867 1898 1898 1898 1932 1903 1903 1914 1914 1938 1900 1883 1869 1846 1846 1843 1828 1842 1842 800 1807 1823 1829 1829 1860 1832 1878 1863 1894 1925 1963 1963 1974 1937 1957 1994 2012 2025 2042 2028 2059 2062 2075 2131 2088 2169 2156 2149 2165 2163 2179 2194 2200 2187 2347 2347 2368
-1 -1 -1 -1 -1 -1 -1 -1 -1 -1 -1 -1 -1 -1 -1 -1 -1 -1 -1 -1 -1 -1 -1 -1 -1 -1 -1 651 651 651 730 751 764 769 1817 1830 1830 1829 1864 1833 1850 1885 1869 1932 1919 1883 1883 1925 1938 1900 1897 1838 1811 1843 1815 1815 1842 1828 780 800 799 1823 1823 1857 1844 1863 1839 1839 1912 1960 1963 1943 1969 1960 1994 2025 2011 2041 2042 2045 2110 2152 2183 2101 2118 2169 2200 2200 2182 2194 2305 2200 2185 2309 2347 2369
-1 -1 -1 -1 -1 -1 -1 -1 -1 -1 -1 -1 -1 -1 -1 -1 -1 -1 -1 -1 -1 -1 -1 -1 -1 -1 648 661 664 730 639 730 764 764 800 1801 1828 1828 1839 1828 1870 1870 1841 1904 1901 1883 1904 1907 1897 1869 1820 1817 800 1829 1843 1815 1811 780 800 1801 1810 1837 1840 1857 1858 1871 1843 1860 1873 1925 1981 1973 2028 2007 1991 2041 2027 2028 2044 2061 2096 2079 2145 2183 2166 2214 2204 2269 2214 2269 2304 2200 2200 2306 2345 2400
-1 -1 -1 -1 -1 -1 -1 -1 -1 -1 -1 -1 -1 -1 -1 -1 -1 -1 -1 -1 -1 -1 -1 -1 -1 630 661 668 699 699 635 670 720 787 800 1801 1815 1822 1839 1839 1870 1873 1891 1904 1902 1863 1907 1907 1897 1884 1820 1820 1808 1808 1812 1811 1811 780 1801 800 1836 1839 1856 1905 1908 1905 1884 1874 1873 1905 1994 1973 2007 2028 2007 2062 2041 2025 2044 2075 2048 2079 2183 2129 2180 2214 2234 2214 2269 2208 2240 2300 2309 2309 2338 2400
-1 -1 -1 -1 -1 -1 -1 -1 -1 -1 -1 -1 -1 -1 -1 -1 -1 -1 -1 -1 -1 -1 -1 -1 -1 633 663 683 699 696 693 639 670 800 800 800 1804 1835 1835 1835 1873 1873 1870 1902 1889 1866 1904 1876 1862 1817 800 800 1808 1812 1812 1809 780 1808 1822 1806 1836 1871 1905 1891 1908 1908 1939 1939 1939 1994 1997 1997 1973 2015 2028 2049 2062 2038 2043 2074 2061 2076 2108 2095 2105 2104 2169 2269 2225 2249 2275 2200 2295 2345 2345 2370
-1 -1 -1 -1 -1 -1 -1 -1 -1 -1 -1 -1 -1 -1 -1 -1 -1 -1 -1 -1 -1 -1 -1 -1 620 633 663 696 696 675 766 706 706 800 800 781 1805 769 1823 1842 1870 1857 1871 1871 1850 1891 1904 1876 1876 1828 1817 800 800 1809 800 800 1808 780 1836 1836 1839 1874 1874 1870 1882 1897 1925 1916 1942 1942 1994 2028 1972 2003 2003 2007 2069 2065 2062 2096 2074 2082 2077 2087 2151 2118 2137 2249 2238 2244 2275 2200 2295 2346 2346 2380
-1 -1 -1 -1 -1 -1 -1 -1 -1 -1 -1 -1 -1 -1 -1 -1 -1 -1 -1 -1 -1 -1 -1 -1 628 650 684 697 704 704 769 769 753 800 787 800 1802 1805 1836 1836 800 1870 1871 1868 1870 1873 1845 1869 1835 1831 800 769 1809 800 800 780 1805 1805 800 1836 1843 1871 1840 1864 1869 1895 1867 1929 1929 1940 1997 2028 2035 2004 2063 2084 2033 2100 2097 2083 2096 2117 2095 2084 2122 2164 2164 2235 2249 2264 2264 2312 2295 2332 2366 2380
-1 -1 -1 -1 -1 -1 -1 -1 -1 -1 -1 -1 -1 -1 -1 -1 -1 -1 -1 -1 -1 -1 -1 -1 628 635 697 718 731 766 769 735 766 769 769 800 1805 746 737 786 800 1855 1868 1840 1873 1873 1856 1869 1828 1828 787 800 800 780 781 800 1805 780 1805 1843 1857 1846 1871 1878 1895 1900 1895 1931 1940 1929 1994 2056 2050 2035 2004 2097 2097 2100 2100 2061 2131 2130 2130 2125 2164 2156 2143 2227 2247 2261 2312 2298 2312 2315 2313 2399
-1 -1 -1 -1 -1 -1 -1 -1 -1 -1 -1 -1 -1 -1 -1 -1 -1 -1 -1 -1 -1 -1 -1 -1 615 684 698 731 766 753 738 735 738 781 800 800 1802 780 746 737 800 800 1868 1833 1870 1842 1834 1838 1828 1828 1815 800 780 781 800 800 800 1802 1812 1844 1844 1844 1846 1864 1878 1898 1900 1952 1963 1997 1994 2042 2056 2063 2066 2090 2090 2093 2124 2118 2131 2134 2122 2165 2165 2165 2199 2230 2261 2278 2281 2274 2279 2348 2349 2374
-1 -1 -1 -1 -1 -1 -1 -1 -1 -1 -1 -1 -1 -1 -1 -1 -1 -1 -1 -1 -1 -1 -1 -1 628 697 700 701 735 738 719 718 767 781 800 800 1802 746 766 766 766 800 1834 1837 1857 1870 1842 1838 1838 800 800 780 781 767 780 800 800 1802 1810 1809 1830 1847 1847 1864 1858 1878 1934 1966 1965 1996 2008 2042 2063 2059 2059 2076 2062 2026 2110 2145 2111 2134 2134 2152 2196 2213 2227 2244 2244 2281 2281 2278 2284 2348 2378 2368
-1 -1 -1 -1 -1 -1 -1 -1 -1 -1 -1 -1 -1 -1 -1 -1 -1 -1 -1 -1 -1 -1 -1 -1 650 697 701 732 735 735 718 707 750 780 800 780 766 747 753 735 1834 1834 800 1835 1836 1839 1811 800 1835 800 800 787 766 753 765 780 800 800 1813 1813 1829 1847 1850 1858 1856 1904 1931 1965 2022 2022 2025 2056 2056 2059 2056 2055 2125 2074 2108 2159 2124 2159 2144 2158 2150 2227 2244 2230 2245 2300 2317 2317 2289 2334 2381 2381
-1 -1 -1 -1 -1 -1 -1 -1 -1 -1 -1 -1 -1 -1 -1 -1 -1 -1 -1 -1 -1 -1 -1 -1 616 663 670 697 732 732 712 712 747 749 780 749 746 732 738 738 768 800 1821 1804 1839 1839 800 800 1822 1835 800 769 768 766 786 799 1810 1810 1813 1836 1833 1829 1827 1887 1939 1953 1991 1991 2008 2025 2025 2056 2059 2090 2111 2055 2128 2128 2159 2142 2162 2162 2158 2193 2196 2213 2244 2244 2244 2314 2317 2314 2302 2365 2358 2381
-1 -1 -1 -1 -1 -1 -1 -1 -1 -1 -1 -1 -1 -1 -1 -1 -1 -1 -1 -1 -1 -1 -1 -1 -1 629 650 685 697 719 698 733 716 780 746 718 732 719 748 748 748 786 1803 1805 1808 1836 800 800 1804 1804 1801 769 768 768 799 800 800 800 1833 1853 1870 1864 1864 1922 1953 1918 1991 2022 2022 2025 2022 2042 2056 2076 2066 2125 2060 2077 2142 2089 2162 2176 2193 2179 2196 2210 2210 2230 2280 2314 2324 2337 2340 2340 2378 2371
-1 -1 -1 -1 -1 -1 -1 -1 -1 -1 -1 -1 -1 -1 -1 -1 -1 -1 -1 -1 -1 -1 -1 -1 -1 -1 632 684 697 701 699 713 716 746 732 701 701 731 734 765 765 800 1803 1801 1836 1808 1823 800 800 800 1801 781 768 1802 1816 800 1816 1802 1833 1836 1884 1919 1867 1922 1940 1925 1954 1988 1974 2008 2028 2059 2091 2094 2125 2068 2074 2074 2089 2108 2142 2176 2186 2158 2210 2210 2220 2220 2245 2283 2337 2344 2344 2378 2371 2417
-1 -1 -1 -1 -1 -1 -1 -1 -1 -1 -1 -1 -1 -1 -1 -1 -1 -1 -1 -1 -1 -1 -1 -1 -1 -1 629 663 666 701 701 713 715 712 687 701 718 731 734 752 733 713 745 800 1801 1802 780 1802 800 800 800 1801 786 1816 1819 800 1850 1850 1850 1850 1885 1867 1919 1939 1953 1954 1957 1965 1988 2028 2028 2046 2056 2094 2099 2091 2090 2089 2073 2107 2107 2151 2187 2179 2176 2234 2269 2240 2303 2303 2331 2344 2347 2399 2399 2430
-1 -1 -1 -1 -1 -1 -1 -1 -1 -1 -1 -1 -1 -1 -1 -1 -1 -1 -1 -1 -1 -1 -1 -1 -1 601 632 663 663 685 698 712 712 687 684 697 697 703 697 696 714 745 699 745 800 1801 780 800 800 800 786 800 800 800 1819 1851 1836 1885 1836 1888 1888 1905 1892 1953 1954 1947 1960 1990 1997 2022 2012 2021 2021 2077 2091 2099 2090 2090 2107 2073 2124 2125 2179 2204 2234 2234 2272 2290 2303 2315 2346 2346 2396 2399 2367 2396
-1 -1 -1 -1 -1 -1 -1 -1 -1 -1 -1 -1 -1 -1 -1 -1 -1 -1 -1 -1 -1 -1 -1 -1 -1 601 629 650 663 670 698 698 678 666 697 697 684 677 711 711 714 711 693 693 711 800 800 780 800 800 765 800 1816 1816 1823 1854 1854 1871 1885 1888 1860 1847 1919 1923 1943 1960 1966 1997 1997 2029 2029 2060 2060 2024 2064 2102 2086 2093 2093 2111 2124 2127 2173 2235 2256 2272 2272 2281 2306 2313 2365 2383 2396 2381 2363 2426
-1 -1 -1 -1 -1 -1 -1 -1 -1 -1 -1 -1 -1 -1 -1 -1 -1 -1 -1 -1 -1 -1 -1 -1 -1 -1 616 629 657 670 678 667 663 666 666 677 677 -1 642 697 683 679 665 659 746 780 800 780 780 769 765 787 1816 1802 800 1854 1815 787 800 1829 1829 1845 1905 1919 1956 1956 1977 1990 1987 2029 2043 2060 2064 2064 2055 2102 2102 2093 2074 2082 2065 2154 2154 2167 2235 2269 2281 2293 2306 2365 2365 2362 2368 2381 2395 2363
-1 -1 -1 -1 -1 -1 -1 -1 -1 -1 -1 -1 -1 -1 -1 -1 -1 -1 -1 -1 -1 -1 -1 -1 -1 -1 -1 -1 607 639 678 664 663 663 663 663 643 607 607 676 683 683 679 662 746 769 780 766 780 769 769 766 1802 1816 1851 1851 1801 769 1805 1836 1888 1888 1919 1886 1922 1959 1990 1987 1987 1994 2057 2057 2051 2064 2064 2055 2099 2120 2133 2133 2096 2095 2167 2222 2235 2269 2275 2306 2319 2334 2362 2350 2350 2364 2364 2423
-1 -1 -1 -1 -1 -1 -1 -1 -1 -1 -1 -1 -1 -1 -1 -1 -1 -1 -1 -1 -1 -1 -1 -1 -1 -1 -1 -1 607 610 647 630 601 629 650 630 646 646 642 608 628 676 662 677 745 765 769 780 765 769 769 800 800 800 800 1837 800 800 1819 1850 1885 1888 1891 1891 1921 1944 2009 1988 2026 2026 2022 2033 2033 2051 2042 2064 2029 2133 2085 2136 2136 2167 2194 2225 2238 2238 2275 2303 2334 2334 2349 2362 2350 2392 2392 2371
-1 -1 -1 -1 -1 -1 -1 -1 -1 -1 -1 -1 -1 -1 -1 -1 -1 -1 -1 -1 -1 -1 -1 -1 -1 -1 -1 -1 -1 -1 644 601 -1 629 643 643 646 611 643 641 676 645 642 684 712 745 749 765 753 769 787 800 769 781 781 800 1820 800 1819 1853 1871 1885 1891 1891 1922 1921 1988 2023 1988 2026 2030 1999 2033 2030 2030 2031 2063 2063 2105 2107 2136 2132 2223 2244 2257 2272 2303 2303 2327 2313 2331 2347 2330 2392 2420 2420
-1 -1 -1 -1 -1 -1 -1 -1 -1 -1 -1 -1 -1 -1 -1 -1 -1 -1 -1 -1 -1 -1 -1 -1 -1 -1 -1 -1 -1 -1 644 -1 -1 616 629 629 608 -1 -1 627 641 645 645 698 712 731 745 735 766 766 769 769 781 800 800 1820 1820 1817 1826 1827 1885 1881 1899 1894 1944 1957 1977 2023 1995 2017 2030 2002 2016 2002 2032 2032 2050 2056 2087 2143 2142 2132 2164 2257 2272 2279 2292 2314 2327 2331 2347 2334 2372 2385 2407 2385
-1 -1 -1 -1 -1 -1 -1 -1 -1 -1 -1 -1 -1 -1 -1 -1 -1 -1 -1 -1 -1 -1 -1 -1 -1 -1 -1 -1 -1 -1 610 -1 -1 -1 -1 -1 608 -1 -1 607 607 645 663 677 705 718 735 735 766 766 769 769 787 800 800 1817 1832 1850 1863 1854 1854 1881 1912 1930 1944 1956 1959 1992 1999 1999 2002 2002 1971 2029 2032 2029 2024 2032 2087 2128 2157 2203 2203 2226 2258 2292 2280 2296 2315 2328 2319 2350 2385 2389 2389 2385
-1 -1 -1 -1 -1 -1 -1 -1 -1 -1 -1 -1 -1 -1 -1 -1 -1 -1 -1 -1 -1 -1 -1 -1 -1 -1 -1 -1 -1 -1 -1 -1 -1 -1 -1 -1 608 -1 607 608 614 684 646 649 718 719 732 734 766 766 769 768 800 800 1817 1803 1820 1863 1851 1865 1878 1902 1913 1913 1954 1961 1992 1989 1999 1996 1998 1998 1971 2029 2013 1998 2082 1971 2068 2157 2160 2178 2223 2227 2265 2258 2293 2297 2328 2316 2319 2323 2373 2386 2389 2350
-1 -1 -1 -1 -1 -1 -1 -1 -1 -1 -1 -1 -1 -1 -1 -1 -1 -1 -1 -1 -1 -1 -1 -1 -1 -1 -1 -1 -1 -1 -1 -1 -1 -1 -1 -1 -1 -1 -1 615 642 628 684 684 704 725 732 732 764 753 768 769 769 786 800 1816 1832 1851 1868 1878 1902 1889 1913 1954 1961 1961 1989 1968 1968 1996 1998 1995 1994 2025 2013 2001 2081 2082 2082 2144 2157 2223 2191 2251 2265 2293 2259 2297 2316 2315 2303 2354 2351 2386 2358 2354
-1 -1 -1 -1 -1 -1 -1 -1 -1 -1 -1 -1 -1 -1 -1 -1 -1 -1 -1 -1 -1 -1 -1 -1 -1 -1 -1 -1 -1 -1 -1 -1 -1 -1 -1 -1 -1 -1 -1 615 615 653 691 704 707 738 738 751 799 800 755 700 700 676 1821 1829 1829 1855 1868 1871 1871 1881 1940 1954 1958 1989 1975 1960 1996 1983 1995 2001 2001 2032 2032 2063 2094 2094 2097 2176 2137 2192 2217 2234 2259 2262 2272 2313 2315 2302 2303 2355 2351 2358 2386 2358
-1 -1 -1 -1 -1 -1 -1 -1 -1 -1 -1 -1 -1 -1 -1 -1 -1 -1 -1 -1 -1 -1 -1 -1 -1 -1 -1 -1 -1 -1 -1 -1 -1 -1 -1 -1 -1 -1 602 608 -1 653 704 707 752 765 779 779 769 800 700 687 672 676 1814 1852 1855 1886 1858 1872 1906 1920 1924 1941 1955 1949 1962 1965 1965 1995 1990 2001 2012 2032 2016 2048 2048 2085 2085 2189 2189 2197 2192 2231 2262 2262 2300 2313 2284 2285 2355 2355 2352 2351 2320 2327
-1 -1 -1 -1 -1 -1 -1 -1 -1 -1 -1 -1 -1 -1 -1 -1 -1 -1 -1 -1 -1 -1 -1 -1 -1 -1 -1 -1 -1 -1 -1 -1 -1 -1 -1 -1 -1 -1 -1 608 637 650 673 704 765 765 786 799 779 800 681 673 672 1821 1827 1855 1831 1855 1886 1911 1924 1920 1924 1955 1955 1962 1948 1962 1965 1990 1977 1994 2025 2025 2023 2060 2051 2072 2004 2085 2189 2200 2231 2259 2259 2279 2282 2281 2282 2285 2352 2324 2351 2338 2303 2314
-1 -1 -1 -1 -1 -1 -1 -1 -1 -1 -1 -1 -1 -1 -1 -1 -1 -1 -1 -1 -1 -1 -1 -1 -1 -1 -1 -1 -1 -1 -1 -1 -1 -1 -1 -1 -1 -1 -1 -1 650 657 691 712 737 766 799 800 800 799 681 675 675 1821 1856 1890 1890 1893 1893 1924 1899 1927 1927 1956 1956 1958 1957 1957 1959 1991 1967 1998 2026 2029 2060 2047 2054 2054 2080 2107 2152 2155 2211 2224 2246 2282 2282 2281 2282 2296 2339 2352 2324 2320 2316 2314
-1 -1 -1 -1 -1 -1 -1 -1 -1 -1 -1 -1 -1 -1 -1 -1 -1 -1 -1 -1 -1 -1 -1 -1 -1 -1 -1 -1 -1 -1 -1 -1 -1 -1 -1 -1 -1 -1 -1 616 636 670 683 712 746 768 780 800 700 700 681 700 675 1824 1822 1855 1877 1893 1868 1899 1910 1927 1925 1958 1958 1961 1961 1979 1960 1978 2013 2026 2029 2029 2038 2051 2076 2076 2115 2128 2155 2188 2200 2200 2228 2279 2251 2254 2265 2293 2321 2317 2320 2320 2317 2308
-1 -1 -1 -1 -1 -1 -1 -1 -1 -1 -1 -1 -1 -1 -1 -1 -1 -1 -1 -1 -1 -1 -1 -1 -1 -1 -1 -1 -1 -1 -1 -1 -1 -1 -1 -1 -1 -1 -1 616 623 651 678 698 749 780 769 780 800 681 665 700 700 1843 1856 1842 1855 1867 1875 1896 1910 1925 1910 1945 1923 1926 1961 1992 1992 1956 1963 2026 2032 2042 2051 2066 2097 2097 2128 2166 2165 2209 2218 2225 2228 2279 2266 2254 2290 2321 2321 2318 2317 2317 2280 2311
-1 -1 -1 -1 -1 -1 -1 -1 -1 -1 -1 -1 -1 -1 -1 -1 -1 -1 -1 -1 -1 -1 -1 -1 -1 -1 -1 -1 -1 -1 -1 -1 -1 -1 -1 -1 -1 -1 601 616 636 644 678 717 746 745 745 800 680 677 650 680 1821 1824 1825 1856 1841 1844 1843 1875 1875 1894 1894 1923 1923 1910 1957 1964 1964 1995 1995 2010 2042 2063 2060 2094 2097 2104 2135 2165 2166 2218 2212 2225 2231 2244 2248 2290 2290 2318 2286 2281 2317 2304 2294 2308
-1 -1 -1 -1 -1 -1 -1 -1 -1 -1 -1 -1 -1 -1 -1 -1 -1 -1 -1 -1 -1 -1 -1 -1 -1 -1 -1 -1 -1 -1 -1 -1 -1 -1 -1 -1 -1 -1 -1 601 601 636 664 678 711 714 645 646 697 677 647 645 676 680 700 1841 1841 1844 1861 1863 1850 1886 1889 1889 1910 1923 1944 1957 1964 1995 2000 2011 2060 2069 2094 2081 2104 2104 2135 2166 2187 2188 2191 2194 2244 2245 2248 2283 2259 2305 2318 2283 2286 2282 2308 2307
-1 -1 -1 -1 -1 -1 -1 -1 -1 -1 -1 -1 -1 -1 -1 -1 -1 -1 -1 -1 -1 -1 -1 -1 -1 -1 -1 -1 -1 -1 -1 -1 -1 -1 -1 -1 -1 -1 -1 -1 -1 602 628 642 662 676 643 614 614 663 647 642 614 676 700 1804 1804 1809 1812 1843 1858 1889 1888 1888 1923 1923 1922 1922 1957 1987 2000 2013 2060 2069 2075 2090 2104 2104 2135 2156 2175 2188 2194 2194 2213 2245 2270 2283 2287 2259 2273 2286 2286 2277 2307 2294
-1 -1 -1 -1 -1 -1 -1 -1 -1 -1 -1 -1 -1 -1 -1 -1 -1 -1 -1 -1 -1 -1 -1 -1 -1 -1 -1 -1 -1 -1 -1 -1 -1 -1 -1 -1 -1 -1 -1 -1 -1 -1 -1 642 642 643 629 601 -1 616 642 642 663 675 675 700 700 1804 1809 1809 1843 1843 1842 1875 1888 1897 1897 1909 1929 1929 1997 2029 2047 2088 2069 2103 2103 2104 2129 2160 2157 2178 2191 2186 2245 2232 2248 2284 2287 2287 2273 2283 2260 2274 2276 2279
-1 -1 -1 -1 -1 -1 -1 -1 -1 -1 -1 -1 -1 -1 -1 -1 -1 -1 -1 -1 -1 -1 -1 -1 -1 -1 -1 -1 -1 -1 -1 -1 -1 -1 -1 -1 -1 -1 -1 -1 -1 -1 -1 -1 -1 608 -1 609 620 621 632 646 641 662 652 675 676 700 800 800 1829 1829 1829 1860 1875 1875 1884 1898 1929 1935 2006 2029 2054 2088 2088 2126 2105 2144 2132 2163 2160 2191 2186 2197 2214 2214 2252 2249 2284 2256 2283 2270 2274 2276 2276 2275
-1 -1 -1 -1 -1 -1 -1 -1 -1 -1 -1 -1 -1 -1 -1 -1 -1 -1 -1 -1 -1 -1 -1 -1 -1 -1 -1 -1 -1 -1 -1 -1 -1 -1 -1 -1 -1 -1 -1 -1 -1 -1 -1 -1 -1 -1 -1 609 612 612 612 646 641 669 669 700 700 700 700 800 1761 1767 1789 1824 1807 1862 1878 1909 1924 1972 1975 2041 2057 2089 2089 2126 2126 2157 2157 2160 2176 2179 2210 2210 2218 2236 2249 2225 2284 2271 2256 2252 2260 2273 2275 2275
-1 -1 -1 -1 -1 -1 -1 -1 -1 -1 -1 -1 -1 -1 -1 -1 -1 -1 -1 -1 -1 -1 -1 -1 -1 -1 -1 -1 -1 -1 -1 -1 -1 -1 -1 -1 -1 -1 -1 -1 -1 -1 -1 -1 -1 -1 -1 -1 -1 -1 617 649 649 656 669 700 700 700 776 800 1748 1761 1762 1789 1794 1828 1890 1875 1896 1972 1993 2020 2054 2076 2110 2123 2123 2146 2146 2176 2180 2180 2216 2216 2237 2249 2190 2253 2250 2249 2252 2252 2273 2269 2272 2303
-1 -1 -1 -1 -1 -1 -1 -1 -1 -1 -1 -1 -1 -1 -1 -1 -1 -1 -1 -1 -1 -1 -1 -1 -1 -1 -1 -1 -1 -1 -1 -1 -1 -1 -1 -1 -1 -1 -1 -1 -1 -1 -1 -1 -1 -1 -1 -1 -1 -1 631 646 649 666 680 687 700 700 787 800 1761 1762 1775 1789 1814 1810 1841 1890 1890 1959 1993 2023 2054 2055 2089 2123 2115 2133 2145 2146 2167 2203 2216 2219 2250 2250 2253 2253 2236 2249 2249 2269 2269 2272 2272 2268
-1 -1 -1 -1 -1 -1 -1 -1 -1 -1 -1 -1 -1 -1 -1 -1 -1 -1 -1 -1 -1 -1 -1 -1 -1 -1 -1 -1 -1 -1 -1 -1 -1 -1 -1 -1 -1 -1 -1 -1 -1 -1 -1 -1 -1 -1 -1 -1 -1 603 617 631 648 665 680 685 700 782 787 1727 1727 1730 1755 1780 1801 1814 1841 1835 1910 1946 1962 1993 2023 2049 2083 2083 2104 2069 2061 2095 2147 2147 2180 2185 2188 2215 2215 2215 2218 2236 2249 2255 2241 2241 2239 2237
-1 -1 -1 -1 -1 -1 -1 -1 -1 -1 -1 -1 -1 -1 -1 -1 -1 -1 -1 -1 -1 -1 -1 -1 -1 -1 -1 -1 -1 -1 -1 -1 -1 -1 -1 -1 -1 -1 -1 -1 -1 -1 -1 -1 -1 -1 -1 -1 -1 603 603 634 645 645 665 700 769 782 800 1727 1727 1727 1749 1755 1780 1807 1814 1848 1848 1897 1980 1986 2020 2020 2036 2049 2052 2061 2078 2116 2134 2148 2154 2182 2181 2202 2215 2218 2218 2217 2220 2234 2217 2234 2234 2237
-1 -1 -1 -1 -1 -1 -1 -1 -1 -1 -1 -1 -1 -1 -1 -1 -1 -1 -1 -1 -1 -1 -1 -1 -1 -1 -1 -1 -1 -1 -1 -1 -1 -1 -1 -1 -1 -1 -1 -1 -1 -1 -1 -1 -1 -1 -1 -1 -1 -1 -1 634 634 651 646 669 747 747 782 880 1714 876 1721 1741 1755 1780 1779 1779 1890 1890 1955 1959 1986 2007 2008 2030 2061 2065 2113 2116 2120 2151 2123 2169 2182 2181 2215 2202 2206 2193 2234 2183 2216 2207 2206 2238
-1 -1 -1 -1 -1 -1 -1 -1 -1 -1 -1 -1 -1 -1 -1 -1 -1 -1 -1 -1 -1 -1 -1 -1 -1 -1 -1 -1 -1 -1 -1 -1 -1 -1 -1 -1 -1 -1 -1 -1 -1 -1 -1 -1 -1 -1 -1 -1 -1 -1 -1 631 623 623 646 665 700 700 767 794 900 1000 1721 1721 1734 1747 1774 1762 1808 1890 1925 1928 1973 1957 2021 2044 2078 2078 2100 2113 2151 2151 2131 2123 2102 2181 2184 2186 2200 2206 2203 2186 2186 2191 2225 2238
-1 -1 -1 -1 -1 -1 -1 -1 -1 -1 -1 -1 -1 -1 -1 -1 -1 -1 -1 -1 -1 -1 -1 -1 -1 -1 -1 -1 -1 -1 -1 -1 -1 -1 -1 -1 -1 -1 -1 -1 -1 -1 -1 -1 -1 -1 -1 -1 -1 -1 -1 612 612 605 649 645 689 700 794 842 876 1000 1713 1713 1713 1740 1787 1821 1877 1822 1891 1925 1957 1955 2021 2044 2066 2079 2113 2113 2120 2148 2131 2148 2102 2153 2148 2138 2200 2141 2200 2203 2186 2152 2204 2207
-1 -1 -1 -1 -1 -1 -1 -1 -1 -1 -1 -1 -1 -1 -1 -1 -1 -1 -1 -1 -1 -1 -1 -1 -1 -1 -1 -1 -1 -1 -1 -1 -1 -1 -1 -1 -1 -1 -1 -1 -1 -1 -1 -1 -1 -1 -1 -1 -1 -1 -1 -1 605 -1 -1 680 680 689 794 863 876 1000 1000 1300 1481 1500 1719 1753 1769 1825 1912 1925 1927 1958 2044 2031 2045 2079 2113 2120 2148 2135 2148 2134 2122 2121 2106 2106 2169 2166 2172 2173 2173 2145 2204 2207
-1 -1 -1 -1 -1 -1 -1 -1 -1 -1 -1 -1 -1 -1 -1 -1 -1 -1 -1 -1 -1 -1 -1 -1 -1 -1 -1 -1 -1 -1 -1 -1 -1 -1 -1 -1 -1 -1 -1 -1 -1 -1 -1 -1 -1 -1 -1 -1 -1 -1 -1 -1 -1 -1 -1 680 646 700 783 876 876 1000 1300 1300 1467 1481 1500 1740 1787 1800 1843 1878 1897 1944 1947 1997 2045 2045 2100 2113 2114 2117 2117 2122 2122 2113 2106 2093 2166 2152 2142 2152 2173 2170 2131 2169
