R/veg_5800/arrival.asc
NCOLS 638
NROWS 825
XLLCORNER -2985163.8955
YLLCORNER -3022031.214
CELLSIZE 10000
NODATA_value -1
[rows 188 to 234 of 825, columns 384 to 479 of 638]
3521 3507 3487 3500 3500 3522 3504 3488 3501 3501 3488 3467 3436 3433 3438 3417 3404 3386 3342 3324 3324 3271 3271 3268 3268 3249 3249 3246 3238 3211 3183 3185 3174 3209 3195 3143 3143 3109 3074 3040 2992 2974 2983 2970 2952 2949 2949 2925 2925 2914 2883 2889 2893 2893 2890 2846 2812 2818 2825 2822 2775 2720 2754 2754 2750 2706 2715 2715 2684 2684 2633 2607 2611 2584 2573 2573 2565 2578 2559 2562 2561 2589 2554 2544 2549 2553 2528 2477 2463 -1 -1 -1 -1 -1 -1 -1
3482 3521 3487 3542 3542 3535 3535 3536 3501 3501 3501 3485 3485 3486 3451 3417 3417 3383 3355 3315 3321 3293 3286 3286 3273 3266 3251 3251 3246 3215 3198 3198 3221 3209 3146 3118 3091 3091 3074 2997 3027 3009 3006 2983 2971 2975 2975 2939 2926 2894 2889 2892 2894 2924 2893 2877 2856 2809 2843 2788 2740 2723 2740 2754 2784 2771 2693 2693 2619 2590 2576 2593 2607 2584 2571 2568 2581 2556 2559 2559 2592 2592 2544 2549 2553 2559 2546 2490 2477 -1 -1 -1 -1 -1 -1 -1
3521 3454 3451 3542 3557 3570 3539 3539 3508 3501 3502 3485 3520 3486 3473 3435 3435 3403 3370 3349 3315 3270 3293 3286 3280 3280 3248 3263 3260 3200 3212 3212 3221 3177 3118 3105 3091 3088 3061 3074 2995 3009 3009 3006 2993 2975 2993 2972 2959 2938 2923 2938 2924 2925 2924 2911 2890 2822 2856 2856 2742 2753 2753 2792 2792 2784 2749 2631 2617 2566 2566 2576 2587 2587 2590 2581 2587 2582 2557 2589 2592 2574 2544 2570 2584 2594 2581 2491 2490 2459 -1 -1 -1 -1 -1 -1
3555 3573 3535 3573 3570 3522 3520 3539 3536 3536 3523 3520 3507 3486 3465 3459 3433 3383 3352 3349 3283 3257 3297 3321 3321 3274 3280 3263 3263 3225 3246 3252 3245 3177 3164 3129 3122 3059 3029 3043 3043 3027 3008 3006 3006 3006 3006 2975 2972 2941 2938 2955 2925 2925 2957 2923 2910 2860 2860 2805 2753 2755 2809 2792 2789 2787 2693 2659 2630 2625 2561 2584 2621 2590 2590 2587 2582 2586 2595 2623 2609 2588 2569 2583 2584 2615 -1 2541 2541 -1 -1 -1 -1 -1 -1 -1
3594 3591 3573 3537 3551 3520 3520 3517 3523 3523 3523 3502 3502 3497 3465 3465 3459 3416 3403 3377 3343 3253 3259 3297 3308 3294 3294 3273 3286 3260 3257 3252 3245 3198 3177 3154 3141 3031 3040 3078 3072 3040 3040 3038 3009 3020 3020 2989 3004 2983 2987 2970 2952 2991 2978 2944 2923 2860 2874 2839 2856 2856 2842 2784 2818 2756 2723 2659 2659 2642 2605 2621 2608 2602 2615 2589 2586 2586 2595 2623 2586 2586 2583 2584 2604 2594 2628 2559 2546 -1 -1 -1 -1 -1 -1 -1
3604 3576 3551 3551 3503 3486 3517 3517 3554 3544 3531 3528 3497 3497 3493 3459 3446 3416 3416 3377 3364 3309 3314 3328 3355 3321 3290 3286 3252 3255 3260 3257 3245 3232 3181 3154 3087 3120 3123 3092 3085 3085 3054 3051 3051 3026 3020 3017 3017 2987 3003 3016 2991 2994 2991 2956 2923 2887 2887 2839 2894 2894 2856 2818 2805 2762 2710 2689 2676 2655 2624 2618 2618 2615 2589 2581 2597 2607 2626 2626 2581 2582 2583 2618 2618 2628 2631 2573 -1 -1 -1 -1 2536 2536 -1 -1
3607 3604 3607 3606 3556 3517 3509 3547 3575 3544 3528 3515 3500 3500 3493 3480 3450 3439 3384 3368 3381 3309 3328 3289 3342 3355 3287 3250 3254 3255 3266 3279 3260 3257 3223 3194 3154 3160 3147 3120 3107 3089 3071 3057 3057 3069 3018 3050 3048 3019 3016 3028 3025 2990 2956 2956 2922 2891 2892 2859 2860 2894 2891 2823 2788 2762 2731 2692 2689 2689 2649 2636 2607 2618 2620 2597 2620 2620 2626 2623 2600 2613 2621 2621 2627 2649 2662 2608 -1 -1 -1 2558 2574 2571 -1 -1
3612 3638 3638 3625 3599 3578 3578 3578 3588 3541 3531 3528 3500 3493 3469 3450 3437 3439 3381 3381 3343 3330 3328 3320 3358 3358 3286 3285 3254 3254 3279 3295 3292 3279 3257 3244 3160 3160 3160 3126 3120 3102 3086 3073 3076 3082 3082 3051 3051 3035 3046 3059 3028 3012 2963 2943 2935 2913 2926 2925 2877 2857 2850 2826 2807 2788 2733 2747 2713 2713 2699 2649 2649 2620 2632 2633 2637 2650 2657 2643 2613 2616 2621 2618 2627 2662 2674 2661 -1 -1 2605 2592 2574 2607 2640 2609
3644 3644 3676 3638 3612 3581 3591 3591 3591 3588 3531 3494 3471 3484 3453 3437 3415 3415 3389 3376 3348 3362 3354 3341 3358 3320 3285 3272 3262 3282 3291 3313 3326 3292 3291 3247 3223 3160 3189 3133 3133 3113 3124 3089 3089 3139 3093 3083 3090 3086 3059 3024 3025 2992 2990 2948 2948 2926 2914 2882 2925 2850 2843 2854 2820 2788 2774 2757 2757 2713 2707 2682 2679 2664 2664 2633 2650 2650 2657 2616 2616 2638 2652 2662 2665 2695 2674 2674 -1 -1 -1 2605 2605 2640 2627 2610
3694 3707 3676 3673 3673 3639 3608 3609 3622 3591 3563 3494 3484 3471 3450 3422 3405 3385 3389 3361 3362 3360 3376 3410 3330 3317 3261 3262 3249 3279 3282 3298 3326 3291 3278 3254 3220 3189 3164 3158 3145 3127 3127 3111 3152 3152 3121 3121 3105 3086 3048 3015 3026 3025 2990 2977 2958 2976 2973 2925 2940 2920 2850 2905 2885 2816 2802 2757 2754 2759 2727 2682 2693 2679 2682 2682 2680 2680 2657 2637 2645 2652 2708 2696 2697 2708 2708 2673 -1 2587 2574 2590 2590 2643 2640 2610
3707 3672 3672 3660 3639 3639 3603 3594 3622 3564 3562 3484 3437 3471 3377 3359 3389 3392 3392 3362 3360 3392 3423 3423 3371 3267 3267 3261 3244 3253 3313 3329 3329 3278 3278 3254 3223 3220 3207 3158 3158 3126 3127 3124 3155 3124 3117 3121 3118 3087 3084 3039 3039 3061 3008 3005 2994 2976 2976 3007 2972 2994 2963 2910 2910 2854 2816 2782 2759 2768 2751 2734 2707 2713 2714 2714 2680 2691 2677 2650 2656 2708 2683 2696 2697 2729 2711 -1 -1 2673 2590 2611 2661 2643 2643 2641
3681 3658 3659 3655 3642 3634 3622 3625 3625 3595 3562 3549 3424 3436 3386 3399 3410 3423 3410 3410 3423 3426 3384 3384 3316 3296 3296 3276 3252 3244 3313 3329 3275 3288 3265 3226 3195 3176 3220 3189 3186 3151 3173 3155 3155 3120 3146 3117 3084 3118 3108 3095 3074 3074 3028 3008 3007 3007 3007 3007 3007 3017 2997 2920 2920 2885 2816 2791 2782 2782 2757 2748 2748 2717 2717 2714 2700 2734 2711 2691 2712 2708 2731 2742 2742 2742 2731 -1 2695 2708 2642 2674 2674 2644 2641 2606
3668 3658 3658 3655 3634 3633 3621 3625 3595 3587 3540 3518 3471 3484 3454 3453 3423 3413 3410 3430 3444 3457 3444 3384 3324 3310 3283 3290 3265 3300 3347 3360 3288 3260 3251 3210 3195 3180 3194 3189 3189 3186 3151 3178 3152 3119 3146 3146 3115 3074 3108 3109 3096 3074 3041 3041 3010 3028 3041 3034 3034 3031 2983 2928 2928 2885 2851 2819 2804 2804 2770 2757 2770 2757 2717 2723 2734 2721 2711 2743 2746 2763 2776 2765 2752 2731 2700 2697 2708 2709 2696 2678 2675 2662 2628 2596
3642 3689 3651 3658 3658 3665 3656 3643 3587 3587 3574 3518 3505 3494 3472 3454 3426 3426 3447 3444 3454 3457 3447 3410 3324 3393 3290 3348 3351 3252 3360 3320 3291 3251 3240 3253 3226 3226 3212 3215 3177 3199 3186 3178 3177 3164 3144 3143 3143 3115 3109 3112 3109 3075 3043 3062 3041 3041 3065 3051 3031 3027 2978 2963 2949 2884 2854 2870 2853 2811 2804 2791 2777 2770 2768 2768 2734 2737 2764 2777 2766 2776 2779 2765 2732 2718 2764 2746 2743 2730 2709 2678 2675 2646 2615 2580
3682 3689 3676 3689 3665 3659 3656 3637 3584 3581 3581 3553 3547 3547 3513 3457 3464 3478 3454 3467 3467 3479 3457 3413 3393 3393 3306 3285 3351 3273 3313 3286 3291 3291 3253 3246 3215 3246 3215 3215 3212 3212 3181 3184 3165 3177 3153 3150 3130 3143 3112 3112 3074 3078 3075 3075 3049 3065 3065 3041 3026 3000 2978 2965 2963 2927 2884 2884 2859 2825 2811 2791 2791 2794 2791 2768 2777 2780 2798 2779 2780 2779 2745 2777 2780 2777 2777 2746 2743 2674 2674 2675 2646 2633 2612 2595
3723 3689 3689 3676 3690 3677 3668 3615 3567 3567 3567 3547 3522 3533 3516 3516 3513 3499 3482 3482 3479 3491 3478 3472 3427 3421 3372 3358 3351 3285 3309 3238 3238 3288 3280 3267 3246 3233 3232 3214 3205 3218 3187 3187 3184 3184 3153 3153 3150 3150 3119 3119 3116 3116 3085 3082 3099 3068 3075 3062 3040 3002 2981 2971 2940 2932 2894 2859 2859 2839 2839 2825 2825 2818 2831 2800 2811 2831 2811 2818 2811 2812 2798 2811 2799 2765 2730 2699 2708 2709 2673 2661 2649 2624 2624 2608
3723 3710 3696 3665 3690 3668 3668 3615 3601 3554 3547 3525 3519 3493 3488 3485 3485 3513 3482 3494 3494 3491 3485 3484 3471 3423 3372 3372 3382 3369 3382 3381 3322 3272 3277 3280 3245 3245 3245 3237 3218 3190 3155 3153 3171 3156 3153 3153 3122 3137 3119 3116 3081 3103 3091 3085 3099 3058 3075 3075 3064 3032 2988 2971 2958 2940 2901 2894 2863 2845 2860 2825 2853 2831 2873 2866 2888 2902 2831 2874 2812 2854 2811 2833 2786 2717 2696 2696 2699 2686 2686 2680 2667 2611 2611 2608
3719 3696 3724 3711 3690 3686 3665 3635 3610 3577 3549 3549 3525 3519 3512 3495 3499 3496 3496 3494 3491 3485 3506 3485 3484 3423 3410 3384 3382 3403 3416 3381 3368 3277 3280 3283 3268 3230 3237 3237 3221 3220 3152 3153 3156 3156 3140 3139 3122 3122 3115 3129 3111 3091 3095 3082 3082 3085 3076 3064 3064 3050 3012 2944 2940 2940 2906 2880 2894 2863 2900 2922 2901 2936 2908 2936 2905 2867 2874 2874 2867 2867 2836 2833 2799 2764 2751 2730 2733 2730 2717 2680 2642 2608 2617 2586
3724 3699 3689 3724 3699 3676 3667 3615 3610 3580 3549 3546 3546 3546 3529 3512 3512 3496 3500 3512 3525 3489 3519 3519 3484 3485 3472 3372 3415 3450 3437 3388 3322 3312 3278 3283 3268 3254 3234 3252 3234 3221 3190 3152 3173 3153 3153 3123 3119 3119 3142 3142 3114 3108 3108 3102 3102 3071 3078 3067 3064 3048 3012 3001 2988 2940 2906 2893 2875 2935 2957 2970 2939 2939 2936 2923 2905 2905 2902 2889 2868 2871 2836 2834 2820 2765 2764 2765 2733 2730 2714 2701 2680 2617 2555 2546
3730 3727 3688 3701 3702 3699 3676 3610 3580 3567 3546 3560 3532 3533 3529 3516 3514 3527 3500 3525 3520 3522 3522 3491 3488 3485 3484 3416 3453 3453 3450 3415 3381 3319 3288 3314 3289 3282 3252 3218 3221 3234 3203 3187 3187 3156 3124 3124 3124 3145 3142 3114 3114 3107 3121 3119 3133 3084 3098 3078 3065 3079 3045 3011 3001 2967 2954 2970 2973 2973 2970 2865 2866 2939 2901 2888 2866 2870 2870 2902 2871 2871 2868 2855 2834 2800 2765 2752 2735 2718 2714 2714 2711 2629 2567 2541
3745 3758 3733 3702 3702 3679 3679 3662 3644 3560 3560 3536 3532 3532 3497 3497 3527 3528 3531 3531 3553 3522 3519 3519 3491 3491 3484 3437 3419 3453 3450 3415 3384 3334 3313 3320 3314 3301 3258 3224 3172 3207 3200 3200 3191 3156 3138 3124 3124 3145 3101 3107 3107 3121 3108 3133 3105 3098 3085 3085 3064 3079 3045 3018 3032 3013 3004 2928 2973 2914 2865 2860 2866 2901 2869 2866 2854 2867 2886 2899 2868 2868 2881 2868 2834 2821 2800 2787 2748 2748 2718 2711 2642 2630 2573 2544
3758 3733 3720 3698 3699 3679 3676 3647 3644 3566 3549 3518 3550 3503 3515 3497 3538 3549 3531 3553 3540 3523 3519 3506 3491 3484 3471 3425 3416 3419 3419 3416 3402 3347 3320 3313 3314 3289 3275 3255 3186 3187 3222 3191 3200 3169 3175 3154 3132 3176 3163 3123 3121 3124 3136 3136 3116 3113 3085 3113 3054 3031 3032 3032 3044 3035 3004 2975 2928 2868 2855 2853 2860 2869 2832 2824 2838 2871 2899 2864 2864 2884 2881 2850 2840 2827 2800 2795 2766 2753 2733 2711 2698 2643 2601 2580
3757 3736 3736 3701 3710 3696 3678 3674 3661 3631 3597 3563 3584 3563 3597 3569 3562 3562 3553 3556 3541 3554 3519 3454 3522 3451 3425 3412 3398 3416 3416 3385 3369 3348 3348 3348 3313 3289 3254 3255 3221 3222 3209 3187 3191 3188 3188 3163 3144 3176 3155 3155 3153 3167 3136 3133 3116 3116 3113 3079 3082 3054 3044 3044 3035 3066 3007 2991 2928 2868 2840 2860 2900 2887 2825 2825 2899 2915 2902 2840 2884 2884 2864 2868 2840 2829 2816 2795 2782 2766 2746 2714 2680 2677 2664 2608
3744 3736 3733 3709 3710 3678 3665 3674 3640 3640 3627 3618 3631 3600 3600 3597 3597 3574 3556 3588 3554 3554 3506 3522 3485 3450 3422 3398 3414 3383 3403 3382 3382 3359 3346 3335 3289 3254 3255 3241 3225 3225 3194 3166 3187 3175 3163 3192 3154 3154 3130 3176 3167 3148 3147 3141 3133 3110 3099 3097 3079 3082 3048 3032 3030 3066 3031 3017 2997 2948 2900 2873 2900 2894 2880 2840 2841 2933 2915 2839 2840 2881 2853 2864 2846 2829 2795 2780 2780 2749 2746 2746 2732 2678 2677 2615
3739 3767 3709 3722 3691 3638 3643 3662 3662 3640 3646 3631 3643 3624 3623 3609 3622 3587 3588 3575 3560 3553 3540 3485 3464 3453 3440 3414 3390 3385 3380 3393 3396 3359 3341 3341 3310 3293 3240 3231 3225 3225 3211 3197 3166 3195 3175 3192 3161 3197 3179 3179 3148 3148 3141 3147 3119 3081 3097 3094 3066 3048 3060 3032 3069 3069 3052 3038 2997 2921 2934 2886 2886 2894 2855 2840 2918 2933 2920 2839 2840 2843 2867 2867 2851 2815 2802 2787 2767 2749 2748 2745 2745 2681 2678 2644
3767 3754 3722 3744 3713 3675 3680 3662 3659 3659 3659 3656 3656 3625 3625 3622 3566 3591 3591 3560 3518 3553 3518 3495 3472 3453 3431 3421 3417 3414 3380 3393 3427 3359 3330 3330 3324 3309 3231 3200 3243 3225 3197 3184 3178 3195 3195 3210 3210 3182 3175 3179 3144 3141 3150 3150 3097 3097 3094 3083 3091 3060 3060 3056 3069 3066 3038 2987 2987 2983 2966 2949 2963 2886 2858 2872 2915 2949 2936 2898 2847 2898 2867 2864 2818 2815 2787 2780 2756 2748 2715 2683 2697 2699 2678 2665
3747 3747 3744 3730 3713 3693 3693 3675 3655 3668 3659 3659 3623 3624 3625 3594 3588 3591 3550 3560 3545 3518 3505 3495 3495 3482 3462 3449 3448 3427 3366 3427 3414 3343 3330 3327 3324 3311 3290 3256 3256 3225 3190 3156 3175 3226 3192 3210 3213 3184 3184 3175 3141 3167 3150 3147 3128 3094 3088 3091 3088 3085 3088 3086 3100 3057 3025 3025 2987 2974 2966 2966 2963 2894 2859 2872 2879 2936 2949 2905 2898 2885 2849 2849 2833 2818 2818 2744 2732 2779 2697 2697 2694 2694 2663 2653
3747 3756 3725 3696 3696 3665 3675 3662 3668 3662 3659 3625 3610 3623 3593 3563 3589 3563 3563 3545 3531 3529 3529 3498 3483 3469 3448 3448 3465 3434 3392 3392 3374 3360 3358 3330 3299 3284 3290 3294 3294 3263 3229 3226 3226 3209 3244 3213 3213 3215 3186 3184 3181 3181 3147 3128 3102 3119 3116 3088 3103 3085 3088 3100 3056 3056 3022 3025 3011 2983 2952 2952 2935 2932 2892 2879 2933 2967 2952 2936 2874 2874 2849 2846 2812 2815 2818 2779 2779 2766 2720 2707 2715 2697 2666 2653
3756 3744 3722 3693 3696 3693 3662 3662 3662 3677 3690 3625 3611 3593 3590 3589 3576 3529 3565 3545 3517 3517 3516 3514 3483 3482 3482 3465 3462 3395 3379 3358 3374 3358 3345 3324 3299 3284 3253 3256 3280 3260 3278 3260 3260 3244 3231 3207 3215 3217 3215 3201 3160 3160 3160 3137 3150 3119 3119 3116 3116 3109 3114 3100 3065 3009 3048 3031 3011 3014 2983 2970 2929 2944 2905 2905 2967 2954 2952 2952 2901 2845 2880 2846 2812 2835 2848 2849 2814 2754 2720 2728 2728 2697 2666 2628
3759 3730 3727 3727 3693 3680 3690 3693 3693 3690 3643 3656 3624 3621 3613 3592 3592 3579 3579 3565 3513 3531 3545 3514 3497 3483 3477 3496 3459 3436 3409 3375 3415 3402 3381 3346 3315 3313 3299 3312 3281 3278 3265 3272 3282 3251 3251 3245 3235 3218 3215 3177 3178 3160 3160 3168 3114 3119 3169 3152 3122 3122 3091 3114 3079 3000 3048 3048 3045 3045 3020 3017 2957 2957 2957 2983 2986 2970 2914 2949 2862 2880 2867 2841 2828 2848 2852 2849 2801 2723 2756 2720 2690 2697 2684 2656
3761 3748 3729 3724 3692 3674 3665 3693 3665 3634 3656 3628 3621 3613 3599 3613 3582 3579 3579 3579 3548 3545 3545 3531 3511 3511 3496 3490 3477 3449 3449 3418 3375 3415 3384 3368 3346 3333 3312 3315 3285 3272 3272 3282 3282 3251 3279 3249 3249 3232 3222 3215 3191 3187 3171 3182 3182 3183 3183 3154 3122 3118 3117 3079 3031 3079 3017 3045 3052 3045 3039 3020 3004 2983 3017 2986 2983 2983 2914 2914 2863 2862 2862 2841 2848 2849 2883 2849 2836 2728 2756 2721 2687 2721 2687 2663
3759 3761 3724 3711 3705 3696 3692 3665 3652 3659 3659 3628 3616 3613 3613 3599 3582 3552 3582 3579 3544 3544 3545 3521 3521 3512 3490 3477 3463 3443 3443 3374 3375 3400 3399 3381 3381 3350 3350 3315 3334 3313 3300 3313 3279 3279 3266 3252 3245 3245 3222 3236 3216 3187 3202 3216 3202 3182 3183 3154 3149 3114 3117 3031 3037 3045 3048 3048 3045 3052 3051 3017 3038 3017 3004 2971 2986 2925 2925 2955 2883 2906 2904 2917 2887 2883 2870 2818 2814 2740 2759 2743 2721 2708 2691 2663
3764 3764 3727 3705 3696 3711 3724 3724 3677 3659 3656 3647 3616 3616 3616 3582 3599 3613 3582 3582 3544 3530 3552 3521 3532 3515 3512 3476 3455 3443 3429 3409 3352 3364 3366 3344 3344 3347 3338 3347 3347 3318 3313 3246 3240 3283 3252 3252 3235 3250 3253 3250 3250 3236 3216 3219 3216 3217 3203 3168 3148 3100 3148 3031 3065 3079 3048 3052 3055 3055 3016 3051 3023 3005 3005 2971 3002 2955 2968 2934 2937 2917 2917 2842 2886 2918 2884 2821 2790 2753 2759 2756 2722 2722 2687 2674
3764 3758 3745 3710 3723 3727 3727 3690 3672 3655 3647 3633 3633 3647 3616 3581 3613 3577 3579 3580 3583 3583 3518 3511 3549 3546 3546 3524 3490 3475 3455 3389 3406 3353 3366 3330 3344 3297 3352 3352 3352 3321 3321 3318 3304 3269 3252 3235 3226 3253 3253 3249 3250 3250 3251 3220 3216 3217 3185 3182 3182 3148 3134 3099 3117 3070 3039 3058 3086 3073 3051 3054 3036 3005 3002 3002 2989 2986 2989 2968 2973 2952 2934 2899 2890 2918 2884 2808 2787 2790 2787 2756 2725 2722 2709 2687
3795 3758 3723 3692 3723 3727 3724 3672 3658 3654 3654 3647 3647 3613 3613 3613 3620 3589 3544 3579 3583 3566 3580 3580 3532 3519 3501 3510 3524 3489 3489 3455 3455 3373 3361 3332 3372 3355 3317 3323 3323 3293 3295 3302 3318 3284 3260 3260 3269 3229 3270 3249 3257 3257 3254 3254 3188 3188 3185 3217 3182 3181 3113 3148 3086 3070 3086 3089 3086 3085 3054 3036 3023 2988 2988 2960 3020 2989 2988 2986 2986 2934 2952 2952 2918 2905 2890 2856 2774 2787 2791 2791 2760 2747 2713 2691
3782 3723 3710 3689 3723 3745 3689 3658 3658 3655 3685 3647 3685 3616 3612 3620 3620 3617 3614 3563 3600 3538 3566 3532 3546 3532 3527 3524 3489 3460 3431 3431 3441 3424 3386 3421 3386 3405 3358 3324 3324 3295 3288 3302 3337 3318 3284 3283 3283 3284 3284 3257 3257 3271 3285 3254 3251 3237 3220 3220 3181 3182 3168 3168 3085 3100 3089 3089 3085 3072 3057 3044 2988 2967 2975 3020 3007 2988 2989 2962 2962 2955 2939 2903 2921 2893 2890 2859 2805 2805 2791 2788 2760 2726 2698 2678
3827 3814 3793 3793 3758 3758 3689 3614 3655 3634 3647 3685 3682 3682 3609 3609 3606 3617 3617 3614 3600 3569 3566 3535 3507 3501 3507 3527 3527 3491 3428 3428 3428 3424 3424 3421 3405 3391 3374 3335 3324 3357 3302 3337 3309 3318 3319 3283 3291 3228 3319 3244 3288 3285 3250 3250 3251 3181 3184 3220 3182 3182 3182 3151 3134 3114 3120 3088 3038 3051 3057 3023 2967 2967 2991 2991 2996 2965 2965 2958 2949 2931 2924 2924 2893 2890 2862 2877 2843 2822 2822 2772 2753 2726 2695 2706
3829 3827 3792 3780 3793 3762 3746 3725 3681 3612 3612 3702 3622 3668 3682 3651 3648 3600 3606 3600 3614 3566 3536 3553 3505 3542 3558 3544 3490 3491 3488 3474 3443 3457 3405 3440 3426 3406 3386 3371 3371 3371 3340 3352 3353 3318 3353 3322 3322 3319 3305 3288 3288 3260 3271 3236 3254 3184 3184 3184 3216 3185 3182 3165 3134 3120 3101 3075 3054 3057 3060 3060 3041 3022 3009 2996 2983 2962 2927 2934 2927 2896 2911 2883 2890 2893 2862 2862 2856 2822 2809 2803 2753 2740 2740 2753
3795 3792 3779 3699 3759 3762 3759 3759 3736 3716 3716 3716 3640 3653 3668 3671 3648 3634 3599 3600 3587 3552 3531 3536 3556 3556 3577 3529 3508 3522 3491 3488 3488 3457 3413 3426 3440 3420 3406 3372 3324 3325 3340 3387 3356 3353 3321 3328 3328 3319 3229 3231 3291 3288 3285 3285 3254 3201 3216 3216 3202 3185 3165 3152 3133 3132 3107 3075 3088 3091 3060 3054 3020 3023 3022 2999 2961 2948 2917 2927 2895 2896 2896 2874 2883 2871 2860 2837 2837 2806 2806 2803 2753 2757 2753 2719
3792 3789 3810 3770 3784 3753 3753 3750 3750 3737 3706 3653 3653 3633 3671 3671 3668 3655 3634 3603 3634 3519 3536 3536 3539 3594 3591 3591 3557 3557 3495 3488 3488 3475 3440 3425 3426 3409 3420 3386 3421 3390 3387 3373 3356 3356 3339 3339 3353 3323 3291 3291 3288 3288 3257 3226 3205 3223 3223 3192 3181 3199 3186 3136 3132 3133 3102 3088 3091 3078 3057 3043 3054 3031 3030 3017 2995 2960 2892 2926 2913 2892 2905 2874 2871 2858 2840 2829 2824 2802 2803 2791 2788 2775 2788 2756
3826 3823 3823 3784 3726 3750 3753 3722 3725 3725 3737 3688 3654 3633 3656 3669 3683 3668 3652 3634 3543 3611 3557 3625 3594 3594 3592 3578 3560 3543 3557 3526 3489 3457 3427 3427 3426 3406 3423 3421 3407 3387 3385 3378 3353 3360 3318 3353 3323 3323 3319 3229 3225 3285 3212 3201 3201 3219 3223 3198 3181 3199 3165 3122 3150 3132 3102 3091 3094 3063 3056 3056 3031 3033 3030 2995 2982 2947 2891 2926 2908 2905 2892 2871 2828 2797 2802 2767 2774 2809 2822 2791 2759 2788 2787 2774
3813 3822 3819 3757 3713 3707 3715 3712 3712 3712 3740 3724 3688 3702 3702 3683 3669 3652 3652 3649 3621 3625 3625 3567 3591 3591 3592 3560 3509 3489 3510 3523 3523 3509 3426 3426 3454 3406 3423 3423 3385 3385 3391 3391 3388 3391 3360 3357 3354 3340 3319 3305 3261 3231 3231 3232 3235 3232 3232 3198 3199 3202 3163 3163 3163 3101 3101 3094 3094 3065 3034 3034 3033 3033 3001 2998 2960 2963 2891 2939 2905 2870 2892 2870 2783 2796 2767 2774 2822 2822 2808 2774 2786 2790 2787 2753
3853 3822 3822 3805 3757 3777 3739 3757 3774 3743 3771 3740 3668 3683 3689 3686 3655 3648 3659 3649 3645 3625 3625 3626 3594 3591 3595 3560 3544 3544 3513 3510 3476 3523 3454 3415 3454 3420 3421 3424 3392 3391 3392 3361 3391 3391 3357 3357 3354 3309 3291 3288 3257 3266 3226 3235 3235 3233 3236 3233 3220 3202 3170 3171 3156 3101 3087 3125 3065 3050 3063 3064 3051 3030 3029 2995 2981 2963 2939 2878 2856 2862 2890 2877 2815 2836 2836 2856 2843 2808 2761 2786 2790 2755 2752 2752
3839 3806 3797 3819 3808 3805 3805 3774 3774 3771 3751 3682 3717 3717 3686 3693 3662 3648 3666 3659 3660 3660 3629 3629 3626 3591 3595 3509 3508 3530 3522 3510 3479 3492 3492 3425 3415 3440 3423 3455 3441 3425 3422 3373 3374 3388 3343 3354 3356 3320 3323 3302 3254 3289 3286 3225 3267 3236 3236 3237 3233 3206 3202 3170 3140 3108 3125 3112 3016 3052 3063 3064 3031 3029 3018 2994 2994 2960 2912 2926 2924 2924 2893 2890 2839 2824 2859 2856 2802 2802 2795 2821 2808 2728 2739 2728
3792 3797 3805 3808 3819 3785 3792 3785 3771 3751 3758 3717 3703 3714 3693 3697 3694 3666 3694 3663 3663 3646 3628 3629 3626 3612 3595 3544 3509 3522 3526 3526 3496 3488 3488 3419 3454 3440 3454 3455 3456 3422 3408 3422 3393 3388 3377 3356 3356 3354 3336 3323 3302 3289 3289 3267 3203 3204 3237 3224 3206 3206 3203 3190 3140 3108 3128 3125 3097 3066 3067 3067 3029 3031 3016 2994 2994 2925 2925 2927 2927 2911 2838 2838 2890 2859 2856 2842 2790 2821 2824 2821 2751 2728 2701 2679
3788 3757 3826 3839 3808 3788 3785 3762 3754 3736 3728 3697 3697 3763 3728 3697 3697 3694 3680 3663 3660 3632 3629 3602 3602 3592 3592 3564 3557 3522 3557 3526 3523 3523 3523 3492 3430 3475 3458 3458 3456 3434 3374 3393 3393 3390 3390 3354 3354 3343 3336 3320 3320 3302 3289 3286 3239 3239 3239 3215 3197 3203 3203 3169 3156 3146 3159 3078 3077 3066 3067 3035 3028 3028 3015 2997 2981 2947 2945 2958 2895 2876 2838 2842 2855 2858 2859 2855 2820 2824 2824 2758 2756 2721 2692 2701
3836 3839 3839 3761 3767 3770 3762 3771 3736 3763 3728 3714 3763 3749 3700 3680 3660 3660 3673 3660 3660 3629 3629 3612 3595 3592 3591 3560 3564 3557 3544 3524 3496 3496 3509 3493 3511 3489 3458 3466 3466 3442 3411 3376 3381 3389 3392 3335 3310 3340 3339 3308 3306 3288 3286 3290 3255 3252 3228 3228 3196 3197 3197 3179 3169 3159 3151 3077 3043 3046 3085 3064 3065 3031 3028 2997 2963 2931 2961 2958 2878 2889 2878 2858 2889 2889 2855 2820 2855 2823 2792 2757 2726 2701 2692 2706
