R/veg_5800/arrival.asc
NCOLS 638
NROWS 825
XLLCORNER -2985163.8955
YLLCORNER -3022031.214
CELLSIZE 10000
NODATA_value -1
[rows 329 to 375 of 825, columns 288 to 383 of 638]
3699 3700 3696 3664 3680 3697 3680 3699 3681 3778 3778 3769 3756 3738 3745 3734 3734 3710 3638 3631 1869 3617 3653 3635 3632 3632 3631 3621 3621 3646 3600 3653 3667 3645 3655 3681 3667 3679 3680 3683 3683 3658 3658 3654 3640 3640 3626 3591 3604 3642 3621 3619 3591 3558 1900 3558 3565 3559 3546 3514 3533 3546 3549 3527 3520 3511 3555 3400 3380 3521 3521 3400 3387 3369 3369 3350 3338 3346 3349 3369 3365 3368 3380 3366 3346 3346 3332 3311 3276 3350 3351 3372 3400 3424 3392 3389
3700 3687 3664 3651 3680 3697 3697 3680 3685 3700 3676 3700 3683 3700 3686 3679 3700 3700 3700 3618 3631 1900 1900 3604 3600 3619 3632 3621 3618 3646 3646 3600 3636 3633 3645 3646 3681 3666 3679 3680 3655 3658 3620 3655 3640 3637 3605 3604 3608 3621 3584 3606 3619 1900 1900 1900 1900 3525 3527 3525 3525 3400 3400 3400 3400 3520 3542 3555 3521 3508 3365 3365 3365 3369 3369 3338 3347 3347 3337 3346 3345 3338 3345 3346 3346 3346 3312 3312 3305 3318 3338 3351 3393 3400 3392 3385
3669 3664 3665 3651 3646 3666 3680 3685 3685 3699 3651 3700 3683 3686 3679 3651 3665 3700 3687 3618 3618 3618 3604 3604 1900 3600 3604 3618 3600 3600 3600 3579 3636 3636 3632 3650 3646 3650 3680 3667 3655 3642 3623 3623 3637 3620 3607 3590 3573 3584 3621 3571 3588 3550 3527 3527 3300 3400 3512 3386 3400 3400 3512 3381 3400 3507 3520 3386 3400 3355 3352 3337 3334 3334 3306 3337 3338 3337 3332 3345 3346 3331 3332 3345 3346 3315 3315 3315 3289 3319 3365 3393 3386 3387 3400 3369
3669 3666 3661 3646 3665 3666 3680 3680 3686 3699 3687 3700 3686 3672 3648 3648 3619 1869 3669 1869 3604 1880 1876 1880 3600 3600 3590 3600 3618 3600 3571 3615 3612 3633 3615 3615 3647 3633 3649 3646 3627 3624 3621 3637 3623 3588 3620 3590 3590 3544 3555 3588 3553 3588 3585 3585 3400 3300 3274 3355 3368 3400 3512 3400 3400 3400 3400 3387 3369 3400 3338 3330 3337 3331 3261 3294 3305 3307 3324 3307 3315 3314 3314 3314 3314 3315 3331 3331 3331 3365 3362 3352 3354 3361 3368 3369
3638 3666 3661 3648 3645 3649 3649 3666 3680 3668 3665 3669 3655 3655 3648 3648 1299 1300 3666 3653 3635 3635 3604 1852 3600 3600 3600 3587 3586 3573 3572 3615 3615 3619 3633 3621 3647 3633 3646 3615 3627 3624 3624 3606 3578 3588 3589 3556 3587 3555 3555 3553 3557 3572 3554 3551 3399 3369 1900 3300 3346 3366 3400 3400 3387 3381 3369 3400 3381 3369 3337 3318 3331 3303 3286 3276 3276 3306 3317 3312 3315 3315 3314 3284 3284 3312 3318 3312 3334 3334 3333 3330 3337 3337 3338 3338
3666 3638 3653 3631 3645 3632 3646 3649 3668 3668 3669 3669 3666 3655 3650 3617 3616 1300 1300 3666 3632 1846 1865 1899 3600 3600 3587 3587 3586 3571 3572 3584 3612 3602 3608 3616 3621 3646 3612 1900 1900 3600 3621 3603 3578 3586 3589 3589 3587 3574 3550 3537 3551 3550 3538 3400 3348 3300 1882 3272 3338 3346 3400 3380 3338 3369 3366 3369 3381 3369 3366 3336 3296 3331 3262 3276 3303 3306 3306 3317 3311 3312 3312 3306 3312 3298 3312 3261 3278 3296 3302 3330 3317 3337 3334 3331
3635 3630 3630 3627 3614 3646 3649 3649 3646 3665 3638 3666 3652 3650 3637 3616 1280 1280 1280 1300 1849 3632 1865 1899 1900 3600 3569 3573 3586 3577 3584 3612 3598 3589 3587 3613 3590 3590 3585 3569 3600 3621 3608 3589 3603 3572 3586 3558 3556 3539 3552 3550 3550 3537 3400 3380 3380 3348 1900 3272 3307 3332 3380 3353 3366 3365 3338 3347 3366 3350 3347 3306 3300 3300 3297 3260 3273 3275 3303 3311 3298 3297 3306 3293 3278 3295 3295 3281 3296 3283 3272 3330 3334 3306 3331 3332
3635 3632 1300 3627 3615 3615 3618 3646 3606 3652 3665 3666 3653 3652 3621 1200 3603 1280 1286 1300 1852 3619 3632 1900 1887 1900 3569 3586 3577 3563 3581 3581 3589 3587 3599 3613 1900 2000 3399 3563 3568 3587 3590 3569 3572 3586 3573 3556 3556 3553 3521 3520 3519 3519 3400 3380 3380 3380 3295 3307 3331 3331 3380 3366 3366 3365 3352 3307 3353 3366 3347 3333 3301 3297 3284 3262 3273 3290 3277 3303 3280 3272 3244 3237 3278 3281 3281 3283 3296 3296 3296 3300 3320 3334 3332 3319
3632 3604 3604 3614 3627 3618 3632 3618 3646 3634 3635 3635 3631 3648 3618 1300 1280 1287 1869 1865 3601 1865 3600 1899 1900 3538 3552 3555 3564 3578 3578 3570 3558 3556 3582 3582 1899 1945 3552 3539 3574 3587 3532 3568 3534 3545 3558 3555 3555 3525 3521 3521 3519 3516 3519 3380 3381 3349 3300 3295 3276 3315 3349 3349 3334 3335 3337 3305 3331 3335 3332 3316 3316 3285 3297 3262 3249 3239 3272 3240 3277 3263 3272 3278 3264 3261 3262 3278 3296 3305 3305 3300 3303 3301 3300 3298
3619 3632 3604 1300 1300 3612 3615 3612 3634 3635 3634 3632 3618 3648 3634 1300 1300 1300 1300 3601 3601 1868 3600 1900 1900 3517 3555 3568 3578 3547 3570 3557 3550 3544 3579 3544 1893 1963 3400 3552 3587 3511 3555 3574 3568 3541 3552 3558 3555 3517 3505 3504 3400 3516 3400 3400 3381 3330 3295 3261 3268 3300 3312 3346 3335 3335 3337 3324 3335 3335 3313 3300 3272 3251 3263 3266 3239 3272 3272 3221 3234 3277 3259 3272 3261 3262 3264 3278 3271 3292 3300 3255 3286 3298 3285 3250
1300 3601 1300 1300 3612 3615 3615 3618 3631 3632 3604 3604 3614 3618 1300 1280 1300 1300 1900 1899 1869 1869 3600 1900 1900 3524 3552 3568 3555 3544 3539 3550 3550 3565 3579 3554 1893 1980 3399 3521 3556 3513 3561 3574 3528 3537 3541 3552 3539 3524 3517 3505 3503 3516 3400 3400 3347 3330 3273 3261 3256 3298 3318 3346 3297 3318 3332 3319 3332 3297 3297 3284 3313 3263 3251 3238 3239 3226 3234 3205 3234 3246 3246 3244 3244 3247 3247 3271 3271 3269 3266 3234 3234 3268 3298 3263
1300 3601 3601 1300 1300 1300 3612 3631 1300 3619 3632 1300 1300 3614 1281 1299 1300 1300 1900 1900 1899 1887 1899 3569 3518 3518 3539 3552 3544 3539 3536 3539 3538 3548 3554 3541 1893 2000 3518 3556 3556 3553 3540 3400 3506 3534 3521 3510 3552 3521 3517 3400 3400 3386 3347 3299 3330 3300 3287 3261 3256 3318 3346 3332 3305 3318 3332 3332 3319 3300 3297 3255 3299 3313 3263 3251 3238 3205 3169 3192 3200 3229 3243 3210 3213 3230 3247 3244 3240 3258 3252 3266 3267 3264 3251 3263
1176 1200 1300 1300 1300 1300 3612 1300 1286 1300 3601 1300 1300 1300 3614 1269 1269 1300 1300 1886 1899 1900 3568 3569 3569 3518 3537 3544 3530 3507 3536 3525 3538 3545 3523 1900 1900 1980 3400 3400 3525 3553 3540 3505 3400 3502 3534 3400 3400 3400 3399 3386 3365 3347 3333 3299 3298 3285 3287 3276 3276 3297 3311 3287 3315 3315 3301 3301 3298 3266 3279 3279 3282 3282 3244 3231 3211 3207 2100 3171 3200 3187 3243 3200 3213 3244 3234 3234 3202 3176 3266 3267 3267 3264 3264 3230
1176 1176 1180 1200 1300 1300 1299 1287 1300 3601 1300 3601 1269 1269 1281 1269 1286 1300 1300 1866 1900 3517 3600 3600 3569 3537 3550 3529 3513 3523 3536 3507 3531 3545 3520 1881 1946 1980 2000 3525 3540 3527 3553 3540 3400 3503 3505 3518 3400 3400 3400 3369 3365 3315 3316 3313 3280 3268 3257 3262 3278 3312 3312 3312 3284 3315 3298 3270 3270 3269 3269 3250 3279 3245 3230 3220 3210 3211 2100 3200 3171 3209 3182 3213 3230 3244 3221 3191 3195 3176 3216 3229 3235 3233 3235 3217
1187 800 1180 1180 1176 1200 1300 1269 1269 1286 1300 1300 1269 1269 1281 1267 1269 1300 1287 1300 1869 3528 3598 3600 3598 3563 3563 3551 3529 3505 3511 3511 3514 3520 3507 1886 1949 1968 3400 3400 3522 3519 3509 3518 3503 3503 3518 3400 3400 3369 3369 3365 3356 3352 3316 3316 3281 3280 3257 3278 3281 3298 3277 3263 3246 3277 3298 3285 3271 3284 3284 3231 3248 3244 3244 3210 3200 3200 2100 2100 2100 2080 3179 3195 3203 3209 3213 3204 3204 3198 3198 3197 3200 3218 3232 3230
800 800 780 773 900 1200 1200 1200 1269 1300 1287 1200 1300 1269 1253 1269 1269 1280 1300 1300 1865 1900 3515 3569 3598 3585 3564 3533 3529 3516 3505 3504 1900 1900 1886 1886 1949 1968 2000 3400 3522 3522 3509 3509 3400 3400 3400 3400 3380 3380 3349 3338 3334 3330 3285 3313 3299 3281 3278 3264 3280 3280 3218 3220 3246 3243 3264 3267 3251 3233 3253 3213 3245 3245 3207 3200 2100 2100 3201 3201 2100 3151 3151 3151 3179 3210 3213 3213 3210 3210 3198 3172 3168 3198 3232 3230
787 780 776 800 900 1187 1200 1176 1180 1200 1200 1200 1266 1269 1269 1266 1280 1269 1300 1300 1887 1900 1853 1900 3538 3567 3564 3530 3502 1900 3504 1900 1900 1838 1867 1900 1946 1969 2000 2000 3519 3400 3506 3400 3400 3400 3400 3400 3387 3380 3366 3349 3334 3331 3267 3313 3279 3247 3250 3247 3277 3249 3218 3207 3243 3219 3233 3264 3264 3250 3216 2100 2100 3207 2100 2080 2080 2100 3188 2100 3151 3131 3138 3166 3169 3179 3182 3175 3182 3196 3195 3167 3161 3184 3198 3170
780 766 753 800 866 897 900 899 900 1200 1200 1200 1180 1200 1200 1266 1269 1300 1300 1300 1300 1869 1869 1899 3507 3530 3530 1900 1900 1900 1900 1881 1866 1838 1880 1887 1876 1969 1969 1999 3506 3519 3506 3400 3400 3369 3369 3369 3369 3366 3349 3331 3303 3303 3296 3261 3219 3219 3247 3263 3277 3249 3249 3229 3243 3208 3202 3230 3237 3250 2100 2099 2064 2080 2080 2038 2065 2080 3126 3170 3132 3133 3144 3150 3148 3148 3151 3161 3175 3175 3182 3195 3167 3138 3138 3149
766 749 800 772 787 866 886 900 899 900 890 900 1180 1180 1176 1176 1200 1200 1200 1300 1300 1869 1886 3507 1866 1900 3517 1869 1880 1900 1900 1880 1856 1856 1887 1887 1876 1968 1986 1999 3369 3400 3400 3400 3380 3369 3368 3368 3366 3353 3346 3318 3331 3303 3283 3296 3279 3234 3247 3242 3244 3246 3243 3212 3212 2100 3202 3203 3230 3230 2100 2086 2068 2080 2080 2066 2049 2065 2080 3167 3170 3167 3167 3144 3120 3120 3112 3112 3144 3164 3164 3167 3167 3164 3138 3168
749 749 772 769 773 800 800 800 900 900 900 900 900 900 900 1199 1200 1200 1200 1200 1200 1200 1880 1900 1865 1900 1852 1880 1866 1869 1865 1846 1856 1845 1832 1880 1873 1900 1968 2000 2000 3399 3400 3400 3400 3369 3355 3368 3335 3332 3297 3346 3300 3272 3265 3279 3216 2100 3216 3230 3244 3246 3209 3207 2080 2055 2086 3216 3216 2100 3217 2087 2068 2068 2065 2049 2031 2037 2038 2069 2086 3154 3119 3113 3133 3120 2100 3130 3133 3129 3161 3150 3129 3132 3132 3168
746 741 766 769 800 775 776 800 799 783 800 900 900 900 900 900 1000 1000 1000 1200 1200 1200 1900 1900 1865 1900 1887 1849 1848 1838 1837 1831 1845 1825 1866 1880 1842 1875 1956 1969 1980 3399 3399 3368 3380 3366 3337 3346 3335 3335 3300 3315 3297 3269 3265 3265 3245 3213 2100 3216 3229 3243 3215 3207 2066 2034 2030 2100 2065 2030 2066 2069 2066 2066 2052 2065 2049 2037 2006 2069 2080 3132 2200 3101 3120 3133 3130 2086 3133 3129 3161 3148 2069 2067 3101 2079
732 738 769 800 787 776 799 776 782 783 783 800 899 876 876 876 880 900 900 900 1000 1000 1000 1869 1880 1869 1866 1849 1849 1838 1838 1845 1819 1805 1814 1849 1845 1865 1900 1969 1980 3386 3365 3368 3368 3380 3349 3337 3332 3306 3312 3315 3315 3297 3262 3217 3245 3211 2100 3213 3209 3243 2099 2080 2055 2046 1994 2031 2034 2065 2031 2038 2053 2035 2032 2046 2046 2037 2024 2011 2066 3132 2080 3101 2100 3116 3130 2100 3127 3130 3127 2100 2065 2069 3126 3126
738 766 769 766 766 775 769 745 752 745 782 782 800 876 876 876 876 880 899 899 900 900 880 900 1880 1869 1869 1846 1837 1824 1814 1819 1811 1806 1849 1849 1856 1856 1876 1966 1946 1980 3337 3355 3365 3368 3349 3332 3319 3306 3294 3312 3284 3284 3262 3231 3245 2100 3214 3213 2100 2080 2066 2068 2046 2046 2031 2034 2065 2052 2031 2000 2038 2032 2032 2031 2032 2015 2015 1997 2046 2011 2066 2080 3101 2086 2100 2100 2100 3127 2100 2080 2065 2038 3126 3113
766 753 738 744 775 769 762 764 747 769 745 783 783 799 783 800 880 899 900 899 900 886 880 899 887 1866 1865 1852 1846 1837 1811 900 900 1818 1818 1846 1843 1880 1900 1900 1948 1949 3330 3317 3352 3365 3346 3311 3301 3297 3275 3312 3298 3284 3231 3230 2100 3214 3214 2100 3209 3209 2080 2068 2012 2031 2018 1996 1996 2003 1968 1968 2019 1983 1969 2018 2031 2012 2015 2012 2046 2011 2011 2046 2069 2100 2066 2032 2100 3114 2100 2100 2066 2037 2045 2018
707 738 711 744 738 741 743 752 748 751 737 762 782 783 800 786 800 776 780 900 900 880 869 887 900 900 1866 1865 1815 1814 1811 1802 1811 1818 1818 1846 1832 1886 1886 1900 1949 1949 3307 3307 3334 3346 3334 3332 3301 3301 3275 3281 3278 3277 3243 3231 3228 3215 2100 2080 2080 2080 2065 2017 2012 1998 1997 1996 2007 2007 1955 1968 1969 1983 1989 2000 2012 1998 1980 1998 2032 2046 2046 2056 2065 2066 2066 2032 2019 2038 2066 2080 2080 2045 2024 2013
718 731 711 741 713 743 739 752 751 751 751 752 776 762 766 780 787 800 800 800 869 899 869 900 900 900 900 1835 1831 1815 1802 1811 1811 1815 1815 1831 1855 1886 1887 1900 1900 1946 2000 3303 3315 3331 3318 3318 3311 3298 3264 3281 3281 3277 3263 3243 3228 2100 2100 2068 2038 2046 2018 1983 1983 1997 1997 1984 1965 1934 1994 1969 1956 1952 1956 1997 2000 1984 1977 1978 1980 2046 2032 1972 2006 2035 2053 2010 2011 2011 2037 2066 2046 2031 2045 2011
731 683 741 713 728 713 721 720 721 748 747 752 763 776 780 787 786 787 800 780 800 780 869 900 900 900 900 1831 1812 1812 1815 1815 1846 1846 1845 1845 1866 1880 1887 1900 1886 2000 2000 3296 3283 3276 3331 3318 3305 3298 3285 3267 3278 3246 3244 3231 3212 2100 2081 2066 2046 2049 1986 1983 1969 1902 1956 1976 1976 1973 1934 1938 1952 1952 1969 1969 1997 1962 1963 1977 1972 2012 2015 2006 2030 2044 2044 2044 2011 2037 2024 2046 2032 2015 2031 2014
697 696 710 682 690 706 705 718 735 707 748 721 745 749 756 769 769 766 780 776 776 780 800 800 800 900 900 1831 1818 800 1815 1812 1832 1812 1849 1849 1880 1866 1900 1887 1900 1987 1980 2000 3296 3297 3300 3300 3287 3255 3267 3267 3278 3264 3213 3210 2100 2081 2081 2047 2049 2049 1988 1954 1963 1928 1938 1956 1976 1934 1973 1938 1938 1948 1913 1966 1997 1962 1944 1977 1950 1972 2012 1998 2010 2031 2045 2047 2014 2013 2028 2028 2046 2045 2031 2031
679 710 710 707 690 693 706 712 718 717 721 745 745 744 755 738 731 769 749 765 780 776 776 776 800 776 776 776 776 800 800 800 1812 1811 1849 1846 1866 1853 1869 1884 1887 1980 2000 2000 3265 3268 3269 3297 3269 3256 3236 3244 3264 3247 3213 2100 2100 2055 2012 2011 2032 2046 1988 1975 1950 1963 1956 1942 1895 1922 1960 1973 1948 1934 1931 1963 1949 1944 1943 1978 1959 1943 2012 1978 1996 2010 2045 2064 2078 2030 2044 2031 2031 2045 2032 2034
625 676 694 707 707 676 681 687 717 717 720 742 744 755 742 766 718 717 745 749 748 776 763 776 800 776 776 769 799 800 787 800 1811 1811 1832 1866 1866 1869 1866 1900 1900 1887 2000 2000 3265 3265 3269 3297 3284 3269 3238 3244 3264 3251 3210 3210 2081 2047 2012 2011 1997 2046 1984 1931 1912 1932 1932 1929 1925 1935 1939 1942 1942 1928 1950 1963 1944 1929 1943 1964 1978 1943 1944 2010 2010 2010 2048 2054 2078 2044 2010 2028 2065 2069 2045 2001
645 645 624 658 673 660 676 679 679 714 720 742 729 724 766 753 717 713 736 736 745 745 755 800 745 745 769 764 769 769 756 769 1819 1832 1805 1818 1853 1838 1900 1887 1887 1900 1980 2000 3238 3238 3266 3266 3262 3249 3238 3233 3244 3216 3216 2081 2080 2047 2033 1980 1953 2015 2012 1941 1929 1932 1916 1929 1925 1925 1904 1926 1939 1939 1963 1915 1913 1943 1909 1912 1943 1941 1962 1996 1976 1979 2048 2078 2085 2079 2010 2015 2062 2069 2063 2050
620 645 642 637 643 673 673 679 680 701 714 711 724 735 735 717 713 704 723 701 714 737 768 745 769 745 744 738 769 766 769 738 769 1832 1818 1812 1825 1837 1866 1869 1887 1900 2000 2000 2000 3238 3215 3266 3263 3250 3235 3233 3233 3213 3202 2099 2080 2019 2016 1977 1928 1963 2012 1954 1920 1895 1895 1922 1873 1904 1904 1904 1908 1932 1932 1932 1929 1914 1912 1909 1941 1927 1945 1976 1974 1982 1995 2044 2085 2079 2065 2015 2008 2062 2100 2100
642 620 -1 609 630 639 629 629 658 683 708 711 721 709 735 732 686 714 705 714 737 737 738 769 765 745 745 766 766 738 738 765 800 780 1801 1825 1837 1838 1869 1869 1900 1900 2000 1969 1956 3207 3228 3235 3231 3263 3235 3230 3230 3212 3202 2100 2086 2080 2007 1977 1963 1998 2012 1929 1863 1920 1908 1922 1886 1887 1891 1904 1901 1882 1895 1898 1929 1914 1917 1912 1928 1909 1942 1976 1974 1982 2030 2044 2113 2116 2078 2064 2049 2073 2100 2100
602 -1 606 604 605 639 650 637 655 680 683 708 721 708 709 732 713 705 705 702 706 734 738 745 734 745 732 735 735 753 737 765 769 800 1801 1806 1832 1853 1866 1869 1869 1899 1969 1969 1969 3207 3228 3235 3235 3232 3229 3203 3217 3212 2100 2080 2047 2033 2007 1994 1943 1981 1943 1909 1908 1920 1907 1891 1888 1887 1891 1888 1901 1895 1881 1883 1916 1909 1914 1917 1942 1942 1934 1951 1968 1974 2016 2050 2079 2147 2078 2053 2049 2062 2166 2100
602 606 606 603 626 639 650 655 632 680 708 695 687 690 732 719 700 702 700 703 734 721 731 745 731 714 714 735 735 738 738 769 787 800 1819 1835 1835 1866 1853 1866 1880 1900 1945 1969 1965 1938 3228 3228 3229 3201 2100 2100 2100 2100 2100 2100 2049 2016 2013 1976 1981 1981 1978 1943 1894 1908 1891 1891 1851 1856 1856 1867 1870 1881 1868 1900 1900 1909 1917 1921 1948 1948 1951 1948 1973 2002 2016 2036 2050 2133 2147 2078 2042 2135 2132 2166
-1 603 -1 -1 608 619 623 632 667 673 680 687 677 674 663 701 702 700 703 703 699 693 714 718 731 732 732 737 737 753 738 766 800 800 1832 1835 1835 1835 1866 1880 1866 1900 1880 1938 1945 1969 3215 3229 3216 3201 3201 2100 2100 2080 2069 2038 2037 2024 2016 1984 1976 1978 1964 1913 1909 1888 1888 1860 1851 1853 1833 1854 1867 1872 1868 1887 1887 1903 1903 1934 1934 1934 1939 1942 1939 1973 2029 2043 2098 2099 2150 2084 2084 2132 2153 2166
-1 -1 603 -1 -1 605 607 632 646 649 674 687 677 698 673 671 680 672 687 672 693 699 699 700 701 719 706 724 704 707 766 769 787 800 1832 1832 1835 1834 1849 1849 1880 1900 1900 1945 1931 1966 1931 1987 2100 2100 2100 2100 2100 2080 2068 2037 2013 1985 1985 1975 1973 1978 1944 1914 1909 1895 1874 1846 1833 1833 1853 1867 1869 1872 1872 1869 1900 1900 1903 1938 1935 1939 1941 1935 1960 1952 2009 2043 2112 2112 2147 2150 2132 2132 2186 2166
-1 -1 -1 -1 605 607 618 633 646 618 661 674 685 698 673 680 670 667 653 669 700 700 700 700 698 706 706 735 735 766 766 769 800 800 1832 1819 1837 1838 1865 1869 1900 1883 1882 1914 1953 1966 1976 2000 2099 2086 2087 2100 2069 2068 2055 2013 2006 1976 1976 1962 1975 1973 1941 1921 1921 1887 1887 1837 1837 1839 1853 1869 1844 1856 1903 1890 1903 1906 1907 1935 1938 1941 1969 1990 1952 1946 1992 2009 2043 2014 2077 2181 2168 2181 2200 2322
-1 -1 -1 -1 -1 -1 -1 601 615 629 642 664 674 667 663 670 657 666 669 666 687 697 697 698 697 697 719 735 738 738 769 769 800 1801 1801 1807 1838 1838 1869 1868 1883 1883 1882 1931 1965 1965 2000 2000 2100 2099 2066 2069 2068 2066 2037 1982 1979 1978 1963 1956 1947 1944 1921 1879 1907 1887 1873 1855 1839 1827 1838 1844 1862 1841 1878 1903 1906 1906 1937 1935 1969 1918 1972 2003 2003 2003 2024 2005 2037 2063 2077 2112 2181 2200 2200 2329
-1 -1 -1 -1 -1 -1 601 601 615 642 632 643 667 667 663 639 666 663 663 666 666 684 667 698 698 698 719 732 738 753 766 800 787 1801 1801 1817 1838 1848 1868 1861 1872 1882 1900 1934 1952 1966 1987 1998 2100 2099 2068 2068 2066 2055 1986 1979 1979 1978 1943 1947 1956 1944 1930 1879 1876 1856 1853 1853 1834 1834 1840 1841 1875 1875 1878 1878 1861 1896 1924 1937 1956 1969 1948 1970 2002 2006 2037 2037 2071 2077 2072 2134 2155 2166 2314 2322
-1 -1 -1 -1 -1 -1 -1 -1 611 612 616 629 629 636 650 639 636 650 641 666 666 666 697 685 700 701 732 732 753 766 766 769 780 800 1820 1833 1848 1837 1864 1861 1883 1872 1886 1934 1953 1966 1976 1998 1976 2100 2033 2053 2034 1999 1999 1965 1931 1909 1895 1944 1947 1925 1913 1876 1846 1858 1847 1853 1849 1834 1865 1864 1862 1840 1875 1868 1874 1943 1930 1935 1962 1996 1980 1971 1989 2002 2058 2071 2072 2072 2134 2134 2200 2200 2345 2332
-1 -1 -1 -1 -1 -1 -1 -1 -1 612 629 605 602 623 636 636 631 641 635 635 664 664 684 697 697 731 732 735 766 766 769 769 800 800 1826 1833 1837 1833 1865 1864 1896 1896 1896 1951 1964 1967 1998 1985 1975 2052 2065 2035 2034 2021 1910 1952 1914 1878 1875 1930 1944 1909 1876 1875 1862 1864 1858 1878 1862 1862 1865 1918 1896 1883 1868 1894 1909 1950 1970 1950 1975 2009 2009 2009 2002 1989 2002 2103 2137 2137 2138 2187 2200 2345 2380 2380
-1 -1 -1 -1 -1 -1 -1 -1 -1 -1 -1 602 -1 -1 604 605 618 631 633 633 651 636 639 698 698 718 731 735 765 765 780 780 800 800 800 1826 1848 1835 1865 1865 1900 1900 1900 1964 1967 1967 1985 1998 1993 2034 2035 2035 2032 1917 1911 1910 1914 1875 1875 1944 1843 1842 1845 1844 1827 1845 1878 1898 1878 1915 1894 1918 1918 1896 1919 1919 1925 1980 2018 2005 2001 2049 2008 2012 2043 2037 2030 2058 2124 2166 2166 2169 2169 2331 2366 2383
-1 -1 -1 -1 -1 -1 -1 -1 -1 -1 -1 -1 -1 -1 -1 -1 -1 -1 602 -1 -1 628 615 631 685 669 669 731 752 748 768 799 800 800 800 1813 1849 1848 1866 1880 1900 1880 1900 1964 1967 1967 1998 1972 1998 2032 2032 2007 2000 1987 1877 1876 1851 1875 1876 1913 1830 1843 1842 1841 1807 1818 1892 1912 1912 1915 1915 1946 1946 1903 1949 1966 1980 1925 1987 2018 2034 2049 2008 2009 2041 2075 2103 2103 2090 2135 2153 2169 2169 2187 2346 2349
-1 -1 -1 -1 -1 -1 -1 -1 -1 -1 -1 -1 -1 -1 -1 -1 -1 -1 -1 -1 -1 -1 628 627 649 662 683 731 731 734 730 786 799 799 800 1817 1849 1849 1880 1865 1869 1888 1900 1964 1967 1966 1972 1973 1973 2019 2007 1969 1994 1880 1804 1817 1876 1844 1896 1910 1840 1842 1841 1828 780 1879 1892 1895 1923 1912 1926 1932 1925 1928 1949 1980 1944 1962 1975 2015 2049 2080 2056 2044 2043 2072 2106 2106 2119 2132 2138 2182 2200 2200 2349 2365
-1 -1 -1 -1 -1 -1 -1 -1 -1 -1 -1 -1 -1 -1 -1 -1 -1 -1 -1 -1 -1 -1 -1 614 627 661 662 731 718 765 730 730 737 737 787 1817 1846 1846 1845 1869 1873 1900 1874 1964 1966 1953 1950 1963 1960 1976 1976 1965 1952 1877 1817 1817 1845 1862 1910 1809 1826 1840 1811 1807 1817 800 1832 1913 1926 1923 1926 1926 1922 1974 1977 1965 1959 1975 1995 1995 2018 2114 2111 2122 2075 2074 2093 2135 2132 2154 2151 2168 2344 2378 2369 2398
-1 -1 -1 -1 -1 -1 -1 -1 -1 -1 -1 -1 -1 -1 -1 -1 -1 -1 -1 -1 -1 -1 -1 -1 -1 648 661 668 700 752 765 786 799 768 765 1829 1832 1846 1866 1866 1884 1873 1871 1935 1935 1932 1963 1931 1938 1945 1931 1918 1877 1863 1820 1845 1845 1876 1842 1841 1827 1808 1812 1812 1820 800 1849 1914 1926 1926 1947 1923 1957 1978 2008 1991 1965 1965 1996 2014 2027 2111 2145 2135 2135 2075 2120 2135 2166 2168 2168 2157 2344 2344 2378 2400
