R/veg_5800/arrival.asc
NCOLS 638
NROWS 825
XLLCORNER -2985163.8955
YLLCORNER -3022031.214
CELLSIZE 10000
NODATA_value -1
[rows 141 to 187 of 825, columns 288 to 383 of 638]
3462 3498 3470 3497 3511 3512 3515 3462 3463 3477 3478 3468 3480 3519 3547 3547 3546 3511 3462 3476 3437 3497 3472 3472 3469 3472 3456 3454 3448 3451 3469 3437 3391 3391 3381 3370 3412 3415 3415 3384 3384 3382 3350 3393 3321 3321 3356 3362 3348 3366 3382 3362 3327 3327 3313 3293 3327 3327 3328 3262 3268 3306 3306 3280 3278 3267 3250 3258 3242 3271 3244 3206 3206 3204 3204 3176 3181 3168 3150 3150 3146 3136 3112 3146 3132 3116 3116 3116 3078 3078 3056 3045 2942 2976 2961 2946
3501 3501 3498 3496 3518 3518 3546 3532 3493 3512 3512 3498 3511 3550 3550 3549 3549 3549 3513 3497 3424 3434 3490 3463 3472 3477 3456 3454 3453 3453 3482 3482 3450 3419 3401 3401 3398 3415 3378 3400 3424 3413 3379 3393 3355 3356 3377 3365 3332 3397 3396 3396 3331 3330 3296 3327 3334 3334 3328 3314 3293 3297 3309 3306 3280 3250 3260 3292 3271 3244 3244 3212 3207 3207 3207 3194 3181 3147 3157 3170 3146 3136 3123 3146 3111 3112 3133 3113 3078 3087 3079 3048 2976 2962 2961 2991
3500 3532 3518 3482 3496 3518 3511 3546 3515 3515 3520 3507 3511 3550 3547 3580 3566 3513 3546 3532 3531 3503 3503 3459 3477 3483 3449 3471 3460 3484 3482 3447 3447 3398 3401 3389 3392 3433 3446 3416 3413 3424 3411 3390 3355 3390 3390 3396 3362 3397 3383 3399 3348 3362 3314 3328 3334 3348 3328 3293 3264 3314 3328 3340 3327 3281 3238 3273 3305 3274 3271 3262 3207 3207 3227 3181 3202 3167 3165 3170 3149 3149 3181 3184 3147 3147 3099 3098 3065 3079 3087 3074 3011 2982 2995 2977
3497 3532 3507 3507 3496 3493 3549 3549 3512 3515 3532 3520 3567 3511 3531 3580 3530 3510 3516 3546 3531 3518 3511 3477 3470 3483 3483 3492 3484 3485 3516 3454 3447 3391 3418 3432 3392 3446 3416 3416 3412 3427 3427 3348 3376 3389 3383 3396 3417 3397 3382 3399 3396 3362 3326 3328 3330 3362 3362 3348 3268 3328 3326 3339 3340 3305 3280 3238 3308 3305 3270 3275 3275 3240 3240 3240 3209 3203 3193 3173 3156 3166 3180 3184 3184 3181 3147 3081 3052 3087 3094 3079 3014 3016 3029 2967
3517 3535 3535 3507 3525 3510 3549 3546 3536 3531 3545 3581 3581 3553 3580 3517 3510 3516 3514 3514 3534 3511 3497 3496 3469 3482 3504 3517 3492 3495 3526 3516 3503 3457 3432 3410 3453 3434 3389 3412 3399 3427 3424 3396 3389 3383 3382 3399 3431 3431 3372 3396 3430 3365 3382 3396 3362 3361 3362 3362 3342 3294 3339 3343 3343 3312 3308 3308 3305 3277 3278 3275 3278 3271 3240 3240 3216 3206 3204 3191 3156 3215 3201 3125 3146 3181 3167 3122 3094 3125 3113 3099 3045 3035 3063 3050
3531 3538 3566 3552 3536 3580 3566 3536 3525 3545 3550 3584 3584 3544 3583 3583 3545 3545 3531 3545 3531 3534 3496 3496 3483 3482 3482 3517 3505 3518 3513 3526 3519 3457 3444 3432 3453 3468 3450 3447 3377 3445 3383 3417 3398 3398 3396 3399 3434 3434 3372 3430 3416 3362 3396 3368 3361 3365 3327 3328 3373 3339 3340 3343 3343 3339 3305 3294 3270 3296 3306 3309 3271 3259 3238 3240 3215 3216 3206 3204 3187 3180 3215 3105 3118 3156 3156 3143 3125 3125 3113 3062 3097 3097 3066 3063
3546 3515 3538 3566 3536 3580 3587 3580 3522 3567 3581 3584 3586 3579 3586 3614 3579 3548 3545 3527 3551 3565 3523 3516 3503 3496 3524 3524 3504 3518 3491 3519 3519 3516 3487 3481 3446 3447 3481 3481 3458 3458 3417 3404 3395 3398 3399 3416 3464 3465 3451 3430 3366 3366 3399 3361 3347 3365 3362 3340 3373 3345 3361 3343 3373 3326 3360 3272 3330 3270 3309 3306 3293 3272 3215 3215 3202 3204 3238 3238 3218 3215 3145 3107 3136 3156 3159 3122 3135 3125 3116 3100 3097 3084 3094 3060
3547 3546 3569 3569 3566 3539 3587 3587 3565 3579 3601 3615 3581 3586 3600 3614 3579 3549 3550 3538 3551 3552 3565 3516 3496 3496 3517 3524 3517 3518 3539 3523 3537 3515 3502 3484 3484 3491 3457 3477 3480 3480 3458 3410 3423 3423 3428 3430 3450 3464 3465 3374 3369 3377 3399 3396 3371 3382 3376 3396 3376 3346 3374 3374 3350 3373 3377 3339 3343 3309 3312 3284 3309 3309 3241 3203 3196 3197 3241 3243 3241 3249 3235 3136 3138 3159 3159 3135 3121 3133 3147 3131 3069 3118 3080 3065
3567 3553 3581 3569 3556 3570 3559 3546 3618 3615 3615 3579 3579 3614 3617 3617 3565 3549 3550 3553 3554 3568 3568 3530 3517 3515 3533 3555 3517 3552 3552 3551 3551 3550 3550 3484 3467 3491 3478 3457 3511 3492 3479 3423 3423 3423 3429 3428 3467 3467 3468 3430 3387 3363 3430 3399 3378 3394 3396 3407 3377 3374 3368 3381 3375 3364 3377 3373 3334 3343 3284 3313 3309 3306 3276 3272 3228 3194 3259 3272 3256 3256 3249 3214 3166 3190 3181 3167 3121 3147 3147 3142 3131 3094 3096 3065
3548 3581 3600 3586 3552 3570 3559 3570 3618 3618 3613 3599 3599 3589 3617 3580 3578 3566 3572 3585 3554 3554 3568 3565 3546 3546 3552 3555 3511 3538 3551 3554 3585 3557 3550 3525 3480 3480 3512 3511 3498 3477 3492 3430 3423 3429 3463 3449 3467 3464 3468 3468 3430 3430 3416 3408 3430 3416 3407 3396 3377 3408 3395 3381 3375 3376 3376 3347 3347 3347 3340 3313 3271 3276 3269 3285 3286 3283 3272 3210 3252 3260 3252 3221 3190 3177 3181 3139 3150 3150 3156 3142 3142 3096 3083 3061
3549 3584 3600 3559 3570 3583 3587 3590 3649 3615 3613 3613 3648 3634 3579 3578 3580 3589 3585 3550 3547 3551 3586 3599 3551 3551 3549 3586 3558 3539 3567 3580 3572 3585 3557 3559 3546 3525 3525 3463 3466 3492 3495 3457 3417 3457 3460 3498 3484 3432 3471 3499 3485 3464 3444 3433 3430 3441 3399 3399 3377 3408 3387 3390 3390 3378 3394 3348 3344 3378 3378 3340 3313 3300 3300 3303 3304 3317 3304 3269 3230 3252 3260 3246 3225 3181 3169 3146 3142 3156 3162 3176 3165 3131 3048 3117
3566 3580 3615 3604 3614 3618 3590 3649 3635 3599 3613 3616 3620 3648 3613 3600 3589 3613 3599 3544 3564 3578 3599 3534 3552 3549 3558 3558 3586 3573 3580 3584 3588 3588 3585 3559 3531 3532 3545 3491 3466 3466 3495 3495 3457 3444 3460 3498 3449 3463 3471 3499 3470 3450 3464 3475 3462 3441 3428 3409 3421 3405 3418 3396 3409 3407 3407 3379 3341 3378 3375 3327 3340 3313 3300 3304 3317 3318 3318 3283 3283 3249 3260 3263 3263 3233 3225 3211 3191 3194 3163 3176 3165 3152 3130 3130
3556 3615 3601 3614 3604 3635 3649 3652 3649 3578 3613 3616 3616 3651 3648 3583 3583 3613 3619 3606 3578 3538 3551 3565 3567 3580 3589 3548 3561 3571 3584 3584 3583 3588 3545 3562 3562 3545 3547 3514 3513 3493 3490 3494 3494 3491 3501 3501 3435 3463 3502 3502 3467 3464 3450 3475 3447 3440 3440 3442 3455 3418 3421 3424 3409 3408 3407 3396 3347 3328 3334 3316 3316 3307 3320 3317 3291 3285 3321 3321 3283 3244 3246 3263 3233 3232 3228 3225 3194 3194 3181 3168 3137 3164 3164 3130
3615 3618 3608 3621 3621 3649 3650 3652 3652 3633 3647 3633 3668 3651 3614 3580 3599 3613 3619 3616 3578 3567 3580 3583 3583 3580 3589 3589 3561 3584 3591 3619 3583 3606 3551 3559 3562 3548 3560 3560 3526 3526 3490 3477 3494 3462 3501 3498 3466 3484 3502 3499 3464 3436 3429 3478 3475 3427 3452 3439 3455 3449 3424 3424 3421 3421 3409 3410 3409 3347 3307 3321 3337 3334 3338 3351 3325 3295 3316 3321 3283 3252 3294 3236 3236 3262 3249 3197 3194 3194 3194 3199 3186 3164 3151 3144
3618 3618 3621 3600 3652 3650 3650 3681 3683 3669 3682 3682 3682 3651 3648 3598 3613 3613 3647 3633 3617 3601 3573 3614 3586 3577 3577 3620 3587 3607 3591 3614 3619 3601 3579 3580 3593 3545 3563 3524 3525 3525 3526 3496 3525 3480 3532 3498 3465 3498 3519 3533 3428 3448 3460 3509 3496 3414 3452 3457 3449 3424 3424 3412 3430 3443 3422 3441 3428 3409 3347 3337 3334 3306 3338 3338 3351 3337 3295 3338 3329 3280 3294 3267 3236 3244 3262 3228 3185 3191 3191 3199 3202 3202 3131 3144
3633 3647 3651 3648 3669 3652 3650 3667 3681 3683 3716 3626 3620 3648 3634 3631 3613 3634 3647 3648 3630 3618 3614 3614 3575 3575 3575 3588 3620 3587 3588 3619 3614 3585 3586 3579 3593 3560 3563 3563 3524 3525 3527 3522 3525 3512 3532 3518 3499 3483 3504 3533 3483 3459 3460 3509 3508 3487 3477 3457 3456 3436 3461 3436 3443 3449 3422 3453 3441 3393 3406 3365 3372 3372 3332 3332 3354 3355 3352 3329 3352 3352 3294 3254 3244 3283 3262 3215 3216 3209 3198 3200 3187 3202 3199 3147
3623 3647 3683 3683 3648 3655 3681 3646 3681 3716 3702 3683 3626 3648 3623 3651 3631 3651 3648 3650 3649 3661 3627 3648 3596 3586 3583 3623 3618 3584 3625 3640 3653 3614 3593 3579 3566 3581 3594 3530 3530 3527 3553 3540 3528 3502 3539 3499 3497 3518 3553 3514 3500 3497 3508 3521 3521 3509 3477 3487 3474 3442 3474 3443 3449 3446 3443 3453 3439 3406 3406 3419 3396 3390 3364 3319 3332 3385 3386 3329 3363 3363 3328 3238 3296 3296 3278 3244 3209 3215 3229 3233 3204 3199 3178 3178
3621 3668 3682 3686 3686 3663 3667 3681 3719 3719 3717 3703 3651 3651 3648 3648 3651 3646 3650 3650 3649 3652 3661 3627 3617 3619 3620 3623 3618 3605 3619 3625 3653 3648 3635 3596 3556 3594 3521 3530 3527 3546 3553 3559 3533 3519 3570 3567 3532 3567 3567 3536 3514 3491 3497 3508 3543 3530 3487 3480 3477 3460 3473 3474 3477 3443 3462 3475 3444 3421 3419 3452 3452 3396 3383 3385 3351 3385 3406 3372 3369 3366 3349 3317 3314 3303 3265 3278 3209 3229 3239 3239 3233 3220 3143 3146
3621 3654 3682 3651 3686 3663 3681 3684 3719 3716 3709 3717 3682 3668 3665 3682 3668 3667 3681 3657 3660 3670 3683 3661 3614 3614 3641 3654 3621 3621 3621 3619 3656 3653 3648 3614 3627 3597 3508 3547 3541 3556 3559 3556 3533 3552 3566 3570 3532 3527 3532 3536 3535 3497 3495 3508 3543 3511 3480 3495 3508 3473 3482 3495 3477 3464 3475 3477 3464 3422 3421 3452 3474 3439 3423 3423 3423 3420 3420 3400 3386 3366 3363 3328 3340 3306 3278 3271 3260 3229 3239 3240 3233 3236 3173 3177
3648 3654 3682 3668 3703 3717 3694 3750 3736 3722 3722 3720 3682 3654 3665 3682 3631 3681 3644 3657 3682 3683 3695 3664 3635 3614 3654 3618 3621 3674 3687 3639 3656 3648 3617 3613 3627 3628 3605 3546 3526 3555 3556 3553 3536 3526 3587 3601 3558 3545 3531 3535 3535 3532 3529 3542 3546 3508 3474 3486 3508 3473 3495 3498 3477 3475 3478 3477 3454 3418 3424 3487 3490 3424 3424 3393 3423 3397 3400 3420 3389 3366 3371 3328 3358 3340 3337 3309 3308 3242 3234 3261 3248 3236 3204 3183
3648 3717 3685 3682 3717 3685 3694 3750 3682 3716 3737 3751 3717 3675 3685 3684 3684 3611 3657 3667 3686 3695 3648 3648 3654 3654 3688 3675 3652 3653 3687 3652 3656 3682 3627 3613 3613 3618 3628 3600 3575 3574 3587 3536 3536 3561 3573 3601 3558 3517 3531 3566 3546 3532 3524 3542 3577 3486 3473 3486 3508 3511 3511 3511 3473 3489 3509 3496 3447 3427 3440 3487 3490 3459 3455 3454 3362 3362 3431 3400 3397 3397 3386 3371 3309 3337 3340 3311 3311 3273 3265 3261 3230 3267 3205 3202
3702 3716 3751 3682 3702 3716 3753 3750 3682 3716 3751 3682 3666 3688 3715 3716 3702 3618 3628 3691 3698 3717 3704 3648 3647 3654 3688 3709 3690 3652 3639 3655 3655 3682 3669 3665 3618 3619 3649 3615 3589 3587 3527 3567 3533 3558 3601 3604 3604 3566 3566 3552 3546 3555 3542 3564 3577 3487 3487 3473 3511 3511 3516 3529 3495 3505 3520 3509 3458 3418 3486 3508 3521 3492 3455 3454 3440 3431 3375 3372 3385 3405 3399 3399 3387 3317 3308 3330 3342 3296 3299 3283 3239 3251 3267 3254
3681 3716 3751 3737 3660 3716 3757 3771 3754 3751 3681 3681 3697 3701 3715 3716 3691 3681 3678 3691 3729 3716 3717 3670 3685 3687 3688 3722 3722 3690 3687 3686 3685 3685 3662 3665 3653 3662 3662 3619 3604 3590 3567 3516 3530 3579 3592 3604 3569 3569 3557 3542 3549 3555 3546 3542 3580 3508 3487 3494 3529 3541 3528 3529 3526 3505 3509 3541 3507 3475 3473 3486 3521 3523 3461 3454 3457 3452 3451 3385 3351 3377 3418 3418 3399 3339 3352 3342 3329 3330 3299 3317 3296 3264 3267 3236
3716 3719 3754 3754 3723 3735 3784 3788 3785 3785 3724 3686 3697 3715 3719 3722 3716 3653 3653 3694 3729 3717 3720 3701 3703 3685 3687 3682 3725 3722 3708 3673 3716 3696 3703 3653 3640 3619 3619 3631 3617 3617 3621 3587 3530 3530 3592 3635 3551 3557 3545 3542 3558 3580 3567 3547 3580 3577 3484 3542 3542 3541 3542 3539 3539 3529 3509 3554 3554 3485 3485 3521 3524 3524 3523 3509 3483 3452 3431 3441 3364 3418 3421 3420 3433 3403 3398 3400 3342 3295 3330 3301 3257 3288 3239 3301
3771 3785 3754 3751 3749 3749 3770 3784 3819 3805 3728 3698 3718 3735 3749 3750 3722 3709 3725 3694 3732 3751 3732 3716 3716 3676 3691 3725 3725 3721 3721 3687 3674 3716 3696 3648 3661 3618 3636 3650 3620 3621 3608 3561 3527 3607 3635 3621 3586 3564 3576 3545 3576 3589 3580 3563 3598 3611 3542 3560 3573 3542 3542 3550 3563 3539 3539 3557 3554 3491 3488 3542 3543 3526 3523 3514 3535 3501 3514 3454 3473 3452 3448 3439 3433 3433 3403 3436 3385 3364 3351 3330 3297 3318 3301 3306
3785 3736 3749 3752 3757 3770 3784 3787 3819 3759 3746 3729 3718 3724 3749 3736 3750 3725 3712 3723 3729 3732 3751 3738 3716 3705 3696 3722 3743 3756 3724 3721 3716 3671 3696 3661 3649 3653 3650 3617 3620 3624 3624 3578 3591 3638 3638 3595 3564 3576 3563 3543 3589 3583 3548 3583 3611 3576 3566 3573 3563 3566 3566 3563 3570 3540 3536 3588 3577 3556 3555 3555 3548 3557 3557 3548 3548 3514 3486 3486 3486 3479 3452 3414 3400 3411 3436 3436 3386 3398 3398 3364 3352 3331 3304 3309
3750 3749 3735 3783 3769 3757 3784 3819 3822 3784 3749 3752 3787 3749 3714 3750 3792 3779 3726 3750 3723 3712 3754 3754 3751 3728 3690 3709 3756 3725 3724 3737 3750 3730 3717 3661 3649 3653 3654 3650 3638 3620 3660 3621 3591 3638 3626 3592 3589 3564 3555 3542 3543 3553 3583 3614 3614 3611 3563 3597 3584 3566 3566 3570 3583 3575 3588 3590 3590 3590 3556 3543 3499 3582 3569 3554 3541 3520 3507 3451 3479 3465 3452 3445 3431 3400 3406 3467 3421 3399 3399 3399 3365 3334 3331 3335
3819 3750 3738 3783 3804 3818 3817 3818 3822 3822 3804 3749 3787 3787 3770 3784 3792 3761 3761 3763 3763 3712 3728 3754 3728 3785 3772 3766 3756 3742 3708 3750 3751 3764 3730 3684 3669 3670 3653 3651 3651 3586 3642 3660 3669 3626 3655 3613 3555 3600 3555 3549 3543 3547 3601 3580 3614 3618 3631 3597 3550 3584 3597 3598 3598 3596 3596 3588 3611 3593 3593 3575 3557 3557 3582 3551 3554 3520 3513 3482 3420 3420 3409 3411 3445 3467 3437 3467 3454 3399 3399 3367 3367 3365 3297 3340
3819 3760 3714 3770 3784 3818 3838 3852 3839 3821 3818 3783 3769 3784 3784 3792 3757 3758 3761 3797 3784 3763 3748 3762 3784 3785 3797 3790 3759 3777 3755 3750 3753 3764 3736 3730 3684 3673 3652 3653 3651 3660 3716 3669 3703 3669 3682 3685 3647 3613 3648 3648 3644 3614 3614 3610 3632 3653 3631 3635 3632 3619 3629 3598 3617 3596 3622 3624 3624 3591 3593 3588 3588 3561 3582 3547 3551 3582 3534 3513 3499 3507 3489 3468 3502 3474 3474 3437 3437 3402 3386 3364 3364 3343 3340 3327
3785 3773 3773 3821 3825 3824 3852 3853 3853 3821 3825 3818 3794 3784 3757 3826 3763 3757 3749 3797 3762 3745 3748 3762 3749 3797 3806 3819 3790 3700 3753 3753 3764 3767 3719 3733 3717 3714 3700 3714 3717 3717 3754 3751 3716 3716 3685 3685 3669 3647 3648 3665 3617 3644 3631 3645 3645 3666 3666 3664 3651 3629 3616 3630 3630 3622 3609 3624 3609 3622 3588 3592 3592 3619 3616 3603 3548 3568 3582 3513 3507 3536 3523 3505 3505 3468 3433 3433 3433 3372 3372 3351 3367 3374 3361 3336
3805 3776 3804 3821 3855 3856 3855 3783 3783 3825 3812 3791 3794 3797 3800 3826 3813 3762 3800 3740 3759 3796 3783 3800 3797 3752 3785 3819 3793 3790 3700 3784 3764 3767 3767 3717 3749 3752 3752 3748 3751 3754 3754 3751 3738 3720 3720 3689 3682 3682 3678 3678 3644 3645 3648 3666 3669 3669 3664 3667 3664 3633 3633 3604 3602 3633 3658 3645 3622 3651 3595 3612 3626 3650 3616 3616 3534 3547 3585 3539 3536 3539 3536 3501 3501 3455 3435 3420 3372 3348 3359 3374 3377 3388 3374 3357
3776 3776 3852 3838 3852 3886 3856 3794 3807 3825 3828 3791 3794 3797 3829 3831 3826 3818 3831 3810 3772 3790 3818 3831 3831 3796 3783 3815 3793 3824 3811 3771 3763 3785 3798 3767 3735 3751 3769 3748 3748 3772 3748 3714 3714 3711 3717 3676 3682 3682 3687 3681 3678 3666 3679 3700 3700 3679 3687 3667 3636 3630 3604 3622 3633 3658 3661 3658 3648 3651 3648 3626 3626 3650 3613 3602 3571 3568 3585 3585 3539 3501 3488 3481 3454 3435 3411 3398 3385 3364 3379 3357 3377 3401 3378 3370
3807 3769 3821 3872 3886 3887 3873 3853 3807 3828 3828 3806 3815 3828 3829 3860 3866 3853 3818 3810 3807 3779 3831 3834 3834 3820 3815 3822 3853 3840 3824 3819 3798 3798 3798 3768 3730 3782 3817 3766 3785 3785 3748 3732 3745 3698 3680 3676 3679 3679 3679 3687 3716 3685 3679 3713 3713 3700 3635 3636 3646 3621 3634 3664 3664 3661 3661 3682 3682 3661 3664 3647 3627 3637 3627 3616 3616 3571 3582 3570 3557 3484 3481 3469 3455 3410 3411 3398 3401 3379 3365 3395 3408 3404 3401 3391
3839 3807 3821 3893 3852 3887 3852 3811 3846 3859 3809 3810 3838 3847 3860 3835 3835 3866 3865 3865 3841 3828 3800 3834 3800 3820 3820 3840 3853 3853 3845 3832 3832 3798 3764 3751 3782 3803 3817 3789 3766 3785 3755 3745 3719 3711 3682 3662 3697 3710 3677 3699 3713 3716 3716 3729 3760 3732 3698 3646 3632 3615 3634 3664 3679 3692 3685 3685 3669 3664 3669 3661 3661 3634 3651 3627 3617 3603 3602 3589 3501 3452 3452 3469 3441 3420 3387 3419 3432 3408 3429 3408 3422 3404 3372 3367
3852 3838 3852 3924 3921 3921 3907 3872 3859 3827 3840 3838 3841 3838 3863 3866 3887 3900 3865 3880 3841 3840 3831 3852 3772 3847 3848 3875 3887 3858 3858 3861 3858 3839 3785 3764 3798 3820 3820 3819 3806 3788 3788 3750 3748 3714 3744 3710 3731 3675 3684 3712 3712 3699 3747 3760 3784 3771 3718 3698 3657 3668 3726 3695 3692 3663 3685 3682 3681 3695 3664 3669 3656 3634 3637 3651 3623 3617 3602 3567 3515 3490 3441 3489 3434 3419 3387 3469 3456 3442 3442 3435 3435 3460 3447 3429
3894 3852 3841 3924 3889 3886 3921 3906 3875 3872 3858 3841 3841 3836 3881 3894 3900 3903 3903 3893 3872 3865 3887 3853 3790 3847 3848 3876 3887 3874 3921 3908 3893 3870 3832 3798 3816 3820 3817 3819 3786 3798 3788 3800 3778 3765 3744 3744 3746 3733 3712 3715 3717 3747 3752 3760 3781 3784 3760 3753 3726 3726 3737 3695 3663 3703 3716 3692 3695 3693 3679 3672 3672 3607 3621 3654 3654 3616 3605 3602 3567 3558 3454 3504 3525 3453 3466 3469 3435 3438 3442 3442 3481 3460 3460 3445
3925 3925 3841 3955 3886 3872 3887 3900 3906 3892 3865 3878 3833 3836 3867 3894 3897 3921 3934 3872 3893 3900 3900 3894 3869 3866 3879 3872 3879 3887 3921 3893 3892 3879 3901 3816 3802 3851 3832 3739 3798 3767 3776 3813 3813 3778 3785 3815 3802 3753 3746 3747 3768 3781 3794 3797 3794 3794 3784 3760 3747 3750 3750 3716 3715 3716 3729 3698 3698 3693 3660 3672 3669 3618 3638 3654 3651 3612 3605 3567 3558 3544 3535 3556 3521 3500 3469 3470 3472 3470 3473 3494 3494 3425 3466 3448
3925 3922 3837 3941 3955 3865 3872 3900 3887 3909 3906 3888 3905 3867 3867 3894 3910 3910 3934 3899 3862 3903 3907 3907 3910 3879 3873 3866 3879 3882 3924 3924 3921 3895 3888 3901 3860 3870 3891 3878 3776 3776 3772 3766 3813 3816 3816 3818 3815 3818 3811 3815 3823 3828 3816 3797 3798 3818 3822 3784 3784 3771 3763 3750 3718 3729 3747 3727 3695 3693 3703 3646 3690 3638 3636 3685 3671 3643 3636 3623 3613 3556 3596 3579 3535 3535 3466 3472 3501 3504 3499 3501 3497 3479 3479 3467
3957 3942 3833 3955 3958 3885 3900 3940 3926 3909 3919 3919 3922 3890 3880 3880 3928 3937 3937 3934 3886 3900 3934 3931 3931 3941 3928 3900 3879 3882 3884 3924 3926 3926 3913 3901 3902 3902 3901 3891 3816 3805 3784 3780 3793 3816 3852 3852 3839 3824 3824 3823 3828 3829 3829 3798 3805 3853 3822 3819 3806 3797 3783 3749 3719 3729 3761 3782 3731 3748 3727 3703 3676 3645 3660 3685 3643 3661 3636 3674 3662 3627 3618 3593 3584 3562 3503 3501 3504 3529 3532 3529 3529 3498 3498 3495
3956 3886 3868 3958 3920 3899 3934 3940 3919 3901 3909 3921 3953 3969 3919 3889 3915 3928 3968 3937 3937 3934 3921 3918 3931 3953 3941 3941 3932 3883 3901 3955 3964 3926 3929 3900 3902 3891 3901 3901 3891 3860 3854 3833 3793 3834 3886 3855 3855 3824 3826 3861 3859 3859 3874 3856 3853 3840 3812 3822 3819 3817 3797 3763 3763 3796 3796 3796 3762 3762 3734 3763 3719 3707 3707 3705 3685 3660 3674 3696 3665 3652 3621 3618 3593 3571 3504 3561 3550 3532 3532 3528 3516 3495 3499 3512
3959 3956 3927 3989 3975 3934 3922 3987 3940 3939 3919 3919 3953 3972 3972 3956 3928 3968 3955 3937 3944 3944 3969 3969 3966 3966 3966 3944 3975 3945 3942 3955 3998 3958 3932 3960 3947 3932 3933 3976 3955 3867 3867 3831 3886 3886 3873 3855 3874 3858 3892 3890 3890 3887 3887 3853 3843 3812 3809 3809 3819 3831 3831 3800 3803 3831 3831 3831 3797 3766 3783 3818 3832 3832 3763 3719 3719 3764 3730 3699 3696 3682 3652 3618 3605 3584 3584 3563 3563 3535 3528 3511 3511 3518 3512 3515
3990 3990 3976 3989 3937 3937 3945 3976 3987 3973 3952 3956 3953 3956 3990 3969 3969 3968 3922 3955 3935 3946 3931 3969 3944 3957 3957 3945 3962 3975 3975 3985 3998 3989 3976 3964 3989 3992 4023 3989 3958 3942 3955 3924 3921 3908 3890 3887 3887 3892 3908 3890 3899 3886 3873 3843 3830 3799 3806 3809 3820 3797 3834 3831 3834 3834 3834 3817 3802 3797 3817 3832 3835 3763 3763 3749 3734 3764 3750 3716 3696 3686 3673 3639 3604 3597 3584 3566 3535 3535 3546 3549 3518 3533 3515 3515
4027 4024 4010 3989 3968 3955 3956 3969 3976 4007 3987 3952 3956 3963 3966 4003 4003 4002 3968 3989 3946 3915 3987 3925 3943 3960 3924 3924 3945 3964 3996 4009 3998 4027 4024 4010 4023 4044 4057 4057 4023 4016 3975 3936 3936 3941 3895 3921 3924 3921 3921 3906 3899 3886 3844 3830 3830 3771 3799 3820 3793 3806 3796 3834 3834 3865 3851 3866 3869 3866 3866 3835 3799 3797 3798 3784 3764 3767 3730 3720 3707 3686 3652 3635 3597 3600 3597 3563 3534 3580 3549 3549 3546 3546 3520 3508
4063 4058 4044 4024 4023 3968 3969 3996 4021 4021 3987 3987 4016 3963 3963 3997 4024 4037 4034 4021 3965 3952 4000 3956 3957 3991 3931 3929 3963 3976 4009 4011 4079 4092 4058 4057 4057 4057 4057 4044 4029 4023 3988 3954 3976 3954 3927 3924 3924 3934 3937 3903 3885 3864 3843 3801 3816 3820 3785 3771 3806 3792 3782 3851 3865 3834 3886 3900 3869 3830 3852 3831 3835 3804 3804 3798 3767 3767 3730 3720 3686 3685 3666 3649 3600 3586 3583 3583 3580 3567 3511 3514 3525 3520 3508 3508
4063 4063 4058 4060 4057 4009 4021 4031 4042 4025 4022 3973 4032 4029 4029 4016 3995 4037 4038 4034 4035 4003 4000 3980 3956 3991 3978 3976 3976 3950 3964 4012 4091 4092 4095 4095 4091 4078 4063 4032 4029 4023 4010 3989 3989 3958 3955 3942 3954 3937 3937 3899 3899 3850 3830 3850 3833 3840 3854 3830 3833 3865 3834 3865 3865 3865 3900 3837 3832 3816 3796 3797 3800 3800 3804 3766 3749 3754 3723 3698 3685 3666 3649 3632 3586 3552 3583 3580 3517 3517 3510 3525 3520 3523 3526 3539
4045 4057 4058 4092 4091 4029 4077 4094 4091 4056 4056 4032 4019 4032 4029 4029 3995 4040 4040 4069 4069 4056 3993 3994 3994 3997 4010 4022 4008 4008 4030 4064 4045 4091 4092 4095 4091 4063 4050 4029 3995 3992 3991 3984 3984 3955 3955 3968 3968 3931 3917 3899 3885 3832 3848 3864 3864 3834 3854 3864 3868 3868 3868 3851 3865 3903 3900 3867 3830 3798 3796 3783 3797 3797 3797 3763 3754 3741 3720 3711 3698 3672 3636 3618 3539 3545 3601 3548 3517 3517 3497 3510 3512 3523 3523 3539
4039 4043 4057 4078 4112 4125 4094 4111 4091 4111 4125 4112 4032 4092 4120 4039 4029 4026 4040 4072 4072 4069 4012 3993 4025 4035 4035 4035 4043 4046 4077 4077 4078 4094 4113 4126 4091 4070 4060 4057 4047 3981 3991 3984 3983 3971 3971 3940 3940 3933 3902 3863 3849 3862 3862 3867 3834 3834 3854 3899 3864 3850 3830 3816 3865 3903 3899 3885 3818 3809 3809 3793 3806 3797 3783 3775 3757 3764 3733 3711 3703 3669 3648 3635 3614 3614 3614 3544 3589 3575 3492 3492 3506 3541 3542 3542
