R/encontro_v/arrival.asc
NCOLS 638
NROWS 825
XLLCORNER -2985163.8955
YLLCORNER -3022031.214
CELLSIZE 10000
NODATA_value -1
[rows 282 to 328 of 825, columns 192 to 287 of 638]
3660 3660 3677 3677 3693 3678 3694 3710 3713 3710 3710 3710 3718 3719 -1 -1 3789 3790 -1 3806 3788 -1 3823 3841 3857 3857 3843 3858 3860 3876 3874 3876 3897 3897 3920 3920 3920 3936 3936 3940 3971 3971 3973 3989 4004 4030 4020 4035 4052 4060 4058 4058 4077 4093 4110 4127 4127 4137 4128 4157 4157 4168 4169 4169 4173 4187 4186 4201 4208 4230 4234 4250 4250 4253 4253 4265 4255 4255 4298 4301 4315 4334 4350 4350 4367 4367 4384 4384 4384 4383 4400 -1 -1 -1 -1 -1
3625 3646 3676 3676 3660 3693 3693 -1 3692 3713 -1 -1 -1 -1 -1 3759 3777 3774 3790 3789 3806 3840 3840 3857 3840 3839 3843 3843 3860 3860 3876 3880 3911 3911 3905 3905 3909 3925 3940 3971 3956 3956 3989 4004 4014 4020 4017 4018 4035 4044 4061 4060 4077 4076 4093 4090 4104 4121 4121 4144 4144 4159 4168 4168 4184 4184 4201 4208 4218 4223 4234 4239 4239 4254 4254 4265 4282 4282 4276 4298 4317 4332 4332 4333 4366 4366 4366 4400 4400 4400 4400 4348 -1 -1 -1 -1
3642 3642 -1 -1 -1 -1 -1 3709 3727 3727 -1 3725 3743 3760 3777 3794 3794 3807 3807 3824 3824 3824 3823 3825 3839 3830 3830 3845 3861 3877 3894 3894 3894 3892 3892 3909 3925 3939 3954 3954 3943 3957 3973 3996 3990 4014 4017 4027 4044 4035 4061 4076 4076 4092 4092 4109 4144 4144 4127 4159 4160 4175 4175 4184 4170 4201 4203 4218 4223 4223 4223 4223 4236 4247 4265 4282 4265 4267 4268 4285 4298 4315 4333 4333 4349 4332 4321 4348 4365 4365 4365 4300 4300 -1 4276 4254
3659 3642 -1 3659 3675 3675 3709 3727 3710 3744 3744 3760 3760 3777 3759 3742 -1 -1 -1 -1 -1 3810 3827 3827 3830 3829 3846 3846 3877 3877 3877 3877 3892 3877 3910 3926 3942 3942 3939 3943 3939 3957 3973 3990 3997 4014 4027 4028 4033 4033 4066 4076 4076 4093 4093 4104 4104 4128 4144 4160 4159 4170 4170 4170 4197 4197 4192 4203 4206 4206 4217 4234 4247 4236 4247 4265 4267 4283 4285 4285 -1 4298 4298 4333 4349 4321 4332 4332 4348 4300 -1 -1 4293 4293 -1 4261
3643 3659 3676 3676 3693 3693 3693 -1 -1 -1 -1 3743 3726 -1 -1 -1 -1 -1 -1 -1 3810 3812 3810 -1 -1 3829 3861 3861 3877 3863 3859 3847 3894 3894 3910 3926 3926 3926 3939 3939 3941 3956 3969 3986 4002 4002 4028 4033 4028 4045 4049 4082 4080 4080 4093 4109 4097 4127 4122 4153 4153 4153 4181 4181 4181 4192 4188 4206 4220 4220 4220 4236 4250 4248 4248 4265 4266 4283 4299 4299 4299 4316 4282 4300 4333 4349 4332 -1 4300 4286 4300 -1 -1 4293 4276 -1
-1 -1 -1 -1 -1 -1 -1 3682 3713 3713 3743 -1 -1 -1 -1 3750 3779 3779 3764 3796 3812 3795 -1 3827 3844 3844 3849 3849 3859 3859 3847 3877 3894 3894 3910 3923 3909 3910 3926 3941 3956 3954 3986 3970 3970 3986 4013 4030 4045 4046 4063 4080 4082 4096 4096 4109 4111 4127 4136 4151 4151 4151 4167 4174 4198 4180 4175 4188 4203 4213 4236 4250 4248 4253 4253 4250 4266 4268 4283 4285 4316 4282 4282 4298 4300 4300 4300 4300 4285 4300 4284 -1 -1 -1 -1 4276
-1 -1 -1 -1 -1 -1 -1 -1 -1 -1 -1 -1 -1 -1 -1 -1 -1 -1 3764 3796 3795 -1 3807 3829 3829 -1 -1 -1 3844 3847 3845 3877 3890 3907 3923 3907 3910 3916 3919 3951 3951 3951 3969 3971 3971 3998 4001 4030 4030 4046 4063 4066 4089 4104 4111 4111 4119 4127 4136 4151 4151 4167 4174 4182 4182 4198 4198 4198 4215 4229 4229 4234 4246 4246 4250 4250 4250 4264 4281 4281 4282 -1 -1 -1 -1 -1 -1 -1 4285 -1 -1 4284 -1 -1 -1 -1
-1 -1 -1 -1 -1 -1 -1 -1 -1 -1 -1 -1 -1 -1 -1 -1 -1 -1 -1 -1 -1 -1 3813 3813 -1 -1 -1 -1 3860 3860 3860 3890 3907 3909 3909 3910 3917 3919 3932 3952 3952 3952 3969 3965 3981 4001 4004 4014 4046 4029 4066 4062 4089 4089 4104 4104 4119 4130 4136 4152 4152 4165 4182 4180 4180 4188 4204 4215 4232 4232 4234 4229 4246 4250 4234 4247 4264 4247 4264 -1 4282 4283 4283 4271 -1 -1 -1 -1 4284 -1 -1 -1 -1 -1 -1 -1
-1 -1 -1 -1 -1 -1 -1 -1 -1 -1 -1 -1 -1 -1 -1 -1 -1 -1 -1 -1 -1 3813 3796 -1 -1 3840 3857 3857 -1 3873 3856 3890 3892 3892 3885 3901 3919 3917 3932 3947 3963 3965 3980 3980 3981 4004 4013 4030 4030 4045 4062 4089 4078 4105 4109 4109 4120 4136 4130 4136 4164 4165 4164 4164 4188 4204 4215 4201 4221 4221 4213 4215 4220 4234 4247 4231 4246 4246 4246 4265 4282 4266 -1 -1 -1 -1 -1 -1 -1 -1 -1 -1 -1 -1 -1 -1
-1 -1 -1 -1 -1 -1 -1 -1 -1 -1 -1 -1 -1 -1 -1 -1 -1 -1 -1 -1 3779 3796 -1 -1 3822 3840 3840 -1 3873 3857 3857 3872 3892 3892 3885 3901 3930 3930 3930 3963 3949 3963 3980 3997 3997 4013 4013 4045 4045 4062 4072 4078 4086 4105 4118 4120 4131 4131 4131 4147 4164 4164 4153 4171 4188 4183 4183 4195 4212 4213 4215 4204 4220 4231 4231 4216 4230 4229 4250 4266 4265 -1 -1 -1 -1 -1 -1 -1 -1 -1 -1 -1 -1 -1 -1 -1
-1 -1 -1 -1 -1 -1 -1 -1 -1 -1 -1 -1 -1 -1 -1 -1 -1 -1 -1 -1 3796 -1 -1 -1 3823 3822 -1 3824 3857 3824 3842 3872 3876 3892 3886 3903 3918 3918 3947 3947 3949 3952 3968 3997 4013 4013 4029 4029 4055 4040 4064 4072 4089 4086 4101 4118 4140 4140 4147 4147 4144 4161 4161 4171 4170 4167 4163 4177 4212 4212 4204 4204 4200 4214 4202 4216 4230 4249 4266 4248 4265 4253 4219 -1 4187 -1 -1 4187 -1 -1 -1 -1 -1 -1 -1 -1
-1 -1 -1 -1 -1 -1 -1 -1 -1 -1 -1 -1 -1 -1 -1 -1 -1 -1 -1 3792 3792 -1 -1 3823 3823 -1 -1 3824 3838 3826 3856 3872 3876 3888 3888 3903 3919 3912 3935 3952 3965 3965 3987 4000 4016 4021 4021 4021 4040 4055 4085 4080 4101 4101 4100 4116 4135 4135 4151 4151 4144 4144 4171 4170 4153 4167 4177 4163 4161 4177 4185 4187 4200 4214 4215 4215 4215 4230 4249 4232 4237 4248 4253 4237 4222 4222 4222 4205 -1 -1 -1 -1 -1 -1 -1 -1
-1 -1 -1 -1 -1 -1 -1 -1 -1 -1 -1 -1 -1 -1 -1 -1 -1 -1 -1 -1 -1 -1 -1 -1 -1 -1 -1 3821 3821 3838 3842 3859 3876 3886 3871 3904 3904 3919 3950 3966 3966 3965 4000 4003 4016 4016 4016 4023 4039 4050 4080 4085 4100 4100 4116 4100 4118 4117 4121 4135 4138 4154 4154 4139 4167 4178 4195 4195 4190 4187 4187 4185 4214 4198 4202 4198 4233 4249 4221 4221 4232 4248 4232 4220 4237 4240 4239 4171 -1 -1 -1 -1 -1 -1 -1 -1
-1 -1 -1 -1 -1 -1 -1 -1 -1 -1 -1 -1 -1 -1 -1 -1 -1 -1 3761 -1 -1 -1 -1 -1 -1 -1 3805 3821 3809 3826 3842 3859 3886 3871 3870 3903 3903 3921 3933 3949 3966 3983 4000 4003 3990 4002 4017 4039 4039 4050 4064 4068 4083 4082 4085 4100 4117 4121 4128 4138 4121 4138 4145 4162 4162 4178 4161 4194 4178 4190 4189 4199 4199 4202 4216 4233 4198 4198 4205 4215 4214 4215 4219 4220 4220 4205 4205 4204 -1 -1 -1 -1 -1 -1 -1 -1
-1 -1 -1 -1 -1 -1 -1 -1 -1 -1 -1 -1 -1 -1 -1 -1 -1 3761 3760 -1 -1 -1 -1 -1 -1 -1 3806 -1 3809 3822 3842 3845 3871 3870 3870 3887 3903 3921 3949 3950 3949 3983 3987 3990 4002 4003 4019 4034 4034 4050 4064 4068 4083 4083 4100 4086 4112 4112 4112 4128 4145 4145 4161 4162 4177 4177 4194 4177 4174 4189 4183 4185 4185 4199 4216 4198 4198 4181 4205 4196 4183 -1 4214 4219 4203 4186 4188 4204 -1 -1 -1 -1 -1 -1 -1 -1
-1 -1 -1 -1 -1 -1 -1 -1 -1 -1 -1 -1 -1 -1 3730 3743 3760 3760 -1 -1 -1 -1 -1 -1 -1 3789 3806 3806 3822 3839 3839 3845 3858 3858 3872 3889 3889 3903 3938 3950 3954 3977 3987 3986 4003 4019 4034 4019 4019 4051 4051 4068 4083 4083 4078 4095 4096 4095 4097 4113 4144 4144 4144 4161 4161 4160 4164 4164 4174 4183 4182 4182 4182 4182 4198 4198 4197 4205 4188 4197 4197 4214 4203 4197 4188 4186 4170 4204 4187 4187 4187 4154 -1 -1 -1 -1
-1 -1 -1 -1 -1 -1 -1 -1 -1 -1 -1 -1 -1 3726 3743 3730 -1 -1 -1 -1 -1 -1 -1 -1 -1 3790 3791 3822 3825 3841 3841 3856 3856 3842 3872 3887 3905 3905 3938 3933 3954 3977 3971 3986 4003 4017 4017 4015 4035 4035 4051 4066 4078 4078 4095 4100 4096 4097 4111 4129 4129 4127 4122 4127 4144 4160 4147 4174 4164 4182 4181 4181 4171 4171 4167 4181 4181 4197 4188 4181 4187 4181 4203 4187 4182 4170 4170 4170 4153 4171 4171 4154 -1 -1 -1 -1
-1 -1 -1 -1 -1 -1 -1 -1 -1 -1 -1 -1 -1 -1 -1 -1 -1 -1 -1 -1 -1 -1 -1 -1 3756 3776 3790 3808 3825 3825 3821 3839 3853 3853 3887 3901 3901 3921 3933 3938 3961 3955 3986 4000 4000 4001 4000 4018 4047 4047 4058 4066 4065 4082 4066 4084 4100 4111 4113 4113 4111 4127 4127 4127 4143 4160 4147 4147 4151 4164 4164 4149 4156 4166 4164 4181 4174 4174 4171 4188 4187 4170 4181 -1 4170 4182 4170 4153 4153 -1 -1 -1 4137 -1 -1 -1
-1 -1 -1 -1 -1 -1 -1 -1 -1 -1 -1 -1 -1 -1 -1 -1 -1 -1 -1 -1 -1 -1 -1 3771 3776 3774 3783 3808 3799 3816 3825 3851 3868 3850 3885 3885 3892 3901 3927 3944 3961 3954 3971 3985 3985 4001 4001 4018 4035 4035 4058 4065 4065 4082 4084 4069 4075 4081 4096 4113 4111 4127 4111 4111 4143 4131 4147 4147 4147 4125 4149 4156 4166 4167 4164 4163 4158 4158 4171 4171 4170 4170 4169 4152 4157 4151 4151 -1 -1 -1 -1 -1 -1 -1 -1 -1
-1 -1 -1 -1 -1 -1 -1 -1 -1 -1 -1 -1 -1 -1 -1 -1 -1 -1 -1 -1 -1 -1 3755 3771 -1 3774 3791 3799 3816 3817 3835 3868 3834 3850 3885 3875 3892 3912 3944 3929 3929 3961 3971 3970 3985 3999 4015 4015 4018 4041 4065 4058 4065 4067 4084 4069 4062 4091 4096 4093 4111 4116 4116 4143 4126 4113 4131 4132 4119 4125 4135 4135 4151 4167 4163 4158 4156 4156 4155 4155 4165 4165 4157 4169 4157 4141 4136 -1 -1 -1 -1 -1 -1 -1 -1 -1
-1 -1 -1 -1 -1 -1 -1 -1 -1 -1 -1 -1 -1 -1 -1 -1 -1 -1 -1 -1 -1 -1 3755 3745 3774 3775 3791 3799 3799 3817 3834 3851 3834 3850 3875 3858 3893 3910 3938 3927 3938 3955 3968 3970 3999 3982 3999 4002 4019 4041 4051 4051 4053 4053 4067 4075 4091 4096 4093 4094 4111 4100 4126 4126 4115 4131 4114 4120 4119 4120 4120 4136 4151 4136 4140 4140 4140 4138 4155 4138 4150 4157 4152 4152 4135 4136 -1 -1 -1 -1 -1 -1 -1 -1 -1 -1
-1 -1 -1 -1 -1 -1 -1 -1 -1 -1 -1 -1 -1 -1 -1 -1 -1 -1 -1 -1 3721 3738 3755 3756 3758 3775 3783 3799 3800 3804 3851 3834 3834 3859 3875 3858 3882 3910 3927 3938 3939 3955 3954 3968 3982 3985 4002 4002 4019 4025 4041 4035 4038 4050 4075 4067 4080 4080 4077 4094 4096 4100 4113 4115 4114 4114 4120 4117 4117 4103 4134 4151 4134 4123 4123 4121 4121 4104 4138 4150 4138 4138 4136 4135 4135 -1 -1 -1 -1 -1 -1 -1 -1 -1 -1 -1
-1 -1 -1 -1 -1 -1 -1 -1 -1 -1 -1 -1 -1 -1 -1 -1 -1 -1 -1 -1 -1 3738 3756 3758 3775 3783 3783 3800 3817 3835 3835 3823 3844 3859 3861 3861 3879 3895 3910 3921 3939 3949 3954 3965 3969 3985 3991 4008 4008 4025 4035 4038 4034 4050 4046 4063 4063 4062 4094 4096 4100 4113 4100 4096 4097 4089 4105 4105 4117 4117 4134 4147 4147 4123 4121 4106 4120 4107 4104 4104 4122 4136 4136 -1 -1 -1 -1 -1 -1 -1 -1 -1 -1 -1 -1 -1
-1 -1 -1 -1 -1 -1 -1 -1 -1 -1 -1 -1 -1 -1 -1 -1 -1 -1 -1 -1 3734 3738 3758 3766 3773 3800 3800 3800 3817 3818 3823 3813 3842 3859 3844 3844 3844 3895 3893 3921 3923 3932 3949 3965 3965 3969 3975 3991 4008 4025 4035 4034 4040 4050 4063 4046 4062 4063 4077 4075 4082 4084 4100 4082 4097 4098 4098 4117 4104 4131 4131 4131 4115 4117 4096 4120 4133 4107 4088 -1 -1 4122 4120 4120 -1 -1 -1 -1 -1 -1 -1 -1 -1 -1 -1 -1
-1 -1 -1 -1 -1 -1 -1 -1 -1 -1 -1 -1 -1 -1 -1 -1 -1 -1 -1 3716 3749 3749 3766 3773 3769 3784 3784 3800 3801 3818 3813 3824 3842 3833 3845 3843 3862 3879 3893 3905 3921 3923 3933 3933 3952 3975 3984 3984 4000 4017 4017 4034 4040 4034 4046 4062 4049 4065 4075 4077 4084 4084 4081 4097 4081 4097 4097 4114 4114 4114 4102 4115 4101 4101 4117 4133 4117 4104 4088 4087 4122 4105 4104 4104 -1 -1 -1 -1 -1 -1 -1 -1 -1 -1 -1 -1
-1 -1 -1 -1 -1 -1 -1 -1 -1 -1 -1 -1 -1 -1 -1 -1 -1 -1 3716 3733 3749 3766 3767 3767 3769 3784 3784 3795 3818 3801 3824 3825 3842 3833 3854 3862 3870 3879 3905 3906 3917 3917 3917 3932 3952 3958 3975 3971 3985 4000 4017 4019 4034 4046 4032 4049 4065 4062 4050 4067 4067 4081 4066 4081 4081 4081 4080 4097 4085 4085 4102 4085 4100 4100 4099 4094 4104 4087 4087 4105 4105 4088 -1 -1 -1 -1 -1 -1 -1 -1 -1 -1 -1 -1 -1 -1
-1 -1 -1 -1 -1 -1 -1 -1 -1 -1 -1 -1 -1 -1 -1 -1 -1 -1 3733 3733 3734 3750 3750 3770 3767 3784 3784 3787 3811 3800 3812 3825 3829 3845 3862 3870 3888 3905 3889 3906 3915 3915 3915 3932 3952 3958 3960 3971 3984 4000 4003 4003 4019 4020 4020 4049 4062 4050 4067 4035 4038 4053 4064 4064 4063 4080 4080 4085 4069 4069 4085 4100 4083 4099 4099 4082 4087 4088 4088 4088 -1 -1 -1 -1 -1 -1 -1 -1 -1 -1 -1 -1 -1 -1 -1 -1
-1 -1 -1 -1 -1 -1 -1 -1 -1 -1 -1 -1 -1 -1 -1 -1 -1 3720 3720 3736 3750 3753 3770 3779 3770 3786 3780 3811 3813 3812 3825 3829 3845 3831 3870 3871 3888 3871 3874 3889 3899 3900 3919 3919 3935 3941 3958 3960 3971 3986 4003 4003 4014 4015 4032 4034 4034 4050 4049 4037 4053 4064 4049 4063 4054 4063 4054 4070 4052 4066 4066 4067 4083 4052 4066 4086 4088 4088 4071 4072 4060 4040 -1 -1 -1 -1 -1 -1 -1 -1 -1 -1 -1 -1 -1 -1
-1 -1 -1 -1 -1 -1 -1 -1 -1 -1 -1 -1 -1 -1 -1 -1 -1 -1 3729 3736 3753 3763 3763 3779 3786 3798 3798 3795 3812 3813 3819 3829 3820 3837 3871 3855 3854 3853 3873 3881 3889 3899 3899 3919 3935 3941 3944 3954 3966 3969 3985 3986 4002 4014 4002 4032 4018 4049 4034 4034 4033 4033 4035 4042 4038 4054 4070 4038 4066 4052 4067 4083 4082 4082 4086 4069 4057 4071 4072 4060 4040 4040 4039 4009 4009 4008 -1 -1 -1 -1 -1 -1 -1 -1 -1 -1
-1 -1 -1 -1 -1 -1 -1 -1 -1 -1 -1 -1 -1 -1 -1 -1 -1 -1 3712 3746 3746 3763 3773 3765 3782 3782 3795 3805 3804 3819 3820 3836 3837 3840 3855 3854 3854 3853 3864 3873 3881 3882 3893 3902 3925 3941 3944 3954 3966 3968 3969 3985 3986 4002 4002 4015 4018 4018 4022 4022 4033 4035 4042 4038 4037 4039 4036 4048 4052 4067 4066 4066 4081 4081 4069 4053 4071 4055 4070 4072 4044 4027 4013 4008 3992 4008 -1 -1 -1 -1 -1 -1 -1 -1 -1 -1
-1 -1 -1 -1 -1 -1 -1 -1 -1 -1 -1 -1 -1 -1 -1 -1 3713 3729 -1 3746 3757 3757 3773 3782 3765 3773 3805 3804 3819 3820 3836 3837 3821 3855 3838 3854 3837 3848 3864 3873 3868 3882 3893 3902 3907 3925 3927 3934 3937 3954 3968 3968 3985 4002 4002 4015 4002 4002 4011 4011 4007 4023 4023 4037 4037 4036 4048 4051 4035 4031 4049 4065 4065 4069 4067 4067 4053 4053 4055 4070 4056 4044 4027 4013 4010 3992 -1 3961 -1 -1 -1 -1 -1 -1 -1 -1
-1 -1 -1 -1 -1 -1 -1 -1 -1 -1 -1 -1 -1 -1 -1 -1 -1 3729 3740 3713 -1 3757 3758 3773 3773 3774 3782 3788 3789 3819 3819 3806 3824 3838 3823 3820 3837 3864 3856 3852 3868 3882 3885 3890 3907 3910 3925 3927 3934 3937 3936 3952 3971 3971 3987 3988 3988 4002 3995 4007 4006 4020 4020 4020 4036 4020 4051 4035 4035 4031 4048 4049 4065 4050 4037 4051 4034 4055 4039 4053 4040 4056 4027 4010 4010 3992 -1 -1 -1 -1 -1 -1 3906 3871 -1 -1
-1 -1 -1 -1 -1 -1 -1 -1 -1 -1 -1 -1 -1 -1 -1 -1 -1 3723 3723 3740 3740 3724 3741 3758 3774 3782 3786 3786 3803 3803 3806 3804 3838 3822 3820 3820 3837 3856 3848 3852 3862 3869 3876 3885 3892 3907 3908 3910 3918 3934 3935 3952 3955 3955 3971 3987 3984 3995 3995 3990 4006 4004 3991 3991 4020 4020 4035 4035 4031 4032 4049 4048 4034 4050 4051 4037 4036 4038 4053 4036 4022 4040 4022 3994 3978 3963 -1 -1 -1 -1 -1 3845 3906 3889 3889 3872
-1 -1 -1 -1 -1 -1 -1 -1 -1 -1 -1 -1 -1 -1 -1 -1 -1 3723 -1 3709 3724 3726 3726 3758 3774 3786 3788 3803 3778 3793 3804 3809 3822 3821 3820 3821 3825 3848 3852 3835 3846 3862 3869 3885 3890 3891 3908 3910 3918 3918 3921 3952 3955 3955 3961 3971 3984 3978 3990 3990 4004 4004 4002 4002 4018 4035 4018 4019 4032 4038 4048 4031 4018 4034 4051 4041 4038 4036 4036 4022 4040 4023 4004 3991 3978 3973 -1 -1 -1 3940 3940 3854 -1 -1 3837 3889
-1 -1 -1 -1 -1 -1 -1 -1 -1 -1 -1 -1 -1 -1 -1 -1 -1 -1 -1 3722 3741 3741 3742 3758 3772 3772 3788 3786 3793 3804 3793 3809 3821 3817 3833 3821 3823 3835 3851 3846 3835 3837 3834 3851 3874 3890 3878 3891 3891 3901 3921 3935 3938 3938 3955 3961 3961 3978 3987 3987 3973 3973 3987 4002 4018 4018 4019 3997 4014 4022 4038 4031 4020 4020 4034 4025 4041 4036 4005 4020 4023 4004 4009 3991 3978 3973 3957 3957 3925 3923 3923 3906 3854 -1 -1 3855
-1 -1 -1 -1 -1 -1 -1 -1 -1 -1 -1 -1 -1 -1 -1 -1 -1 -1 3722 3722 3738 3742 3758 3772 3751 3755 3786 3783 3773 3783 3800 3800 3817 3833 3818 3823 3835 3851 3846 3835 3837 3839 3851 3856 3856 3874 3874 3875 3878 3884 3918 3921 3935 3923 3945 3953 3953 3953 3973 3970 3973 3958 3986 3984 4018 4001 4002 4014 4007 4007 4022 4031 4017 4034 4025 4017 4007 4020 4005 4023 4006 4005 4005 4009 3978 3978 3970 3957 3940 3925 3923 3890 3907 3907 3854 3845
-1 -1 -1 -1 -1 -1 -1 -1 -1 -1 -1 -1 -1 -1 -1 3678 3695 3708 3722 3709 3722 3738 3741 3755 3755 3751 3754 3785 3783 3800 3786 3817 3802 3818 3804 3835 3818 3820 3829 3833 3839 3834 3834 3856 3844 3844 3860 3875 3878 3884 3901 3905 3918 3921 3918 3936 3945 3945 3956 3973 3970 3970 3970 3984 3987 4001 3985 4002 4001 4005 4022 4001 4017 4025 4008 4009 4007 4006 4020 3992 4006 4005 3988 3988 3970 3978 3970 3900 3895 3893 3888 3871 3892 3892 3890 3873
-1 -1 -1 -1 -1 -1 -1 -1 -1 -1 -1 -1 -1 -1 -1 -1 3695 3708 3709 -1 -1 -1 3738 3755 3755 3754 3754 3769 3785 3786 3786 3788 3788 3804 3804 3817 3820 3829 3833 3817 3820 3827 3827 3844 3817 3857 3860 3860 3875 3871 3888 3902 3905 3918 3921 3928 3936 3939 3940 3956 3953 3954 3970 3984 3973 3985 4001 3985 4001 3999 4005 4001 4003 4008 3994 4009 4010 4007 4006 3992 4006 3991 3989 3900 3895 3900 3900 3895 3900 3895 3871 3871 3876 3889 3890 3854
-1 -1 -1 -1 -1 -1 -1 -1 -1 -1 -1 -1 -1 -1 -1 -1 -1 3706 3692 -1 -1 -1 3721 3740 3752 3754 3769 3754 3770 3770 3776 3776 3786 3786 3817 3801 3803 3806 3817 3820 3810 3810 3799 3809 3840 3844 3857 3860 3847 3856 3888 3888 3902 3905 3919 3928 3936 3939 3925 3953 3937 3954 3956 3957 3985 3973 3970 3976 3985 3999 4001 4005 4008 4003 3991 3979 4010 3994 3979 3990 3989 3991 3900 3900 3900 3900 3900 3895 3891 3879 3871 3872 3876 3889 3873 3854
-1 -1 -1 -1 -1 -1 -1 -1 -1 -1 -1 -1 -1 -1 -1 -1 3692 3706 -1 -1 -1 -1 3721 3740 3752 3752 3769 3770 3754 3753 3760 3760 3784 3784 3801 3803 3806 3817 3800 3815 3810 3799 3800 3817 3844 3827 3840 3840 3847 3856 3856 3871 3902 3905 3911 3919 3928 3907 3920 3937 3940 3956 3954 3957 3968 3985 3968 3976 3984 3991 3997 3986 3974 3977 3991 3979 3994 3989 3989 3990 3900 3900 3900 3900 3900 3900 3894 3900 3891 3879 3862 3855 3889 3872 3872 3873
-1 -1 -1 -1 -1 -1 -1 -1 -1 -1 -1 -1 -1 -1 -1 -1 3692 -1 -1 -1 -1 -1 3724 3737 3737 3737 3739 3754 3753 3743 3743 3760 3784 3769 3801 3802 3798 3800 3815 3799 3794 3800 3809 3813 3827 3824 3825 3825 3826 3840 3856 3868 3885 3887 3887 3903 3911 3903 3907 3923 3937 3940 3939 3940 3957 3951 3954 3968 3984 3991 3997 3986 3976 3900 3991 3979 3994 3898 3900 3900 3900 3900 3885 3884 3877 3894 3878 3874 3891 3862 3860 3860 3872 3858 3872 3857
-1 -1 -1 -1 -1 -1 -1 -1 -1 -1 -1 -1 -1 -1 -1 -1 3674 -1 -1 -1 -1 -1 -1 3724 3724 3733 3737 3753 3751 3767 3767 3754 3767 3769 3786 3802 3800 3798 3784 3799 3794 3809 3810 3827 3810 3824 3809 3826 3840 3838 3854 3856 3871 3885 3871 3895 3903 3911 3920 3905 3922 3923 3923 3939 3940 3950 3950 3951 3953 3960 3966 3966 3976 3900 3978 3898 3900 3900 3900 3900 3884 3900 3885 3884 3883 3893 3878 3861 3874 3862 3846 3843 3872 3856 3845 3841
-1 -1 -1 -1 -1 -1 -1 -1 -1 -1 -1 -1 -1 -1 -1 -1 -1 -1 3614 3614 -1 -1 -1 3708 3724 3717 3733 3751 3738 3751 3771 3771 3754 3772 3772 3786 3783 3781 3784 3799 3794 3810 3796 3794 3824 3807 3794 3823 3838 3824 3840 3854 3871 3868 3860 3876 3878 3895 3904 3920 3922 3923 3923 3923 3939 3940 3951 3953 3960 3966 3965 3966 3974 3978 3900 3897 3898 3900 3900 3896 3884 3883 3884 3883 3893 3878 3876 3874 3857 3873 3846 3843 3848 3856 3845 3839
-1 -1 -1 -1 -1 -1 -1 -1 -1 -1 -1 -1 -1 -1 -1 -1 -1 3643 3625 3642 3627 -1 -1 3708 3717 3723 3721 3738 3755 3755 3755 3764 3781 3781 3786 3783 3770 3782 3782 3794 3782 3777 3791 3793 3793 3807 3809 3838 3823 3840 3857 3857 3868 3852 3860 3861 3871 3895 3904 3905 3906 3905 3923 3923 3923 3939 3934 3939 3935 3935 3965 3974 3974 3900 3900 3897 3898 3896 3896 3880 3884 3867 3883 3862 3876 3869 3861 3862 3873 3857 3856 3848 3839 3838 3856 3838
-1 -1 -1 -1 -1 -1 -1 -1 -1 -1 -1 -1 -1 -1 -1 -1 -1 3625 3642 3642 3644 3677 -1 -1 3717 3723 3738 3720 3748 3748 3764 3748 3749 3764 3777 3777 3767 3770 3776 3782 3779 3791 3792 3794 3807 3809 3809 3823 3809 3843 3843 3841 3841 3852 3860 3871 3878 3887 3904 3905 3905 3906 3907 3909 3923 3923 3933 3934 3939 3949 3965 3966 3974 3900 3900 3899 3897 3898 3896 3867 3880 3868 3853 3860 3869 3876 3862 3861 3859 3857 3856 3841 3838 3825 3839 3825
-1 -1 -1 -1 -1 -1 -1 -1 -1 -1 -1 -1 -1 -1 -1 -1 -1 -1 3659 3659 3659 3676 3658 -1 3707 3708 3724 3721 -1 3731 3753 3753 3733 3749 3760 3767 3750 3761 3768 3776 3779 3792 3781 3794 3795 3793 3793 3809 3810 3827 3824 3834 3841 3844 3852 3847 3878 3887 3887 3888 3891 3891 3906 3907 3909 3901 3916 3933 3948 3949 3950 3955 3966 3900 3885 3869 3883 3880 3880 3865 3867 3880 3868 3860 3845 3862 3845 3846 3859 3856 3841 3840 3831 3825 3839 3822
-1 -1 -1 -1 -1 -1 -1 -1 -1 -1 -1 -1 -1 -1 -1 -1 -1 -1 3642 3659 3659 3686 3676 -1 -1 3707 3721 3724 3731 3716 3718 3736 3736 3736 3760 3750 3745 3752 3761 3768 3775 3775 3781 3795 3787 3803 3813 3813 3813 3827 3827 3824 3834 3844 3847 3854 3855 3870 3872 3874 3888 3874 3875 3890 3907 3890 3902 3931 3948 3949 3950 3955 3900 3893 3900 3885 3883 3883 3853 3863 3863 3863 3860 3851 3846 3846 3831 3845 3828 3828 3840 3831 3829 3829 3822 3808
