R/encontro_v/arrival.asc
NCOLS 638
NROWS 825
XLLCORNER -2985163.8955
YLLCORNER -3022031.214
CELLSIZE 10000
NODATA_value -1
[rows 276 to 321 of 825, columns 384 to 479 of 638]
-1 -1 -1 -1 -1 -1 -1 -1 -1 -1 -1 -1 -1 -1 2327 -1 -1 2415 2405 2421 2427 2427 2448 2430 2432 2429 2413 -1 -1 -1 -1 -1 -1 -1 -1 -1 -1 -1 -1 2380 -1 -1 -1 -1 -1 -1 -1 -1 -1 -1 -1 -1 -1 -1 -1 -1 -1 -1 -1 -1 -1 -1 -1 -1 -1 -1 -1 -1 -1 -1 -1 -1 -1 -1 -1 -1 -1 -1 -1 -1 -1 -1 -1 -1 -1 -1 -1 -1 -1 -1 -1 -1 -1 -1 -1 -1
-1 -1 -1 -1 -1 -1 -1 -1 -1 -1 -1 -1 2319 -1 -1 2361 2381 2428 2429 2447 2434 2428 2458 2455 2442 2439 -1 -1 -1 -1 -1 -1 -1 -1 -1 -1 -1 -1 -1 -1 2394 -1 -1 -1 -1 -1 -1 -1 -1 -1 -1 -1 -1 -1 -1 -1 -1 -1 -1 -1 -1 -1 -1 -1 -1 -1 -1 -1 -1 -1 -1 -1 -1 -1 -1 -1 -1 -1 -1 -1 -1 -1 -1 -1 -1 -1 -1 -1 -1 -1 -1 -1 -1 -1 -1 -1
-1 -1 -1 -1 -1 -1 -1 -1 -1 -1 -1 -1 -1 -1 2340 2347 -1 2382 2442 2442 2448 2456 2458 2454 2469 2453 2449 -1 -1 -1 -1 -1 -1 -1 -1 -1 -1 -1 -1 -1 2392 -1 -1 -1 -1 -1 -1 -1 -1 -1 -1 -1 -1 -1 -1 -1 -1 -1 -1 -1 -1 -1 -1 -1 -1 -1 -1 -1 -1 -1 -1 -1 -1 -1 -1 -1 -1 -1 -1 -1 -1 -1 -1 -1 -1 -1 -1 -1 -1 -1 -1 -1 -1 -1 -1 -1
-1 -1 -1 -1 -1 -1 -1 -1 -1 -1 -1 -1 -1 -1 -1 -1 -1 -1 2431 2442 2456 2466 2465 2474 2471 2463 -1 2450 2447 -1 2435 -1 -1 -1 -1 -1 -1 -1 -1 -1 2393 2372 -1 -1 -1 -1 -1 -1 -1 -1 -1 -1 -1 -1 -1 -1 -1 -1 -1 -1 -1 -1 -1 -1 -1 -1 -1 -1 -1 -1 -1 -1 -1 -1 -1 -1 -1 -1 -1 -1 -1 -1 -1 -1 -1 -1 -1 -1 -1 -1 -1 -1 -1 -1 -1 -1
-1 -1 -1 -1 -1 -1 -1 -1 -1 -1 -1 -1 -1 -1 -1 -1 -1 -1 -1 2449 2463 2466 2475 2479 2492 2497 2473 2467 2464 2455 -1 -1 -1 -1 -1 -1 -1 -1 -1 -1 -1 -1 -1 -1 -1 -1 -1 -1 -1 -1 -1 -1 -1 -1 -1 -1 -1 -1 -1 -1 -1 -1 -1 -1 -1 -1 -1 -1 -1 -1 -1 -1 -1 -1 -1 -1 -1 -1 -1 -1 -1 -1 -1 -1 -1 -1 -1 -1 -1 -1 -1 -1 -1 -1 -1 -1
-1 -1 -1 -1 -1 -1 -1 -1 -1 -1 -1 -1 -1 -1 -1 -1 -1 -1 2445 2452 2473 2477 2483 2499 2508 2507 2487 2468 2468 2464 -1 -1 -1 -1 -1 -1 -1 -1 2407 -1 -1 -1 -1 -1 -1 -1 -1 -1 -1 -1 -1 -1 2324 -1 -1 -1 -1 -1 -1 -1 -1 -1 -1 -1 -1 -1 -1 -1 -1 -1 -1 -1 -1 -1 -1 -1 -1 -1 -1 -1 -1 -1 -1 -1 -1 -1 -1 -1 -1 -1 -1 -1 -1 -1 -1 1350
-1 -1 -1 -1 -1 -1 -1 -1 -1 -1 -1 -1 -1 -1 -1 -1 -1 2445 2454 2457 2487 2490 2497 2496 2513 2510 2503 2477 2470 2478 2463 2444 2445 2449 2448 2448 -1 -1 2414 2402 2403 2412 -1 -1 -1 -1 -1 -1 -1 -1 -1 -1 2338 2319 -1 -1 -1 -1 -1 -1 -1 -1 -1 -1 -1 -1 -1 -1 -1 -1 -1 -1 -1 -1 -1 -1 -1 -1 -1 -1 -1 -1 -1 -1 -1 -1 -1 -1 -1 -1 -1 -1 -1 -1 -1 -1
-1 -1 -1 -1 -1 -1 -1 -1 -1 -1 -1 -1 -1 -1 -1 -1 -1 2455 2462 2482 2490 2500 2517 2519 2510 2517 2490 2484 2489 2477 2462 2464 2463 2459 -1 -1 2461 2428 -1 -1 2426 2423 -1 -1 -1 -1 -1 -1 -1 -1 -1 -1 -1 2339 -1 -1 -1 -1 -1 -1 -1 -1 -1 -1 -1 -1 -1 -1 -1 -1 -1 -1 -1 -1 -1 -1 -1 -1 -1 -1 -1 -1 -1 -1 -1 -1 -1 -1 -1 -1 -1 -1 -1 1350 -1 1458
-1 -1 -1 -1 -1 -1 -1 -1 -1 -1 -1 -1 -1 -1 -1 -1 -1 2466 2466 2476 2497 2514 2531 2519 2536 2545 2532 2518 2498 2497 2491 2491 2470 2479 2480 2446 -1 -1 -1 -1 2411 2422 2414 -1 -1 2410 2409 2389 2375 2381 2355 -1 -1 2340 -1 -1 -1 -1 -1 -1 -1 -1 -1 -1 -1 -1 -1 -1 -1 -1 -1 -1 -1 -1 -1 -1 -1 -1 -1 -1 -1 -1 -1 -1 -1 -1 -1 -1 -1 -1 -1 -1 1350 1350 -1 1479
-1 -1 -1 -1 -1 -1 -1 -1 -1 -1 -1 -1 -1 -1 -1 -1 -1 -1 -1 2486 2511 2533 2551 2536 2545 2538 2524 2518 2504 2498 2498 2482 -1 2463 2462 -1 2444 -1 -1 -1 2419 2427 2427 2413 -1 -1 -1 -1 -1 -1 2382 2361 -1 -1 -1 -1 -1 -1 -1 -1 -1 -1 -1 -1 -1 -1 -1 -1 -1 -1 -1 -1 -1 -1 -1 -1 -1 -1 -1 -1 -1 -1 -1 -1 -1 -1 -1 -1 -1 -1 -1 -1 1350 1458 1350 1465
-1 -1 -1 -1 -1 -1 -1 -1 -1 -1 -1 -1 -1 -1 -1 -1 -1 -1 2487 2473 2521 2557 2561 2548 2529 2552 2532 2513 2518 2512 2512 2498 -1 -1 2460 -1 2453 2464 2457 2433 -1 2434 2429 2421 -1 -1 -1 -1 -1 2372 -1 2360 2358 -1 -1 -1 -1 -1 -1 -1 -1 -1 -1 -1 -1 -1 -1 -1 -1 -1 -1 -1 -1 -1 -1 -1 -1 -1 -1 -1 -1 -1 -1 -1 -1 -1 -1 -1 -1 -1 -1 -1 -1 1458 1458 1479
-1 -1 -1 -1 -1 -1 -1 -1 -1 -1 -1 -1 -1 -1 -1 -1 -1 -1 2486 2486 2527 2561 2578 2566 2559 2552 2560 2509 2513 2519 2524 2502 2484 2494 2474 -1 2453 2478 2461 2461 2448 2443 2422 2422 2417 -1 -1 -1 -1 2358 -1 2359 -1 -1 -1 -1 -1 -1 -1 -1 -1 -1 -1 -1 -1 -1 -1 -1 -1 -1 -1 -1 -1 -1 -1 -1 -1 -1 -1 -1 -1 -1 -1 -1 -1 -1 -1 -1 -1 -1 -1 -1 -1 1350 1478 1350
-1 -1 -1 -1 -1 -1 -1 -1 -1 -1 -1 -1 -1 -1 -1 -1 -1 -1 2546 2582 2564 2578 2586 2573 2567 2560 2527 2533 2518 2517 2526 2524 2495 2499 2491 2491 2482 2468 2450 -1 -1 2444 2431 2429 2428 2431 2411 -1 -1 2393 2392 2373 -1 -1 -1 -1 -1 -1 -1 -1 -1 -1 -1 -1 -1 -1 -1 -1 -1 -1 -1 -1 -1 -1 -1 -1 -1 -1 -1 -1 -1 -1 -1 -1 -1 -1 -1 -1 -1 -1 -1 -1 -1 -1 -1 -1
-1 -1 -1 -1 -1 -1 -1 -1 -1 -1 -1 -1 -1 -1 -1 -1 -1 -1 -1 2599 2593 2586 2550 2581 2525 2530 2529 2547 2532 2526 2516 2532 2501 2501 2506 2502 2472 2470 2463 2463 2452 2449 2441 2435 2428 2434 2425 2414 -1 2406 2393 2380 -1 -1 -1 -1 -1 -1 -1 -1 -1 -1 -1 -1 -1 -1 -1 -1 -1 -1 -1 -1 -1 -1 -1 -1 -1 -1 -1 -1 -1 -1 -1 -1 -1 -1 -1 -1 -1 -1 -1 -1 -1 -1 -1 -1
-1 -1 -1 -1 -1 -1 -1 -1 -1 -1 -1 -1 -1 -1 -1 -1 -1 -1 2601 2607 2584 2528 2546 2532 2525 2530 2543 2539 2536 2533 2537 2545 2532 2520 2530 2512 2498 2477 2463 2466 2456 2448 2449 2455 2435 2435 2413 2427 2411 2404 2404 2391 2377 -1 -1 -1 -1 -1 -1 -1 -1 -1 -1 -1 -1 -1 -1 -1 -1 -1 -1 -1 -1 -1 -1 -1 -1 -1 -1 -1 -1 -1 -1 -1 -1 -1 -1 -1 -1 -1 -1 -1 -1 -1 -1 -1
-1 -1 -1 -1 -1 -1 -1 2653 2636 2627 -1 -1 -1 -1 -1 -1 -1 2591 2602 -1 -1 -1 2495 2515 2517 2531 2543 2553 2564 2547 2551 2546 2540 2537 2530 2525 2483 2486 2451 2465 2469 2469 2456 2449 2459 2445 2428 2425 2415 2408 2401 2395 2381 -1 -1 -1 -1 -1 -1 -1 -1 -1 -1 -1 -1 -1 -1 -1 -1 -1 -1 -1 -1 -1 -1 -1 -1 -1 -1 -1 -1 -1 -1 -1 -1 -1 -1 -1 -1 -1 -1 -1 -1 -1 -1 -1
-1 -1 2675 2672 2672 -1 2654 2643 2641 2636 2634 2622 2631 2631 2627 -1 -1 -1 -1 -1 -1 -1 -1 -1 2538 2521 2543 2566 2571 2560 2566 2554 2551 2534 2525 2517 2497 2500 2485 2476 2469 2493 2479 2472 2449 2445 2430 2429 2422 2415 2406 2400 2381 -1 -1 -1 -1 -1 -1 -1 -1 -1 -1 -1 -1 -1 -1 -1 -1 -1 -1 -1 -1 -1 -1 -1 -1 -1 -1 -1 -1 -1 -1 -1 -1 -1 -1 -1 -1 -1 -1 -1 -1 -1 -1 -1
2672 2679 2685 2695 2703 2691 2669 2657 2661 2648 2642 2632 2646 2645 2641 2630 2622 2623 -1 -1 -1 -1 -1 -1 2559 -1 2550 2566 2585 2567 2567 2567 2541 2507 2532 2527 2512 2512 2490 -1 2470 2477 2469 2463 2472 2459 2441 2442 2429 2414 2407 2401 2390 -1 -1 -1 -1 -1 -1 -1 -1 -1 -1 -1 -1 -1 -1 -1 -1 -1 -1 -1 -1 -1 -1 -1 -1 -1 -1 -1 -1 -1 -1 -1 -1 -1 -1 -1 -1 -1 -1 -1 -1 -1 -1 -1
2692 2695 2693 2709 2717 2711 2677 2662 2676 2669 2666 2665 2661 2651 2644 2642 2627 2620 -1 -1 -1 -1 -1 -1 2559 -1 2563 2564 2573 2581 2567 2564 2555 2546 2533 2540 2538 2510 2511 2497 2469 2490 2464 2479 2472 2456 2456 2442 2428 2416 2413 2401 2386 2382 -1 -1 -1 -1 -1 -1 -1 -1 -1 -1 -1 -1 -1 -1 -1 -1 -1 -1 -1 -1 -1 -1 -1 -1 -1 -1 -1 -1 -1 -1 -1 -1 -1 -1 -1 -1 -1 -1 -1 -1 -1 -1
2706 2708 2705 2699 2713 2725 2710 2696 2690 2680 2679 2675 2665 2664 2656 2655 2643 2621 -1 -1 -1 -1 -1 -1 2566 2577 2584 2587 2585 2594 2571 2556 2554 2547 2540 2523 2538 2517 2525 2511 2511 2490 2493 -1 2448 2462 2476 2442 2440 2420 2415 2403 2394 -1 -1 -1 -1 -1 -1 -1 -1 -1 -1 2173 2199 2190 2184 2185 -1 -1 -1 -1 -1 -1 -1 -1 -1 -1 -1 -1 -1 -1 -1 -1 -1 -1 -1 -1 -1 -1 -1 -1 -1 -1 -1 -1
2720 2733 2733 2727 2722 2738 2724 2710 2699 2690 2686 2685 2678 2674 2660 2657 2655 2632 -1 -1 -1 -1 -1 -1 2580 2619 2597 2599 2594 2588 2585 2563 2561 2566 2552 2518 2537 2530 2518 2511 2513 2506 2478 2440 2463 2477 2450 2449 2429 2428 2408 2404 2395 -1 -1 -1 -1 -1 -1 -1 -1 -1 -1 2179 2204 2200 2204 2198 2171 -1 -1 -1 -1 -1 -1 -1 -1 -1 -1 -1 -1 -1 -1 -1 -1 -1 -1 -1 -1 -1 -1 -1 -1 -1 -1 -1
2726 2729 2740 2729 2720 2735 2738 2727 2714 2700 2696 2695 2685 2678 2677 2676 2662 2640 -1 -1 -1 -1 -1 -1 -1 2620 2608 2601 2601 2597 2597 2601 2580 2581 2572 2538 2565 2559 2545 2527 2517 2503 -1 -1 2463 2435 2463 2436 2429 2417 2416 2410 -1 -1 -1 -1 -1 -1 -1 -1 -1 -1 -1 2195 2217 2218 2232 2218 2205 2188 2184 -1 -1 -1 -1 -1 -1 -1 -1 -1 -1 -1 -1 -1 -1 -1 -1 -1 -1 -1 -1 -1 -1 -1 -1 -1
2746 2744 2754 2747 2743 2745 2741 2737 2727 2707 2705 2698 2708 2694 2690 2676 2674 2660 2658 2657 -1 -1 -1 -1 2607 2622 2605 2615 2605 2597 2598 2600 2582 2579 2586 2566 2543 2545 2547 2524 2498 2504 -1 2497 2483 2455 2454 2435 2434 2431 2430 2411 -1 -1 -1 -1 -1 -1 -1 -1 -1 -1 -1 2224 2224 2245 2245 2219 2216 2198 -1 2186 2181 -1 -1 -1 -1 -1 -1 -1 -1 -1 -1 -1 -1 -1 -1 -1 -1 -1 -1 -1 -1 -1 -1 -1
2764 2764 2765 2763 2761 2761 2759 2744 2734 2717 2712 2719 2720 2713 2694 2682 2682 2672 2649 2673 2641 -1 -1 -1 2608 2636 2635 2618 2618 2609 2603 2589 2580 2587 2577 2563 2542 2545 2548 2520 2518 2514 2487 2484 2476 2449 2467 2453 2438 2432 2431 2417 -1 -1 -1 -1 -1 -1 -1 -1 -1 -1 -1 2238 2242 2259 2252 2225 2216 2203 2201 2208 2208 2181 2169 -1 -1 -1 -1 -1 -1 -1 -1 -1 -1 -1 -1 -1 -1 -1 -1 -1 -1 -1 -1 -1
2764 2772 2771 2767 2777 2772 2762 2758 2748 2739 2737 2730 2730 2720 2708 2694 2696 2693 2662 2683 2677 -1 -1 -1 2637 2623 2628 2622 2623 2619 2600 2594 2606 2600 2597 2579 2552 2552 2538 2513 2522 2496 2471 2470 2470 2462 2462 2450 2436 2433 2420 2419 -1 -1 -1 -1 -1 -1 -1 -1 -1 -1 -1 2243 2253 2260 2266 2232 2228 2223 2206 2202 2188 2189 2180 2168 -1 -1 -1 -1 -1 -1 -1 -1 -1 -1 -1 -1 -1 -1 -1 -1 -1 -1 -1 -1
2772 2787 2790 2778 2774 2774 2772 2768 2756 2751 2740 2732 2733 2728 2702 2710 2707 2692 2684 2676 2682 -1 2656 2629 -1 2620 2622 2639 2639 2636 2621 2606 2601 2598 2586 2586 2574 2556 2540 2535 2512 2503 2484 2483 2469 2480 2480 2467 2453 2446 2432 2425 -1 -1 -1 -1 -1 -1 -1 -1 -1 -1 -1 2258 2271 2267 2266 2239 2228 2237 2250 2220 2190 2174 -1 -1 -1 -1 -1 -1 -1 -1 -1 -1 -1 -1 -1 -1 -1 -1 -1 -1 -1 -1 1458 -1
2785 2779 2788 2790 2792 2781 2779 2768 2757 2756 2760 2747 2741 2728 2716 2720 2712 2706 2691 2656 2690 2677 2654 2670 -1 2634 2640 2640 2636 2634 2635 2620 2614 2606 2586 2588 2572 2565 2554 2537 2517 2521 2504 2501 2463 2441 2451 2459 2452 2446 2432 -1 -1 -1 -1 -1 -1 -1 -1 -1 -1 -1 -1 2272 2285 2279 2266 2251 2253 2250 2222 -1 -1 -1 -1 -1 -1 -1 -1 -1 -1 -1 -1 -1 -1 -1 -1 -1 -1 -1 -1 -1 -1 1435 1457 -1
2793 2798 2797 2797 2794 2783 2795 2793 2789 2791 2777 2760 2742 2737 2730 2720 2710 2725 2705 2676 2691 2663 2670 2668 -1 2642 2657 2643 2641 2639 2648 2620 2620 2614 2590 2579 2561 2567 2565 2539 2535 2525 2514 2505 2487 2462 2452 2452 2446 2452 2437 -1 -1 -1 -1 -1 -1 -1 -1 -1 -1 -1 -1 2285 2287 2286 2279 2273 2257 2235 2231 2211 -1 -1 -1 -1 -1 -1 -1 -1 -1 -1 -1 -1 -1 -1 -1 -1 -1 -1 1401 -1 -1 1423 1437 -1
2789 2798 2798 2807 2811 2797 2797 2789 2777 2763 2762 2771 2767 2744 2736 2732 2724 2727 2726 2704 2688 2682 2682 2657 2677 2656 2629 2655 2655 2648 2621 2633 2606 2605 2590 2604 2569 2583 2567 2555 2525 -1 2519 2486 2453 2466 2467 2466 2451 2453 2451 -1 -1 -1 -1 -1 -1 -1 -1 -1 -1 -1 2292 2301 2300 2291 2287 2284 2271 2242 -1 2232 -1 -1 -1 -1 -1 -1 -1 -1 -1 -1 -1 -1 -1 -1 -1 -1 -1 -1 1415 -1 -1 -1 -1 -1
2789 2789 2805 2816 2807 2804 2798 2803 2806 2811 2785 2776 2781 2760 2760 2738 2741 2725 2711 2723 2711 2683 2676 2697 2691 2668 2668 2669 2640 2654 2619 2627 2633 2613 2599 -1 2558 2585 2583 2570 -1 2536 2522 2509 2471 2465 2477 2477 2461 2452 2445 -1 -1 -1 -1 -1 -1 -1 -1 -1 -1 2292 2301 2306 2311 2305 2298 2284 2269 2248 -1 -1 -1 -1 -1 -1 -1 -1 -1 -1 -1 -1 -1 -1 -1 -1 -1 -1 -1 -1 -1 -1 -1 -1 -1 -1
2815 2796 2819 2817 2817 2803 2818 2813 2831 2825 2794 2794 2767 2747 2758 2744 2753 2726 2724 2725 2717 2711 2697 2692 2678 2675 2674 2667 2667 2640 2622 2627 2638 2624 2617 -1 2575 2561 2571 2556 -1 2530 2495 2515 2498 2488 2488 2475 2466 2446 2430 -1 -1 -1 -1 -1 -1 -1 -1 -1 -1 2315 2321 2325 2326 2312 2307 2291 2283 2262 2241 -1 -1 -1 -1 -1 -1 -1 -1 -1 -1 -1 -1 -1 -1 -1 -1 -1 -1 -1 -1 -1 -1 -1 -1 -1
2810 2813 2814 2828 2830 2815 2812 2831 2827 2815 2796 2794 2781 2767 2759 2758 2745 2761 2745 2746 2760 2726 2712 2683 2689 2688 2634 2656 2647 2668 2633 2634 2627 2606 2605 -1 2564 2563 2563 2551 2537 -1 2529 2515 2486 2494 2473 2475 2471 2454 2454 -1 -1 -1 -1 -1 -1 -1 -1 -1 -1 2321 2335 2353 2340 2321 2305 2295 2282 -1 -1 -1 -1 -1 -1 -1 -1 -1 -1 -1 -1 -1 -1 2125 -1 -1 -1 -1 -1 -1 -1 -1 -1 -1 -1 -1
2824 2824 2834 2830 2821 2838 2824 2840 2845 2823 2801 2801 2781 2778 2778 2780 2774 2759 2773 2773 2756 2743 2723 2708 2702 2676 -1 2648 2669 2667 2648 2642 2642 2612 2606 -1 2561 2571 2551 2551 2545 -1 -1 2494 2502 2496 2487 2471 2467 2470 2463 2452 2436 -1 -1 -1 -1 -1 -1 -1 2340 2367 2360 2348 2334 2318 2300 2295 2283 -1 -1 -1 -1 -1 -1 -1 -1 -1 -1 -1 -1 -1 2132 2132 2133 2127 2126 -1 -1 -1 -1 -1 -1 -1 -1 1800
2825 2833 2834 2837 2842 2845 2852 2859 2840 2823 2815 2815 2801 2794 2791 2779 2794 2791 2783 2769 2757 2742 2722 2709 2690 -1 -1 -1 2668 2626 2647 2658 2627 2613 -1 2593 2585 2584 2583 2559 2549 -1 -1 2521 2520 2513 2495 2485 2484 2465 2466 2450 -1 2443 2436 2416 -1 2395 -1 -1 2355 2368 2374 2348 2334 2325 2304 2303 2259 2253 -1 -1 -1 -1 -1 -1 -1 -1 -1 -1 -1 2144 2143 2146 2158 2138 2134 -1 -1 -1 -1 -1 -1 -1 -1 -1
2824 2832 2848 2851 2839 2842 2858 2858 2847 2831 2811 2815 2807 2814 2808 2795 2807 2804 2777 2762 2762 2727 2715 2710 -1 2689 -1 -1 2607 2615 2663 2632 2647 2627 -1 2564 2579 2572 2591 2564 2556 2542 -1 2534 2520 2525 2513 2486 2481 2462 2470 2471 2457 2450 2436 2429 2423 2409 -1 -1 2375 2369 2355 2341 2339 2320 2316 2300 2260 -1 -1 -1 -1 -1 -1 -1 -1 -1 -1 -1 -1 -1 2152 2159 2168 2148 -1 -1 -1 -1 -1 -1 -1 -1 -1 -1
2839 2838 2855 2865 2849 2858 2865 2861 2849 2844 2842 2815 2811 2835 2822 2814 2804 2779 2776 2757 2728 2727 2721 2711 2703 -1 -1 -1 2587 2603 2618 2648 2625 2626 -1 -1 2556 2555 2572 2590 2570 2554 -1 -1 -1 2486 2511 2504 2474 2477 2470 2491 2457 2450 2450 2437 2423 2415 -1 2389 2393 2382 2359 2338 2337 2334 2313 2286 2274 -1 -1 -1 2252 2244 -1 -1 2187 2186 2180 2175 2165 2166 2164 2169 2167 2154 -1 -1 -1 -1 -1 -1 -1 -1 -1 1870
2845 2851 2865 2876 2863 2879 2861 2874 2865 2849 2856 2845 2835 2825 2828 2801 2809 2795 2771 2775 2750 2737 2752 2719 2726 2706 -1 -1 2602 -1 -1 2590 2597 -1 -1 -1 2561 2564 2568 2573 2568 2555 2555 -1 -1 -1 2485 2532 2491 2488 2492 2485 2463 2449 2437 2435 2436 2416 2403 2394 2382 2373 2354 2352 2352 2324 2313 2300 2266 -1 2279 2266 2258 2249 2243 -1 2197 2196 2186 2185 2184 2172 2179 2174 2168 2163 -1 -1 -1 -1 -1 -1 2107 2106 -1 1884
2858 2871 2876 2878 2900 2881 2874 2866 2879 2872 2859 2862 2848 2843 2829 2825 2811 2792 2784 2797 2769 2766 2753 2747 2740 2720 -1 -1 -1 -1 -1 -1 -1 -1 -1 -1 2553 2562 2575 2573 2585 2565 2565 2551 -1 -1 2494 2519 2502 2511 2499 2486 2478 2465 2450 2430 2423 2418 2416 2389 2384 2352 2352 2334 2334 2320 2304 2284 2286 2279 2262 2265 2264 2249 -1 -1 2222 2218 2211 2198 2183 2180 2188 2159 2173 2159 2149 -1 -1 -1 -1 -1 -1 -1 -1 2085
2872 2906 2883 2900 2895 2897 2879 2893 2896 2882 2875 2875 2863 2846 2845 2833 2829 2820 2797 2800 2774 2760 2754 2753 2734 2711 -1 -1 -1 -1 -1 -1 -1 -1 -1 -1 -1 -1 2596 2583 2599 2576 2562 2571 -1 -1 2533 2533 2520 2506 2511 2500 2472 2478 2451 2438 2431 2422 2404 2388 2368 2380 2354 2368 2334 2320 -1 2269 2263 2267 2273 2262 -1 -1 -1 -1 2232 2221 2228 2211 2192 2193 2186 2190 2170 2149 2148 2149 2136 -1 -1 -1 -1 2115 -1 2094
2907 2890 2910 2907 2911 2908 2904 2907 2894 2897 2883 2877 2863 2856 2855 2843 2834 2822 2822 2809 2795 2768 2735 2747 2733 2710 -1 -1 -1 -1 -1 -1 -1 -1 -1 2630 -1 2603 2608 2617 2603 2584 2570 2572 2554 2540 2535 2530 2531 2525 2510 2500 2471 2465 2452 2444 2436 2417 2415 2401 2388 2359 2354 2340 2320 2309 2302 2302 2303 2281 -1 2269 -1 -1 -1 2200 2218 2218 2232 2227 2207 2199 2186 2191 2158 2156 -1 -1 -1 -1 -1 -1 -1 -1 2114 2094
2886 2910 2921 2916 2915 2932 2907 2890 2897 2897 2884 2891 2880 2867 2856 2854 2835 2835 2818 2804 2802 2788 2760 2740 2722 -1 -1 -1 -1 2669 -1 -1 -1 -1 -1 2619 2617 2631 2589 2597 2597 2596 2596 2583 2573 2559 2552 2528 2539 2515 2518 2518 2490 2486 2472 2465 2446 2432 2415 2402 2388 2368 2371 2354 2323 2315 2308 2317 2274 2296 -1 2283 -1 -1 2239 2225 2247 2233 2226 2226 2213 2209 2179 -1 -1 2157 -1 -1 -1 -1 -1 -1 -1 2073 -1 1903
2914 2917 2931 2939 2932 2919 2925 2904 2904 2898 2891 2903 2880 2890 2876 2861 2849 2838 2822 2806 2786 2788 2775 2751 2729 2715 -1 -1 -1 2689 -1 -1 2663 2649 2652 2637 2631 2618 2614 2607 2607 2593 2586 2574 2569 2537 2520 2552 2528 2510 2510 2524 2491 2484 2470 2456 2452 2438 2425 2418 2404 2385 2374 2335 2351 2322 2304 2295 -1 2296 -1 -1 -1 -1 -1 2235 2234 2233 2212 2213 2210 2193 2189 -1 -1 -1 -1 -1 -1 -1 -1 -1 -1 -1 -1 2052
2948 2951 2953 2942 2934 2928 2925 2918 2912 2914 2901 2903 2887 2882 2880 2869 2861 2852 2820 2803 2802 2782 2768 2765 2746 2745 2711 -1 2690 2689 2682 2683 -1 -1 2672 2662 2631 2628 2602 2622 2607 2585 2588 2550 -1 -1 2506 2524 2515 2500 2538 2504 2491 2490 2489 2466 2459 2448 2434 2420 2406 2400 2384 2364 2338 2337 2330 2308 -1 -1 2298 2284 2254 -1 -1 2243 2230 2216 2223 2227 2208 2191 2196 -1 -1 -1 -1 -1 -1 -1 -1 -1 -1 -1 -1 1923
2983 2972 2965 2948 2952 2938 2932 2920 2914 2899 2914 2910 2886 2880 2875 2867 2855 2846 2825 2818 2811 2785 2761 2766 2749 2742 2732 -1 2694 2696 2697 2692 2678 2673 2646 -1 2648 2631 2623 2606 2613 2593 2585 2548 2536 2559 2572 2562 2551 2551 2502 2509 2509 2503 2471 2469 2475 2468 2447 2436 2418 2405 2386 2370 2363 2343 2329 2330 2318 2287 2288 2274 2267 2264 2264 2247 2230 2223 2210 2222 2214 2200 2193 -1 -1 -1 -1 -1 -1 -1 -1 -1 -1 -1 1910 1938
2986 2973 2976 2965 2955 2946 2935 2940 2921 2914 2924 2893 2886 2872 2872 2866 2856 2845 2832 2822 2799 2811 2767 2763 2750 2730 2742 2709 2712 2698 2685 2678 2671 2667 2658 -1 2644 2641 2626 2614 2617 2584 2579 2572 2549 2528 2563 2558 2542 2528 2523 2517 2517 2504 2489 2475 2470 2456 2454 2446 2422 2403 2383 2379 2366 2350 2334 2332 2325 2308 2290 2283 2269 2278 2266 2244 2242 2215 -1 2212 -1 -1 -1 -1 -1 -1 -1 -1 -1 -1 -1 -1 -1 -1 1905 1924
2987 2989 2976 2966 2958 2955 2941 2935 2945 2922 2888 2889 2883 2869 2868 2864 2852 2842 2833 2819 2806 2798 2783 2751 2750 -1 2716 2714 2709 2698 2692 2664 2666 2666 2666 -1 2648 2635 2627 2618 2597 2597 2583 2585 2572 2534 2520 2525 2542 2532 2510 2505 2491 2496 2490 2483 2469 2471 2457 2446 2434 2404 2402 2369 2354 2352 2336 2339 2327 2318 2310 2305 2269 2280 2263 2257 2234 2246 2232 -1 -1 -1 -1 -1 -1 -1 -1 -1 -1 -1 -1 -1 -1 -1 1905 1946
