R/wo_max/noveg_4400/arrival.asc
NCOLS 638
NROWS 825
XLLCORNER -2985163.8955
YLLCORNER -3022031.214
CELLSIZE 10000
NODATA_value -1
[rows 252 to 293 of 825, columns 190 to 284 of 638]
3268 3280 3286 3312 3312 3335 3326 3318 3357 3356 3380 3402 3401 3423 3423 3423 3436 3436 3436 3458 3468 3468 3466 3490 3498 3520 3520 3520 3542 3551 3551 3551 3573 3573 3580 3602 3602 3582 3604 3604 3624 3636 3659 3663 3664 3685 3709 3703 3734 3732 3754 3754 3755 3801 3822 3827 3827 3822 3837 3837 3858 3845 3863 3863 3858 3858 3872 3872 3894 3894 3903 3903 3893 3885 3905 3888 3907 3899 3920 3930 3930 3926 3936 3946 3966 3968 3968 3970 3965 3965 3949 3941 3941 3934 3929
3280 3286 3294 3318 3318 3337 3340 3337 3360 3357 3388 3388 3402 3424 3417 3417 3445 3445 3440 3458 3468 3475 3490 3498 3512 3520 3542 3542 3542 3567 3567 3579 3573 3580 3590 3621 3602 3621 3634 3626 3636 3656 3656 3664 3685 3726 3731 3731 3754 3757 3757 3755 3755 3801 3809 3832 3849 3827 3844 3844 3858 3867 3868 3867 3867 3880 3903 3886 3880 3894 3917 3925 3903 3916 3907 3905 3916 3919 3920 3914 3914 3930 3936 3958 3958 3966 3968 3982 3970 3981 3981 3958 3966 3952 3947
3286 3299 3294 3320 3320 3340 3337 3343 3361 3365 3388 3388 3411 3411 3424 3455 3455 3472 3463 3485 3475 3490 3498 3512 3497 3519 3529 3519 3563 3574 3574 3581 3579 3596 3596 3605 3621 3627 3644 3644 3666 3686 3686 3709 3709 3731 3726 3753 3757 3754 3779 3775 3801 3809 3823 3855 3855 3849 3877 3858 3867 3849 3871 3885 3899 3880 3894 3903 3886 3908 3917 3939 3925 3925 3916 3907 3916 3919 3921 3942 3942 3953 3953 3958 3989 3972 3990 3990 3982 3989 4003 3989 3981 3966 3975
3299 3286 3309 3320 3320 3343 3343 3365 3365 3389 3388 3411 3411 3433 3433 3449 3449 3463 3472 3472 3485 3485 3488 3497 3519 3527 3541 3549 3563 3590 3590 3590 3612 3605 3605 3627 3627 3644 3649 3666 3681 3688 3688 3718 3718 3730 3730 3776 3753 3779 3775 3775 3809 3846 3846 3854 3854 3877 3877 3880 3880 3871 3881 3907 3907 3899 3910 3925 3903 3924 3908 3930 3939 3948 3948 3938 3916 3921 3942 3943 3953 3960 3975 3975 3981 3989 3989 4004 4013 3990 3989 4003 3989 3965 3979
3286 3312 3309 3321 3331 3344 3366 3366 3380 3403 3411 3433 3433 3433 3451 3449 3451 3464 3495 3472 3495 3507 3507 3519 3527 3541 3549 3572 3572 3572 3590 3612 3590 3612 3612 3634 3634 3649 3635 3662 3674 3681 3674 3704 3718 3740 3754 3776 3799 3821 3821 3802 3824 3824 3848 3856 3854 3878 3899 3882 3882 3885 3885 3912 3919 3919 3910 3939 3925 3925 3924 3917 3930 3961 3948 3938 3930 3943 3943 3938 3960 3960 3981 3995 3981 3981 3998 4004 4013 4010 4010 4011 4011 3971 3979
3312 3321 3321 3331 3344 3366 3353 3349 3389 3411 3403 3425 3425 3447 3465 3451 3464 3473 3473 3495 3495 3517 3517 3539 3527 3549 3559 3559 3554 3594 3594 3616 3612 3590 3612 3634 3657 3657 3657 3679 3696 3696 3693 3718 3750 3750 3762 3776 3799 3799 3802 3824 3823 3833 3856 3879 3878 3899 3901 3901 3904 3904 3930 3914 3912 3919 3941 3941 3939 3948 3948 3939 3948 3961 3970 3970 3960 3974 3953 3960 3969 3982 3981 3975 3995 4003 4003 3998 4035 4033 4010 4011 3989 4011 3989
3307 3323 3323 3344 3345 3367 3367 3389 3389 3389 3383 3406 3415 3425 3447 3465 3473 3479 3495 3495 3517 3527 3539 3548 3548 3557 3548 3548 3571 3585 3585 3593 3616 3616 3658 3658 3635 3663 3679 3679 3705 3693 3727 3718 3727 3770 3772 3772 3788 3802 3821 3844 3844 3866 3866 3878 3879 3901 3901 3923 3923 3926 3935 3930 3930 3945 3950 3950 3961 3961 3961 3970 3970 3992 3984 3992 3970 3953 3974 3969 3982 3993 3982 3974 3981 3998 4020 4035 4034 4012 4033 4034 4011 4033 4017
3329 3336 3345 3345 3367 3367 3388 3389 3367 3411 3411 3428 3428 3458 3447 3479 3479 3496 3511 3511 3533 3533 3527 3550 3535 3548 3557 3571 3591 3602 3591 3594 3613 3635 3648 3648 3658 3680 3703 3725 3725 3725 3748 3727 3754 3772 3793 3789 3794 3806 3805 3844 3820 3866 3888 3888 3896 3901 3905 3905 3927 3944 3926 3935 3945 3945 3971 3950 3972 3971 3971 3971 3970 3992 4015 3992 3992 3996 3974 3969 3982 3993 3982 3981 3982 4012 4020 4035 4058 4056 4055 4034 4033 4033 4033
3336 3351 3358 3376 3390 3383 3383 3388 3398 3420 3429 3442 3437 3459 3458 3473 3481 3474 3496 3496 3511 3512 3519 3535 3550 3535 3558 3580 3580 3591 3602 3613 3624 3635 3633 3640 3680 3703 3708 3703 3739 3748 3731 3748 3770 3776 3793 3815 3829 3829 3829 3832 3868 3874 3890 3896 3918 3918 3925 3901 3927 3927 3944 3954 3954 3976 3954 3971 3972 3993 3993 3993 3992 3992 4016 4015 4015 3967 3996 3982 3991 4004 4004 3993 4004 4020 4035 4058 4035 4047 4056 4055 4042 4049 4049
3351 3358 3379 3376 3376 3390 3398 3398 3420 3429 3442 3451 3451 3451 3459 3458 3504 3481 3481 3496 3512 3528 3528 3558 3558 3572 3572 3557 3571 3567 3568 3613 3624 3641 3633 3673 3680 3686 3686 3708 3732 3739 3754 3754 3770 3776 3793 3815 3837 3837 3851 3851 3874 3890 3896 3912 3925 3921 3947 3947 3930 3949 3949 3957 3957 3957 3976 3994 3972 3970 3993 3971 3993 4016 4016 4015 4015 3992 4037 3991 4014 4014 4017 4016 4036 4042 4058 4080 4047 4058 4079 4055 4042 4048 4072
3358 3379 3379 3379 3398 3398 3410 3410 3429 3426 3426 3443 3452 3474 3473 3451 3473 3504 3504 3504 3504 3535 3535 3559 3580 3580 3559 3581 3603 3589 3588 3610 3610 3633 3655 3673 3688 3688 3686 3698 3716 3732 3761 3761 3754 3784 3798 3823 3823 3837 3868 3868 3890 3890 3912 3898 3920 3925 3952 3939 3939 3956 3956 3969 3969 3979 3979 3999 3994 3994 4016 4016 4016 4023 4038 4038 4061 4038 4037 4015 4036 4014 4013 4035 4035 4036 4058 4080 4058 4079 4079 4101 4048 4042 4072
3380 3380 3380 3379 3402 3402 3411 3433 3421 3429 3429 3452 3474 3473 3482 3482 3482 3487 3527 3527 3504 3549 3557 3557 3559 3574 3581 3603 3589 3589 3611 3610 3610 3655 3664 3686 3670 3670 3710 3716 3716 3762 3764 3787 3816 3798 3806 3838 3838 3860 3868 3874 3890 3901 3898 3916 3920 3920 3939 3952 3962 3962 3962 3984 3988 3980 3979 3977 3999 4017 4017 4017 4039 4062 4054 4035 4052 4061 4060 4052 4018 4036 4028 4035 4036 4058 4059 4103 4080 4081 4072 4101 4081 4065 4094
3371 3396 3396 3402 3411 3411 3433 3415 3437 3456 3452 3459 3460 3460 3482 3478 3495 3505 3532 3549 3549 3532 3547 3564 3574 3581 3596 3596 3611 3611 3619 3633 3633 3665 3665 3686 3665 3688 3710 3719 3739 3764 3784 3787 3816 3816 3816 3838 3860 3869 3869 3893 3905 3916 3932 3938 3938 3961 3961 3966 3974 3974 3974 3984 3979 3988 3980 4011 3999 4021 4021 4039 4024 4039 4062 4054 4045 4083 4061 4060 4036 4050 4050 4059 4080 4059 4058 4103 4104 4104 4101 4104 4081 4088 4088
3389 3389 3402 3414 3428 3428 3436 3437 3459 3459 3456 3460 3490 3488 3482 3482 3505 3532 3527 3527 3549 3549 3564 3577 3587 3596 3596 3617 3619 3619 3633 3641 3641 3664 3663 3679 3694 3693 3716 3719 3764 3784 3770 3787 3832 3816 3856 3838 3847 3869 3869 3892 3893 3905 3916 3932 3931 3938 3953 3954 3966 3966 3996 3996 3984 4004 4004 4010 4011 4011 4033 4035 4042 4045 4062 4067 4067 4067 4083 4075 4060 4082 4081 4081 4082 4103 4080 4150 4127 4104 4104 4124 4088 4110 4102
3394 3389 3404 3414 3436 3415 3437 3437 3458 3468 3467 3467 3468 3490 3488 3505 3510 3527 3517 3527 3554 3573 3595 3578 3596 3587 3617 3618 3633 3633 3641 3649 3664 3663 3671 3694 3693 3716 3739 3739 3742 3762 3770 3796 3810 3832 3838 3856 3878 3863 3878 3892 3884 3893 3914 3936 3936 3953 3954 3954 3984 3967 3998 4007 4007 4004 4010 4026 4026 4031 4033 4033 4035 4042 4065 4084 4086 4089 4089 4083 4082 4097 4105 4081 4082 4126 4149 4150 4126 4126 4124 4125 4116 4110 4111
3394 3403 3421 3421 3421 3436 3437 3458 3468 3476 3476 3498 3489 3499 3499 3497 3510 3532 3532 3550 3564 3577 3595 3596 3609 3609 3618 3626 3634 3634 3649 3639 3649 3671 3694 3693 3716 3734 3748 3742 3762 3769 3769 3788 3788 3810 3838 3838 3856 3878 3901 3902 3884 3914 3936 3936 3953 3956 3956 3956 3967 3985 4010 3998 4007 4025 4026 4027 4048 4048 4031 4031 4065 4053 4084 4084 4097 4117 4106 4106 4082 4097 4105 4105 4127 4127 4149 4150 4146 4124 4139 4116 4125 4102 4110
3401 3394 3426 3426 3426 3443 3443 3466 3466 3488 3470 3470 3498 3520 3497 3520 3521 3550 3550 3573 3573 3574 3595 3617 3628 3628 3635 3634 3635 3657 3656 3656 3680 3702 3702 3712 3726 3734 3734 3748 3748 3747 3769 3788 3810 3828 3828 3860 3860 3863 3909 3909 3931 3914 3935 3938 3938 3943 3967 3967 3988 3988 4004 4010 4025 4029 4029 4049 4058 4052 4058 4053 4053 4075 4085 4085 4107 4107 4117 4128 4106 4111 4105 4129 4152 4171 4149 4172 4146 4146 4139 4139 4125 4147 4156
3407 3401 3425 3413 3443 3448 3466 3466 3488 3488 3488 3488 3502 3502 3520 3521 3542 3552 3564 3574 3574 3596 3596 3617 3640 3648 3648 3635 3657 3656 3668 3680 3702 3690 3712 3724 3734 3726 3726 3730 3756 3770 3778 3801 3801 3854 3854 3860 3882 3882 3882 3909 3931 3936 3938 3935 3942 3953 3984 3984 4004 4004 3997 4036 4029 4059 4058 4059 4081 4058 4083 4080 4080 4097 4097 4107 4109 4129 4129 4117 4128 4128 4127 4151 4152 4152 4171 4172 4172 4192 4170 4139 4147 4147 4156
3401 3407 3413 3425 3448 3463 3463 3457 3466 3479 3488 3510 3510 3498 3524 3542 3564 3564 3586 3586 3586 3618 3618 3618 3640 3648 3626 3648 3668 3654 3680 3690 3690 3703 3724 3721 3713 3738 3756 3756 3770 3778 3787 3809 3832 3832 3831 3854 3886 3886 3886 3914 3929 3914 3936 3933 3953 3961 3961 3984 4004 4004 4004 4029 4036 4036 4059 4058 4081 4081 4080 4083 4083 4126 4108 4108 4128 4140 4151 4162 4152 4152 4174 4174 4196 4196 4174 4161 4194 4194 4192 4170 4170 4163 4156
3424 3401 3416 3432 3456 3456 3457 3457 3479 3479 3510 3510 3495 3510 3542 3524 3533 3542 3574 3574 3595 3606 3606 3618 3637 3637 3661 3671 3654 3668 3690 3699 3699 3703 3723 3716 3721 3745 3761 3761 3784 3810 3810 3832 3829 3828 3831 3883 3884 3883 3907 3929 3951 3951 3936 3953 3968 3975 3997 3997 4006 4006 4026 4026 4029 4041 4048 4048 4072 4104 4104 4087 4126 4106 4106 4127 4142 4151 4140 4152 4162 4174 4174 4176 4186 4196 4171 4194 4217 4208 4214 4192 4175 4178 4163
3397 3397 3432 3438 3448 3448 3458 3455 3481 3487 3504 3495 3526 3526 3527 3533 3527 3542 3572 3572 3574 3595 3609 3618 3618 3662 3671 3661 3671 3693 3693 3707 3715 3716 3701 3723 3738 3761 3745 3767 3807 3807 3807 3807 3839 3851 3862 3884 3883 3907 3929 3930 3930 3953 3953 3975 3975 3968 3991 4006 4002 4028 4028 4034 4034 4034 4041 4063 4063 4072 4103 4080 4104 4106 4127 4128 4127 4173 4155 4139 4163 4162 4176 4173 4195 4219 4219 4217 4202 4222 4208 4214 4200 4200 4185
3416 3416 3438 3428 3438 3438 3455 3458 3487 3481 3480 3504 3504 3495 3516 3527 3550 3550 3564 3550 3571 3595 3609 3617 3641 3641 3662 3653 3683 3683 3692 3715 3707 3715 3716 3738 3738 3752 3762 3784 3787 3787 3817 3829 3851 3862 3884 3885 3907 3907 3929 3929 3922 3930 3952 3957 3973 3973 3980 3991 4002 4004 4018 4018 4052 4052 4066 4058 4080 4080 4080 4103 4108 4149 4149 4119 4139 4142 4173 4173 4174 4196 4201 4194 4201 4241 4223 4219 4217 4222 4231 4214 4208 4222 4208
3395 3416 3428 3407 3424 3455 3460 3459 3473 3489 3481 3511 3500 3516 3509 3519 3519 3564 3539 3586 3586 3617 3617 3632 3632 3641 3662 3663 3685 3692 3706 3692 3715 3715 3739 3739 3752 3762 3784 3785 3800 3800 3829 3839 3862 3853 3853 3876 3885 3907 3907 3922 3934 3936 3952 3979 3979 3980 3968 3991 4003 4002 4004 4021 4029 4049 4074 4066 4089 4080 4103 4103 4149 4126 4171 4171 4173 4151 4179 4188 4219 4196 4194 4201 4207 4223 4241 4241 4240 4263 4246 4240 4222 4231 4208
3395 3395 3416 3428 3450 3450 3444 3460 3490 3473 3489 3500 3511 3522 3519 3520 3541 3541 3541 3571 3571 3595 3632 3632 3630 3639 3663 3684 3685 3685 3716 3706 3716 3738 3761 3761 3762 3770 3770 3786 3801 3817 3839 3845 3853 3845 3854 3899 3907 3905 3905 3934 3936 3957 3957 3992 3975 3975 3998 4013 4013 4013 4021 4034 4049 4052 4074 4058 4080 4089 4089 4103 4103 4125 4163 4194 4171 4173 4202 4202 4196 4219 4241 4219 4223 4227 4246 4264 4264 4263 4246 4240 4231 4208 4200
3399 3421 3417 3439 3446 3446 3446 3459 3469 3490 3500 3511 3522 3541 3541 3542 3542 3544 3544 3594 3594 3616 3609 3616 3639 3663 3684 3685 3693 3693 3693 3716 3738 3738 3738 3738 3770 3783 3792 3792 3817 3823 3845 3823 3831 3854 3877 3899 3883 3907 3907 3930 3934 3935 3952 3975 3992 4014 4020 4037 4028 4035 4035 4034 4050 4041 4071 4071 4066 4093 4111 4111 4125 4148 4163 4156 4194 4194 4216 4224 4216 4216 4241 4241 4241 4246 4264 4259 4286 4264 4285 4263 4253 4231 4238
3399 3399 3421 3417 3439 3438 3438 3469 3491 3491 3513 3513 3511 3520 3520 3540 3540 3564 3564 3573 3573 3594 3616 3639 3654 3662 3671 3671 3685 3676 3685 3729 3706 3729 3751 3739 3761 3783 3793 3801 3823 3822 3822 3822 3854 3877 3877 3883 3885 3914 3894 3930 3937 3937 3960 3998 3998 4020 4014 4014 4037 4059 4049 4049 4049 4050 4072 4072 4071 4093 4096 4111 4148 4148 4164 4151 4196 4218 4216 4216 4224 4224 4247 4241 4269 4264 4246 4259 4276 4286 4285 4262 4253 4239 4239
3407 3407 3429 3407 3437 3428 3451 3469 3489 3489 3491 3504 3498 3518 3518 3518 3524 3542 3541 3555 3584 3618 3618 3595 3632 3654 3662 3654 3676 3685 3707 3707 3729 3751 3739 3761 3761 3793 3801 3800 3815 3832 3832 3855 3855 3847 3846 3852 3890 3914 3894 3951 3952 3952 3961 3976 3975 3992 3983 4002 4013 4037 4059 4051 4071 4071 4051 4050 4094 4094 4116 4117 4164 4164 4165 4174 4196 4196 4218 4204 4238 4247 4241 4264 4287 4291 4286 4332 4285 4285 4308 4275 4262 4262 4239
3401 3400 3414 3429 3429 3437 3457 3483 3483 3499 3483 3498 3504 3524 3521 3521 3540 3553 3555 3547 3572 3584 3594 3618 3640 3640 3654 3639 3667 3685 3707 3707 3720 3739 3761 3761 3762 3771 3800 3793 3800 3815 3814 3832 3847 3846 3868 3868 3892 3913 3913 3924 3951 3967 3976 3976 3996 3996 4006 4028 4028 4028 4051 4081 4081 4096 4096 4094 4094 4116 4126 4134 4142 4142 4142 4164 4196 4196 4221 4238 4266 4266 4265 4287 4310 4310 4310 4332 4291 4285 4308 4285 4262 4284 4285
3379 3400 3424 3414 3437 3451 3457 3469 3487 3483 3499 3506 3510 3524 3528 3545 3553 3534 3534 3556 3586 3586 3607 3640 3639 3639 3655 3665 3687 3707 3707 3710 3739 3755 3755 3777 3777 3771 3771 3794 3816 3814 3818 3824 3846 3847 3869 3892 3913 3902 3901 3936 3956 3956 3967 3978 3996 4006 4018 4018 4028 4050 4050 4059 4074 4074 4094 4094 4116 4116 4134 4126 4126 4141 4141 4174 4196 4242 4243 4266 4243 4288 4288 4287 4287 4275 4275 4310 4355 4307 4307 4308 4284 4284 4285
3394 3424 3446 3446 3451 3469 3469 3487 3501 3501 3506 3510 3528 3528 3550 3550 3545 3540 3556 3577 3594 3594 3607 3625 3619 3642 3665 3687 3693 3710 3710 3732 3732 3732 3715 3755 3762 3772 3794 3816 3802 3794 3802 3818 3837 3840 3869 3891 3902 3890 3924 3936 3945 3935 3956 3978 3978 3997 4018 4032 4040 4046 4046 4074 4069 4074 4088 4097 4116 4136 4136 4158 4158 4158 4175 4221 4221 4243 4242 4265 4242 4280 4311 4287 4287 4287 4287 4332 4355 4323 4377 4330 4315 4307 4308
3401 3424 3417 3439 3439 3461 3461 3462 3493 3493 3488 3497 3506 3520 3533 3533 3555 3540 3581 3571 3577 3607 3602 3602 3625 3665 3671 3671 3671 3693 3687 3703 3703 3726 3726 3749 3772 3794 3780 3780 3794 3802 3825 3825 3818 3840 3859 3902 3891 3924 3936 3945 3938 3923 3938 3970 3997 4010 4010 4040 4032 4054 4054 4051 4051 4069 4074 4088 4097 4113 4119 4136 4176 4198 4198 4198 4197 4220 4219 4234 4265 4242 4265 4311 4333 4333 4356 4356 4378 4378 4378 4377 4400 4307 4284
3396 3417 3394 3417 3428 3439 3454 3454 3473 3473 3473 3488 3519 3501 3520 3520 3544 3555 3566 3581 3581 3602 3603 3626 3648 3648 3648 3642 3670 3670 3678 3684 3703 3727 3749 3772 3748 3748 3770 3770 3780 3815 3815 3805 3825 3847 3859 3871 3892 3893 3914 3923 3940 3938 3942 3965 3970 3996 3996 4019 4019 4032 4041 4064 4071 4061 4092 4103 4103 4113 4131 4145 4176 4176 4175 4181 4197 4220 4234 4242 4242 4242 4288 4287 4286 4310 4311 4332 4355 4400 4400 4400 4400 4332 4308
3385 3396 3396 3397 3423 3423 3437 3445 3454 3476 3499 3487 3497 3519 3541 3541 3566 3566 3586 3586 3603 3603 3626 3619 3619 3626 3649 3649 3665 3665 3678 3707 3727 3749 3726 3726 3726 3762 3777 3777 3792 3792 3808 3808 3837 3847 3857 3870 3893 3891 3923 3914 3940 3942 3943 3965 3970 4025 4025 4047 4041 4041 4064 4086 4086 4081 4103 4109 4131 4154 4154 4126 4145 4175 4172 4180 4197 4220 4205 4234 4225 4220 4256 4286 4287 4286 4310 4310 4300 4332 4355 4346 4354 4354 4354
3375 3405 3405 3405 3427 3427 3445 3459 3476 3480 3476 3499 3521 3525 3544 3544 3548 3548 3548 3580 3580 3580 3587 3609 3633 3633 3656 3649 3671 3671 3681 3727 3707 3707 3726 3726 3749 3771 3784 3793 3792 3789 3789 3835 3837 3848 3870 3879 3891 3891 3907 3918 3943 3957 3965 3979 3994 4003 4002 4041 4047 4064 4060 4081 4081 4103 4109 4131 4123 4112 4126 4126 4142 4148 4180 4172 4188 4194 4205 4219 4234 4256 4220 4242 4264 4287 4310 4286 4309 4287 4355 4346 4331 4284 4331
3397 3395 3395 3417 3437 3437 3459 3473 3473 3473 3480 3480 3499 3521 3525 3517 3521 3526 3541 3571 3571 3587 3609 3626 3626 3624 3633 3656 3681 3681 3700 3700 3694 3694 3729 3749 3752 3784 3771 3771 3793 3793 3793 3835 3835 3857 3879 3879 3891 3911 3907 3918 3933 3979 3979 3971 3994 4003 4002 4025 4018 4050 4050 4060 4072 4086 4109 4123 4118 4135 4135 4148 4148 4157 4179 4188 4188 4193 4219 4227 4227 4249 4249 4264 4242 4286 4286 4309 4287 4276 4310 4309 4331 4286 4263
3385 3385 3385 3406 3417 3433 3449 3458 3458 3495 3495 3503 3503 3503 3517 3526 3526 3541 3556 3573 3573 3594 3595 3618 3610 3626 3672 3672 3678 3678 3678 3694 3672 3694 3729 3726 3752 3774 3749 3764 3780 3794 3812 3825 3857 3856 3856 3861 3911 3912 3918 3939 3934 3973 3995 3995 4003 4015 4015 4019 4040 4040 4038 4055 4072 4094 4100 4118 4113 4113 4112 4135 4157 4179 4174 4196 4196 4186 4219 4205 4218 4227 4234 4234 4263 4263 4263 4264 4285 4285 4276 4331 4309 4285 4240
3363 3384 3384 3406 3406 3418 3433 3449 3449 3457 3457 3472 3471 3494 3505 3527 3541 3540 3550 3556 3594 3594 3605 3604 3627 3650 3650 3632 3632 3656 3667 3683 3683 3698 3726 3748 3762 3752 3774 3774 3787 3812 3812 3819 3836 3864 3861 3864 3886 3912 3912 3934 3939 3957 3988 4016 4016 4016 4038 4038 4044 4063 4050 4072 4094 4100 4087 4117 4117 4113 4135 4157 4148 4174 4157 4157 4186 4174 4186 4193 4212 4200 4217 4210 4210 4232 4240 4242 4244 4244 4285 4240 4263 4285 4231
3384 3389 3389 3411 3429 3429 3451 3442 3457 3472 3472 3494 3494 3510 3510 3527 3527 3526 3559 3572 3572 3573 3604 3605 3650 3636 3614 3614 3646 3646 3676 3694 3694 3720 3725 3762 3756 3756 3780 3780 3796 3819 3819 3836 3842 3842 3864 3886 3889 3903 3934 3926 3957 3951 3973 3988 3988 3993 4018 4040 4044 4063 4072 4089 4089 4078 4095 4095 4134 4135 4126 4148 4143 4163 4163 4161 4161 4164 4193 4180 4200 4194 4217 4240 4240 4232 4222 4222 4221 4263 4263 4223 4239 4263 4240
3367 3390 3412 3412 3411 3411 3429 3451 3442 3451 3450 3464 3486 3505 3505 3517 3527 3550 3572 3559 3581 3581 3604 3627 3627 3604 3614 3652 3667 3667 3648 3698 3675 3720 3725 3748 3734 3766 3787 3787 3796 3804 3823 3842 3858 3858 3867 3881 3889 3903 3926 3928 3951 3973 3971 3993 3993 4010 3999 4040 4021 4041 4066 4066 4078 4071 4111 4111 4134 4117 4126 4126 4125 4130 4141 4139 4164 4161 4150 4178 4178 4195 4218 4218 4187 4190 4210 4240 4240 4221 4217 4207 4223 4239 4263
3390 3381 3390 3389 3435 3435 3457 3457 3473 3473 3473 3486 3495 3505 3505 3519 3550 3528 3540 3540 3558 3581 3605 3605 3604 3592 3629 3652 3652 3648 3698 3693 3675 3703 3725 3748 3734 3755 3788 3788 3804 3822 3822 3822 3844 3867 3881 3889 3906 3906 3928 3948 3951 3956 3962 4001 4010 4018 4018 4021 4012 4044 4066 4047 4071 4089 4111 4103 4117 4094 4117 4139 4125 4138 4141 4157 4157 4150 4147 4159 4180 4218 4194 4187 4187 4210 4190 4192 4218 4217 4201 4207 4217 4217 4218
3350 3380 3389 3386 3412 3408 3408 3408 3457 3479 3479 3474 3505 3495 3518 3527 3528 3511 3526 3534 3559 3582 3605 3604 3582 3606 3630 3629 3606 3648 3676 3671 3693 3698 3703 3743 3743 3755 3769 3777 3800 3800 3822 3812 3844 3862 3862 3887 3924 3906 3928 3926 3948 3962 3971 3965 4001 4001 4033 4033 4033 4055 4062 4062 4073 4085 4085 4085 4077 4094 4139 4125 4138 4141 4135 4135 4125 4147 4159 4187 4187 4173 4195 4194 4187 4190 4192 4209 4217 4218 4207 4201 4217 4194 4173
3341 3364 3364 3368 3386 3386 3413 3411 3411 3434 3447 3447 3473 3479 3489 3527 3512 3512 3526 3549 3573 3582 3582 3582 3584 3630 3630 3625 3625 3653 3676 3671 3680 3698 3721 3743 3755 3766 3777 3769 3791 3800 3817 3830 3830 3863 3909 3924 3909 3883 3926 3947 3948 3971 3979 3979 3972 3990 4018 4018 4055 4048 4048 4041 4063 4063 4055 4064 4094 4077 4093 4106 4109 4135 4112 4143 4143 4141 4165 4165 4173 4164 4180 4195 4187 4194 4209 4194 4218 4195 4186 4176 4194 4194 4195
