R/wo_max/noveg_4400/arrival.asc
NCOLS 638
NROWS 825
XLLCORNER -2985163.8955
YLLCORNER -3022031.214
CELLSIZE 10000
NODATA_value -1
[rows 378 to 419 of 825, columns 285 to 379 of 638]
3277 3294 3289 3289 3293 3321 3321 3332 3325 3325 3325 3327 3330 3330 3327 3327 3316 3324 3324 3313 3302 3287 3303 3293 3314 3296 3305 3312 3312 3308 3326 3319 3294 3294 3289 3297 3306 3306 3306 3296 3295 3272 3245 3245 3260 3240 3239 3230 3239 3215 3207 3211 3233 3216 3211 3206 3208 3207 3198 3184 3162 3161 3161 3153 3162 3143 3146 3131 3114 3092 3097 3089 3107 3105 3089 3076 3044 3067 3071 3049 3044 3028 3013 3013 3005 2997 2982 2977 2999 2976 2962 2948 2952 2946 2939
3266 3277 3267 3267 3289 3300 3300 3303 3303 3303 3309 3304 3308 3330 3321 3305 3316 3316 3302 3302 3282 3282 3279 3287 3292 3314 3296 3305 3308 3312 3319 3304 3296 3272 3275 3289 3297 3279 3284 3296 3277 3255 3254 3260 3240 3247 3229 3239 3216 3215 3211 3206 3216 3202 3199 3193 3177 3184 3184 3176 3161 3168 3161 3138 3129 3138 3124 3102 3100 3092 3076 3082 3066 3075 3073 3089 3076 3054 3049 3036 3035 3035 3005 2991 2983 2975 2997 2975 2977 2955 2962 2948 2948 2945 2945
3255 3266 3267 3259 3278 3278 3278 3280 3280 3280 3293 3304 3299 3308 3308 3289 3285 3294 3294 3294 3279 3279 3265 3287 3295 3292 3283 3299 3293 3316 3304 3296 3285 3264 3272 3267 3275 3279 3284 3274 3277 3255 3254 3232 3247 3229 3225 3216 3221 3215 3207 3185 3202 3200 3199 3177 3193 3184 3176 3162 3161 3168 3146 3138 3131 3116 3138 3124 3102 3099 3092 3076 3082 3075 3073 3065 3065 3045 3054 3049 3012 3035 3013 3005 2982 2983 2961 2961 2975 2977 2955 2955 2926 2923 2940
3234 3235 3237 3259 3256 3256 3256 3266 3272 3272 3272 3277 3272 3299 3285 3285 3265 3265 3270 3271 3263 3271 3257 3265 3274 3295 3292 3277 3299 3302 3316 3296 3285 3263 3250 3267 3275 3284 3261 3261 3261 3232 3232 3232 3225 3216 3216 3221 3216 3207 3185 3171 3200 3178 3175 3171 3171 3162 3162 3139 3153 3146 3123 3123 3138 3131 3116 3107 3102 3099 3069 3061 3060 3075 3073 3051 3043 3043 3043 3034 3017 3012 3013 2991 2960 2982 2938 2939 2931 2943 2943 2932 2926 2923 2901
3234 3227 3235 3235 3237 3237 3246 3246 3250 3250 3250 3250 3261 3272 3255 3277 3263 3263 3263 3270 3240 3249 3257 3257 3265 3274 3277 3278 3280 3293 3302 3285 3273 3263 3250 3244 3272 3272 3253 3239 3208 3215 3239 3239 3225 3209 3199 3190 3185 3185 3176 3175 3178 3175 3171 3160 3171 3162 3139 3153 3131 3146 3124 3123 3131 3116 3094 3084 3099 3077 3047 3069 3047 3060 3051 3034 3012 3011 3021 3034 3017 3013 2995 2991 2959 2959 2939 2958 2936 2931 2943 2932 2925 2926 2923
3200 3202 3213 3213 3215 3224 3224 3224 3234 3234 3250 3250 3240 3228 3245 3255 3255 3246 3240 3240 3240 3240 3249 3234 3251 3256 3274 3277 3278 3280 3293 3277 3273 3263 3250 3244 3250 3230 3227 3207 3216 3208 3193 3216 3222 3209 3190 3198 3189 3185 3185 3178 3155 3146 3160 3140 3140 3140 3123 3139 3124 3101 3091 3109 3131 3078 3094 3084 3054 3046 3077 3047 3054 3054 3052 3051 3021 3021 3002 2982 3017 2995 2991 2995 2960 2959 2937 2939 2958 2936 2936 2937 2932 2925 2915
3185 3200 3191 3202 3213 3202 3202 3189 3204 3212 3212 3228 3204 3208 3223 3245 3224 3232 3240 3240 3218 3223 3223 3234 3243 3251 3256 3267 3271 3272 3280 3277 3255 3251 3250 3232 3229 3230 3227 3216 3194 3186 3177 3193 3232 3222 3178 3189 3168 3158 3158 3155 3147 3168 3140 3140 3140 3118 3123 3109 3107 3124 3100 3100 3109 3109 3094 3071 3062 3039 3046 3077 3035 3032 3052 3030 3021 3021 3027 3005 3002 3002 2973 2991 2964 2942 2937 2936 2914 2914 2914 2937 2915 2915 2894
3179 3170 3170 3191 3170 3181 3181 3181 3182 3204 3190 3190 3204 3204 3208 3223 3223 3210 3210 3218 3218 3218 3202 3211 3219 3229 3251 3264 3267 3271 3272 3255 3251 3242 3229 3218 3232 3227 3208 3204 3204 3177 3171 3193 3209 3232 3186 3189 3177 3159 3168 3155 3168 3147 3146 3140 3139 3118 3109 3093 3109 3101 3100 3100 3086 3071 3049 3048 3048 3062 3031 3055 3046 3034 3017 3030 3005 3027 2996 2990 2980 2994 2987 2987 2964 2950 2937 2936 2915 2920 2914 2898 2906 2921 2893
3157 3157 3148 3158 3159 3159 3159 3159 3160 3182 3190 3167 3166 3182 3182 3182 3201 3201 3210 3195 3196 3218 3202 3211 3219 3229 3242 3245 3264 3247 3249 3255 3232 3229 3220 3201 3218 3219 3219 3208 3204 3182 3147 3170 3209 3191 3200 3186 3177 3159 3168 3146 3146 3137 3140 3139 3118 3117 3118 3109 3101 3079 3068 3068 3086 3078 3071 3039 3024 3048 3055 3031 3032 3015 3017 3030 3007 3005 2982 2972 2972 2980 2994 2972 2965 2942 2928 2929 2920 2915 2898 2898 2906 2921 2899
3134 3136 3148 3148 3158 3137 3137 3159 3159 3158 3182 3160 3160 3166 3159 3159 3178 3178 3178 3178 3195 3196 3189 3202 3211 3206 3229 3242 3245 3233 3247 3249 3232 3229 3206 3196 3197 3218 3207 3197 3176 3163 3162 3187 3209 3178 3187 3200 3186 3166 3136 3154 3146 3146 3138 3117 3118 3094 3096 3087 3079 3070 3070 3068 3086 3069 3049 3026 3025 3025 3024 3032 3031 3015 2993 3007 2984 2984 2982 2972 2958 2953 2980 2965 2972 2942 2928 2919 2929 2907 2896 2896 2914 2899 2895
3112 3118 3126 3126 3129 3129 3137 3128 3137 3137 3158 3136 3137 3137 3137 3159 3129 3151 3156 3164 3173 3195 3173 3180 3189 3197 3206 3220 3242 3220 3220 3258 3258 3232 3206 3196 3197 3207 3184 3182 3176 3162 3148 3139 3170 3164 3178 3187 3169 3166 3144 3144 3154 3138 3117 3118 3116 3096 3096 3079 3077 3056 3060 3055 3055 3047 3069 3049 3026 3025 3025 3010 3032 3015 3015 2985 3007 2984 2968 2982 2958 2958 2958 2965 2943 2941 2928 2906 2919 2904 2907 2891 2914 2899 2895
3112 3095 3103 3104 3104 3107 3107 3107 3106 3114 3137 3136 3136 3115 3115 3127 3127 3129 3151 3156 3164 3163 3164 3173 3180 3189 3197 3206 3210 3211 3197 3212 3235 3206 3200 3186 3196 3184 3172 3176 3162 3154 3148 3139 3155 3163 3164 3178 3156 3138 3135 3144 3146 3123 3115 3116 3100 3096 3094 3072 3062 3077 3059 3055 3054 3031 3047 3038 3006 3026 3016 3016 3010 2987 2993 2985 2985 2968 2971 2958 2941 2945 2935 2942 2943 2932 2911 2906 2897 2888 2904 2876 2891 2883 2876
3089 3091 3091 3091 3103 3103 3097 3097 3106 3106 3114 3105 3114 3114 3115 3105 3127 3129 3134 3141 3156 3134 3149 3158 3166 3175 3179 3180 3194 3185 3197 3212 3235 3200 3186 3188 3188 3184 3172 3150 3154 3142 3148 3141 3163 3142 3141 3164 3147 3147 3156 3135 3124 3146 3115 3115 3106 3100 3096 3094 3056 3062 3046 3054 3045 3031 3047 3025 3009 3006 2994 2994 2994 3010 2993 2993 2993 2985 2971 2957 2948 2941 2945 2926 2941 2943 2932 2911 2906 2897 2876 2875 2869 2891 2876
3067 3067 3067 3061 3069 3081 3081 3081 3075 3084 3084 3084 3105 3092 3114 3084 3095 3107 3110 3110 3141 3134 3149 3158 3166 3175 3179 3180 3185 3194 3189 3197 3213 3235 3204 3204 3166 3156 3153 3150 3154 3146 3141 3125 3123 3119 3124 3142 3131 3134 3156 3136 3123 3124 3115 3093 3106 3084 3069 3072 3063 3047 3039 3054 3045 3023 3023 3025 3009 3006 2994 2993 2993 2994 2979 2971 2975 2993 2971 2950 2948 2926 2927 2913 2910 2935 2913 2901 2911 2900 2875 2876 2869 2873 2851
3065 3057 3044 3044 3061 3046 3046 3058 3058 3060 3075 3061 3061 3070 3092 3073 3084 3095 3107 3110 3119 3119 3126 3134 3143 3147 3151 3157 3183 3167 3171 3189 3188 3213 3190 3189 3166 3156 3153 3132 3150 3146 3125 3109 3123 3119 3119 3124 3142 3131 3134 3136 3123 3102 3124 3083 3093 3084 3072 3069 3049 3031 3047 3039 3023 3006 3023 3025 3002 3003 2975 2994 2972 2972 2962 2962 2954 2975 2971 2961 2950 2927 2905 2913 2891 2910 2935 2901 2883 2900 2878 2878 2878 2869 2873
3043 3043 3043 3025 3044 3024 3036 3026 3036 3058 3052 3052 3051 3047 3070 3073 3073 3079 3095 3096 3096 3104 3126 3134 3143 3147 3151 3157 3160 3183 3167 3171 3188 3213 3189 3177 3166 3167 3156 3132 3122 3122 3118 3123 3109 3101 3100 3102 3124 3111 3134 3112 3105 3093 3102 3093 3093 3071 3084 3049 3039 3048 3048 3023 3007 3000 3000 3002 2994 2980 3003 2980 2980 2978 2970 2962 2940 2943 2961 2939 2939 2939 2905 2913 2910 2889 2913 2913 2889 2888 2881 2859 2856 2851 2842
3020 3021 3021 3025 3025 3012 3014 3024 3026 3036 3036 3030 3030 3041 3047 3047 3048 3050 3079 3074 3088 3104 3104 3126 3134 3143 3147 3125 3137 3160 3160 3167 3170 3190 3189 3177 3167 3151 3136 3124 3102 3100 3118 3101 3091 3077 3070 3092 3102 3111 3112 3103 3102 3080 3080 3102 3075 3071 3062 3049 3027 3026 3026 3007 2985 2991 3000 3002 2983 2983 2987 2971 2978 2970 2956 2947 2947 2930 2943 2943 2917 2916 2905 2894 2891 2890 2882 2890 2890 2889 2888 2881 2856 2851 2843
3017 2999 3020 3020 3003 3012 3012 3014 3024 2994 3013 3013 3019 3025 3041 3026 3033 3048 3050 3057 3065 3074 3082 3104 3112 3113 3115 3117 3125 3137 3138 3148 3170 3190 3168 3135 3144 3151 3136 3124 3104 3100 3100 3101 3091 3077 3079 3092 3102 3116 3094 3112 3102 3091 3071 3080 3075 3071 3062 3039 3027 3017 3001 3026 3007 2985 2975 2976 2983 2987 2983 2971 2956 2962 2962 2925 2917 2925 2898 2921 2921 2917 2916 2894 2871 2891 2890 2882 2868 2890 2866 2859 2850 2856 2824
3008 2986 2999 2998 3003 3003 2990 2990 2992 2994 2994 2999 3013 3008 3019 3025 3026 3033 3033 3050 3065 3072 3074 3104 3112 3113 3115 3120 3125 3132 3137 3138 3148 3168 3157 3125 3125 3144 3119 3104 3124 3104 3078 3069 3077 3069 3079 3093 3093 3094 3116 3094 3091 3083 3071 3049 3049 3043 3043 3039 3031 3009 3001 3004 2995 2985 2975 2954 2976 2974 2956 2956 2940 2938 2940 2939 2917 2899 2909 2898 2921 2899 2917 2893 2884 2871 2860 2859 2859 2868 2866 2859 2847 2838 2844
2995 2972 2977 2998 2998 2981 2975 2981 2990 2992 2992 2970 2981 2997 3002 3019 3025 3018 3018 3033 3042 3049 3058 3081 3082 3093 3098 3115 3120 3110 3132 3126 3148 3168 3145 3113 3113 3113 3119 3119 3102 3080 3078 3070 3055 3056 3069 3061 3071 3085 3094 3085 3085 3061 3083 3049 3020 3020 3021 3043 3039 3031 3004 2984 2986 2964 2963 2962 2954 2954 2974 2939 2940 2940 2938 2940 2939 2885 2898 2879 2879 2899 2890 2893 2871 2884 2871 2861 2848 2868 2852 2855 2838 2847 2844
2950 2964 2972 2977 2975 2975 2967 2953 2958 2958 2970 2961 2970 2981 2990 2997 2997 3003 3018 3020 3042 3049 3058 3059 3064 3080 3087 3093 3098 3100 3103 3110 3126 3145 3135 3105 3105 3097 3097 3102 3074 3052 3055 3078 3070 3055 3056 3069 3071 3072 3094 3054 3063 3085 3061 3049 3027 3048 3012 3021 3012 3009 3000 2986 2984 2969 2963 2962 2940 2942 2951 2939 2919 2940 2940 2918 2909 2907 2884 2868 2876 2882 2899 2890 2868 2862 2862 2863 2861 2848 2837 2851 2855 2824 2822
2943 2943 2950 2950 2945 2952 2953 2936 2953 2958 2938 2960 2949 2959 2959 2974 2981 2986 3003 3010 3020 3036 3058 3059 3064 3080 3081 3093 3098 3100 3103 3103 3126 3145 3123 3093 3093 3097 3088 3080 3074 3033 3052 3047 3047 3039 3047 3069 3069 3071 3072 3063 3063 3061 3040 3040 3027 3026 3048 3026 3021 3012 3009 3000 2978 2970 2969 2956 2943 2931 2942 2951 2939 2919 2918 2907 2909 2885 2884 2868 2860 2876 2882 2868 2868 2846 2846 2863 2841 2841 2836 2837 2826 2824 2824
2920 2932 2934 2934 2945 2945 2952 2929 2929 2928 2928 2938 2938 2949 2959 2952 2974 2974 2981 2998 3020 3036 3037 3042 3059 3058 3061 3081 3068 3071 3073 3095 3103 3123 3113 3082 3093 3071 3065 3080 3057 3034 3034 3052 3056 3046 3047 3047 3069 3053 3054 3072 3063 3063 3051 3023 3040 3027 3017 3013 3026 2990 2981 2978 2979 2978 2970 2956 2945 2943 2931 2942 2919 2918 2907 2885 2887 2885 2863 2863 2854 2860 2876 2854 2836 2837 2837 2846 2818 2819 2841 2836 2835 2826 2795
2919 2920 2932 2912 2915 2923 2923 2923 2907 2907 2928 2928 2917 2927 2929 2941 2952 2959 2981 2986 2998 3013 3036 3037 3042 3048 3058 3061 3061 3068 3073 3081 3103 3123 3100 3077 3077 3071 3065 3057 3034 3043 3047 3056 3029 3029 3046 3047 3047 3038 3053 3054 3040 3051 3031 3029 3023 3009 3017 3013 2994 2995 2990 2979 2947 2957 2957 2939 2945 2938 2919 2912 2916 2909 2895 2885 2887 2865 2854 2863 2840 2838 2860 2854 2858 2831 2837 2837 2818 2806 2819 2836 2835 2813 2802
2898 2919 2920 2901 2912 2915 2885 2901 2901 2901 2907 2897 2897 2917 2927 2929 2949 2952 2954 2975 2982 2998 3014 3020 3037 3042 3048 3058 3046 3068 3071 3073 3081 3100 3077 3068 3056 3071 3048 3065 3057 3042 3047 3020 3034 3034 3025 3047 3025 3023 3023 3040 3040 3020 3031 3029 3029 3017 2999 2995 2985 2994 2972 2958 2948 2942 2948 2957 2940 2938 2919 2916 2912 2909 2895 2885 2865 2857 2854 2840 2840 2828 2838 2829 2858 2836 2836 2814 2818 2832 2806 2819 2813 2790 2802
2888 2889 2898 2898 2880 2883 2885 2885 2866 2878 2878 2896 2896 2905 2917 2927 2919 2929 2954 2959 2975 2982 2982 2992 3014 3020 3026 3029 3037 3046 3051 3058 3081 3100 3056 3056 3068 3046 3048 3040 3035 3042 3020 3012 3025 3012 3034 3025 3025 3023 3010 3009 3053 3031 3009 2991 3007 2998 2995 2999 2995 2963 2994 2963 2964 2942 2947 2925 2918 2940 2918 2912 2890 2881 2864 2865 2857 2847 2835 2822 2822 2822 2815 2838 2827 2813 2822 2836 2810 2813 2832 2791 2790 2813 2802
2871 2880 2889 2875 2880 2880 2883 2883 2861 2866 2869 2878 2876 2883 2895 2905 2919 2920 2932 2954 2975 2982 2982 2986 2997 3014 3020 3006 3026 3037 3046 3051 3058 3078 3036 3055 3055 3046 3048 3051 3040 3035 3015 3018 3012 3025 3015 3015 3025 3021 3031 3010 3031 3053 3009 3000 3007 3001 2998 2995 2973 2995 2972 2971 2949 2964 2947 2947 2925 2896 2909 2918 2912 2881 2880 2858 2847 2856 2835 2825 2803 2800 2793 2815 2815 2827 2822 2814 2810 2813 2801 2787 2790 2791 2782
2867 2871 2880 2875 2875 2858 2858 2861 2852 2861 2846 2864 2876 2876 2883 2895 2905 2897 2922 2932 2937 2951 2960 2964 2969 2992 2997 3006 3015 3026 3020 3036 3058 3078 3032 3036 3032 3024 3017 3029 3051 3029 3007 3015 3018 3012 2995 3003 2999 3021 3031 3022 3017 3009 2996 3000 2991 3007 3001 2978 2978 2973 2972 2950 2971 2949 2947 2925 2925 2909 2903 2889 2890 2881 2880 2863 2858 2856 2835 2812 2803 2800 2800 2797 2793 2813 2796 2798 2814 2810 2787 2801 2774 2768 2791
2845 2867 2857 2858 2858 2836 2858 2835 2849 2835 2835 2846 2846 2854 2857 2873 2875 2897 2910 2922 2932 2937 2960 2964 2969 2969 2992 2997 2998 3015 3003 3020 3019 3019 3019 3032 3010 3017 2998 3020 3023 3020 3029 3007 3011 3011 2991 2995 3003 3008 3008 3022 3017 2996 2987 2978 2991 2976 2976 2970 2973 2969 2969 2950 2949 2940 2927 2919 2925 2925 2906 2903 2890 2868 2868 2863 2858 2836 2827 2812 2811 2806 2806 2801 2797 2790 2813 2798 2804 2783 2779 2787 2770 2774 2768
2839 2845 2845 2857 2836 2827 2836 2826 2826 2826 2812 2824 2824 2854 2854 2857 2863 2875 2889 2900 2910 2914 2919 2942 2964 2955 2975 2976 2983 2998 2984 3003 2996 2996 2997 3010 3010 3013 3014 3014 3006 3023 2998 2998 3007 2991 2992 2996 3008 2991 2989 2989 2996 2985 2973 2987 2978 2976 2954 2944 2947 2947 2947 2950 2927 2927 2919 2905 2905 2906 2893 2884 2871 2849 2858 2868 2837 2836 2827 2812 2811 2806 2806 2784 2801 2782 2790 2781 2804 2782 2778 2774 2756 2769 2768
2817 2817 2822 2822 2826 2827 2813 2813 2796 2804 2812 2812 2824 2831 2835 2841 2857 2863 2875 2900 2910 2914 2919 2932 2942 2952 2961 2975 2976 2983 2984 2988 2971 2974 2974 2974 2987 3013 2991 2992 2992 3006 2992 2998 2976 2981 2992 2996 2991 2977 2977 2985 2973 2973 2955 2964 2960 2960 2954 2944 2929 2924 2924 2904 2900 2901 2905 2897 2897 2897 2893 2884 2871 2862 2849 2856 2837 2837 2836 2806 2795 2784 2792 2775 2775 2770 2782 2790 2773 2782 2778 2767 2774 2769 2746
2817 2795 2808 2822 2826 2803 2803 2803 2782 2796 2790 2792 2796 2819 2831 2831 2835 2843 2868 2878 2887 2891 2914 2919 2932 2942 2952 2954 2976 2983 2984 2988 2971 2971 2953 2965 2965 2987 2970 2991 2991 2992 2998 2998 2976 2976 2980 2964 2964 2963 2963 2977 2985 2951 2932 2932 2932 2938 2938 2954 2944 2929 2904 2897 2888 2888 2877 2877 2882 2893 2871 2871 2884 2871 2862 2849 2856 2825 2806 2804 2806 2795 2792 2775 2766 2775 2791 2773 2766 2782 2782 2767 2770 2746 2751
2785 2794 2795 2808 2795 2795 2803 2803 2781 2781 2770 2790 2792 2796 2809 2812 2813 2835 2843 2865 2878 2887 2891 2897 2910 2919 2920 2952 2930 2954 2954 2965 2965 2949 2949 2953 2965 2987 2965 2970 2968 2968 2968 2976 2967 2976 2952 2953 2964 2963 2945 2954 2954 2951 2932 2910 2932 2915 2938 2916 2916 2916 2897 2904 2897 2872 2872 2867 2882 2863 2863 2849 2871 2853 2848 2848 2849 2827 2817 2804 2782 2785 2781 2775 2775 2791 2769 2758 2766 2760 2782 2770 2743 2748 2746
2770 2772 2777 2794 2794 2773 2773 2781 2772 2758 2770 2770 2790 2792 2801 2809 2813 2821 2830 2843 2846 2865 2869 2891 2910 2919 2920 2930 2930 2931 2936 2936 2943 2943 2943 2949 2941 2965 2942 2948 2948 2946 2959 2959 2952 2967 2944 2952 2953 2932 2932 2917 2940 2951 2928 2887 2892 2892 2915 2893 2906 2906 2893 2893 2872 2871 2867 2850 2841 2841 2841 2849 2826 2838 2841 2826 2849 2817 2827 2817 2795 2794 2785 2781 2775 2769 2760 2758 2751 2751 2760 2751 2748 2743 2738
2750 2755 2772 2777 2771 2771 2771 2773 2771 2758 2758 2749 2761 2770 2780 2786 2809 2799 2821 2825 2830 2842 2865 2869 2878 2887 2888 2907 2930 2922 2931 2931 2909 2911 2921 2917 2919 2941 2938 2938 2926 2926 2946 2946 2937 2937 2944 2944 2932 2922 2932 2932 2940 2928 2928 2910 2892 2883 2884 2892 2892 2884 2884 2884 2871 2861 2848 2848 2820 2827 2816 2831 2849 2826 2838 2841 2818 2816 2827 2804 2804 2795 2794 2762 2769 2744 2746 2737 2758 2751 2738 2760 2748 2747 2738
2748 2748 2750 2755 2755 2749 2749 2762 2762 2740 2740 2739 2748 2761 2770 2780 2786 2799 2803 2821 2825 2842 2846 2869 2878 2887 2888 2898 2907 2907 2900 2909 2911 2921 2894 2895 2917 2919 2942 2942 2920 2920 2924 2925 2925 2915 2915 2922 2932 2910 2922 2917 2917 2906 2906 2887 2887 2870 2883 2870 2852 2852 2838 2849 2861 2848 2839 2839 2816 2816 2827 2809 2818 2804 2826 2817 2822 2816 2826 2826 2804 2782 2773 2763 2764 2763 2746 2738 2737 2737 2729 2738 2747 2725 2707
2730 2727 2727 2750 2733 2746 2749 2739 2740 2740 2731 2731 2739 2748 2748 2764 2786 2790 2799 2803 2820 2835 2842 2846 2865 2878 2887 2888 2898 2877 2885 2900 2898 2921 2903 2894 2897 2917 2919 2920 2911 2897 2904 2924 2924 2901 2915 2922 2922 2910 2900 2909 2909 2895 2906 2895 2865 2865 2870 2851 2830 2833 2838 2808 2827 2815 2816 2801 2816 2816 2795 2803 2809 2818 2804 2804 2817 2822 2803 2803 2790 2782 2767 2773 2742 2764 2763 2746 2738 2727 2738 2732 2725 2719 2716
2708 2727 2733 2733 2733 2733 2746 2723 2739 2717 2718 2718 2730 2730 2726 2748 2758 2776 2781 2803 2811 2820 2824 2846 2855 2856 2865 2866 2876 2876 2877 2885 2881 2903 2898 2876 2895 2895 2897 2897 2889 2897 2897 2878 2901 2893 2901 2900 2900 2910 2878 2900 2887 2887 2887 2872 2850 2855 2865 2851 2851 2830 2833 2838 2815 2827 2796 2808 2801 2799 2799 2795 2795 2803 2803 2806 2806 2790 2803 2781 2781 2781 2760 2767 2754 2754 2762 2762 2740 2740 2732 2710 2725 2716 2719
2708 2708 2710 2711 2711 2715 2715 2714 2723 2708 2699 2717 2718 2708 2717 2728 2748 2758 2776 2797 2797 2820 2824 2825 2834 2834 2856 2865 2866 2854 2855 2877 2855 2881 2898 2855 2873 2874 2874 2874 2875 2889 2866 2875 2875 2878 2883 2900 2888 2888 2865 2878 2878 2864 2864 2872 2844 2844 2841 2841 2830 2819 2808 2802 2798 2798 2795 2796 2808 2777 2777 2786 2786 2775 2780 2780 2784 2784 2784 2768 2768 2742 2760 2745 2732 2732 2740 2717 2717 2718 2720 2715 2710 2701 2702
2707 2686 2688 2710 2702 2711 2693 2714 2714 2692 2711 2711 2717 2695 2717 2726 2728 2754 2775 2776 2797 2802 2803 2825 2834 2834 2837 2843 2843 2854 2854 2845 2846 2852 2881 2876 2873 2857 2849 2852 2864 2852 2853 2866 2855 2869 2878 2883 2869 2869 2865 2878 2855 2855 2855 2850 2826 2827 2827 2819 2810 2793 2793 2779 2779 2776 2776 2795 2795 2777 2777 2772 2775 2778 2778 2758 2780 2772 2772 2752 2758 2742 2760 2737 2737 2732 2726 2718 2717 2732 2715 2720 2698 2710 2701
2685 2707 2686 2688 2702 2680 2693 2693 2692 2683 2692 2689 2689 2689 2686 2704 2726 2736 2754 2775 2779 2781 2802 2802 2803 2803 2815 2837 2820 2823 2831 2831 2844 2852 2859 2881 2876 2873 2827 2827 2849 2849 2843 2853 2840 2844 2855 2855 2847 2865 2847 2847 2843 2846 2833 2850 2827 2810 2805 2809 2787 2787 2787 2770 2765 2776 2784 2784 2773 2773 2773 2772 2777 2747 2756 2758 2764 2742 2750 2752 2737 2758 2736 2729 2737 2715 2701 2718 2695 2732 2710 2710 2687 2697 2678
2675 2685 2676 2666 2688 2671 2680 2680 2669 2671 2683 2684 2684 2667 2673 2695 2704 2704 2736 2754 2775 2757 2779 2781 2802 2803 2792 2815 2820 2820 2823 2822 2831 2844 2852 2859 2859 2845 2848 2850 2850 2862 2862 2853 2830 2840 2818 2833 2837 2837 2843 2843 2801 2814 2833 2833 2804 2804 2805 2805 2774 2782 2765 2765 2770 2753 2753 2762 2753 2762 2751 2745 2777 2755 2756 2758 2735 2764 2750 2750 2752 2737 2729 2736 2715 2701 2701 2695 2710 2689 2689 2698 2710 2687 2679
