R/wo_max/noveg_4400/arrival.asc
NCOLS 638
NROWS 825
XLLCORNER -2985163.8955
YLLCORNER -3022031.214
CELLSIZE 10000
NODATA_value -1
[rows 210 to 251 of 825, columns 285 to 379 of 638]
3456 3462 3471 3484 3465 3472 3472 3457 3465 3479 3475 3475 3482 3483 3482 3474 3467 3454 3455 3469 3459 3476 3468 3445 3414 3414 3426 3424 3414 3424 3424 3401 3429 3407 3388 3381 3401 3381 3379 3379 3357 3354 3360 3354 3322 3321 3307 3314 3329 3337 3315 3305 3296 3274 3271 3271 3258 3236 3226 3222 3236 3225 3203 3187 3186 3173 3160 3179 3173 3179 3172 3183 3166 3166 3146 3134 3134 3156 3145 3138 3129 3105 3114 3121 3098 3114 3093 3077 3090 3068 3048 3049 3048 3056 3059
3466 3471 3484 3484 3494 3487 3482 3470 3479 3488 3488 3500 3483 3497 3478 3474 3467 3455 3476 3476 3469 3476 3468 3446 3429 3437 3426 3424 3413 3405 3427 3446 3429 3410 3388 3399 3413 3401 3379 3357 3356 3360 3376 3376 3353 3337 3337 3338 3346 3337 3328 3317 3290 3293 3271 3262 3259 3258 3244 3236 3236 3225 3204 3203 3203 3201 3201 3201 3179 3195 3183 3182 3192 3168 3168 3156 3156 3145 3125 3147 3160 3138 3121 3114 3114 3092 3094 3094 3093 3048 3049 3056 3056 3059 3051
3488 3491 3495 3506 3494 3482 3487 3488 3506 3510 3514 3500 3497 3475 3485 3478 3455 3454 3476 3476 3469 3467 3467 3446 3447 3445 3447 3447 3433 3427 3446 3433 3431 3410 3399 3420 3413 3401 3401 3371 3356 3376 3380 3376 3353 3337 3338 3338 3346 3328 3317 3296 3290 3293 3284 3259 3244 3266 3267 3244 3222 3222 3204 3217 3226 3201 3201 3210 3195 3195 3213 3192 3183 3168 3188 3177 3167 3169 3183 3160 3160 3152 3137 3137 3116 3115 3125 3100 3093 3078 3078 3078 3049 3067 3068
3491 3494 3495 3506 3496 3499 3487 3506 3510 3527 3509 3514 3497 3478 3492 3485 3463 3463 3476 3499 3485 3469 3469 3469 3469 3460 3445 3427 3427 3433 3456 3456 3431 3421 3420 3430 3432 3423 3401 3371 3390 3376 3380 3368 3353 3365 3367 3369 3346 3339 3317 3307 3316 3293 3267 3266 3266 3267 3257 3257 3213 3227 3217 3226 3223 3223 3210 3216 3194 3195 3213 3214 3199 3188 3197 3177 3167 3169 3183 3135 3152 3137 3131 3147 3125 3125 3105 3102 3100 3071 3071 3071 3081 3068 3067
3491 3514 3526 3518 3514 3506 3510 3532 3527 3540 3529 3529 3508 3523 3500 3500 3485 3508 3499 3485 3491 3469 3469 3469 3491 3477 3445 3458 3459 3453 3478 3456 3436 3455 3432 3432 3430 3423 3401 3390 3399 3399 3402 3380 3365 3367 3369 3378 3358 3339 3338 3316 3316 3298 3266 3266 3267 3289 3257 3235 3235 3227 3217 3205 3205 3225 3227 3216 3205 3205 3214 3199 3183 3197 3197 3199 3177 3145 3153 3136 3153 3131 3131 3147 3131 3105 3125 3102 3101 3089 3090 3081 3091 3068 3067
3490 3514 3526 3518 3514 3528 3528 3532 3531 3545 3540 3523 3523 3500 3508 3499 3508 3499 3500 3485 3491 3507 3468 3491 3477 3469 3458 3459 3453 3453 3477 3478 3455 3455 3429 3430 3452 3433 3421 3390 3399 3412 3402 3376 3382 3387 3382 3378 3358 3360 3338 3335 3298 3311 3289 3281 3289 3289 3271 3261 3249 3249 3231 3225 3225 3227 3219 3228 3214 3237 3222 3192 3206 3228 3206 3206 3199 3192 3169 3153 3153 3147 3132 3162 3125 3125 3114 3132 3121 3090 3110 3090 3091 3082 3082
3526 3536 3537 3518 3514 3540 3535 3541 3561 3562 3545 3540 3508 3508 3524 3508 3530 3521 3499 3500 3507 3513 3491 3491 3500 3466 3467 3475 3475 3478 3468 3477 3462 3461 3443 3443 3452 3433 3422 3421 3413 3415 3399 3382 3387 3413 3391 3391 3360 3358 3335 3320 3319 3298 3311 3281 3289 3298 3271 3271 3249 3248 3248 3248 3227 3250 3241 3259 3237 3237 3222 3199 3228 3198 3198 3198 3192 3176 3176 3176 3176 3163 3162 3171 3130 3114 3132 3121 3112 3110 3090 3082 3113 3091 3072
3548 3548 3548 3537 3540 3535 3533 3541 3561 3567 3562 3545 3515 3524 3537 3530 3521 3515 3529 3522 3500 3513 3513 3500 3477 3474 3475 3498 3470 3478 3477 3462 3460 3461 3443 3454 3433 3444 3422 3421 3415 3421 3412 3399 3413 3391 3401 3378 3383 3380 3347 3319 3320 3296 3312 3302 3298 3289 3297 3293 3293 3256 3256 3256 3250 3232 3241 3259 3243 3244 3222 3197 3212 3198 3202 3202 3198 3185 3167 3176 3163 3171 3136 3171 3148 3121 3126 3143 3126 3102 3113 3090 3113 3094 3078
3571 3554 3559 3560 3559 3537 3533 3541 3563 3582 3567 3547 3560 3537 3552 3530 3546 3520 3529 3522 3499 3513 3522 3493 3475 3474 3498 3499 3481 3493 3499 3499 3460 3475 3454 3456 3455 3455 3444 3443 3415 3421 3421 3399 3414 3413 3401 3383 3378 3378 3380 3335 3320 3319 3333 3312 3320 3297 3288 3288 3288 3285 3271 3272 3263 3250 3266 3244 3243 3244 3243 3220 3220 3220 3230 3202 3215 3198 3185 3176 3153 3193 3193 3146 3166 3148 3143 3126 3128 3113 3112 3112 3112 3094 3077
3564 3554 3560 3559 3559 3558 3563 3563 3570 3582 3569 3560 3547 3547 3552 3546 3551 3534 3551 3544 3522 3539 3522 3500 3493 3481 3498 3512 3499 3478 3493 3501 3483 3475 3456 3455 3477 3463 3466 3447 3443 3434 3422 3421 3414 3423 3401 3390 3367 3381 3352 3352 3351 3333 3320 3320 3337 3319 3297 3312 3285 3271 3271 3263 3272 3264 3264 3266 3242 3242 3243 3229 3219 3230 3233 3215 3223 3208 3209 3154 3185 3167 3177 3164 3166 3144 3148 3151 3128 3134 3134 3119 3097 3102 3099
3585 3582 3560 3559 3581 3558 3563 3570 3583 3567 3567 3569 3551 3562 3568 3551 3546 3529 3551 3544 3539 3544 3522 3507 3513 3496 3512 3504 3521 3499 3501 3515 3483 3465 3465 3477 3477 3463 3447 3466 3444 3453 3452 3452 3445 3410 3423 3410 3381 3367 3372 3360 3351 3343 3343 3337 3319 3319 3312 3316 3302 3294 3295 3294 3272 3282 3273 3283 3260 3260 3260 3256 3233 3233 3225 3225 3237 3223 3231 3208 3186 3177 3164 3164 3175 3143 3151 3150 3120 3120 3142 3119 3102 3097 3099
3590 3582 3575 3558 3581 3563 3564 3583 3593 3588 3592 3592 3562 3575 3574 3568 3557 3534 3552 3561 3539 3544 3538 3517 3513 3496 3521 3492 3521 3515 3501 3515 3493 3465 3477 3487 3487 3463 3444 3457 3453 3452 3452 3445 3445 3411 3423 3404 3395 3372 3372 3350 3372 3343 3355 3341 3341 3338 3316 3312 3335 3313 3313 3294 3282 3274 3273 3283 3274 3256 3278 3256 3255 3255 3245 3237 3220 3254 3231 3231 3209 3186 3163 3175 3166 3174 3150 3142 3164 3142 3135 3113 3124 3097 3117
3599 3590 3575 3582 3590 3583 3595 3593 3588 3592 3592 3598 3574 3574 3564 3568 3558 3552 3538 3561 3553 3538 3548 3535 3520 3513 3543 3527 3515 3523 3509 3517 3509 3487 3487 3487 3478 3470 3457 3475 3475 3474 3452 3442 3429 3445 3417 3426 3404 3395 3365 3372 3365 3368 3355 3341 3338 3333 3334 3334 3335 3312 3334 3313 3282 3286 3305 3283 3304 3278 3269 3277 3255 3276 3260 3220 3237 3254 3198 3193 3216 3209 3186 3181 3174 3159 3167 3164 3141 3153 3135 3124 3117 3117 3100
3599 3598 3582 3590 3582 3595 3583 3593 3605 3592 3598 3614 3592 3582 3591 3591 3581 3573 3575 3584 3565 3548 3558 3551 3535 3520 3527 3543 3515 3540 3523 3517 3509 3492 3510 3509 3487 3484 3475 3475 3469 3473 3474 3451 3429 3414 3426 3417 3395 3395 3387 3387 3368 3365 3373 3356 3338 3333 3333 3334 3357 3334 3312 3328 3286 3281 3305 3304 3282 3300 3282 3277 3276 3260 3260 3260 3238 3238 3216 3216 3204 3204 3196 3174 3181 3167 3167 3186 3153 3153 3154 3149 3131 3131 3096
3616 3598 3614 3612 3590 3615 3615 3597 3605 3598 3614 3624 3603 3603 3613 3591 3573 3575 3584 3561 3565 3558 3549 3551 3558 3535 3552 3561 3540 3538 3538 3539 3510 3509 3510 3509 3488 3484 3475 3497 3492 3469 3473 3468 3451 3429 3404 3408 3394 3410 3387 3391 3368 3374 3373 3369 3356 3343 3325 3357 3357 3334 3319 3319 3328 3305 3296 3296 3300 3282 3259 3277 3283 3254 3282 3260 3260 3238 3229 3220 3229 3208 3222 3196 3181 3190 3186 3167 3154 3154 3154 3149 3141 3119 3119
3607 3598 3614 3616 3612 3615 3604 3629 3614 3621 3636 3624 3613 3610 3626 3613 3597 3575 3606 3584 3556 3588 3571 3568 3558 3552 3555 3555 3561 3532 3539 3538 3542 3532 3532 3510 3506 3488 3497 3484 3492 3476 3468 3468 3451 3449 3426 3403 3425 3410 3387 3391 3374 3364 3377 3370 3357 3357 3343 3357 3379 3357 3348 3328 3350 3326 3326 3320 3288 3278 3299 3299 3283 3260 3282 3260 3238 3229 3251 3229 3239 3222 3213 3213 3190 3198 3176 3164 3176 3163 3150 3155 3141 3133 3133
3644 3621 3616 3635 3612 3637 3637 3620 3629 3636 3621 3606 3610 3613 3626 3635 3613 3598 3606 3581 3588 3571 3568 3571 3580 3558 3545 3555 3577 3539 3562 3532 3542 3554 3532 3532 3510 3506 3515 3507 3492 3476 3476 3468 3471 3449 3449 3425 3403 3432 3410 3413 3374 3381 3378 3378 3379 3401 3356 3379 3375 3375 3357 3350 3332 3310 3342 3332 3300 3288 3299 3305 3283 3292 3305 3273 3251 3251 3235 3244 3239 3222 3227 3216 3198 3198 3198 3162 3194 3176 3181 3155 3133 3118 3130
3644 3620 3638 3620 3635 3614 3620 3642 3629 3651 3636 3621 3635 3626 3597 3635 3621 3598 3598 3581 3588 3590 3568 3571 3580 3575 3561 3562 3577 3562 3543 3553 3554 3559 3537 3529 3528 3506 3515 3507 3505 3504 3476 3468 3470 3471 3448 3448 3425 3432 3413 3396 3381 3386 3385 3378 3397 3401 3371 3383 3372 3379 3379 3350 3364 3332 3332 3342 3320 3331 3306 3305 3314 3292 3305 3282 3242 3244 3253 3266 3244 3239 3207 3216 3200 3220 3204 3194 3181 3181 3172 3163 3163 3141 3118
3666 3638 3644 3657 3645 3636 3642 3645 3651 3668 3653 3634 3635 3648 3620 3620 3621 3597 3610 3610 3581 3590 3581 3578 3587 3581 3575 3561 3562 3584 3553 3554 3559 3540 3537 3528 3529 3528 3538 3515 3504 3498 3499 3494 3471 3470 3440 3440 3448 3444 3435 3413 3396 3385 3386 3397 3375 3401 3383 3384 3372 3372 3373 3373 3364 3354 3332 3351 3331 3328 3306 3314 3292 3293 3293 3297 3265 3265 3266 3253 3262 3262 3216 3200 3220 3212 3217 3204 3163 3172 3180 3163 3149 3133 3149
3647 3666 3648 3657 3645 3636 3634 3645 3650 3668 3653 3634 3641 3648 3635 3620 3628 3621 3632 3613 3610 3612 3609 3587 3581 3603 3575 3581 3583 3584 3576 3577 3577 3574 3560 3542 3551 3529 3528 3538 3504 3498 3499 3508 3494 3470 3440 3451 3435 3444 3435 3419 3419 3397 3410 3417 3402 3402 3409 3415 3364 3395 3373 3386 3373 3354 3351 3351 3328 3333 3328 3328 3283 3293 3297 3279 3262 3275 3281 3275 3252 3252 3243 3198 3212 3217 3226 3204 3180 3180 3194 3172 3172 3149 3127
3670 3688 3666 3667 3645 3665 3667 3650 3668 3691 3676 3653 3656 3667 3665 3628 3643 3643 3644 3632 3612 3609 3587 3599 3609 3607 3603 3583 3607 3584 3577 3576 3574 3561 3540 3542 3551 3520 3528 3550 3493 3493 3508 3507 3516 3485 3451 3454 3463 3466 3444 3419 3441 3410 3417 3420 3433 3409 3433 3415 3403 3395 3386 3388 3365 3373 3355 3333 3333 3320 3328 3315 3315 3315 3319 3297 3297 3281 3275 3252 3289 3243 3243 3203 3203 3226 3226 3203 3203 3194 3172 3178 3172 3149 3149
3678 3670 3688 3672 3667 3665 3667 3680 3680 3691 3676 3648 3656 3667 3665 3643 3628 3644 3645 3633 3632 3602 3599 3609 3621 3607 3603 3606 3607 3583 3599 3599 3591 3572 3550 3573 3566 3551 3543 3550 3515 3523 3516 3516 3508 3485 3463 3463 3475 3475 3466 3441 3441 3420 3420 3433 3435 3411 3433 3403 3395 3388 3388 3396 3373 3365 3355 3320 3328 3342 3337 3337 3327 3307 3319 3281 3279 3297 3272 3264 3289 3246 3247 3248 3248 3225 3225 3217 3217 3204 3178 3172 3171 3149 3149
3678 3670 3688 3672 3667 3665 3680 3680 3689 3698 3676 3666 3665 3690 3667 3650 3641 3644 3646 3632 3633 3609 3613 3631 3621 3635 3629 3607 3606 3584 3621 3599 3591 3572 3550 3566 3573 3551 3543 3561 3539 3539 3539 3508 3494 3482 3482 3475 3475 3465 3487 3444 3442 3443 3442 3435 3439 3441 3409 3425 3411 3394 3402 3402 3396 3365 3355 3342 3342 3360 3337 3342 3327 3307 3326 3303 3303 3303 3280 3264 3277 3266 3266 3247 3233 3213 3203 3217 3204 3183 3193 3193 3171 3146 3146
3692 3702 3720 3699 3697 3680 3681 3690 3689 3698 3675 3675 3681 3697 3690 3666 3666 3666 3664 3654 3664 3631 3631 3629 3626 3635 3639 3629 3606 3576 3615 3621 3613 3594 3591 3573 3588 3566 3538 3561 3554 3532 3532 3521 3509 3496 3475 3497 3497 3487 3475 3435 3442 3464 3433 3439 3441 3456 3425 3403 3411 3394 3409 3416 3397 3387 3374 3352 3360 3369 3342 3350 3327 3305 3326 3302 3302 3311 3292 3277 3257 3266 3261 3256 3256 3239 3239 3201 3215 3199 3193 3195 3186 3163 3141
3724 3720 3720 3699 3697 3699 3690 3676 3720 3698 3697 3712 3697 3698 3712 3690 3673 3680 3664 3664 3654 3629 3629 3644 3626 3639 3647 3651 3629 3615 3606 3606 3614 3613 3594 3605 3588 3583 3561 3554 3532 3544 3521 3520 3509 3503 3496 3497 3474 3497 3487 3449 3464 3442 3442 3478 3456 3456 3433 3402 3409 3409 3416 3397 3387 3374 3383 3369 3369 3364 3342 3350 3346 3333 3326 3289 3311 3292 3301 3278 3279 3261 3248 3248 3260 3233 3238 3207 3215 3215 3195 3185 3186 3163 3163
3742 3742 3722 3714 3712 3721 3721 3690 3720 3691 3712 3713 3698 3693 3712 3704 3680 3681 3686 3676 3664 3644 3644 3653 3647 3635 3647 3651 3637 3638 3615 3614 3614 3617 3594 3607 3605 3591 3583 3554 3544 3529 3551 3529 3519 3504 3496 3518 3498 3509 3481 3459 3462 3462 3462 3478 3447 3447 3447 3431 3431 3440 3417 3417 3397 3367 3383 3382 3392 3364 3350 3346 3363 3348 3333 3289 3323 3301 3301 3279 3256 3278 3257 3246 3256 3260 3238 3238 3239 3217 3217 3208 3186 3180 3158
3746 3719 3722 3714 3712 3701 3703 3722 3720 3710 3713 3691 3694 3705 3735 3712 3681 3690 3687 3686 3676 3675 3653 3647 3666 3666 3651 3652 3638 3637 3660 3637 3613 3616 3617 3628 3607 3591 3586 3566 3531 3551 3540 3529 3519 3513 3518 3529 3497 3509 3504 3494 3481 3481 3459 3479 3438 3438 3440 3457 3440 3417 3409 3418 3429 3392 3414 3392 3394 3372 3372 3346 3363 3348 3338 3311 3323 3299 3299 3302 3278 3279 3278 3256 3246 3246 3235 3235 3239 3207 3217 3208 3203 3203 3180
3746 3744 3745 3734 3723 3712 3722 3704 3732 3743 3743 3713 3705 3713 3735 3690 3690 3687 3677 3689 3675 3667 3667 3666 3666 3665 3652 3652 3636 3636 3660 3643 3616 3605 3617 3614 3628 3605 3586 3566 3544 3551 3550 3543 3544 3529 3529 3519 3525 3526 3504 3504 3486 3478 3479 3499 3460 3440 3445 3457 3440 3417 3418 3429 3439 3414 3394 3394 3395 3395 3378 3372 3363 3369 3369 3311 3321 3299 3324 3302 3278 3278 3279 3257 3257 3232 3232 3216 3216 3209 3225 3225 3217 3202 3193
3746 3745 3744 3723 3734 3722 3745 3735 3743 3719 3736 3736 3713 3712 3712 3712 3717 3706 3700 3689 3677 3652 3675 3657 3665 3666 3678 3683 3682 3661 3660 3637 3639 3639 3638 3616 3614 3613 3594 3573 3573 3566 3543 3544 3557 3551 3551 3519 3525 3526 3494 3525 3503 3479 3502 3499 3477 3455 3455 3462 3462 3417 3418 3439 3441 3439 3417 3401 3417 3401 3378 3395 3369 3351 3369 3347 3321 3324 3302 3293 3279 3265 3265 3278 3278 3262 3240 3232 3248 3203 3195 3217 3202 3193 3202
3750 3745 3745 3744 3734 3721 3745 3735 3765 3730 3719 3736 3758 3728 3710 3717 3710 3706 3706 3700 3690 3675 3652 3688 3688 3688 3683 3678 3661 3682 3637 3637 3639 3638 3616 3614 3636 3613 3595 3594 3588 3588 3573 3557 3566 3580 3571 3525 3548 3526 3494 3525 3502 3502 3503 3517 3495 3468 3455 3468 3463 3441 3424 3439 3441 3439 3423 3417 3401 3378 3395 3391 3391 3369 3372 3321 3347 3301 3313 3301 3293 3265 3266 3266 3266 3262 3248 3240 3240 3248 3225 3195 3195 3182 3195
3791 3768 3790 3745 3745 3766 3767 3760 3765 3730 3737 3758 3759 3742 3726 3710 3723 3706 3709 3700 3689 3697 3675 3688 3688 3679 3683 3705 3683 3683 3661 3661 3662 3662 3638 3636 3629 3613 3617 3595 3603 3605 3602 3580 3580 3582 3571 3549 3549 3548 3525 3517 3513 3503 3500 3517 3500 3477 3468 3468 3463 3441 3441 3461 3445 3445 3423 3423 3391 3400 3410 3379 3396 3372 3351 3343 3347 3324 3301 3288 3311 3288 3272 3282 3282 3263 3263 3270 3224 3250 3227 3227 3205 3205 3201
3791 3782 3790 3768 3767 3767 3766 3760 3760 3737 3737 3759 3742 3757 3746 3723 3701 3709 3722 3722 3721 3697 3710 3710 3701 3679 3705 3682 3682 3683 3683 3662 3661 3684 3650 3629 3659 3617 3587 3603 3604 3605 3602 3582 3582 3571 3548 3562 3562 3549 3530 3513 3517 3522 3499 3500 3495 3495 3486 3485 3486 3484 3448 3456 3461 3463 3441 3423 3400 3410 3395 3396 3372 3374 3374 3366 3343 3334 3298 3311 3294 3294 3288 3272 3272 3285 3263 3270 3250 3254 3238 3215 3201 3193 3193
3791 3791 3812 3813 3790 3767 3789 3792 3781 3781 3764 3764 3757 3737 3746 3723 3722 3731 3737 3721 3712 3699 3719 3689 3689 3701 3711 3706 3683 3706 3683 3661 3684 3681 3659 3636 3659 3617 3627 3603 3604 3625 3628 3604 3593 3593 3570 3548 3570 3561 3544 3553 3531 3531 3522 3530 3508 3508 3485 3486 3463 3484 3461 3456 3448 3463 3454 3441 3419 3419 3419 3411 3374 3370 3388 3366 3344 3333 3333 3313 3312 3290 3271 3290 3279 3285 3276 3254 3254 3238 3238 3232 3215 3215 3200
3814 3791 3813 3812 3790 3789 3788 3792 3780 3775 3759 3779 3757 3736 3746 3768 3731 3737 3744 3721 3712 3712 3734 3711 3701 3711 3706 3705 3706 3697 3698 3698 3684 3704 3681 3635 3649 3640 3627 3604 3625 3605 3628 3619 3604 3616 3593 3570 3561 3575 3562 3540 3562 3531 3518 3530 3507 3508 3484 3507 3501 3479 3470 3479 3450 3454 3451 3450 3441 3433 3396 3411 3389 3370 3389 3388 3341 3344 3344 3312 3312 3307 3290 3302 3279 3293 3276 3260 3260 3254 3232 3231 3231 3231 3209
3814 3814 3835 3813 3812 3788 3788 3811 3806 3758 3780 3779 3768 3756 3754 3768 3721 3744 3766 3734 3744 3756 3744 3734 3734 3733 3728 3706 3706 3729 3707 3707 3704 3681 3672 3649 3640 3695 3649 3626 3628 3634 3650 3638 3626 3616 3604 3575 3575 3585 3585 3562 3561 3540 3518 3541 3529 3529 3507 3501 3501 3470 3479 3495 3473 3451 3450 3432 3428 3433 3396 3397 3396 3389 3370 3373 3356 3356 3330 3330 3307 3302 3302 3293 3293 3282 3282 3282 3276 3260 3254 3232 3223 3209 3221
3836 3814 3859 3835 3834 3811 3811 3806 3814 3792 3768 3768 3787 3776 3776 3768 3754 3744 3748 3766 3756 3756 3755 3733 3733 3737 3737 3728 3705 3729 3704 3707 3726 3695 3689 3666 3667 3695 3673 3639 3625 3650 3634 3638 3630 3626 3607 3584 3561 3556 3576 3561 3539 3540 3541 3541 3555 3524 3523 3523 3500 3486 3495 3473 3473 3473 3451 3428 3432 3456 3411 3410 3396 3378 3392 3373 3370 3347 3347 3324 3324 3331 3315 3315 3283 3283 3277 3277 3276 3254 3254 3254 3232 3220 3201
3860 3836 3859 3857 3834 3817 3828 3806 3836 3814 3787 3787 3776 3777 3791 3791 3775 3766 3775 3779 3779 3755 3755 3720 3736 3737 3751 3705 3729 3752 3726 3726 3717 3712 3712 3689 3667 3667 3673 3673 3634 3639 3651 3661 3626 3607 3629 3607 3607 3607 3585 3579 3556 3563 3563 3555 3539 3539 3532 3532 3517 3503 3500 3485 3485 3473 3432 3438 3456 3410 3410 3410 3410 3392 3381 3392 3392 3360 3347 3322 3331 3324 3314 3314 3300 3276 3277 3268 3277 3273 3251 3251 3251 3223 3223
3834 3836 3881 3859 3857 3834 3828 3814 3836 3819 3813 3788 3798 3798 3791 3798 3798 3775 3795 3787 3801 3779 3782 3742 3759 3751 3751 3713 3752 3749 3749 3706 3717 3712 3712 3689 3688 3666 3688 3685 3650 3661 3661 3649 3649 3629 3629 3616 3601 3579 3579 3585 3563 3556 3576 3556 3547 3538 3547 3517 3503 3500 3503 3504 3495 3473 3462 3456 3439 3433 3432 3416 3398 3398 3378 3381 3382 3360 3371 3331 3338 3338 3322 3322 3322 3300 3300 3277 3277 3273 3251 3229 3251 3230 3230
3882 3881 3881 3882 3880 3857 3828 3813 3836 3859 3835 3788 3803 3813 3813 3807 3798 3795 3787 3804 3804 3801 3782 3742 3773 3759 3743 3736 3752 3771 3749 3726 3712 3709 3734 3734 3696 3688 3690 3694 3683 3683 3671 3649 3661 3631 3631 3631 3616 3601 3606 3585 3576 3576 3556 3556 3569 3547 3545 3526 3495 3504 3504 3518 3495 3462 3468 3502 3432 3432 3416 3423 3438 3392 3404 3382 3393 3371 3376 3354 3340 3344 3344 3322 3322 3290 3299 3290 3290 3283 3274 3251 3254 3230 3238
3882 3881 3881 3904 3882 3880 3860 3843 3859 3881 3865 3859 3843 3820 3807 3820 3820 3804 3787 3804 3804 3801 3773 3760 3773 3773 3771 3774 3774 3771 3753 3740 3725 3731 3725 3727 3728 3690 3706 3706 3694 3685 3671 3661 3663 3662 3631 3662 3640 3617 3617 3598 3598 3578 3578 3569 3547 3545 3548 3548 3526 3526 3518 3524 3503 3480 3480 3502 3461 3439 3409 3423 3438 3404 3416 3360 3393 3376 3354 3340 3354 3347 3321 3320 3320 3322 3299 3304 3282 3283 3274 3254 3252 3238 3220
3881 3885 3904 3905 3902 3882 3880 3860 3873 3872 3881 3865 3850 3843 3828 3828 3828 3827 3827 3819 3823 3823 3804 3795 3795 3766 3774 3793 3793 3753 3753 3757 3731 3757 3734 3727 3728 3706 3705 3693 3705 3685 3685 3663 3684 3681 3662 3648 3631 3640 3617 3622 3600 3599 3578 3578 3569 3575 3523 3523 3525 3547 3524 3502 3503 3494 3480 3491 3479 3461 3429 3423 3445 3416 3416 3393 3385 3371 3354 3347 3347 3352 3320 3321 3322 3304 3304 3282 3293 3282 3263 3252 3232 3252 3220
3929 3904 3904 3917 3905 3902 3882 3882 3905 3882 3881 3872 3872 3850 3843 3839 3825 3825 3818 3819 3826 3826 3823 3795 3766 3796 3796 3796 3775 3775 3779 3779 3758 3750 3757 3727 3736 3751 3693 3705 3701 3701 3716 3681 3681 3684 3670 3670 3648 3648 3644 3644 3622 3600 3599 3607 3593 3580 3570 3547 3547 3524 3530 3508 3525 3486 3491 3493 3479 3467 3445 3445 3436 3430 3391 3407 3384 3385 3370 3352 3352 3358 3336 3336 3336 3335 3305 3293 3305 3283 3250 3250 3250 3238 3227
