R/wo_max/noveg_4400/arrival.asc
NCOLS 638
NROWS 825
XLLCORNER -2985163.8955
YLLCORNER -3022031.214
CELLSIZE 10000
NODATA_value -1
[rows 420 to 461 of 825, columns 285 to 379 of 638]
2662 2669 2685 2662 2666 2666 2657 2658 2669 2670 2670 2652 2662 2667 2667 2661 2681 2704 2714 2731 2752 2752 2771 2779 2780 2802 2792 2793 2815 2798 2814 2815 2822 2838 2838 2827 2836 2848 2828 2828 2805 2817 2840 2812 2807 2807 2808 2833 2833 2815 2824 2824 2820 2810 2814 2814 2788 2804 2781 2782 2782 2782 2760 2760 2760 2739 2739 2734 2753 2731 2751 2751 2745 2734 2755 2756 2735 2742 2742 2734 2732 2735 2726 2729 2720 2715 2695 2673 2710 2688 2688 2688 2666 2666 2687
2648 2653 2669 2662 2643 2643 2645 2658 2658 2669 2648 2648 2662 2662 2655 2655 2673 2681 2709 2714 2731 2730 2734 2757 2748 2780 2780 2792 2793 2798 2814 2815 2822 2823 2823 2824 2836 2836 2828 2817 2805 2784 2830 2808 2811 2807 2808 2810 2810 2815 2820 2820 2807 2788 2810 2810 2769 2764 2781 2742 2760 2782 2760 2760 2738 2738 2717 2731 2734 2728 2730 2730 2732 2746 2746 2755 2731 2735 2719 2719 2734 2732 2735 2726 2722 2720 2711 2688 2678 2669 2664 2665 2666 2644 2655
2636 2637 2653 2638 2635 2643 2613 2645 2635 2640 2647 2647 2648 2640 2640 2640 2659 2681 2682 2691 2708 2730 2734 2734 2757 2757 2758 2770 2775 2793 2798 2799 2801 2791 2809 2809 2823 2814 2820 2805 2788 2788 2808 2799 2799 2785 2784 2782 2810 2815 2798 2798 2784 2788 2792 2770 2764 2752 2781 2742 2759 2759 2751 2751 2720 2720 2738 2727 2731 2707 2708 2728 2730 2732 2731 2731 2724 2711 2711 2704 2719 2706 2706 2704 2700 2722 2711 2689 2688 2669 2637 2665 2655 2655 2644
2638 2636 2637 2630 2630 2635 2612 2623 2631 2631 2640 2625 2626 2626 2621 2623 2641 2659 2669 2691 2693 2730 2734 2734 2734 2757 2758 2737 2760 2770 2775 2769 2799 2786 2801 2801 2795 2814 2820 2798 2798 2808 2784 2785 2785 2784 2763 2782 2793 2788 2775 2798 2783 2792 2788 2743 2743 2733 2752 2724 2729 2737 2737 2737 2714 2719 2727 2707 2707 2717 2717 2721 2728 2701 2714 2700 2709 2709 2703 2704 2687 2688 2690 2678 2690 2700 2691 2689 2689 2647 2624 2665 2643 2643 2644
2616 2616 2623 2623 2608 2612 2612 2606 2623 2609 2616 2625 2625 2621 2621 2623 2638 2641 2662 2669 2684 2702 2708 2708 2712 2735 2737 2758 2748 2760 2770 2775 2777 2784 2784 2786 2791 2795 2814 2798 2762 2752 2730 2736 2746 2763 2762 2763 2771 2793 2788 2775 2783 2783 2770 2747 2733 2721 2730 2724 2708 2729 2714 2719 2719 2714 2688 2705 2705 2695 2699 2703 2721 2697 2692 2714 2700 2709 2686 2703 2687 2687 2690 2668 2668 2678 2690 2668 2673 2659 2647 2624 2624 2633 2643
2613 2602 2605 2605 2608 2608 2590 2600 2606 2609 2609 2608 2608 2599 2621 2616 2638 2640 2662 2669 2671 2684 2685 2702 2712 2712 2713 2735 2738 2746 2748 2762 2762 2777 2767 2778 2786 2782 2791 2791 2776 2752 2752 2736 2737 2737 2762 2781 2771 2765 2775 2757 2760 2761 2770 2756 2736 2711 2730 2708 2724 2708 2697 2698 2719 2719 2675 2675 2696 2705 2695 2699 2703 2690 2684 2692 2692 2678 2686 2687 2692 2692 2668 2647 2668 2657 2678 2690 2673 2650 2659 2637 2633 2611 2613
2602 2586 2580 2583 2583 2586 2590 2600 2603 2603 2587 2591 2591 2589 2589 2599 2616 2628 2640 2662 2662 2684 2685 2689 2675 2689 2681 2716 2735 2738 2746 2748 2762 2754 2764 2767 2778 2760 2782 2769 2776 2762 2736 2721 2721 2722 2759 2762 2781 2771 2765 2740 2761 2760 2747 2756 2734 2711 2711 2688 2699 2693 2677 2697 2667 2689 2688 2683 2674 2696 2674 2695 2677 2701 2684 2684 2670 2670 2665 2686 2687 2670 2670 2668 2657 2636 2646 2668 2668 2650 2650 2637 2615 2611 2591
2580 2586 2580 2558 2583 2586 2586 2590 2576 2581 2587 2587 2572 2572 2576 2594 2596 2616 2639 2649 2662 2663 2671 2685 2689 2689 2681 2703 2713 2716 2716 2736 2737 2741 2754 2764 2755 2755 2760 2769 2776 2753 2713 2714 2720 2722 2723 2739 2759 2750 2740 2740 2761 2760 2728 2747 2734 2708 2688 2690 2688 2699 2668 2675 2697 2667 2689 2688 2683 2674 2665 2668 2677 2679 2701 2679 2683 2670 2656 2661 2665 2654 2670 2648 2648 2636 2646 2646 2646 2646 2646 2628 2628 2615 2611
2576 2576 2554 2554 2558 2558 2563 2563 2576 2581 2581 2564 2568 2568 2576 2578 2594 2596 2617 2618 2639 2657 2663 2671 2679 2679 2689 2690 2693 2713 2716 2716 2736 2737 2738 2741 2741 2733 2753 2753 2769 2737 2713 2714 2720 2720 2722 2739 2759 2737 2737 2737 2738 2751 2760 2729 2734 2712 2708 2681 2690 2677 2674 2696 2675 2666 2667 2666 2688 2657 2674 2646 2668 2668 2669 2670 2679 2678 2647 2656 2661 2665 2656 2637 2648 2625 2623 2601 2624 2624 2624 2614 2605 2605 2584
2569 2554 2554 2554 2554 2535 2541 2544 2563 2550 2559 2564 2564 2555 2555 2571 2574 2594 2596 2617 2618 2639 2649 2663 2671 2667 2681 2684 2690 2693 2694 2704 2716 2714 2719 2737 2719 2733 2733 2731 2737 2731 2714 2713 2714 2698 2705 2705 2708 2728 2733 2714 2729 2738 2751 2720 2729 2712 2697 2679 2681 2674 2677 2674 2696 2675 2657 2667 2666 2657 2657 2643 2646 2646 2668 2652 2648 2656 2678 2656 2656 2656 2661 2642 2616 2625 2599 2601 2602 2591 2602 2614 2614 2605 2583
2555 2537 2538 2531 2531 2535 2535 2531 2541 2550 2559 2559 2542 2542 2542 2546 2571 2574 2587 2595 2617 2608 2626 2640 2649 2649 2667 2668 2671 2690 2693 2694 2704 2705 2714 2719 2732 2711 2683 2705 2708 2715 2731 2714 2690 2698 2705 2707 2713 2714 2728 2733 2719 2729 2738 2720 2715 2712 2701 2697 2679 2666 2674 2674 2674 2665 2657 2657 2644 2666 2641 2646 2646 2646 2646 2637 2652 2646 2647 2647 2633 2639 2661 2642 2616 2625 2603 2601 2602 2567 2567 2583 2592 2592 2570
2537 2537 2533 2510 2513 2531 2514 2527 2528 2541 2538 2538 2533 2533 2546 2549 2571 2574 2584 2587 2601 2602 2625 2626 2640 2649 2649 2652 2668 2671 2676 2682 2694 2704 2705 2714 2711 2732 2687 2683 2705 2708 2715 2693 2682 2690 2698 2687 2709 2713 2714 2706 2715 2719 2729 2707 2725 2715 2684 2701 2680 2679 2666 2652 2674 2643 2635 2635 2657 2644 2635 2641 2646 2624 2646 2646 2624 2624 2646 2632 2633 2617 2639 2642 2629 2619 2603 2579 2586 2564 2579 2570 2557 2560 2592
2533 2533 2512 2504 2510 2507 2513 2514 2527 2528 2510 2516 2516 2529 2529 2525 2542 2549 2556 2601 2602 2607 2609 2625 2626 2627 2628 2649 2668 2671 2672 2676 2675 2682 2682 2688 2702 2711 2701 2687 2708 2686 2682 2693 2682 2662 2673 2674 2691 2709 2713 2693 2706 2715 2707 2698 2702 2725 2680 2684 2674 2680 2649 2648 2652 2643 2626 2635 2635 2621 2644 2615 2615 2615 2615 2615 2617 2624 2624 2632 2632 2633 2623 2639 2629 2619 2597 2603 2586 2557 2557 2579 2570 2557 2571
2512 2512 2510 2490 2504 2490 2507 2513 2497 2497 2506 2511 2516 2518 2518 2525 2526 2542 2549 2576 2577 2585 2607 2603 2604 2626 2627 2628 2618 2649 2654 2672 2660 2675 2682 2682 2688 2702 2680 2677 2686 2676 2669 2682 2662 2682 2662 2659 2673 2687 2691 2691 2684 2693 2687 2707 2694 2702 2693 2680 2653 2674 2649 2649 2652 2631 2635 2626 2621 2613 2613 2614 2615 2615 2614 2600 2615 2617 2623 2624 2610 2617 2624 2622 2608 2607 2597 2580 2558 2564 2557 2562 2548 2526 2542
2504 2503 2503 2481 2490 2475 2482 2490 2490 2497 2509 2506 2511 2503 2503 2518 2525 2526 2554 2576 2577 2578 2585 2603 2604 2605 2619 2627 2629 2639 2640 2654 2651 2660 2662 2666 2682 2688 2671 2663 2686 2653 2651 2669 2651 2659 2652 2659 2673 2684 2687 2668 2668 2670 2693 2687 2688 2694 2702 2662 2670 2648 2648 2648 2631 2634 2612 2621 2604 2613 2598 2584 2584 2591 2592 2614 2600 2600 2601 2623 2610 2617 2624 2602 2607 2585 2575 2575 2580 2564 2542 2561 2538 2538 2538
2503 2480 2480 2480 2481 2460 2475 2482 2473 2473 2487 2509 2488 2488 2515 2518 2526 2532 2554 2554 2556 2563 2578 2585 2581 2604 2605 2619 2629 2631 2639 2632 2637 2651 2660 2662 2657 2670 2659 2659 2655 2663 2653 2651 2638 2637 2659 2652 2660 2662 2684 2662 2662 2668 2670 2664 2683 2687 2671 2671 2670 2670 2648 2648 2648 2634 2615 2612 2604 2603 2598 2582 2569 2590 2591 2592 2592 2591 2594 2601 2610 2610 2602 2607 2591 2572 2553 2553 2558 2565 2565 2543 2521 2511 2516
2480 2472 2480 2458 2458 2458 2451 2460 2460 2464 2474 2487 2487 2483 2493 2515 2503 2525 2554 2554 2556 2563 2563 2566 2566 2581 2596 2605 2609 2617 2631 2639 2632 2637 2644 2652 2648 2657 2670 2676 2643 2655 2663 2631 2631 2631 2637 2638 2651 2660 2653 2639 2639 2655 2655 2670 2664 2683 2670 2671 2648 2670 2639 2648 2617 2625 2615 2612 2603 2598 2582 2575 2574 2569 2590 2560 2570 2572 2583 2594 2601 2588 2610 2602 2591 2585 2572 2553 2540 2558 2543 2543 2521 2489 2511
2473 2471 2471 2449 2449 2439 2441 2451 2443 2452 2463 2474 2465 2483 2493 2502 2503 2525 2532 2532 2532 2545 2563 2571 2581 2582 2596 2597 2606 2609 2609 2617 2617 2622 2637 2644 2652 2639 2648 2654 2676 2646 2646 2631 2619 2631 2631 2637 2638 2638 2639 2653 2653 2655 2655 2657 2662 2664 2652 2647 2640 2648 2639 2639 2617 2625 2603 2603 2581 2575 2574 2552 2551 2560 2569 2560 2570 2559 2572 2582 2579 2588 2570 2565 2571 2585 2562 2522 2534 2540 2533 2533 2521 2489 2498
2463 2456 2449 2440 2449 2429 2439 2441 2440 2443 2441 2452 2465 2465 2493 2502 2503 2509 2532 2532 2532 2545 2547 2563 2571 2573 2582 2573 2597 2609 2609 2616 2620 2620 2622 2629 2626 2621 2626 2648 2654 2645 2645 2631 2619 2630 2630 2620 2620 2638 2624 2638 2644 2653 2635 2657 2662 2640 2640 2640 2647 2626 2648 2626 2608 2608 2608 2581 2575 2574 2553 2553 2552 2551 2560 2547 2570 2551 2559 2572 2579 2588 2566 2565 2570 2562 2554 2553 2522 2534 2511 2511 2511 2489 2498
2456 2441 2441 2426 2440 2426 2429 2418 2418 2440 2441 2447 2452 2451 2456 2471 2472 2481 2501 2509 2513 2535 2547 2549 2551 2551 2573 2573 2575 2578 2594 2598 2616 2620 2620 2622 2629 2626 2626 2638 2654 2645 2631 2623 2608 2609 2609 2608 2608 2607 2624 2630 2638 2644 2623 2626 2635 2635 2630 2630 2615 2616 2615 2617 2626 2625 2625 2581 2580 2573 2559 2553 2552 2538 2529 2524 2529 2547 2547 2559 2562 2566 2579 2579 2570 2570 2562 2531 2522 2502 2501 2501 2489 2479 2489
2441 2433 2418 2418 2418 2409 2426 2418 2420 2428 2428 2447 2451 2455 2455 2471 2472 2481 2501 2509 2513 2513 2535 2549 2551 2551 2557 2567 2574 2575 2585 2585 2594 2598 2598 2605 2613 2626 2635 2635 2638 2623 2640 2624 2602 2602 2602 2586 2589 2592 2608 2613 2630 2622 2623 2623 2626 2613 2613 2613 2604 2607 2599 2615 2594 2602 2602 2580 2573 2559 2551 2550 2538 2529 2516 2525 2525 2529 2537 2559 2559 2562 2566 2557 2570 2561 2561 2531 2531 2502 2480 2479 2457 2457 2458
2437 2409 2414 2414 2407 2407 2394 2395 2398 2420 2406 2416 2419 2433 2439 2449 2449 2478 2482 2483 2513 2513 2518 2540 2541 2551 2545 2557 2567 2574 2570 2578 2578 2594 2589 2605 2613 2616 2616 2613 2606 2623 2640 2624 2614 2592 2592 2586 2589 2592 2606 2608 2613 2606 2622 2594 2601 2601 2601 2590 2590 2604 2607 2599 2594 2602 2580 2580 2564 2551 2550 2537 2529 2528 2525 2515 2502 2503 2537 2537 2547 2547 2547 2557 2548 2539 2525 2521 2502 2499 2480 2440 2456 2457 2457
2424 2406 2406 2406 2384 2385 2387 2394 2394 2398 2406 2406 2416 2420 2433 2449 2456 2478 2483 2491 2513 2517 2518 2519 2540 2541 2533 2535 2545 2548 2556 2570 2562 2565 2588 2590 2613 2613 2606 2606 2595 2591 2591 2614 2592 2592 2570 2570 2586 2589 2589 2606 2608 2606 2584 2590 2590 2594 2594 2572 2582 2590 2585 2592 2592 2594 2571 2564 2560 2551 2537 2522 2528 2524 2507 2502 2492 2480 2491 2525 2525 2547 2557 2557 2557 2548 2526 2525 2521 2499 2489 2480 2437 2456 2457
2402 2402 2406 2384 2384 2385 2385 2387 2379 2386 2398 2408 2408 2411 2419 2433 2439 2451 2456 2468 2491 2494 2510 2517 2510 2519 2532 2535 2538 2545 2548 2556 2558 2562 2565 2590 2590 2584 2561 2538 2584 2591 2569 2591 2560 2569 2569 2554 2570 2576 2576 2577 2576 2577 2576 2584 2584 2590 2572 2572 2572 2582 2563 2585 2570 2570 2571 2560 2538 2528 2528 2528 2524 2508 2507 2492 2502 2480 2463 2479 2503 2511 2511 2534 2534 2548 2548 2526 2499 2489 2489 2467 2435 2426 2425
2400 2400 2402 2378 2363 2363 2375 2375 2375 2379 2386 2394 2394 2389 2411 2419 2429 2451 2456 2459 2491 2494 2495 2500 2517 2502 2519 2513 2516 2538 2542 2548 2556 2562 2565 2568 2590 2584 2562 2562 2538 2573 2591 2560 2591 2569 2546 2546 2554 2554 2554 2555 2577 2555 2554 2576 2562 2562 2567 2567 2560 2560 2553 2563 2563 2554 2570 2539 2517 2507 2528 2506 2508 2493 2486 2516 2480 2471 2463 2479 2511 2491 2495 2512 2534 2526 2526 2512 2494 2469 2458 2435 2404 2403 2404
2391 2378 2378 2369 2363 2363 2375 2375 2371 2375 2355 2364 2372 2389 2397 2411 2419 2429 2438 2459 2468 2479 2487 2495 2500 2490 2493 2513 2516 2520 2525 2542 2527 2534 2546 2568 2590 2568 2568 2562 2539 2542 2569 2551 2560 2546 2569 2538 2546 2532 2554 2554 2546 2546 2555 2554 2553 2539 2562 2545 2545 2538 2542 2542 2541 2541 2539 2539 2538 2516 2516 2497 2506 2493 2492 2516 2493 2470 2469 2479 2485 2480 2502 2488 2526 2494 2503 2489 2471 2469 2440 2435 2394 2403 2387
2371 2371 2349 2355 2355 2363 2339 2353 2353 2371 2344 2364 2372 2388 2396 2397 2407 2429 2437 2446 2468 2487 2495 2502 2503 2505 2512 2515 2516 2520 2525 2532 2534 2539 2546 2559 2568 2568 2528 2546 2542 2523 2547 2569 2545 2560 2546 2524 2538 2522 2532 2532 2532 2532 2551 2553 2554 2553 2539 2539 2540 2545 2535 2530 2530 2538 2539 2539 2530 2538 2516 2516 2497 2506 2492 2493 2485 2470 2470 2469 2485 2480 2480 2488 2503 2480 2449 2489 2464 2471 2447 2440 2413 2403 2381
2360 2349 2340 2349 2333 2355 2333 2352 2352 2353 2340 2355 2372 2374 2388 2396 2407 2428 2432 2446 2447 2464 2471 2480 2502 2503 2505 2512 2515 2516 2520 2531 2532 2539 2546 2559 2568 2546 2522 2528 2527 2537 2538 2547 2546 2545 2529 2546 2515 2512 2531 2532 2532 2532 2531 2551 2553 2530 2522 2518 2539 2540 2518 2535 2538 2538 2516 2538 2517 2530 2507 2516 2485 2475 2475 2492 2493 2485 2454 2454 2457 2480 2488 2503 2481 2449 2443 2489 2467 2466 2447 2425 2408 2385 2385
2352 2336 2337 2326 2326 2326 2324 2333 2330 2333 2333 2349 2355 2362 2365 2374 2406 2407 2428 2446 2447 2464 2471 2480 2481 2482 2490 2493 2494 2494 2516 2509 2531 2515 2536 2537 2546 2536 2523 2522 2515 2527 2537 2538 2547 2546 2545 2524 2515 2515 2524 2531 2509 2520 2532 2522 2531 2522 2530 2509 2517 2539 2509 2518 2516 2504 2507 2523 2538 2517 2499 2485 2485 2476 2486 2470 2471 2462 2454 2457 2454 2457 2466 2481 2472 2441 2449 2458 2467 2466 2444 2413 2408 2385 2378
2330 2330 2336 2309 2314 2322 2307 2307 2330 2333 2348 2348 2349 2362 2365 2374 2374 2384 2406 2425 2447 2448 2458 2459 2480 2481 2482 2490 2493 2494 2494 2488 2509 2500 2514 2536 2536 2523 2506 2513 2505 2508 2515 2523 2516 2516 2515 2514 2524 2502 2514 2524 2502 2501 2509 2508 2522 2531 2508 2508 2509 2517 2487 2501 2507 2516 2501 2516 2523 2515 2486 2484 2485 2476 2486 2470 2471 2448 2457 2439 2439 2466 2481 2472 2458 2457 2458 2467 2444 2444 2425 2408 2386 2378 2364
2320 2307 2307 2307 2309 2314 2322 2308 2313 2330 2324 2326 2326 2340 2343 2343 2362 2384 2406 2425 2426 2427 2448 2449 2458 2459 2459 2462 2462 2472 2494 2487 2488 2509 2508 2514 2536 2523 2501 2505 2508 2511 2515 2515 2523 2516 2516 2489 2493 2493 2492 2514 2493 2502 2500 2509 2519 2508 2500 2508 2508 2495 2517 2501 2508 2508 2516 2508 2516 2493 2515 2484 2484 2476 2455 2454 2454 2454 2442 2457 2449 2436 2458 2457 2450 2443 2443 2444 2444 2421 2401 2401 2386 2381 2372
2309 2289 2289 2287 2304 2306 2306 2292 2308 2313 2302 2324 2318 2326 2340 2352 2362 2374 2384 2403 2425 2426 2432 2435 2458 2459 2459 2462 2462 2463 2465 2472 2487 2503 2508 2515 2514 2505 2501 2491 2500 2492 2511 2492 2492 2515 2485 2522 2492 2493 2492 2492 2483 2478 2492 2500 2500 2519 2508 2498 2498 2486 2495 2495 2486 2486 2486 2492 2508 2485 2493 2495 2462 2476 2455 2454 2460 2438 2442 2449 2436 2427 2458 2435 2457 2450 2444 2426 2422 2421 2412 2386 2381 2372 2358
2296 2278 2274 2282 2287 2304 2284 2285 2291 2308 2302 2317 2317 2318 2330 2352 2362 2384 2394 2403 2404 2426 2432 2440 2428 2435 2430 2431 2431 2443 2463 2465 2481 2487 2503 2493 2515 2505 2504 2501 2497 2500 2492 2485 2492 2493 2515 2499 2522 2491 2491 2492 2492 2478 2492 2500 2488 2478 2486 2477 2476 2477 2478 2476 2476 2486 2476 2486 2492 2493 2501 2495 2472 2472 2461 2439 2460 2439 2440 2448 2448 2436 2427 2412 2435 2435 2422 2426 2421 2399 2390 2354 2358 2350 2333
2265 2265 2270 2274 2282 2282 2284 2284 2275 2285 2295 2302 2295 2318 2320 2330 2331 2351 2362 2380 2403 2404 2418 2428 2440 2428 2435 2431 2431 2441 2443 2463 2469 2481 2484 2493 2504 2484 2481 2474 2475 2497 2469 2477 2485 2493 2484 2485 2499 2477 2476 2461 2461 2461 2469 2487 2478 2488 2467 2486 2476 2456 2477 2478 2476 2476 2485 2483 2461 2461 2479 2501 2462 2472 2461 2438 2439 2416 2418 2440 2426 2412 2412 2412 2404 2404 2422 2404 2399 2375 2368 2354 2358 2336 2350
2257 2265 2255 2256 2260 2283 2283 2262 2262 2263 2270 2295 2295 2295 2330 2330 2331 2362 2372 2372 2380 2396 2404 2418 2419 2427 2428 2430 2431 2441 2443 2454 2459 2476 2481 2493 2504 2483 2461 2481 2474 2475 2477 2480 2484 2493 2471 2484 2485 2499 2476 2459 2461 2438 2455 2464 2478 2487 2465 2467 2455 2476 2454 2456 2456 2477 2477 2485 2483 2479 2453 2455 2440 2455 2453 2438 2423 2408 2416 2418 2426 2426 2412 2412 2396 2395 2381 2376 2399 2375 2368 2345 2354 2327 2327
2254 2257 2244 2255 2256 2260 2261 2261 2262 2263 2270 2273 2295 2299 2300 2330 2340 2340 2341 2361 2380 2381 2396 2397 2405 2419 2427 2408 2430 2419 2441 2454 2454 2459 2476 2472 2483 2474 2452 2461 2450 2453 2475 2462 2480 2484 2471 2470 2468 2477 2469 2476 2459 2455 2438 2432 2464 2456 2487 2465 2465 2454 2455 2456 2434 2446 2455 2454 2454 2456 2479 2440 2440 2453 2455 2431 2423 2394 2401 2416 2418 2403 2410 2410 2395 2381 2367 2367 2375 2376 2376 2368 2337 2323 2331
2243 2243 2231 2244 2224 2237 2260 2239 2261 2240 2263 2270 2273 2273 2299 2330 2340 2341 2342 2361 2364 2381 2396 2396 2397 2405 2405 2408 2408 2409 2419 2437 2436 2431 2459 2449 2472 2474 2452 2452 2461 2444 2453 2453 2462 2462 2470 2471 2470 2454 2477 2469 2445 2437 2432 2433 2442 2432 2442 2456 2443 2443 2443 2455 2456 2434 2455 2455 2454 2433 2456 2456 2433 2433 2431 2423 2409 2401 2401 2403 2403 2388 2394 2394 2388 2381 2345 2343 2330 2345 2354 2330 2322 2322 2322
2231 2231 2221 2213 2224 2228 2237 2239 2240 2252 2252 2248 2250 2267 2285 2286 2308 2310 2342 2342 2364 2370 2372 2375 2395 2397 2386 2408 2408 2409 2419 2422 2437 2436 2449 2450 2452 2472 2430 2430 2439 2430 2453 2453 2462 2461 2447 2470 2454 2446 2454 2446 2438 2437 2432 2433 2442 2432 2425 2442 2442 2443 2443 2447 2425 2425 2434 2433 2452 2452 2434 2410 2410 2400 2409 2391 2378 2379 2379 2381 2381 2381 2358 2373 2371 2351 2345 2343 2320 2330 2323 2323 2278 2299 2299
2196 2202 2209 2221 2212 2224 2215 2237 2221 2230 2230 2248 2250 2267 2286 2307 2308 2310 2320 2342 2348 2350 2370 2372 2365 2375 2377 2386 2399 2399 2400 2407 2422 2418 2436 2430 2450 2452 2441 2439 2416 2430 2421 2431 2461 2439 2447 2454 2439 2432 2432 2454 2423 2407 2415 2415 2418 2419 2419 2401 2411 2412 2416 2425 2447 2425 2410 2433 2430 2434 2411 2411 2410 2409 2378 2386 2369 2355 2337 2347 2358 2349 2327 2371 2359 2351 2345 2343 2321 2320 2298 2300 2323 2292 2278
2196 2198 2209 2209 2190 2212 2197 2215 2215 2221 2231 2231 2250 2267 2286 2307 2310 2320 2320 2338 2342 2348 2350 2356 2365 2375 2377 2386 2398 2399 2399 2400 2407 2406 2428 2428 2430 2450 2431 2420 2418 2418 2430 2421 2430 2439 2439 2447 2437 2423 2423 2432 2423 2401 2415 2415 2418 2419 2419 2410 2411 2412 2422 2424 2425 2416 2401 2415 2433 2430 2408 2388 2411 2410 2378 2386 2376 2347 2324 2356 2347 2349 2371 2349 2351 2320 2321 2312 2298 2298 2288 2276 2300 2269 2268
2183 2192 2198 2186 2186 2186 2192 2199 2199 2209 2209 2232 2242 2254 2261 2276 2297 2310 2320 2320 2326 2328 2348 2350 2356 2346 2355 2355 2376 2398 2387 2399 2400 2406 2428 2430 2431 2431 2431 2420 2399 2408 2421 2422 2424 2430 2439 2437 2416 2415 2415 2414 2401 2392 2407 2415 2402 2394 2397 2419 2387 2400 2402 2422 2424 2425 2410 2424 2430 2416 2385 2408 2389 2388 2366 2386 2376 2354 2347 2334 2356 2326 2349 2340 2328 2321 2320 2319 2297 2288 2276 2265 2243 2269 2268
2183 2183 2192 2182 2182 2164 2180 2192 2207 2201 2218 2232 2242 2254 2261 2262 2285 2288 2297 2298 2320 2326 2319 2328 2328 2333 2346 2355 2355 2376 2377 2387 2399 2397 2398 2410 2410 2429 2429 2409 2388 2390 2408 2401 2422 2424 2429 2416 2394 2393 2401 2415 2414 2392 2407 2392 2394 2402 2373 2397 2388 2391 2400 2391 2402 2410 2424 2402 2416 2394 2384 2394 2408 2389 2388 2366 2355 2354 2325 2325 2334 2326 2349 2340 2328 2306 2319 2298 2288 2276 2266 2243 2238 2246 2254
