208, 92
209, 97
199, 93
191, 94
193, 94
206, 97
200, 100
197, 99
204, 93
206, 92
196, 94
205, 98
194, 97
208, 94
199, 95
192, 94
193, 100
205, 103
198, 114
196, 95
198, 93
194, 94
192, 96
192, 97
194, 101
197, 96
202, 99
193, 98
189, 95
198, 96
195, 99
200, 95
191, 95
201, 99
189, 96
189, 101
194, 102
202, 108
206, 108
190, 96
191, 99
204, 98
191, 98
196, 101
199, 94
206, 105
203, 92
206, 110
187, 95
205, 100
204, 108
184, 96
195, 102
204, 102
213, 117
206, 107
203, 95
203, 100
202, 110
206, 113
198, 98
202, 102
189, 98
203, 93
207, 99
209, 118
216, 117
212, 117
202, 111
210, 120
207, 111
207, 118
199, 110
188, 99
209, 120
197, 98
204, 111
216, 119
210, 118
219, 121
206, 100
199, 100
218, 121
191, 101
196, 102
215, 119
188, 102
200, 102
221, 120
216, 120
218, 115
211, 116
204, 112
199, 101
216, 116
208, 99
221, 123
221, 124
218, 118
205, 102
212, 119
211, 117
220, 115
222, 118
205, 108
205, 121
222, 114
207, 114
220, 128
197, 104
222, 126
206, 101
216, 121
194, 104
228, 126
229, 125
215, 117
217, 122
210, 97
209, 114
214, 121
218, 126
222, 124
205, 119
224, 112
208, 115
209, 116
229, 127
227, 130
225, 126
232, 125
237, 129
230, 124
201, 117
208, 108
207, 122
217, 126
201, 107
220, 127
220, 116
220, 126
210, 121
189, 97
215, 122
224, 131
229, 124
210, 122
205, 124
224, 110
202, 112
230, 127
203, 104
216, 122
228, 129
223, 128
237, 130
225, 127
234, 126
203, 117
222, 131
201, 126
211, 123
206, 124
219, 128
218, 124
211, 122
222, 127
225, 130
226, 132
213, 124
217, 131
216, 124
220, 119
223, 122
197, 117
204, 120
219, 123
199, 118
200, 113
205, 116
206, 116
190, 103
222, 117
195, 120
239, 129
231, 138
238, 137
237, 127
241, 129
203, 127
216, 127
201, 113
229, 129
216, 131
222, 139
231, 128
223, 106
219, 114
224, 132
208, 121
215, 130
226, 128
202, 115
206, 126
224, 108
220, 113
196, 119
213, 126
209, 101
224, 105
224, 136
202, 117
229, 136
238, 130
228, 130
214, 128
206, 120
242, 128
239, 132
240, 130
204, 127
202, 126
237, 137
221, 139
197, 116
223, 136
200, 115
199, 127
228, 137
218, 133
197, 120
204, 115
226, 110
225, 135
211, 125
226, 105
204, 123
218, 144
211, 131
235, 129
225, 107
196, 117
209, 129
230, 139
243, 128
226, 133
234, 127
209, 113
228, 134
221, 133
212, 132
230, 135
215, 125
204, 106
222, 148
206, 104
214, 143
191, 130
228, 139
242, 129
194, 134
212, 126
221, 140
223, 135
219, 136
217, 142
244, 126
226, 147
228, 132
211, 130
219, 130
210, 131
223, 143
224, 133
208, 128
225, 112
243, 133
234, 124
220, 132
217, 135
232, 134
231, 130
222, 136
224, 145
218, 146
209, 112
205, 137
214, 142
194, 129
220, 136
217, 148
244, 129
202, 123
202, 124
223, 138
218, 138
228, 135
217, 151
214, 144
217, 140
225, 153
225, 143
224, 113
232, 129
223, 140
241, 132
207, 125
240, 127
208, 123
224, 143
213, 133
223, 147
218, 130
237, 122
222, 151
197, 128
219, 147
190, 134
213, 143
218, 135
215, 135
195, 128
215, 132
183, 136
216, 145
223, 150
199, 125
238, 133
217, 139
204, 128
217, 137
220, 152
221, 134
225, 137
225, 139
222, 121
218, 134
216, 133
215, 140
218, 150
213, 145
212, 154
223, 153
216, 150
212, 158
225, 151
224, 146
231, 136
210, 125
224, 125
212, 152
220, 143
213, 152
213, 153
223, 146
227, 141
214, 135
198, 128
198, 119
214, 127
192, 131
211, 135
200, 128
219, 145
213, 136
229, 157
230, 133
233, 129
238, 126
230, 132
197, 129
218, 149
225, 147
239, 134
214, 155
215, 138
203, 130
200, 123
217, 164
214, 159
210, 156
228, 162
214, 161
206, 127
221, 153
211, 158
218, 143
211, 152
226, 163
221, 147
214, 162
228, 156
221, 144
227, 162
214, 149
212, 133
215, 153
214, 133
199, 130
185, 134
219, 166
200, 145
216, 162
213, 141
228, 164
220, 140
216, 164
218, 168
213, 161
227, 163
196, 137
226, 142
216, 149
205, 158
207, 158
216, 152
213, 149
226, 161
212, 151
214, 158
225, 155
229, 161
181, 101
229, 159
212, 157
198, 125
215, 177
206, 147
217, 161
213, 163
217, 166
229, 165
213, 179
183, 135
203, 160
207, 147
206, 158
204, 160
209, 174
208, 158
211, 151
186, 100
214, 148
215, 155
227, 159
220, 149
217, 169
211, 160
213, 122
191, 104
233, 132
200, 130
215, 166
230, 162
225, 165
218, 170
181, 97
182, 101
226, 166
224, 161
225, 168
194, 127
214, 179
205, 147
221, 161
214, 167
222, 162
232, 162
216, 177
212, 176
201, 159
218, 164
199, 145
182, 99
207, 153
228, 166
212, 175
310, 76
215, 165
210, 150
210, 151
217, 168
184, 98
198, 134
212, 164
210, 155
220, 165
206, 157
180, 102
212, 163
220, 170
214, 170
228, 175
212, 169
229, 175
230, 163
223, 168
211, 179
216, 180
201, 147
216, 170
239, 162
222, 170
231, 157
220, 171
215, 186
211, 173
212, 148
225, 164
218, 176
208, 156
202, 158
238, 139
220, 167
241, 163
198, 156
243, 164
208, 172
219, 188
232, 177
208, 173
186, 98
222, 161
199, 155
183, 97
211, 188
212, 168
206, 155
206, 167
204, 157
205, 162
217, 154
210, 162
305, 74
226, 178
230, 177
229, 174
226, 144
209, 175
212, 128
213, 175
230, 156
224, 180
210, 173
201, 156
239, 164
208, 179
210, 165
221, 178
200, 146
217, 186
203, 147
223, 165
237, 162
223, 170
233, 159
204, 163
192, 134
213, 174
218, 182
222, 177
215, 175
206, 192
224, 175
216, 186
220, 178
234, 161
213, 167
221, 177
249, 162
196, 155
258, 166
226, 168
197, 146
241, 162
210, 147
211, 182
213, 197
210, 188
208, 163
229, 167
231, 177
227, 147
216, 159
200, 144
232, 160
233, 164
211, 171
217, 185
208, 192
210, 190
198, 105
206, 160
209, 170
200, 156
204, 173
205, 173
209, 160
225, 175
191, 158
202, 162
213, 184
223, 183
204, 146
225, 182
212, 187
219, 178
207, 179
208, 151
213, 172
211, 197
211, 184
221, 188
235, 159
219, 181
214, 194
225, 186
227, 168
306, 73
219, 176
220, 174
216, 190
193, 156
207, 163
210, 193
200, 160
226, 174
234, 178
210, 187
213, 181
236, 162
194, 149
217, 182
247, 162
194, 156
216, 146
307, 75
256, 165
200, 155
206, 171
216, 173
227, 186
220, 180
211, 187
252, 163
255, 166
215, 172
215, 199
232, 166
216, 189
204, 172
231, 188
205, 178
226, 158
222, 175
239, 161
205, 191
202, 145
237, 161
239, 178
234, 158
202, 161
223, 187
214, 182
206, 164
211, 178
207, 154
207, 169
200, 154
232, 163
256, 163
217, 194
252, 166
212, 147
209, 190
211, 169
193, 175
211, 128
225, 187
208, 197
197, 154
193, 158
213, 183
224, 184
217, 172
234, 176
229, 168
195, 147
221, 183
222, 188
205, 171
209, 176
205, 180
249, 165
205, 166
210, 197
220, 191
216, 157
227, 169
197, 178
204, 191
247, 164
209, 186
214, 192
222, 184
207, 189
215, 193
194, 154
229, 185
219, 162
198, 153
208, 188
200, 152
199, 199
200, 161
227, 173
200, 191
246, 162
226, 180
194, 148
206, 145
222, 180
254, 163
260, 165
199, 160
259, 163
267, 163
258, 163
262, 165
248, 163
228, 187
215, 201
250, 166
212, 198
217, 188
231, 186
208, 176
225, 158
209, 182
223, 173
219, 175
210, 195
219, 193
203, 155
208, 153
251, 166
310, 83
197, 180
240, 160
239, 177
209, 126
221, 164
201, 163
234, 163
221, 192
193, 198
200, 158
237, 164
208, 187
202, 177
263, 165
218, 191
204, 167
220, 184
202, 154
227, 181
194, 174
194, 147
310, 75
198, 195
219, 184
204, 190
232, 199
198, 157
215, 180
191, 171
262, 163
202, 170
232, 174
224, 188
198, 163
205, 154
234, 166
216, 196
227, 189
215, 184
238, 160
224, 172
238, 176
229, 172
221, 193
194, 194
206, 176
193, 178
239, 179
206, 163
205, 149
212, 204
245, 165
190, 158
202, 172
255, 162
229, 187
202, 152
195, 197
203, 156
231, 179
195, 190
203, 190
212, 166
257, 161
223, 190
209, 146
245, 162
219, 194
193, 152
201, 194
191, 173
230, 175
196, 196
202, 197
265, 165
275, 166
205, 186
257, 165
232, 194
262, 166
214, 202
206, 197
215, 202
209, 181
234, 160
214, 196
194, 152
234, 190
267, 169
232, 191
198, 159
237, 178
227, 199
202, 200
203, 180
202, 192
260, 162
206, 184
208, 194
206, 152
211, 193
205, 175
198, 182
251, 161
193, 197
203, 176
218, 199
275, 164
208, 166
218, 194
217, 199
235, 174
249, 166
254, 172
253, 169
259, 167
228, 180
183, 177
205, 153
315, 80
200, 181
191, 185
197, 151
214, 198
200, 194
232, 197
237, 158
242, 166
217, 201
233, 189
269, 161
189, 170
200, 170
195, 146
192, 152
205, 187
241, 178
218, 197
191, 170
208, 168
227, 191
210, 201
233, 157
200, 164
225, 191
230, 172
227, 172
197, 158
222, 191
207, 149
226, 186
205, 183
220, 199
252, 181
230, 171
192, 197
193, 181
208, 186
257, 173
200, 180
195, 191
202, 151
209, 127
212, 203
191, 176
265, 163
195, 199
198, 191
193, 166
236, 179
198, 201
190, 193
205, 200
225, 190
214, 188
233, 196
203, 194
226, 171
223, 178
189, 168
190, 174
194, 196
201, 198
275, 162
275, 168
194, 159
267, 165
249, 185
211, 183
228, 204
213, 203
209, 200
216, 178
201, 177
265, 169
235, 188
193, 171
241, 182
216, 204
233, 199
248, 167
231, 201
242, 191
228, 194
263, 169
251, 186
229, 197
209, 195
256, 169
267, 162
308, 74
211, 194
220, 173
198, 144
199, 158
193, 192
218, 203
204, 188
199, 162
230, 184
191, 188
273, 166
201, 183
253, 162
257, 160
278, 167
202, 143
236, 155
237, 176
194, 179
251, 162
249, 172
227, 194
235, 166
252, 172
256, 176
269, 164
237, 185
184, 178
201, 175
210, 207
225, 197
193, 172
199, 183
194, 188
191, 183
317, 85
243, 166
233, 173
226, 207
229, 204
234, 188
271, 161
186, 172
236, 157
201, 189
225, 157
181, 177
274, 160
253, 166
228, 202
200, 176
210, 166
192, 149
258, 169
190, 190
197, 162
223, 169
182, 172
196, 150
213, 201
233, 166
313, 78
205, 196
233, 195
227, 197
195, 177
242, 183
195, 173
247, 170
249, 175
192, 170
232, 167
221, 169
231, 190
255, 184
193, 157
220, 198
256, 171
195, 203
194, 182
189, 198
204, 150
199, 177
212, 206
178, 177
193, 190
203, 164
181, 178
192, 199
192, 165
191, 193
184, 190
189, 191
208, 202
242, 198
223, 198
193, 206
191, 200
250, 169
234, 193
203, 192
186, 189
203, 195
179, 177
219, 190
261, 166
188, 159
181, 176
209, 201
276, 159
259, 195
196, 178
196, 163
247, 182
190, 206
217, 202
208, 200
233, 156
195, 183
195, 162
198, 151
198, 203
265, 167
195, 171
207, 178
197, 193
246, 193
230, 201
275, 163
250, 186
227, 200
240, 189
192, 195
243, 195
229, 202
243, 194
229, 195
257, 167
183, 176
305, 73
185, 163
220, 186
224, 195
254, 169
267, 168
203, 201
191, 178
315, 81
196, 145
206, 194
244, 195
232, 186
192, 188
269, 170
191, 180
225, 210
241, 180
276, 170
281, 164
205, 141
221, 173
249, 173
233, 200
247, 172
221, 162
187, 159
231, 196
197, 181
262, 175
275, 158
199, 200
236, 190
254, 176
241, 183
176, 177
210, 208
242, 184
185, 191
208, 204
246, 177
202, 188
193, 184
188, 189
263, 163
182, 190
225, 209
265, 162
235, 200
190, 189
229, 205
187, 175
226, 211
190, 178
239, 174
229, 177
226, 199
195, 188
273, 162
234, 203
278, 154
192, 168
270, 164
315, 83
244, 184
282, 175
247, 174
184, 179
279, 169
184, 172
314, 86
195, 194
209, 184
185, 175
180, 172
251, 170
261, 175
229, 190
219, 212
249, 182
246, 166
247, 178
181, 190
258, 171
224, 203
250, 175
313, 79
225, 201
251, 180
227, 206
253, 181
190, 200
243, 199
182, 179
187, 208
248, 160
221, 210
261, 168
190, 195
212, 207
200, 166
235, 197
191, 155
193, 200
192, 164
187, 192
220, 201
201, 173
204, 199
246, 170
174, 187
241, 200
192, 191
198, 197
221, 195
222, 199
187, 190
222, 178
193, 177
188, 175
194, 181
256, 172
185, 170
176, 186
262, 198
189, 203
220, 210
182, 169
205, 201
230, 200
190, 208
181, 192
177, 179
197, 183
194, 160
214, 191
254, 190
201, 150
252, 178
242, 201
265, 170
203, 149
200, 192
254, 199
250, 197
237, 174
199, 165
217, 155
249, 169
277, 163
246, 187
231, 193
263, 170
252, 184
278, 157
174, 175
210, 146
308, 76
191, 186
179, 188
247, 181
184, 162
224, 192
207, 182
250, 184
243, 192
252, 177
233, 203
276, 172
193, 202
181, 170
195, 175
233, 184
271, 169
181, 186
197, 190
196, 161
187, 165
195, 184
235, 192
279, 160
178, 184
188, 206
184, 188
204, 202
261, 198
282, 168
196, 170
218, 181
281, 171
245, 198
237, 179
272, 169
252, 171
241, 167
260, 168
256, 174
239, 182
175, 176
253, 178
234, 185
267, 166
186, 161
264, 175
240, 191
205, 203
244, 177
238, 194
201, 172
190, 183
244, 176
184, 189
211, 191
190, 184
178, 191
180, 188
235, 203
266, 161
186, 177
245, 161
177, 178
186, 193
225, 213
196, 189
278, 151
317, 87
218, 204
277, 165
220, 208
190, 202
279, 170
269, 168
172, 178
193, 168
245, 171
261, 193
263, 171
279, 150
247, 185
282, 174
220, 195
235, 201
198, 170
207, 205
195, 198
321, 87
260, 173
187, 173
202, 201
250, 200
175, 179
218, 214
249, 183
312, 81
278, 155
191, 179
267, 153
253, 174
197, 188
195, 204
184, 180
253, 179
189, 193
260, 180
248, 174
245, 173
228, 208
235, 195
223, 204
262, 196
187, 149
221, 200
174, 177
185, 211
239, 166
236, 191
193, 203
241, 185
197, 177
218, 207
244, 168
230, 207
263, 177
175, 180
260, 170
251, 175
202, 168
248, 197
221, 203
175, 187
253, 170
281, 172
199, 170
169, 187
184, 185
253, 175
269, 153
196, 206
219, 199
230, 205
255, 173
186, 169
177, 184
265, 201
259, 173
179, 176
251, 187
240, 195
188, 203
175, 161
182, 192
207, 207
188, 199
189, 188
260, 176
191, 154
192, 207
250, 178
227, 209
252, 198
251, 189
202, 202
255, 196
248, 196
222, 207
269, 175
247, 194
279, 162
243, 185
180, 184
240, 193
198, 168
184, 160
203, 166
212, 174
205, 204
184, 168
280, 172
236, 193
279, 165
203, 179
227, 193
224, 159
271, 170
263, 172
172, 188
279, 156
258, 196
229, 183
276, 168
177, 189
183, 165
281, 155
181, 168
175, 184
188, 210
280, 162
283, 162
219, 209
254, 186
281, 168
190, 160
255, 167
180, 171
265, 178
188, 157
248, 159
256, 196
197, 174
270, 175
187, 195
247, 183
184, 203
234, 168
227, 211
281, 176
250, 198
180, 186
234, 205
267, 159
230, 170
190, 155
281, 160
193, 142
224, 214
198, 188
183, 182
223, 206
255, 160
283, 142
286, 183
179, 174
182, 174
181, 183
272, 162
239, 181
238, 191
243, 175
183, 209
171, 179
259, 193
280, 153
250, 187
227, 177
283, 158
197, 197
276, 148
177, 175
282, 166
187, 179
178, 183
293, 190
314, 90
225, 192
222, 195
216, 205
184, 186
196, 168
272, 165
216, 215
211, 205
177, 191
254, 200
237, 196
180, 175
230, 210
311, 80
282, 146
265, 154
277, 153
183, 155
270, 154
176, 191
246, 168
197, 187
185, 174
277, 159
181, 185
262, 181
204, 203
189, 171
209, 168
237, 171
245, 164
187, 193
184, 170
247, 180
236, 204
222, 193
223, 205
260, 196
185, 150
185, 212
246, 178
258, 189
288, 185
244, 171
253, 190
267, 157
209, 205
257, 194
221, 211
168, 186
262, 161
179, 180
281, 174
237, 181
238, 198
240, 174
322, 88
200, 178
170, 178
171, 188
174, 184
197, 194
187, 176
249, 177
244, 188
186, 180
264, 177
229, 180
241, 203
268, 152
267, 199
254, 201
235, 198
259, 199
218, 212
187, 210
202, 178
176, 173
193, 209
203, 186
180, 169
180, 202
179, 192
260, 178
226, 183
257, 191
219, 206
287, 184
175, 191
192, 202
257, 178
199, 202
256, 173
256, 199
240, 196
195, 207
244, 194
265, 179
254, 195
172, 175
236, 203
202, 204
267, 178
253, 191
215, 217
207, 196
235, 206
255, 193
221, 206
246, 197
174, 173
250, 189
185, 208
277, 174
200, 204
184, 192
262, 182
242, 205
270, 178
278, 162
276, 180
248, 176
217, 206
281, 157
189, 173
258, 177
239, 193
282, 178
172, 177
283, 164
257, 190
222, 198
239, 188
189, 150
187, 161
241, 193
270, 166
212, 209
202, 179
178, 171
264, 204
178, 170
274, 174
260, 203
274, 177
182, 160
271, 174
163, 186
273, 164
191, 209
229, 212
248, 177
269, 174
185, 204
277, 176
240, 185
285, 179
279, 158
281, 148
197, 148
279, 175
241, 173
184, 184
266, 158
285, 140
200, 184
175, 186
253, 193
236, 168
186, 207
188, 169
286, 184
180, 210
263, 184
262, 200
229, 182
180, 167
199, 174
173, 189
260, 191
284, 152
293, 193
199, 188
242, 185
260, 194
262, 204
286, 143
245, 184
276, 151
185, 183
314, 91
224, 200
188, 180
186, 184
217, 215
179, 167
196, 173
199, 198
275, 172
254, 202
244, 200
177, 193
244, 216
319, 86
283, 144
266, 155
285, 146
231, 206
280, 170
267, 150
176, 172
280, 152
193, 161
270, 153
170, 186
261, 191
192, 186
221, 186
177, 168
261, 178
267, 171
238, 181
262, 195
181, 160
186, 214
222, 203
187, 169
256, 180
263, 197
189, 151
177, 204
176, 182
244, 178
256, 188
291, 188
191, 165
281, 158
266, 184
173, 180
229, 209
269, 180
273, 159
278, 161
270, 156
167, 182
241, 176
257, 201
186, 187
214, 207
179, 172
242, 171
324, 90
274, 171
291, 181
188, 165
228, 213
272, 174
226, 202
327, 97
171, 186
251, 190
223, 208
255, 192
253, 160
169, 189
175, 182
243, 188
267, 202
248, 179
242, 169
280, 148
266, 202
255, 201
261, 200
196, 193
219, 219
178, 195
245, 172
224, 216
248, 200
192, 204
188, 153
183, 168
190, 176
216, 221
205, 206
178, 196
182, 206
170, 173
173, 192
181, 202
166, 186
180, 180
261, 183
289, 184
271, 196
178, 186
245, 182
170, 179
233, 180
259, 189
265, 194
198, 167
194, 205
241, 165
246, 180
214, 208
275, 182
214, 218
237, 197
254, 189
216, 222
241, 202
176, 189
217, 211
172, 183
282, 184
184, 194
248, 198
244, 203
269, 179
188, 181
186, 158
258, 183
255, 185
273, 182
252, 159
214, 219
256, 179
260, 189
261, 190
280, 177
286, 153
237, 188
191, 167
247, 187
177, 211
243, 180
283, 167
263, 195
190, 161
267, 204
184, 166
217, 210
261, 205
267, 176
261, 203
276, 176
209, 110
252, 192
174, 171
246, 159
266, 203
167, 184
184, 197
179, 182
284, 177
281, 147
240, 169
248, 189
200, 168
260, 204
192, 148
264, 160
262, 193
282, 141
254, 196
284, 182
199, 173
250, 195
239, 167
285, 180
276, 157
177, 170
271, 183
264, 185
263, 200
175, 204
185, 162
170, 175
290, 197
263, 214
287, 145
276, 149
264, 193
282, 153
278, 148
290, 186
321, 88
262, 189
215, 215
242, 189
178, 209
184, 202
206, 211
183, 201
284, 172
279, 177
276, 154
246, 216
288, 153
253, 216
288, 183
241, 220
181, 194
275, 153
268, 154
201, 196
247, 173
264, 153
178, 193
285, 138
188, 155
172, 203
182, 165
241, 218
167, 174
175, 168
174, 168
185, 216
208, 180
216, 212
271, 154
187, 150
175, 212
171, 202
197, 149
178, 200
260, 184
295, 193
269, 185
202, 186
181, 158
265, 191
245, 201
264, 210
266, 179
165, 184
235, 210
256, 192
235, 172
175, 205
283, 160
203, 182
276, 155
245, 211
325, 89
327, 95
189, 152
324, 88
288, 156
291, 180
273, 184
238, 186
263, 179
243, 181
261, 170
266, 198
265, 209
262, 206
268, 195
218, 221
212, 220
180, 204
174, 193
194, 186
259, 182
284, 151
235, 180
166, 187
187, 151
197, 202
168, 200
169, 173
172, 193
174, 190
267, 192
228, 170
308, 77
178, 198
286, 175
279, 148
178, 213
258, 204
266, 194
199, 186
244, 161
273, 207
262, 210
271, 212
270, 198
271, 179
214, 225
176, 214
325, 98
241, 160
275, 183
257, 192
231, 185
281, 182
245, 199
251, 172
273, 148
181, 196
214, 222
247, 191
243, 173
169, 177
179, 200
273, 156
285, 152
271, 181
178, 212
287, 187
163, 188
213, 227
250, 191
176, 209
285, 153
178, 167
164, 189
177, 188
232, 214
172, 182
268, 208
258, 208
200, 92
195, 166
188, 195
287, 178
278, 147
312, 91
204, 205
281, 145
223, 212
246, 199
172, 173
185, 198
197, 90
196, 92
172, 171
162, 186
175, 199
184, 159
291, 187
189, 160
258, 159
243, 161
204, 206
183, 195
269, 192
238, 168
280, 139
312, 89
191, 163
170, 180
205, 208
190, 148
265, 159
270, 185
256, 205
180, 93
232, 208
268, 191
274, 186
272, 195
271, 192
166, 199
294, 195
250, 159
184, 213
272, 208
293, 191
255, 158
262, 213
286, 135
264, 190
191, 93
189, 94
223, 105
197, 198
247, 200
293, 189
285, 142
289, 149
331, 101
274, 173
324, 92
252, 204
285, 161
286, 187
274, 154
286, 140
209, 210
243, 216
249, 218
238, 166
204, 208
248, 215
284, 144
266, 188
284, 183
284, 181
289, 193
243, 220
282, 138
170, 193
245, 187
266, 181
287, 148
277, 147
238, 221
269, 177
240, 204
196, 142
169, 215
262, 174
263, 154
186, 155
171, 169
167, 176
180, 207
187, 197
217, 223
178, 205
261, 161
185, 197
184, 154
283, 181
177, 206
286, 188
299, 192
279, 145
244, 221
167, 177
177, 201
298, 190
209, 92
256, 207
179, 158
174, 195
225, 216
275, 148
289, 188
274, 149
169, 201
267, 182
176, 165
262, 212
182, 164
277, 145
266, 190
267, 185
287, 144
258, 184
273, 197
249, 214
201, 95
186, 157
257, 187
255, 187
273, 149
249, 202
169, 182
166, 204
284, 170
173, 213
167, 198
244, 214
183, 197
327, 99
288, 152
297, 190
209, 211
187, 167
270, 146
276, 181
288, 181
325, 96
236, 183
170, 194
164, 182
280, 192
316, 95
225, 218
265, 196
266, 207
269, 195
207, 93
184, 196
211, 221
167, 197
166, 200
261, 180
255, 205
176, 196
184, 209
182, 157
288, 143
285, 173
266, 172
306, 76
271, 195
211, 209
177, 213
314, 88
271, 203
252, 194
270, 206
263, 209
273, 214
276, 186
244, 180
268, 182
267, 196
255, 197
283, 190
288, 194
282, 179
276, 209
166, 182
212, 230
220, 219
272, 158
270, 190
213, 223
190, 92
193, 93
180, 201
242, 175
220, 217
264, 182
162, 189
222, 218
212, 211
283, 173
269, 209
259, 198
181, 211
282, 142
264, 207
298, 195
283, 154
236, 211
202, 184
265, 173
181, 180
241, 217
219, 225
269, 214
322, 107
259, 211
188, 101
239, 218
240, 171
169, 192
217, 219
273, 168
233, 170
203, 181
267, 188
177, 215
252, 201
310, 94
281, 144
186, 201
194, 138
266, 175
243, 172
319, 88
169, 175
284, 194
176, 197
169, 194
171, 182
167, 194
184, 206
280, 141
311, 82
251, 204
263, 159
291, 184
172, 195
258, 180
170, 169
170, 184
274, 184
273, 190
213, 229
168, 179
172, 198
281, 150
301, 191
292, 196
274, 209
263, 153
287, 135
212, 88
291, 153
260, 213
169, 196
289, 196
262, 216
288, 147
179, 194
286, 191
253, 158
174, 213
329, 101
203, 208
252, 200
284, 186
260, 159
269, 202
274, 194
288, 151
325, 94
191, 212
276, 177
259, 175
176, 203
262, 187
174, 199
312, 87
285, 156
251, 215
291, 195
243, 226
185, 97
213, 217
189, 214
268, 201
285, 148
253, 214
271, 152
233, 208
285, 137
246, 227
240, 206
274, 152
207, 94
181, 198
181, 204
241, 206
201, 206
163, 198
304, 192
283, 140
169, 214
173, 168
166, 174
181, 206
288, 196
299, 191
242, 223
210, 93
268, 155
188, 208
296, 196
254, 188
246, 231
260, 216
276, 194
249, 203
218, 222
303, 197
235, 221
169, 202
208, 91
192, 91
202, 96
171, 172
186, 198
198, 149
320, 91
175, 215
254, 216
175, 165
261, 222
276, 198
172, 215
268, 209
284, 188
246, 225
248, 228
166, 206
283, 170
272, 176
260, 158
171, 195
285, 171
264, 152
239, 220
193, 145
163, 184
267, 190
174, 208
250, 218
200, 88
188, 91
246, 190
192, 211
283, 148
246, 214
323, 106
198, 90
247, 219
294, 192
268, 150
281, 190
179, 214
262, 143
187, 213
321, 91
235, 182
288, 146
291, 178
211, 218
200, 91
214, 210
314, 98
225, 219
191, 90
291, 191
162, 198
266, 218
303, 72
286, 195
171, 206
290, 162
168, 192
210, 224
194, 90
211, 212
277, 162
213, 216
265, 157
169, 191
199, 92
259, 201
180, 197
160, 190
328, 97
288, 174
303, 73
264, 188
273, 179
209, 222
279, 198
212, 229
279, 182
271, 189
253, 223
304, 196
332, 101
272, 206
273, 215
209, 86
249, 158
232, 210
248, 193
288, 154
245, 158
164, 184
171, 216
273, 212
278, 185
283, 192
289, 183
275, 210
210, 232
220, 221
187, 97
270, 165
278, 192
167, 180
195, 92
284, 159
242, 215
249, 204
272, 155
242, 230
276, 174
286, 147
280, 198
247, 203
173, 206
275, 145
191, 207
229, 192
258, 175
271, 199
165, 196
216, 226
296, 195
280, 166
215, 204
300, 194
276, 193
291, 160
258, 203
206, 234
267, 212
235, 213
320, 108
260, 209
212, 227
182, 216
267, 173
268, 216
232, 216
220, 224
270, 214
249, 227
308, 95
182, 97
256, 183
274, 211
311, 101
183, 199
299, 202
277, 190
283, 197
273, 180
176, 156
238, 207
283, 195
248, 214
281, 177
222, 217
275, 178
179, 165
280, 194
167, 195
238, 172
240, 187
166, 179
336, 98
303, 190
175, 200
306, 195
266, 219
244, 190
277, 144
274, 190
307, 200
311, 87
274, 189
276, 192
165, 177
172, 196
276, 208
163, 203
287, 192
171, 191
163, 171
279, 184
285, 193
273, 219
253, 151
215, 227
210, 90
290, 154
257, 214
260, 217
321, 108
202, 209
273, 175
259, 213
247, 192
266, 149
275, 177
342, 98
295, 187
329, 92
250, 216
174, 163
278, 206
200, 206
245, 232
269, 150
256, 212
290, 198
273, 145
279, 144
253, 227
291, 192
247, 230
283, 186
244, 231
156, 189
312, 194
169, 211
164, 174
188, 215
286, 165
170, 197
288, 180
167, 217
166, 189
241, 208
165, 172
245, 221
258, 216
304, 200
322, 93
245, 219
306, 192
288, 133
246, 241
236, 230
252, 217
263, 223
169, 172
165, 195
176, 207
175, 156
169, 198
248, 225
286, 128
275, 197
242, 236
246, 235
265, 221
321, 93
199, 208
210, 88
168, 205
165, 205
266, 148
239, 219
155, 189
172, 210
249, 219
209, 212
247, 193
301, 200
219, 217
264, 213
274, 155
167, 202
289, 157
228, 218
314, 99
256, 216
247, 210
269, 206
323, 95
164, 197
324, 104
268, 148
283, 185
291, 176
203, 96
185, 100
174, 202
196, 185
327, 105
295, 190
240, 216
279, 141
185, 201
306, 197
264, 143
212, 216
314, 95
162, 200
265, 217
196, 207
292, 184
237, 219
272, 217
183, 203
236, 224
292, 200
294, 203
170, 207
288, 165
187, 153
273, 146
265, 210
248, 216
269, 146
208, 233
268, 157
182, 208
319, 90
278, 209
283, 189
240, 227
298, 199
287, 172
215, 229
315, 93
213, 231
293, 201
278, 183
310, 198
330, 100
217, 208
283, 184
167, 213
308, 194
330, 93
283, 156
201, 91
187, 93
158, 189
275, 198
254, 221
273, 205
274, 212
206, 96
242, 159
170, 217
278, 197
201, 103
319, 91
173, 216
218, 229
281, 187
279, 209
250, 158
212, 232
180, 99
281, 180
249, 225
288, 139
255, 214
261, 156
299, 69
285, 128
177, 165
288, 60
257, 209
242, 227
290, 178
280, 219
175, 209
183, 100
278, 178
166, 193
181, 200
291, 198
273, 198
218, 225
213, 212
289, 145
326, 103
162, 208
333, 95
201, 208
209, 234
264, 214
297, 188
245, 181
161, 191
167, 216
272, 203
290, 156
236, 219
229, 230
273, 227
291, 152
263, 157
272, 181
164, 175
286, 158
170, 209
301, 199
287, 189
258, 158
192, 212
323, 108
280, 189
284, 175
277, 195
249, 234
312, 102
288, 198
243, 204
270, 187
213, 220
166, 210
280, 196
227, 224
334, 95
311, 196
283, 194
182, 146
268, 189
210, 218
265, 205
187, 91
316, 197
306, 201
308, 86
311, 86
186, 202
176, 216
334, 99
234, 214
235, 225
304, 194
238, 217
320, 106
161, 203
274, 221
256, 149
289, 143
330, 104
280, 186
261, 208
251, 151
241, 223
288, 200
221, 225
274, 230
174, 210
281, 196
268, 219
256, 222
340, 99
259, 214
324, 95
270, 210
176, 164
242, 241
311, 94
281, 185
274, 185
332, 98
308, 196
166, 190
181, 213
245, 236
247, 212
282, 204
161, 188
289, 214
253, 230
268, 199
284, 126
305, 97
160, 191
312, 192
171, 211
284, 168
213, 186
250, 156
229, 214
280, 205
268, 211
244, 217
302, 196
244, 223
272, 192
163, 191
156, 169
254, 226
308, 201
246, 243
233, 231
213, 87
288, 169
253, 206
299, 199
160, 184
302, 197
234, 224
306, 194
265, 219
244, 233
247, 204
295, 185
171, 199
292, 197
288, 128
243, 235
161, 198
174, 207
232, 170
280, 204
301, 70
244, 227
162, 195
294, 186
177, 219
272, 228
154, 189
304, 199
290, 147
313, 108
275, 219
236, 227
331, 103
323, 104
289, 181
230, 214
178, 154
277, 183
322, 91
297, 192
313, 84
309, 194
312, 107
286, 200
244, 240
241, 243
251, 207
291, 174
327, 103
265, 143
312, 105
218, 227
165, 176
257, 212
340, 100
288, 189
277, 217
239, 230
263, 151
287, 126
179, 208
261, 144
312, 108
259, 212
178, 217
244, 212
165, 200
262, 217
271, 222
291, 200
175, 218
240, 225
287, 199
175, 158
262, 222
244, 236
287, 165
215, 240
246, 206
174, 197
259, 186
293, 160
212, 225
163, 206
238, 227
269, 172
241, 189
309, 97
288, 127
186, 91
276, 207
260, 223
250, 213
282, 217
272, 224
273, 189
313, 198
168, 211
310, 196
192, 89
277, 213
309, 100
279, 212
223, 211
301, 202
293, 153
173, 222
198, 88
306, 180
290, 206
271, 187
253, 224
270, 222
269, 159
297, 194
162, 201
214, 231
313, 91
244, 157
186, 92
170, 168
199, 148
206, 212
218, 242
237, 227
184, 218
216, 228
286, 139
261, 154
181, 103
273, 223
255, 217
202, 89
248, 223
293, 187
306, 202
159, 193
284, 128
241, 238
276, 143
183, 156
288, 130
182, 212
249, 236
257, 225
287, 161
285, 169
288, 159
208, 217
283, 217
280, 210
223, 241
283, 220
184, 100
218, 240
209, 214
294, 183
329, 103
241, 231
295, 204
161, 210
331, 96
263, 215
165, 180
168, 207
282, 150
165, 209
233, 221
203, 234
299, 196
155, 171
208, 211
249, 213
234, 219
230, 228
268, 234
279, 188
282, 216
248, 156
245, 205
290, 161
235, 224
332, 102
321, 101
160, 186
292, 152
323, 118
248, 235
317, 111
296, 202
213, 232
311, 100
310, 201
287, 132
188, 88
214, 211
225, 222
241, 236
207, 90
169, 209
300, 204
210, 240
166, 219
343, 99
309, 196
190, 89
171, 220
338, 98
290, 176
333, 98
308, 181
297, 199
252, 222
227, 229
315, 197
208, 214
239, 214
316, 89
161, 206
180, 92
194, 209
310, 87
270, 137
258, 151
328, 106
298, 201
224, 225
201, 89
168, 214
173, 218
291, 205
256, 151
260, 143
325, 100
188, 89
248, 150
241, 234
253, 232
353, 99
258, 150
303, 75
260, 208
345, 99
193, 88
284, 200
191, 215
284, 213
240, 250
283, 204
296, 211
322, 103
227, 215
234, 226
309, 199
288, 209
260, 152
298, 203
209, 230
239, 204
314, 104
252, 229
311, 105
309, 192
307, 85
292, 165
288, 206
308, 105
165, 191
278, 228
252, 225
313, 197
157, 168
253, 240
166, 209
268, 206
271, 191
266, 215
162, 183
308, 96
249, 154
245, 243
234, 233
236, 223
288, 138
237, 214
271, 224
201, 210
291, 149
245, 229
237, 209
318, 190
247, 239
237, 231
265, 224
276, 212
342, 100
322, 116
171, 167
284, 165
167, 190
238, 233
237, 230
276, 189
163, 192
301, 189
271, 229
156, 190
276, 199
250, 233
240, 232
169, 204
283, 126
291, 208
160, 193
278, 230
272, 187
156, 200
291, 201
225, 217
319, 110
285, 157
240, 249
240, 245
248, 210
291, 173
187, 103
290, 205
180, 217
248, 241
242, 240
264, 224
316, 106
165, 203
320, 110
276, 217
235, 241
237, 201
254, 212
261, 151
289, 127
242, 211
249, 228
239, 224
319, 94
171, 204
253, 231
315, 113
240, 212
327, 107
309, 202
254, 158
269, 149
291, 158
296, 184
164, 171
265, 235
193, 144
315, 99
285, 162
239, 238
212, 240
250, 208
293, 162
257, 181
292, 172
207, 232
249, 153
278, 140
307, 100
253, 211
265, 199
215, 234
167, 170
190, 228
243, 210
259, 222
249, 212
297, 210
311, 200
275, 201
279, 191
320, 194
272, 221
244, 245
319, 93
284, 135
304, 180
289, 207
273, 225
270, 218
277, 219
326, 101
204, 91
292, 206
212, 84
183, 95
290, 145
164, 194
324, 107
263, 149
147, 195
179, 97
325, 108
221, 241
259, 155
203, 91
246, 224
303, 204
164, 181
255, 231
171, 166
260, 227
280, 195
340, 101
293, 180
211, 88
294, 164
288, 172
271, 215
284, 216
219, 241
286, 120
248, 238
283, 221
222, 240
277, 199
277, 179
281, 221
273, 232
233, 225
309, 99
209, 221
305, 186
233, 240
292, 205
248, 157
271, 198
254, 235
274, 215
232, 227
247, 244
307, 202
153, 204
255, 208
253, 236
233, 234
204, 234
164, 178
231, 238
266, 236
253, 213
229, 216
303, 202
201, 235
276, 227
230, 240
293, 214
322, 106
160, 183
190, 88
245, 206
293, 181
231, 216
314, 199
293, 172
250, 231
160, 196
236, 238
322, 118
316, 111
269, 182
171, 214
247, 240
243, 232
316, 105
297, 205
289, 142
264, 202
313, 103
236, 231
302, 206
335, 100
333, 101
163, 179
340, 102
223, 223
213, 238
297, 198
227, 227
189, 87
170, 218
230, 226
173, 220
290, 171
294, 211
309, 181
323, 188
231, 224
291, 126
291, 150
337, 100
313, 190
162, 176
246, 246
320, 190
265, 222
162, 196
176, 217
157, 194
259, 153
180, 105
296, 203
309, 86
266, 146
331, 104
314, 200
271, 138
222, 227
257, 143
247, 153
352, 98
195, 210
243, 206
286, 199
257, 141
180, 97
232, 228
256, 221
281, 214
158, 190
307, 204
179, 90
323, 111
241, 233
259, 151
280, 216
279, 195
338, 99
231, 225
210, 233
322, 194
347, 99
293, 208
293, 211
321, 112
212, 214
274, 205
275, 188
280, 217
319, 103
290, 216
306, 205
234, 230
292, 210
312, 191
294, 163
275, 228
228, 221
294, 200
287, 212
252, 228
298, 205
164, 204
242, 249
315, 114
161, 176
253, 239
236, 244
210, 135
285, 212
213, 89
351, 100
322, 190
251, 153
241, 213
285, 215
167, 171
275, 231
242, 247
208, 224
237, 213
321, 115
237, 233
185, 95
255, 149
162, 204
232, 240
253, 155
314, 93
343, 100
324, 116
349, 99
297, 186
252, 231
198, 210
295, 207
292, 148
302, 159
319, 189
177, 163
260, 142
199, 88
307, 190
249, 230
304, 96
282, 212
274, 228
162, 181
236, 184
272, 149
250, 238
250, 224
252, 156
281, 125
270, 233
158, 201
317, 119
233, 223
269, 211
292, 143
245, 242
226, 239
237, 247
239, 245
315, 108
324, 119
283, 205
288, 191
233, 220
322, 114
235, 245
243, 209
269, 144
319, 105
260, 225
289, 204
236, 245
315, 110
259, 205
151, 189
311, 109
238, 239
224, 241
329, 93
324, 101
244, 246
215, 241
280, 138
256, 229
313, 194
307, 189
306, 98
328, 109
286, 150
302, 188
185, 102
217, 231
235, 217
291, 164
168, 168
259, 141
248, 244
199, 231
304, 203
316, 191
242, 180
315, 196
298, 197
270, 230
322, 192
269, 220
322, 96
276, 200
242, 243
305, 177
156, 196
237, 240
203, 87
287, 211
247, 247
294, 152
318, 183
238, 224
183, 87
196, 87
265, 243
181, 92
256, 226
162, 175
324, 111
309, 80
181, 95
160, 170
238, 209
317, 198
256, 148
287, 118
220, 228
204, 230
166, 214
256, 223
178, 88
223, 238
274, 234
316, 91
289, 165
230, 227
318, 101
270, 231
287, 218
317, 116
271, 219
314, 106
210, 219
248, 206
265, 146
280, 221
308, 182
242, 246
238, 212
228, 225
303, 188
228, 239
228, 240
270, 228
156, 204
161, 207
286, 217
255, 228
223, 220
161, 179
212, 238
266, 234
293, 213
160, 174
249, 240
229, 243
218, 238
292, 155
224, 239
151, 186
303, 177
157, 187
230, 218
302, 207
326, 91
271, 226
291, 212
221, 243
293, 174
289, 212
304, 204
313, 182
323, 189
188, 104
282, 219
160, 200
318, 195
165, 217
318, 179
256, 251
170, 90
289, 169
294, 122
313, 189
151, 187
194, 131
244, 208
258, 218
232, 238
283, 202
348, 100
232, 232
247, 233
266, 232
267, 234
319, 113
155, 201
263, 248
269, 232
314, 201
272, 137
228, 237
287, 159
295, 158
323, 114
183, 104
268, 145
258, 156
319, 196
238, 237
217, 240
253, 149
208, 223
349, 100
330, 186
288, 208
279, 213
232, 236
285, 170
308, 190
283, 199
191, 226
329, 190
284, 212
306, 95
288, 125
326, 108
318, 118
349, 98
289, 218
229, 237
298, 207
308, 94
231, 236
313, 101
286, 167
286, 219
316, 103
243, 250
314, 114
154, 170
259, 246
166, 212
303, 183
267, 231
312, 116
312, 117
270, 235
252, 239
227, 239
257, 140
365, 99
245, 248
297, 209
323, 190
295, 209
278, 231
255, 252
318, 104
210, 215
269, 235
280, 208
158, 183
238, 205
159, 185
321, 104
209, 215
267, 226
300, 209
266, 145
255, 153
303, 157
321, 188
293, 159
257, 158
178, 96
265, 145
293, 150
319, 191
293, 167
326, 114
296, 182
261, 141
323, 98
239, 221
258, 219
180, 219
228, 236
261, 230
360, 100
283, 212
279, 121
271, 233
308, 199
312, 94
284, 218
220, 240
237, 210
288, 216
289, 213
156, 192
317, 117
290, 142
249, 245
245, 151
207, 216
236, 217
255, 234
291, 144
237, 248
156, 199
318, 120
252, 254
353, 100
227, 237
326, 119
232, 245
241, 250
184, 104
194, 212
228, 227
288, 171
252, 207
267, 238
265, 240
249, 222
252, 146
300, 187
279, 227
283, 136
257, 227
216, 238
241, 159
201, 86
158, 182
226, 244
306, 188
321, 100
255, 141
329, 96
294, 210
297, 207
254, 253
327, 111
318, 193
317, 107
287, 201
320, 196
219, 245
318, 100
345, 100
201, 234
224, 220
299, 207
249, 243
310, 108
198, 234
275, 223
250, 256
261, 139
278, 217
307, 179
205, 214
279, 200
294, 154
251, 211
340, 97
254, 252
355, 100
284, 207
278, 213
298, 209
286, 205
329, 189
302, 181
160, 195
319, 183
266, 242
280, 207
293, 203
225, 237
245, 153
324, 117
221, 222
325, 187
200, 97
197, 86
241, 197
292, 167
161, 173
336, 96
170, 161
291, 203
288, 214
315, 182
337, 101
311, 203
160, 176
306, 206
286, 119
242, 157
292, 211
216, 244
289, 120
223, 229
327, 190
323, 96
209, 238
272, 235
321, 185
317, 92
271, 202
227, 217
280, 127
170, 220
257, 229
193, 214
308, 185
259, 251
304, 188
202, 141
208, 88
261, 234
244, 248
293, 186
298, 189
262, 246
248, 147
163, 173
247, 150
322, 110
159, 174
235, 236
298, 173
231, 232
232, 234
283, 206
230, 245
252, 234
286, 202
176, 160
222, 237
228, 242
150, 184
193, 162
203, 235
268, 230
156, 194
234, 240
238, 184
172, 222
319, 98
169, 216
308, 107
294, 216
313, 203
220, 254
267, 213
221, 213
222, 239
255, 237
245, 239
311, 182
317, 196
259, 249
152, 191
289, 118
209, 207
304, 206
319, 116
319, 182
291, 125
312, 187
159, 182
283, 203
261, 248
234, 238
156, 185
164, 219
226, 243
265, 246
239, 243
297, 157
251, 243
280, 227
204, 85
270, 142
239, 234
147, 182
303, 178
230, 244
334, 186
244, 237
337, 102
214, 89
254, 141
184, 93
221, 248
327, 187
357, 97
269, 225
317, 96
290, 209
329, 107
180, 106
193, 228
328, 188
162, 170
279, 179
324, 197
311, 181
181, 91
298, 211
295, 198
325, 113
265, 245
247, 248
259, 243
156, 195
302, 183
249, 208
154, 199
239, 236
297, 213
285, 210
292, 158
313, 116
320, 118
367, 99
284, 221
250, 257
263, 245
159, 188
268, 228
231, 231
297, 71
358, 100
250, 151
322, 100
235, 214
208, 220
155, 167
305, 155
185, 90
327, 113
261, 182
243, 191
303, 77
280, 136
309, 116
258, 250
307, 208
300, 159
268, 221
260, 228
361, 101
209, 226
240, 157
264, 218
317, 177
293, 148
326, 184
286, 160
275, 222
260, 247
301, 214
279, 119
155, 185
277, 201
269, 228
226, 226
304, 184
299, 211
281, 126
155, 192
317, 121
223, 246
327, 92
297, 214
295, 213
247, 249
319, 121
240, 209
269, 222
320, 120
334, 189
248, 256
247, 152
251, 253
363, 96
222, 245
260, 251
181, 106
159, 210
208, 84
260, 219
235, 237
264, 241
256, 156
315, 203
269, 224
235, 248
232, 235
311, 189
264, 226
258, 153
253, 153
329, 185
291, 215
150, 190
324, 195
317, 113
264, 237
261, 246
320, 97
318, 200
328, 112
218, 243
354, 109
315, 192
308, 88
225, 226
316, 101
282, 121
324, 121
257, 253
248, 258
204, 89
190, 105
317, 199
294, 121
151, 203
250, 251
195, 232
333, 104
306, 179
281, 207
332, 185
150, 205
250, 252
201, 231
155, 193
214, 237
324, 193
239, 229
355, 101
265, 242
208, 87
196, 133
289, 202
305, 192
321, 99
363, 99
267, 195
264, 234
278, 232
192, 87
270, 136
269, 249
263, 139
233, 181
252, 196
184, 91
272, 200
306, 99
172, 162
193, 226
168, 161
159, 170
278, 219
302, 172
288, 207
329, 191
159, 169
301, 174
283, 120
228, 245
153, 169
320, 192
316, 202
219, 243
262, 219
279, 222
306, 78
317, 184
215, 236
287, 121
238, 243
241, 251
209, 240
294, 218
212, 237
336, 186
325, 192
270, 237
322, 185
283, 124
251, 245
183, 93
326, 116
227, 241
225, 245
308, 186
201, 85
261, 233
313, 83
213, 91
249, 229
228, 223
274, 131
320, 182
301, 186
297, 171
225, 235
312, 97
287, 167
248, 146
316, 190
358, 95
234, 246
297, 185
149, 182
336, 102
290, 121
257, 230
210, 84
159, 173
150, 196
296, 120
256, 154
215, 244
312, 184
254, 250
256, 233
230, 235
303, 207
302, 209
220, 251
259, 235
241, 156
238, 250
295, 150
219, 238
249, 258
333, 178
292, 121
157, 171
244, 222
164, 211
232, 243
311, 79
313, 183
297, 120
292, 170
246, 147
325, 110
298, 124
254, 256
224, 244
193, 212
294, 179
157, 181
307, 183
332, 191
256, 254
219, 229
255, 249
287, 163
201, 83
146, 181
286, 60
284, 179
240, 241
303, 186
270, 139
170, 162
315, 101
290, 220
344, 179
218, 248
215, 233
200, 210
309, 103
181, 89
202, 230
266, 231
227, 235
186, 236
180, 107
164, 169
320, 186
259, 240
206, 220
166, 162
256, 246
286, 197
261, 245
245, 249
308, 187
302, 193
368, 99
259, 252
233, 217
252, 251
230, 246
323, 119
364, 100
249, 255
346, 101
269, 237
368, 97
308, 159
343, 97
208, 216
154, 187
307, 160
294, 177
310, 204
336, 181
256, 247
305, 209
301, 157
212, 195
283, 215
318, 185
267, 246
271, 252
365, 101
328, 184
304, 211
281, 121
345, 98
279, 221
276, 131
292, 146
247, 220
281, 123
309, 78
319, 179
156, 183
219, 230
291, 124
281, 210
253, 252
301, 181
285, 208
247, 254
222, 244
187, 148
255, 251
258, 247
148, 196
178, 94
257, 243
262, 251
200, 85
328, 192
245, 150
333, 190
319, 201
313, 120
262, 244
152, 195
296, 68
183, 106
242, 238
251, 149
330, 98
281, 212
154, 186
275, 234
361, 97
263, 237
327, 122
317, 94
325, 123
315, 116
316, 201
355, 112
329, 128
251, 225
221, 247
317, 97
316, 120
284, 124
310, 114
268, 204
147, 196
312, 118
208, 235
159, 179
256, 245
341, 181
205, 229
320, 199
246, 254
274, 216
331, 189
274, 233
280, 230
268, 248
259, 238
294, 166
276, 233
297, 156
246, 256
217, 88
237, 252
268, 186
269, 136
256, 235
263, 217
293, 217
310, 166
356, 109
340, 103
326, 197
300, 173
327, 196
230, 242
186, 88
296, 149
180, 159
354, 96
283, 210
284, 117
204, 235
209, 235
193, 224
167, 160
303, 176
284, 120
320, 193
337, 187
324, 185
229, 234
317, 188
321, 197
179, 163
277, 122
267, 228
327, 128
325, 188
216, 246
285, 224
252, 257
248, 257
206, 88
186, 105
155, 197
259, 233
317, 181
295, 161
282, 223
278, 126
199, 82
188, 77
236, 247
316, 186
294, 68
351, 95
219, 236
268, 243
262, 241
366, 100
245, 157
231, 203
302, 77
211, 245
304, 210
184, 89
365, 103
295, 119
213, 244
207, 225
303, 201
312, 96
285, 222
299, 121
155, 168
290, 122
252, 255
224, 226
212, 85
243, 156
248, 252
264, 229
304, 208
221, 251
281, 118
326, 95
252, 220
286, 116
323, 187
209, 237
309, 178
256, 248
267, 244
332, 177
289, 166
296, 125
255, 258
159, 204
288, 221
234, 243
285, 203
293, 170
149, 185
289, 116
315, 184
306, 117
158, 196
234, 249
310, 184
263, 145
152, 200
248, 148
226, 233
308, 108
372, 99
306, 174
256, 256
148, 187
198, 83
289, 220
344, 177
285, 59
221, 231
307, 161
287, 235
206, 86
332, 186
312, 180
294, 181
287, 115
218, 249
343, 102
149, 189
283, 207
219, 248
156, 164
304, 153
246, 146
212, 86
187, 105
308, 84
362, 96
254, 247
241, 253
147, 185
157, 164
260, 238
301, 176
303, 118
185, 219
208, 83
302, 179
211, 242
250, 249
300, 120
261, 232
254, 246
267, 247
192, 214
251, 154
306, 190
286, 224
278, 129
304, 175
233, 250
307, 158
210, 96
265, 230
282, 114
212, 234
356, 100
305, 153
181, 163
319, 197
336, 178
306, 211
300, 156
277, 253
192, 154
173, 166
195, 223
310, 179
203, 228
337, 185
264, 248
277, 56
331, 183
305, 213
318, 177
306, 93
264, 228
301, 212
286, 124
253, 243
315, 118
319, 187
295, 145
276, 205
282, 128
328, 195
301, 180
365, 97
277, 226
220, 235
250, 247
300, 185
268, 241
330, 193
254, 242
318, 180
267, 223
300, 183
267, 237
330, 191
261, 255
339, 179
264, 230
339, 182
349, 96
169, 166
357, 96
286, 122
263, 226
369, 102
311, 204
314, 176
220, 249
284, 115
154, 183
151, 195
355, 110
327, 195
342, 181
358, 116
330, 130
309, 207
228, 247
160, 199
297, 151
258, 235
335, 171
304, 95
326, 117
289, 119
252, 249
310, 102
281, 133
253, 246
282, 227
329, 195
287, 238
271, 250
238, 251
259, 228
263, 239
243, 155
358, 109
329, 120
259, 241
276, 225
373, 100
286, 130
314, 121
298, 69
307, 165
328, 196
155, 182
296, 159
331, 131
364, 115
348, 102
151, 184
306, 90
356, 107
328, 186
274, 192
205, 232
161, 168
306, 173
198, 86
328, 123
298, 149
337, 188
328, 127
166, 169
226, 247
255, 244
245, 252
207, 237
164, 221
335, 104
321, 199
295, 219
182, 107
206, 222
254, 219
282, 197
159, 180
246, 251
333, 193
194, 80
205, 83
269, 244
288, 62
311, 187
272, 248
359, 103
301, 163
321, 201
314, 122
268, 239
211, 246
217, 236
329, 125
315, 194
282, 117
306, 160
260, 240
290, 116
281, 116
216, 218
293, 143
314, 191
280, 203
308, 165
291, 216
221, 254
334, 179
328, 181
274, 235
319, 172
297, 125
252, 258
326, 118
362, 98
293, 199
298, 175
309, 117
289, 124
283, 129
310, 171
265, 139
197, 231
301, 73
282, 230
200, 83
342, 175
316, 167
310, 92
335, 184
251, 237
208, 85
345, 180
249, 247
179, 82
286, 114
291, 238
326, 180
346, 103
232, 249
178, 93
240, 257
317, 154
251, 235
229, 232
327, 121
326, 193
274, 253
318, 109
157, 203
247, 259
298, 119
206, 229
296, 148
147, 192
343, 178
249, 251
283, 226
308, 176
244, 255
306, 157
271, 135
299, 185
330, 120
325, 194
197, 81
291, 218
230, 248
335, 179
300, 154
275, 169
299, 182
303, 153
339, 171
210, 242
212, 245
276, 251
339, 185
282, 58
339, 178
303, 214
312, 121
250, 153
271, 253
338, 181
282, 199
265, 249
223, 231
310, 109
300, 213
249, 249
283, 134
301, 183
165, 212
263, 231
297, 145
251, 205
277, 121
303, 129
267, 255
217, 249
259, 254
337, 182
262, 253
170, 163
340, 187
194, 232
358, 97
184, 76
181, 87
360, 110
318, 155
269, 251
211, 93
344, 173
340, 184
223, 210
281, 57
312, 171
217, 234
312, 206
289, 132
264, 233
303, 212
292, 117
196, 84
354, 97
282, 118
317, 176
362, 117
343, 171
327, 129
361, 98
186, 81
356, 111
310, 193
275, 203
359, 117
153, 192
314, 187
257, 234
321, 121
310, 172
308, 178
236, 253
309, 152
334, 170
328, 115
290, 139
322, 198
306, 166
305, 182
314, 165
335, 189
290, 240
277, 255
342, 102
173, 200
298, 181
229, 221
306, 169
222, 232
296, 180
371, 100
282, 228
359, 110
326, 129
261, 243
387, 108
236, 228
163, 202
284, 228
314, 167
333, 141
364, 116
309, 89
298, 180
330, 109
290, 129
251, 259
324, 198
293, 219
212, 91
262, 224
313, 169
309, 206
298, 148
211, 97
255, 139
162, 206
273, 236
337, 180
291, 219
314, 124
157, 178
355, 108
213, 247
296, 223
258, 232
295, 173
299, 179
206, 239
171, 163
334, 133
214, 245
207, 83
205, 86
339, 184
256, 242
316, 122
335, 191
308, 163
279, 56
270, 248
257, 236
184, 237
222, 235
309, 167
304, 173
244, 257
250, 147
201, 232
363, 101
305, 167
206, 236
197, 216
301, 184
189, 236
263, 250
282, 225
365, 114
361, 102
311, 180
158, 176
344, 178
334, 193
323, 122
292, 116
297, 161
319, 128
278, 205
226, 249
307, 101
278, 215
159, 178
309, 161
313, 117
257, 240
327, 183
314, 175
249, 221
334, 183
331, 179
305, 130
278, 252
169, 164
246, 263
281, 232
358, 101
335, 192
353, 111
304, 131
308, 173
289, 235
341, 174
259, 219
256, 220
217, 259
278, 253
342, 167
153, 182
299, 71
200, 82
327, 165
345, 181
287, 234
328, 179
267, 137
315, 205
252, 240
365, 110
330, 176
203, 83
337, 173
329, 118
332, 106
297, 118
340, 174
322, 164
234, 253
294, 123
321, 170
345, 103
239, 256
224, 246
314, 180
292, 126
232, 251
203, 237
231, 182
306, 150
316, 174
314, 163
184, 102
320, 178
280, 57
331, 119
301, 152
284, 251
303, 211
262, 237
311, 167
285, 247
337, 170
209, 244
349, 181
309, 208
281, 250
332, 123
286, 236
341, 178
340, 113
185, 75
352, 179
313, 154
313, 152
336, 177
314, 185
256, 258
295, 144
267, 253
340, 188
188, 86
345, 172
244, 148
286, 137
314, 177
313, 174
312, 163
273, 249
271, 254
249, 260
296, 216
194, 230
321, 154
313, 171
192, 237
230, 251
283, 252
230, 249
226, 229
365, 118
360, 115
244, 254
298, 131
217, 247
308, 79
341, 172
311, 120
268, 250
344, 171
359, 107
219, 218
280, 129
299, 213
169, 220
366, 113
254, 259
336, 122
275, 252
184, 80
246, 257
311, 151
332, 171
336, 173
298, 178
273, 251
314, 166
338, 110
229, 247
192, 80
297, 129
305, 150
217, 251
216, 233
322, 200
330, 195
290, 238
276, 255
308, 171
300, 73
305, 176
334, 182
318, 203
286, 241
306, 185
367, 112
361, 110
332, 122
394, 112
279, 201
360, 108
285, 229
336, 142
373, 125
331, 110
313, 170
350, 102
312, 167
177, 92
332, 144
364, 112
326, 165
233, 210
239, 231
281, 223
166, 168
356, 106
309, 150
271, 246
296, 224
333, 133
312, 122
295, 221
314, 171
313, 177
194, 86
327, 198
294, 227
296, 215
194, 81
279, 251
174, 237
370, 102
270, 183
291, 166
298, 179
190, 80
325, 180
282, 252
330, 126
358, 103
314, 174
311, 164
335, 133
368, 113
367, 102
303, 161
341, 186
318, 123
279, 129
315, 172
302, 167
260, 244
283, 241
268, 252
233, 252
316, 166
338, 174
253, 261
286, 243
312, 114
192, 84
299, 172
294, 169
330, 178
310, 208
190, 79
330, 180
319, 170
325, 175
246, 217
344, 175
223, 250
320, 168
352, 109
295, 244
214, 259
190, 85
327, 166
175, 170
234, 252
299, 122
353, 102
292, 141
325, 172
343, 168
292, 233
330, 179
364, 110
328, 176
343, 106
347, 179
189, 216
333, 123
355, 179
249, 261
328, 126
287, 247
194, 84
320, 164
236, 250
321, 172
352, 97
238, 256
252, 206
272, 238
241, 254
318, 153
225, 248
184, 107
306, 88
303, 151
153, 202
338, 104
330, 123
243, 252
192, 235
188, 79
316, 164
311, 154
304, 189
168, 164
292, 119
322, 183
270, 245
299, 149
312, 154
325, 200
332, 129
275, 255
338, 169
350, 181
323, 123
363, 110
268, 246
299, 152
288, 253
285, 245
280, 250
286, 235
274, 56
198, 110
335, 106
316, 195
277, 203
240, 152
242, 257
333, 172
157, 176
301, 216
325, 129
338, 113
285, 225
152, 187
294, 222
352, 180
279, 248
262, 234
291, 169
339, 189
291, 114
296, 69
284, 60
259, 257
265, 251
309, 82
338, 179
314, 162
276, 254
322, 155
249, 145
198, 228
310, 153
270, 256
333, 173
180, 87
281, 59
365, 117
290, 194
323, 179
345, 170
189, 234
286, 245
341, 190
294, 225
279, 57
362, 118
186, 79
259, 209
334, 172
231, 253
319, 176
184, 83
329, 171
356, 180
306, 162
354, 114
300, 134
292, 232
316, 154
303, 217
273, 256
322, 173
320, 153
332, 176
342, 107
279, 256
284, 143
353, 104
356, 115
286, 252
219, 251
294, 157
319, 165
361, 114
235, 255
323, 200
310, 169
284, 240
330, 131
394, 114
145, 190
322, 154
390, 110
227, 250
317, 204
287, 232
339, 145
370, 126
332, 143
297, 159
365, 120
333, 148
239, 255
261, 241
329, 199
365, 124
218, 259
334, 162
294, 226
364, 123
298, 218
327, 117
342, 190
271, 245
322, 175
239, 202
303, 171
347, 98
315, 155
280, 226
330, 141
303, 216
191, 82
334, 180
335, 194
312, 208
365, 115
289, 238
288, 177
307, 170
356, 178
300, 216
333, 140
354, 113
192, 231
255, 260
329, 143
151, 182
311, 195
188, 81
303, 163
295, 177
340, 105
294, 223
331, 142
327, 199
225, 250
328, 131
301, 166
312, 175
367, 109
230, 255
289, 137
294, 172
183, 83
323, 173
278, 254
282, 240
249, 264
329, 170
240, 228
339, 166
311, 177
247, 265
285, 242
349, 103
183, 81
326, 173
324, 166
361, 103
296, 244
272, 134
303, 169
357, 98
365, 126
369, 112
223, 251
278, 57
358, 118
322, 163
349, 166
290, 231
331, 187
275, 250
333, 165
234, 228
224, 251
341, 170
331, 167
324, 154
326, 179
361, 120
329, 172
341, 177
342, 104
346, 176
320, 162
331, 108
156, 174
312, 173
293, 229
265, 255
336, 135
333, 107
333, 166
343, 188
185, 87
229, 254
330, 117
283, 255
280, 254
290, 241
351, 113
186, 86
288, 124
228, 251
332, 119
289, 241
232, 256
337, 166
347, 180
331, 169
309, 159
275, 257
338, 96
176, 92
288, 249
320, 161
341, 180
289, 254
282, 255
366, 104
176, 90
308, 153
332, 169
345, 187
324, 130
328, 111
247, 266
240, 259
296, 243
283, 245
340, 115
331, 125
226, 251
251, 261
299, 118
277, 249
352, 189
319, 174
293, 230
300, 75
258, 259
264, 253
323, 163
265, 186
273, 202
297, 183
305, 159
294, 168
192, 79
327, 164
263, 255
293, 225
281, 255
283, 59
283, 244
270, 239
321, 181
308, 210
298, 145
273, 255
303, 218
259, 255
321, 202
322, 132
346, 174
193, 230
352, 181
187, 85
301, 131
202, 84
355, 116
294, 231
259, 231
285, 238
316, 152
209, 246
205, 82
373, 110
348, 174
340, 108
225, 254
243, 207
296, 172
273, 248
266, 53
305, 149
372, 107
209, 247
182, 77
363, 103
338, 111
312, 165
332, 162
355, 105
355, 115
288, 252
392, 113
278, 122
217, 255
372, 127
318, 124
290, 233
335, 149
370, 127
367, 121
181, 227
335, 174
334, 176
290, 221
336, 147
374, 127
332, 147
335, 164
203, 115
186, 78
329, 158
331, 196
329, 159
319, 158
337, 122
378, 102
222, 253
324, 170
365, 121
297, 220
154, 196
279, 247
322, 152
335, 195
306, 213
309, 174
302, 143
349, 182
184, 84
189, 241
237, 255
316, 168
336, 140
355, 175
321, 177
335, 151
333, 99
197, 105
246, 155
289, 256
334, 153
302, 219
267, 256
189, 80
284, 248
329, 133
318, 168
326, 125
330, 172
367, 125
330, 140
189, 78
283, 238
252, 263
271, 257
333, 162
310, 209
300, 177
340, 165
257, 262
271, 148
337, 190
245, 262
328, 200
182, 83
311, 210
354, 176
293, 243
370, 103
281, 202
213, 260
307, 176
156, 172
351, 115
349, 167
335, 173
225, 253
328, 177
299, 125
190, 230
216, 258
329, 168
327, 170
328, 175
333, 150
360, 106
334, 160
353, 181
276, 215
288, 223
342, 169
326, 154
353, 178
335, 166
336, 176
283, 256
164, 167
370, 110
335, 162
303, 152
319, 164
289, 251
175, 90
283, 250
189, 82
291, 139
309, 154
238, 261
235, 257
339, 167
369, 114
331, 162
352, 175
320, 158
301, 162
365, 127
298, 222
335, 131
283, 257
286, 254
306, 171
343, 140
338, 176
351, 110
344, 181
277, 235
335, 169
371, 119
365, 106
243, 264
182, 84
240, 266
292, 228
226, 252
227, 252
346, 105
265, 258
301, 118
350, 116
333, 130
181, 84
262, 257
287, 250
183, 86
317, 173
285, 254
351, 192
258, 263
256, 210
343, 183
332, 182
329, 165
324, 160
178, 84
334, 167
333, 157
298, 215
313, 207
310, 162
347, 105
293, 226
346, 172
335, 165
335, 159
275, 248
304, 220
324, 131
228, 257
342, 136
327, 143
359, 119
349, 179
398, 116
229, 256
326, 170
187, 234
353, 177
386, 110
269, 254
301, 250
286, 237
373, 109
354, 184
311, 186
204, 239
321, 169
362, 113
347, 182
373, 107
336, 154
399, 118
272, 145
168, 162
274, 246
225, 231
207, 245
312, 161
363, 105
264, 53
374, 138
337, 147
277, 247
286, 230
337, 148
218, 257
368, 122
335, 145
384, 130
331, 146
283, 113
297, 152
336, 151
328, 160
331, 198
314, 128
319, 126
329, 157
181, 81
215, 249
258, 261
296, 246
362, 125
290, 225
267, 259
386, 107
290, 227
287, 256
291, 259
340, 109
293, 233
331, 199
278, 244
315, 207
368, 115
356, 113
378, 131
335, 150
356, 176
338, 161
335, 140
369, 128
331, 165
245, 267
334, 155
292, 223
292, 238
381, 131
324, 178
330, 115
331, 149
339, 161
369, 125
269, 242
400, 119
297, 175
324, 156
291, 255
266, 249
279, 152
350, 114
292, 242
371, 129
342, 165
256, 261
292, 245
275, 180
325, 163
280, 234
334, 142
237, 266
303, 251
294, 155
379, 103
221, 257
347, 168
278, 243
230, 256
313, 172
278, 223
350, 167
289, 224
332, 158
297, 242
280, 235
241, 264
300, 217
219, 255
343, 186
276, 261
326, 152
184, 78
327, 133
216, 254
284, 237
260, 257
237, 261
225, 255
246, 208
345, 109
291, 243
353, 186
222, 255
330, 156
358, 183
282, 180
363, 119
370, 120
316, 170
331, 174
282, 232
188, 93
339, 176
302, 214
334, 152
291, 251
305, 165
321, 176
289, 231
289, 248
344, 139
352, 120
373, 129
204, 105
261, 211
288, 227
350, 105
288, 257
278, 225
242, 263
264, 258
237, 258
369, 119
346, 107
351, 194
324, 183
322, 151
239, 267
359, 121
350, 191
