216, 80
214, 82
212, 82
215, 80
