R/encontro/arrival.asc
NCOLS 638
NROWS 825
XLLCORNER -2985163.8955
YLLCORNER -3022031.214
CELLSIZE 10000
NODATA_value -1
[rows 368 to 413 of 825, columns 384 to 479 of 638]
2708 2673 2656 2657 2661 2655 2638 2631 2626 2622 2628 2611 2622 2592 2607 2621 2587 2573 2573 2558 2557 2549 2537 2523 2520 2506 2505 2517 2493 2483 2472 2468 2467 2450 2462 2432 2414 2415 2396 2398 2384 2377 2343 2350 2347 2333 2316 2312 2281 2280 2261 2263 2260 2246 2243 2224 2191 2208 2198 2185 2193 2183 2176 2161 2138 2146 2097 2081 2076 2073 2073 2016 2035 2011 2014 2013 2011 1975 1980 1989 1962 1984 1955 1961 1944 1933 1918 1913 1899 1911 1891 1882 1879 1860 1862 1844
2657 2694 2659 2643 2658 2639 2641 2624 2618 2611 2619 2605 2608 2591 2601 2603 2588 2575 2572 2558 2557 2553 2553 2539 2519 2506 2485 2486 2482 2492 2466 2465 2448 2447 2448 2429 2428 2415 2411 2382 2380 2378 2364 2346 2336 2330 2316 2302 2311 2291 2261 2248 2234 2246 2229 2229 2185 2186 2194 2194 2179 2179 2173 2163 2147 2132 2132 2070 2080 2062 2042 2000 2016 2021 2024 2010 1993 1977 1991 1994 1975 1962 1970 1946 1944 1941 1916 1917 1909 1896 1882 1894 1868 1878 1860 1841
2661 2657 2677 2642 2639 2644 2625 2624 2624 2621 2597 2605 2604 2591 2589 2587 2575 2574 2572 2538 2539 2554 2540 2523 2523 2519 2488 2487 2472 2482 2467 2445 2436 2434 2433 2414 2415 2414 2395 2397 2383 2380 2377 2342 2346 2327 2313 2295 2296 2282 2277 2247 2257 2243 2231 2226 2212 2192 2208 2183 2174 2173 2159 2156 2149 2127 2115 2094 2077 2060 2046 2008 1996 1991 1980 2001 1993 1979 1990 1977 1980 1959 1960 1953 1929 1915 1927 1910 1895 1899 1885 1881 1880 1879 1865 1846
2676 2644 2674 2660 2625 2643 2623 2605 2610 2607 2590 2604 2590 2590 2573 2569 2567 2553 2541 2533 2505 2507 2509 2484 2489 2498 2505 2503 2467 2455 2468 2453 2464 2433 2413 2401 2400 2383 2381 2394 2368 2369 2363 2344 2343 2326 2312 2309 2295 2292 2268 2248 2241 2227 2224 2219 2209 2214 2200 2188 2174 2172 2159 2152 2147 2129 2113 2115 2079 2063 2059 2061 2039 1995 2018 1983 1993 1965 1959 1976 1963 1963 1945 1950 1931 1929 1901 1892 1910 1907 1893 1878 1873 1875 1861 1848
2662 2644 2626 2627 2643 2625 2640 2623 2593 2593 2590 2592 2585 2571 2570 2574 2573 2555 2554 2540 2488 2488 2507 2485 2484 2485 2485 2489 2453 2452 2448 2448 2463 2450 2415 2413 2363 2381 2383 2380 2366 2367 2352 2349 2343 2329 2293 2293 2311 2308 2278 2258 2244 2257 2243 2210 2195 2223 2178 2174 2180 2171 2165 2145 2148 2125 2115 2112 2093 2026 2024 2045 2047 2038 2027 2004 1987 1964 1959 1960 1959 1956 1943 1936 1926 1930 1910 1897 1896 1895 1894 1877 1891 1877 1862 1849
2641 2645 2642 2623 2605 2607 2624 2626 2609 2589 2591 2591 2590 2571 2556 2570 2542 2553 2551 2553 2523 2499 2504 2490 2471 2473 2471 2471 2451 2437 2438 2433 2434 2449 2432 2430 2399 2367 2374 2365 2353 2349 2362 2361 2335 2329 2274 2278 2278 2310 2294 2267 2258 2259 2245 2226 2199 2209 2176 2178 2175 2166 2157 2151 2131 2123 2127 2103 2098 2043 2043 2029 2030 2011 2003 2013 1979 1987 1984 1967 1959 1955 1942 1929 1924 1921 1911 1896 1909 1895 1891 1882 1872 1872 1865 1857
2630 2627 2628 2639 2609 2604 2607 2593 2609 2592 2590 2576 2588 2570 2557 2556 2524 2539 2517 2537 2539 2523 2488 2485 2473 2464 2470 2469 2469 2451 2426 2421 2419 2414 2416 2418 2404 2365 2379 2373 2346 2346 2349 2348 2347 2313 2315 2309 2284 2290 2281 2277 2244 2247 2233 2228 2226 2196 2188 2189 2190 2161 2149 2145 2137 2117 2095 2113 2089 2034 2029 2012 2025 2030 1991 1993 1969 1993 1969 1970 1959 1945 1941 1931 1922 1925 1925 1911 1916 1902 1890 1889 1876 1862 1858 1851
2635 2624 2610 2611 2625 2606 2592 2605 2606 2592 2586 2572 2577 2574 2556 2540 2536 2536 2537 2520 2505 2488 2467 2455 2453 2456 2455 2458 2457 2455 2437 2425 2433 2400 2417 2429 2415 2369 2380 2366 2348 2346 2347 2331 2327 2322 2291 2301 2295 2284 2276 2274 2240 2239 2225 2225 2213 2196 2195 2175 2176 2154 2146 2154 2144 2124 2100 2097 2083 2078 2055 2038 2027 2013 2000 1992 2009 1969 1979 1966 1953 1950 1949 1933 1924 1932 1925 1911 1915 1908 1898 1891 1891 1877 1875 1857
2624 2632 2618 2593 2611 2608 2605 2591 2574 2589 2587 2573 2558 2563 2540 2537 2522 2504 2522 2523 2519 2487 2485 2450 2436 2419 2433 2436 2435 2437 2428 2435 2419 2399 2385 2403 2387 2398 2350 2370 2364 2348 2345 2333 2328 2321 2293 2271 2267 2278 2275 2260 2239 2240 2209 2222 2211 2199 2195 2179 2190 2158 2156 2140 2140 2120 2110 2093 2079 2069 2064 2047 2038 2035 2021 2000 1986 1995 1978 1962 1952 1941 1944 1935 1924 1918 1926 1921 1907 1901 1894 1884 1877 1864 1861 1857
2610 2610 2597 2611 2598 2584 2594 2591 2571 2573 2575 2572 2571 2557 2554 2537 2536 2502 2488 2505 2506 2505 2488 2471 2454 2436 2416 2432 2422 2421 2423 2417 2421 2386 2385 2365 2387 2395 2384 2364 2361 2350 2349 2335 2316 2314 2301 2279 2257 2259 2261 2256 2225 2225 2226 2208 2208 2191 2191 2205 2165 2176 2159 2142 2126 2122 2106 2094 2090 2063 2059 2049 2047 2018 2009 2004 1987 1967 1967 1978 1947 1958 1944 1943 1928 1940 1919 1909 1906 1893 1892 1881 1874 1875 1874 1854
2620 2606 2590 2579 2607 2590 2577 2589 2574 2572 2573 2558 2554 2543 2556 2542 2523 2522 2485 2502 2503 2489 2485 2455 2450 2451 2416 2416 2402 2404 2406 2412 2403 2399 2352 2365 2351 2349 2381 2333 2334 2347 2336 2327 2318 2302 2294 2287 2242 2240 2277 2263 2242 2205 2225 2212 2206 2192 2177 2188 2191 2174 2159 2139 2141 2123 2108 2093 2076 2073 2059 2045 2044 2025 2017 2001 1991 1966 1962 1975 1961 1947 1944 1942 1916 1912 1909 1918 1898 1893 1889 1875 1871 1887 1873 1841
2609 2607 2593 2586 2580 2593 2576 2575 2571 2552 2555 2559 2557 2540 2541 2523 2523 2522 2502 2488 2467 2468 2469 2471 2454 2451 2437 2403 2382 2385 2404 2401 2401 2389 2385 2351 2365 2335 2346 2323 2313 2301 2286 2313 2315 2301 2311 2297 2280 2237 2241 2246 2243 2208 2212 2177 2188 2174 2175 2172 2174 2160 2174 2156 2136 2127 2122 2102 2088 2069 2068 2034 2039 2030 2011 2005 2009 1977 1976 1975 1961 1944 1936 1927 1924 1915 1902 1901 1902 1888 1892 1876 1858 1858 1840 1841
2610 2592 2597 2576 2572 2580 2559 2576 2573 2557 2538 2541 2537 2523 2522 2508 2503 2520 2508 2488 2472 2453 2436 2434 2435 2437 2417 2417 2385 2368 2351 2368 2387 2387 2368 2331 2351 2318 2335 2326 2318 2299 2282 2285 2298 2293 2284 2284 2281 2245 2227 2247 2229 2194 2206 2187 2209 2164 2160 2157 2158 2157 2171 2143 2142 2125 2110 2107 2088 2074 2075 2048 2054 2025 2021 2010 1996 1995 1958 1970 1956 1939 1941 1922 1924 1910 1901 1906 1892 1893 1890 1872 1861 1858 1855 1857
2596 2591 2572 2583 2576 2573 2556 2559 2555 2541 2539 2524 2521 2523 2538 2520 2489 2491 2506 2471 2471 2470 2450 2451 2433 2421 2382 2385 2403 2383 2351 2366 2354 2369 2368 2330 2331 2318 2331 2333 2313 2283 2278 2282 2279 2264 2279 2260 2259 2267 2225 2233 2213 2190 2182 2205 2195 2170 2157 2147 2155 2154 2157 2137 2124 2125 2122 2093 2072 2058 2074 2042 2056 2040 2016 2007 1997 1978 1957 1963 1952 1938 1941 1918 1912 1915 1904 1895 1907 1889 1875 1876 1859 1856 1868 1854
2588 2590 2574 2573 2589 2564 2559 2555 2538 2537 2540 2525 2524 2505 2506 2524 2477 2474 2491 2471 2468 2436 2438 2437 2417 2419 2382 2401 2386 2369 2352 2352 2355 2367 2367 2330 2317 2315 2298 2317 2299 2299 2282 2282 2279 2265 2251 2247 2246 2251 2233 2215 2195 2199 2185 2207 2179 2178 2178 2175 2161 2140 2145 2154 2137 2123 2085 2108 2076 2068 2054 2039 2023 2042 2020 2006 1990 1983 1972 1943 1949 1946 1932 1927 1929 1907 1918 1918 1902 1884 1876 1867 1855 1859 1856 1855
2591 2574 2570 2571 2575 2556 2554 2539 2525 2539 2528 2521 2519 2505 2507 2503 2486 2486 2488 2454 2468 2454 2419 2437 2416 2433 2383 2399 2387 2386 2383 2352 2353 2353 2348 2353 2336 2301 2280 2298 2283 2261 2263 2260 2265 2265 2245 2231 2246 2232 2250 2232 2212 2181 2164 2164 2193 2176 2154 2140 2153 2144 2144 2140 2123 2106 2105 2091 2073 2059 2054 2040 2034 2025 2023 1990 1987 1986 1985 1971 1952 1952 1940 1933 1923 1921 1893 1901 1904 1901 1881 1867 1873 1859 1853 1852
2571 2571 2568 2556 2557 2542 2534 2536 2541 2517 2517 2527 2521 2507 2507 2490 2489 2486 2485 2474 2469 2437 2437 2434 2417 2403 2419 2402 2385 2366 2367 2369 2351 2335 2334 2304 2317 2299 2298 2281 2297 2247 2250 2249 2248 2228 2245 2231 2244 2212 2230 2229 2197 2177 2147 2151 2161 2148 2176 2173 2144 2139 2120 2123 2120 2106 2106 2090 2073 2070 2037 2039 2035 2025 2020 2004 1997 1989 1972 1955 1954 1938 1938 1926 1935 1909 1892 1867 1873 1887 1884 1870 1855 1850 1849 1839
2589 2575 2557 2554 2555 2541 2537 2542 2536 2522 2497 2507 2493 2505 2504 2502 2472 2472 2472 2471 2457 2455 2453 2439 2420 2386 2405 2383 2402 2382 2365 2353 2352 2333 2321 2317 2333 2319 2314 2284 2280 2264 2272 2249 2232 2214 2217 2231 2230 2198 2178 2216 2228 2193 2161 2158 2148 2148 2143 2159 2138 2141 2122 2119 2120 2106 2104 2086 2088 2073 2056 2037 2036 2022 2035 2006 2003 1986 1969 1951 1970 1954 1951 1945 1931 1906 1887 1875 1872 1885 1882 1868 1854 1848 1836 1835
2574 2557 2569 2555 2554 2563 2540 2537 2521 2522 2508 2488 2483 2491 2487 2490 2488 2469 2455 2454 2452 2469 2455 2420 2405 2386 2400 2403 2399 2371 2368 2351 2349 2335 2319 2317 2331 2317 2302 2300 2285 2262 2264 2248 2229 2214 2197 2198 2200 2200 2164 2178 2208 2196 2167 2161 2162 2135 2145 2142 2126 2127 2119 2107 2106 2107 2103 2086 2085 2074 2057 2039 2019 2022 2008 2021 2004 1985 1952 1965 1956 1966 1936 1937 1931 1917 1889 1876 1885 1888 1854 1868 1851 1842 1841 1821
2553 2555 2557 2555 2549 2540 2537 2536 2523 2508 2502 2489 2474 2490 2471 2473 2489 2473 2468 2440 2451 2438 2434 2418 2419 2400 2386 2386 2385 2385 2352 2351 2348 2334 2331 2317 2331 2317 2300 2302 2299 2230 2248 2244 2228 2215 2194 2180 2180 2210 2162 2159 2164 2194 2182 2174 2147 2130 2126 2131 2142 2123 2121 2107 2093 2089 2089 2073 2072 2071 2057 2052 2038 2021 2006 2018 1999 1987 1984 1970 1971 1950 1965 1922 1920 1917 1916 1915 1902 1881 1840 1851 1846 1844 1824 1820
2570 2553 2554 2538 2524 2524 2529 2520 2522 2503 2503 2488 2471 2489 2474 2469 2473 2470 2459 2454 2437 2438 2435 2421 2419 2405 2388 2388 2371 2368 2355 2348 2349 2313 2317 2300 2283 2283 2297 2299 2297 2246 2228 2231 2230 2230 2216 2195 2180 2197 2196 2148 2147 2147 2177 2165 2160 2125 2130 2139 2125 2111 2112 2095 2091 2106 2088 2069 2059 2042 2054 2054 2016 2020 2021 2001 2004 1988 1967 1972 1966 1951 1937 1930 1910 1911 1903 1902 1901 1867 1852 1835 1845 1832 1815 1810
2556 2539 2552 2540 2538 2515 2518 2516 2506 2482 2502 2457 2454 2471 2473 2443 2455 2456 2442 2440 2439 2438 2435 2421 2406 2385 2385 2366 2368 2364 2352 2335 2334 2315 2301 2300 2279 2282 2283 2264 2285 2283 2232 2228 2214 2197 2210 2196 2181 2177 2183 2160 2160 2144 2141 2130 2143 2127 2127 2128 2114 2104 2111 2092 2094 2092 2092 2068 2054 2037 2051 2040 2017 2004 2003 2001 1987 1967 1955 1967 1953 1952 1916 1932 1917 1903 1897 1886 1883 1866 1852 1850 1835 1830 1818 1814
2556 2555 2536 2535 2535 2520 2504 2502 2489 2482 2469 2467 2466 2468 2453 2439 2438 2438 2442 2436 2434 2435 2435 2401 2405 2385 2371 2364 2352 2365 2350 2332 2330 2316 2296 2314 2281 2265 2262 2250 2265 2268 2265 2230 2216 2197 2182 2194 2193 2179 2176 2162 2146 2146 2144 2139 2125 2143 2140 2126 2105 2106 2105 2091 2084 2079 2091 2072 2030 2037 2039 2037 2024 2003 1990 2000 1987 1969 1953 1938 1938 1931 1917 1904 1918 1883 1886 1885 1884 1869 1864 1849 1841 1798 1816 1830
2553 2536 2536 2522 2521 2521 2506 2489 2486 2489 2468 2455 2448 2465 2454 2434 2434 2420 2439 2422 2420 2421 2421 2400 2404 2401 2371 2366 2352 2365 2351 2318 2317 2301 2297 2298 2300 2267 2263 2248 2251 2263 2230 2251 2234 2199 2196 2180 2176 2163 2163 2163 2145 2129 2146 2141 2125 2126 2126 2110 2096 2094 2105 2075 2074 2080 2059 2071 2058 2037 2038 2034 2023 1988 1983 2002 1986 1954 1969 1966 1952 1933 1919 1900 1904 1897 1898 1886 1867 1867 1853 1836 1835 1827 1810 1803
2540 2539 2524 2522 2519 2504 2504 2487 2486 2472 2455 2452 2457 2456 2454 2437 2435 2404 2425 2420 2405 2420 2401 2386 2387 2404 2367 2351 2351 2351 2350 2331 2283 2268 2301 2283 2284 2280 2249 2233 2249 2231 2217 2216 2234 2199 2196 2182 2165 2162 2160 2146 2149 2145 2127 2145 2112 2113 2112 2112 2081 2094 2093 2091 2074 2087 2071 2057 2039 2025 2024 2028 2020 1970 1956 1988 1949 1938 1934 1935 1933 1935 1932 1902 1899 1896 1884 1897 1867 1868 1853 1850 1833 1799 1815 1810
2543 2537 2523 2521 2505 2505 2501 2485 2471 2467 2454 2447 2438 2423 2436 2440 2421 2403 2409 2419 2405 2404 2406 2387 2370 2370 2373 2353 2337 2337 2351 2336 2282 2263 2263 2283 2266 2263 2247 2215 2232 2228 2198 2197 2199 2231 2196 2182 2149 2164 2148 2161 2142 2128 2110 2128 2107 2105 2110 2096 2078 2092 2078 2073 2073 2058 2060 2057 2009 2007 2008 2007 2027 1986 1946 1983 1969 1935 1933 1920 1921 1904 1918 1901 1887 1885 1897 1883 1869 1863 1848 1849 1829 1819 1809 1802
2552 2551 2523 2518 2503 2489 2500 2495 2481 2466 2461 2451 2433 2427 2422 2435 2423 2404 2403 2407 2399 2391 2400 2386 2369 2370 2370 2331 2331 2333 2337 2317 2303 2263 2249 2282 2264 2265 2249 2229 2229 2229 2214 2198 2212 2198 2217 2195 2181 2148 2134 2133 2147 2130 2108 2127 2114 2097 2093 2096 2062 2076 2045 2061 2076 2053 2071 2059 2024 2023 2008 2007 2007 2000 1954 1973 1969 1919 1949 1936 1922 1905 1915 1901 1898 1884 1868 1883 1877 1863 1850 1843 1817 1829 1815 1800
2554 2538 2537 2520 2504 2499 2488 2486 2484 2467 2453 2450 2437 2419 2420 2405 2421 2419 2400 2400 2388 2385 2386 2372 2369 2369 2367 2331 2317 2319 2332 2317 2316 2283 2249 2250 2262 2264 2245 2216 2232 2246 2215 2198 2194 2193 2181 2196 2197 2132 2132 2128 2130 2130 2094 2110 2113 2107 2097 2095 2075 2061 2062 2061 2062 2054 2054 2057 2037 2005 2006 1972 2004 1993 1959 1969 1969 1955 1939 1935 1918 1905 1915 1901 1886 1881 1869 1873 1866 1852 1849 1829 1829 1816 1801 1798
2553 2536 2521 2520 2519 2502 2501 2472 2469 2470 2435 2451 2436 2417 2416 2406 2405 2403 2405 2386 2385 2371 2400 2386 2355 2332 2353 2332 2332 2303 2302 2318 2303 2302 2269 2231 2229 2248 2244 2231 2216 2213 2180 2194 2198 2195 2179 2182 2183 2166 2162 2129 2125 2130 2092 2126 2110 2096 2094 2078 2076 2061 2055 2042 2058 2042 2040 2040 2037 2003 2006 1970 2003 1990 1953 1952 1942 1918 1931 1925 1914 1918 1899 1880 1900 1870 1874 1869 1863 1832 1839 1818 1815 1815 1784 1795
2537 2533 2522 2517 2501 2492 2469 2487 2466 2469 2453 2435 2437 2417 2416 2418 2402 2401 2389 2385 2369 2366 2365 2355 2366 2366 2349 2318 2333 2318 2286 2302 2299 2282 2252 2249 2230 2216 2214 2230 2213 2212 2199 2182 2194 2181 2163 2166 2164 2178 2164 2148 2144 2128 2114 2112 2096 2076 2092 2080 2075 2058 2028 2041 2044 2027 2028 2023 2023 2020 1971 1970 1976 1989 1972 1966 1942 1916 1911 1917 1908 1883 1887 1885 1881 1868 1865 1853 1849 1838 1829 1815 1804 1798 1780 1766
2536 2520 2519 2518 2503 2491 2483 2471 2470 2455 2451 2436 2420 2431 2404 2416 2388 2388 2387 2372 2371 2365 2352 2351 2352 2352 2352 2335 2319 2297 2284 2283 2298 2285 2282 2252 2235 2228 2198 2197 2211 2213 2198 2182 2182 2180 2161 2164 2161 2160 2146 2159 2126 2128 2114 2094 2098 2092 2078 2061 2060 2044 2025 2039 2041 2021 2008 2008 1994 1985 1969 1989 1989 1973 1970 1969 1934 1920 1903 1911 1904 1897 1898 1884 1869 1867 1863 1851 1839 1831 1819 1785 1776 1787 -1 1760
2534 2522 2502 2502 2504 2486 2483 2482 2467 2449 2450 2437 2435 2420 2417 2402 2399 2387 2385 2373 2367 2354 2351 2338 2332 2335 2338 2335 2301 2269 2283 2284 2269 2268 2268 2268 2229 2229 2215 2196 2197 2197 2196 2178 2179 2165 2162 2160 2146 2147 2130 2130 2145 2112 2092 2080 2097 2076 2063 2062 2060 2046 2041 2027 2024 2007 2007 1994 1985 1971 1969 1972 1986 1958 1956 1936 1955 1925 1922 1921 1901 1890 1886 1900 1855 1864 1850 1849 1794 1780 1817 1805 1771 1763 -1 1749
2520 2518 2505 2499 2488 2487 2484 2469 2468 2453 2435 2436 2420 2417 2400 2400 2386 2385 2371 2356 2369 2365 2366 2337 2331 2332 2318 2332 2315 2299 2285 2269 2268 2264 2250 2265 2230 2248 2215 2201 2195 2199 2177 2163 2164 2149 2163 2145 2131 2126 2129 2144 2127 2113 2097 2078 2074 2077 2063 2060 2042 2045 2029 2024 2010 1993 1993 1977 1973 1959 1954 1955 1951 1952 1938 1916 1936 1938 1911 1901 1902 1887 1873 1870 1866 1852 1845 1832 1830 1829 1800 1798 1761 1754 1753 1743
2521 2504 2502 2484 2485 2484 2470 2464 2452 2451 2436 2433 2419 2404 2403 2400 2386 2380 2368 2365 2356 2368 2352 2334 2333 2318 2318 2301 2301 2298 2264 2283 2269 2249 2237 2233 2251 2230 2216 2198 2198 2181 2177 2178 2147 2144 2146 2132 2112 2108 2112 2126 2130 2125 2111 2097 2060 2063 2063 2046 2046 2044 2026 2026 2010 1997 1992 1987 1977 1974 1942 1954 1951 1939 1925 1922 1935 1935 1905 1900 1891 1888 1870 1868 1856 1835 1836 1831 1818 1816 1815 1800 1797 1762 1760 1733
2522 2517 2501 2488 2471 2470 2467 2467 2450 2448 2434 2419 2415 2401 2401 2397 2383 2382 2381 2367 2353 2348 2335 2317 2320 2319 2304 2301 2300 2284 2265 2270 2269 2250 2235 2230 2234 2216 2217 2196 2179 2164 2167 2165 2164 2144 2130 2142 2114 2114 2111 2098 2112 2091 2080 2094 2061 2059 2045 2043 2046 2043 2026 2012 2010 2007 1993 1978 1973 1960 1972 1942 1939 1937 1891 1918 1916 1921 1921 1905 1901 1887 1867 1856 1854 1836 1834 1822 1805 1811 1799 1768 1795 1783 1762 1746
2521 2505 2483 2487 2471 2471 2468 2453 2448 2436 2432 2417 2417 2414 2413 2398 2383 2384 2382 2368 2362 2347 2334 2332 2318 2318 2304 2301 2284 2269 2251 2281 2264 2252 2249 2231 2234 2199 2217 2214 2182 2165 2175 2150 2164 2162 2128 2125 2128 2126 2113 2097 2098 2110 2094 2061 2061 2057 2043 2029 2043 2042 2022 2024 2005 1992 1990 1977 1973 1959 1966 1958 1930 1925 1905 1905 1904 1902 1904 1882 1874 1884 1851 1867 1850 1837 1820 1798 1803 1805 1797 1780 1781 1742 1763 1748
2505 2502 2488 2500 2470 2470 2467 2454 2449 2435 2433 2418 2417 2417 2400 2399 2384 2363 2370 2368 2354 2348 2333 2328 2318 2318 2317 2298 2286 2270 2266 2267 2263 2235 2249 2235 2231 2200 2200 2215 2180 2166 2167 2161 2148 2144 2129 2114 2111 2112 2112 2095 2095 2096 2094 2077 2056 2042 2025 2023 2023 2029 2008 2011 2010 1994 1978 1976 1959 1953 1956 1965 1945 1938 1917 1871 1891 1890 1885 1867 1868 1851 1870 1869 1853 1848 1816 1802 1803 1784 1767 1780 1767 1754 1761 1749
2505 2500 2501 2468 2486 2453 2468 2465 2436 2450 2433 2415 2414 2403 2403 2383 2382 2379 2366 2355 2351 2337 2334 2334 2317 2317 2316 2286 2296 2285 2265 2251 2247 2249 2250 2236 2217 2214 2197 2201 2183 2181 2179 2146 2141 2143 2130 2096 2110 2114 2094 2092 2094 2076 2091 2078 2058 2025 2022 2008 2009 2023 1975 1991 1991 1990 1995 1958 1946 1939 1939 1942 1931 1924 1908 1903 1888 1885 1884 1873 1853 1866 1853 1866 1868 1834 1816 1817 1801 1800 1786 1768 1777 1763 1747 1743
2506 2505 2486 2487 2466 2450 2466 2454 2451 2436 2436 2419 2417 2400 2399 2384 2379 2364 2365 2354 2348 2337 2332 2333 2303 2303 2303 2283 2283 2282 2250 2233 2234 2248 2234 2231 2215 2216 2200 2168 2167 2183 2165 2147 2145 2145 2131 2112 2115 2109 2095 2092 2092 2080 2076 2077 2064 2044 2024 1989 1993 2009 1989 1991 1977 1957 1976 1974 1944 1943 1925 1914 1910 1922 1911 1854 1874 1883 1869 1873 1854 1849 1852 1852 1833 1833 1813 1815 1817 1814 1797 1783 1780 1765 1746 1746
2505 2502 2485 2485 2470 2467 2451 2452 2437 2434 2431 2419 2416 2416 2396 2385 2383 2365 2351 2345 2348 2344 2330 2331 2313 2299 2299 2284 2270 2269 2251 2232 2246 2232 2231 2217 2217 2216 2202 2180 2149 2180 2152 2145 2133 2131 2114 2112 2111 2097 2080 2079 2078 2078 2062 2042 2063 2044 2010 1975 1988 1993 1988 1989 1975 1953 1943 1960 1956 1940 1919 1905 1909 1904 1871 1897 1863 1864 1869 1855 1840 1835 1847 1835 1833 1819 1815 1799 1785 1781 1800 1784 1783 1766 1751 1746
2503 2501 2488 2471 2471 2467 2453 2437 2436 2432 2420 2417 2402 2399 2382 2384 2383 2369 2352 2350 2335 2334 2334 2313 2313 2299 2287 2285 2252 2265 2262 2249 2235 2214 2228 2214 2215 2229 2215 2181 2160 2146 2166 2131 2111 2076 2080 2114 2076 2074 2075 2077 2059 2062 2063 2045 2028 2043 2030 2010 1996 1990 1976 1974 1959 1942 1955 1942 1924 1921 1926 1905 1892 1885 1890 1880 1854 1845 1852 1851 1840 1839 1832 1833 1832 1820 1818 1801 1797 1779 1767 1766 1782 1762 1749 1747
2500 2487 2488 2470 2470 2454 2453 2436 2433 2419 2418 2403 2400 2398 2385 2399 2380 2380 2366 2349 2350 2335 2316 2314 2313 2299 2298 2286 2266 2267 2266 2248 2231 2212 2215 2200 2201 2215 2195 2182 2168 2132 2132 2129 2097 2079 2062 2080 2077 2062 2060 2061 2063 2058 2058 2045 2042 2028 2029 2011 2009 1990 1976 1959 1956 1923 1925 1941 1922 1910 1907 1906 1891 1875 1875 1889 1880 1844 1846 1852 1849 1848 1834 1818 1820 1819 1817 1789 1784 1783 1767 1766 1766 1765 1748 1731
2502 2486 2471 2487 2467 2467 2433 2436 2434 2420 2416 2403 2398 2386 2384 2368 2385 2368 2349 2349 2336 2345 2311 2314 2310 2284 2284 2283 2269 2252 2249 2232 2218 2194 2198 2201 2178 2184 2198 2195 2181 2148 2126 2146 2115 2065 -1 2047 2076 2063 2040 2043 2044 2046 2044 2044 2025 2008 1994 1995 2010 1976 1949 1948 1954 1956 1942 1925 1924 1908 1892 1890 1887 1886 1875 1870 1877 1849 1824 1846 1843 1835 1816 1817 1817 1801 1799 1797 1789 1781 1765 1763 1749 1746 1745 1731
2491 2488 2467 2468 2453 2453 2433 2436 2436 2432 2403 2402 2384 2384 2383 2367 2364 2350 2365 2349 2328 2331 2317 2317 2300 2296 2284 2264 2279 2235 2246 2245 2231 2201 2180 2180 2167 2164 2184 2181 2160 2147 2134 2114 2132 2077 -1 2045 2062 2042 2041 2029 2042 2043 2029 2027 2009 1995 1991 1977 1977 1976 1962 1942 1940 1922 1923 1923 1922 1887 1888 1889 1876 1873 1872 1858 1863 1871 1820 1829 1825 1829 1796 1798 1795 1785 1800 1813 1799 1779 1747 1733 1728 1747 1732 1698
2502 2488 2485 2483 2454 2437 2419 2419 2398 2405 2418 2398 2400 2386 2397 2365 2345 2333 2365 2351 2346 2329 2315 2316 2303 2283 2285 2262 2250 2265 2235 2232 2215 2212 2163 2198 2160 2164 2164 2167 2146 2146 2112 2108 2100 2095 2046 2043 2045 2028 2042 2027 2012 2028 2027 2024 1989 1976 1975 1974 1960 1957 1956 1942 1928 1911 1911 1908 1920 1888 1874 1874 1859 1859 1858 1869 1858 1828 1857 1826 1815 1823 1803 1809 1814 1774 1780 1775 1780 1766 1745 1751 1748 1729 1715 1686
2488 2488 2474 2471 2469 2451 2440 2433 2419 2399 2382 2401 2399 2398 2384 2364 2344 2331 2348 2351 2331 2332 2315 2301 2296 2285 2276 2264 2248 2253 2252 2217 2198 2211 2163 2197 2184 2167 2161 2166 2132 2129 2127 2112 2098 2081 2081 2027 2029 2012 2042 2028 2011 2012 2024 2010 1990 1975 1975 1961 1944 1943 1955 1941 -1 1891 1891 1906 1888 1886 1851 1857 1857 1854 1853 1855 1855 1838 1840 1812 1837 1823 1789 1796 1800 1778 1783 1783 1761 1763 1765 1739 1738 1727 1713 1687
