R/encontro/arrival.asc
NCOLS 638
NROWS 825
XLLCORNER -2985163.8955
YLLCORNER -3022031.214
CELLSIZE 10000
NODATA_value -1
[rows 414 to 459 of 825, columns 288 to 383 of 638]
-1 -1 -1 -1 -1 -1 -1 -1 -1 -1 -1 -1 -1 -1 -1 -1 -1 -1 -1 -1 2743 2747 2744 2746 2759 2763 2776 2763 2777 2768 2782 2777 2763 2762 2763 2781 2777 2765 2762 2775 2780 2777 2780 2795 2794 2780 2780 2768 2752 2767 2746 2760 2762 2716 2726 2717 2700 2683 2696 2702 2681 2682 2683 2680 2664 2653 2668 2645 2651 2649 2669 2654 2662 2648 2663 2649 2648 2646 2632 2633 2645 2645 2631 2615 2611 2597 2560 2579 2564 2560 2543 2542 2529 2527 2513 2498
-1 -1 -1 -1 -1 -1 -1 -1 -1 -1 -1 -1 -1 -1 -1 -1 -1 -1 -1 -1 2724 2729 2730 2746 2757 2745 2759 2760 2763 2763 2783 2769 2749 2757 2748 2767 2747 2763 2759 2748 2761 2759 2760 2763 2781 2764 2766 2728 2729 2749 2747 2742 2746 2708 2715 2712 2697 2692 2687 2685 2685 2682 2668 2665 2666 2652 2663 2649 2647 2646 2638 2649 2636 2648 2634 2646 2632 2629 2617 2611 2612 2631 2614 2614 2611 2597 2580 2577 2544 2563 2546 2543 2529 2528 2513 2495
-1 -1 -1 -1 -1 -1 -1 -1 -1 -1 -1 -1 -1 -1 -1 -1 -1 -1 -1 -1 2710 2712 2727 2743 2743 2743 2746 2756 2755 2749 2764 2748 2725 2730 2743 2743 2733 2743 2745 2725 2742 2745 2746 2760 2760 2747 2761 2726 2748 2734 2733 2715 2728 2694 2701 2680 2684 2684 2681 2682 2662 2654 2663 2661 2648 2649 2646 2646 2632 2633 2635 2638 2645 2631 2631 2633 2628 2615 2594 2614 2597 2598 2576 2611 2595 2577 2577 2556 2563 2528 2543 2544 2530 2525 2509 2497
-1 -1 -1 -1 -1 -1 -1 -1 -1 -1 -1 -1 -1 -1 -1 -1 -1 -1 -1 -1 2690 2693 2709 2713 2726 2729 2729 2741 2742 2743 2734 2752 2756 2729 2723 2728 2729 2699 2729 2712 2728 2741 2727 2727 2746 2746 2746 2712 2730 2730 2727 2714 2714 2664 2680 2666 2666 2649 2667 2648 2650 2650 2647 2649 2647 2647 2633 2616 2613 2632 2630 2630 2618 2631 2628 2627 2604 2614 2594 2595 2576 2581 2576 2597 2581 2563 2564 2563 2547 2526 2543 2529 2509 2511 2490 2504
-1 -1 -1 -1 -1 -1 -1 -1 -1 -1 -1 -1 -1 -1 -1 -1 -1 -1 -1 -1 -1 2693 2692 2695 2709 2726 2726 2727 2729 2729 2742 2742 2752 2746 2743 2712 2714 2713 2712 2693 2714 2708 2709 2709 2712 2726 2732 2707 2712 2692 2713 2713 2700 2679 2659 2660 2646 2629 2626 2627 2628 2615 2646 2633 2619 2629 2627 2615 2616 2629 2616 2616 2618 2618 2615 2614 2613 2597 2580 2583 2581 2581 2577 2562 2564 2543 2564 2546 2561 2529 2529 2509 2525 2509 2475 2491
-1 -1 -1 -1 -1 -1 -1 -1 -1 -1 -1 -1 -1 -1 -1 -1 -1 -1 -1 -1 -1 -1 -1 2675 2695 2709 2712 2721 2726 2722 2715 2728 2749 2742 2732 2714 2712 2712 2713 2727 2710 2694 2707 2693 2678 2691 2712 2695 2698 2658 2678 2699 2693 2644 2629 2645 2598 2609 2611 2612 2613 2614 2612 2632 2616 2618 2615 2613 2596 2615 2612 2599 2604 2596 2611 2601 2596 2600 2597 2594 2583 2581 2563 2545 2542 2547 2530 2527 2543 2542 2528 2511 2509 2495 2495 2478
-1 -1 -1 -1 -1 -1 -1 -1 -1 -1 -1 -1 -1 -1 -1 -1 -1 -1 -1 -1 -1 -1 -1 2661 2688 2695 2706 2707 2721 2708 2711 2714 2722 2735 2722 2715 2700 2698 2698 2710 2662 2661 2680 2676 2677 2689 2689 2695 2692 2658 2659 2679 2679 2631 2624 2615 2598 2625 2597 2590 2595 2598 2594 2599 2613 2612 2598 2617 2616 2596 2598 2599 2613 2596 2587 2597 2584 2596 2599 2579 2580 2580 2559 2546 2529 2544 2526 2513 2529 2508 2528 2511 2508 2491 2477 2478
-1 -1 -1 -1 -1 -1 -1 -1 -1 -1 -1 -1 -1 -1 -1 -1 -1 -1 -1 -1 -1 -1 -1 2658 2674 2675 2692 2692 2690 2707 2695 2700 2708 2708 2715 2708 2681 2677 2664 2666 2658 2672 2663 2673 2675 2673 2675 2678 2664 2678 2645 2665 2645 2624 2610 2611 2593 2595 2611 2591 2592 2593 2575 2561 2564 2578 2598 2581 2593 2596 2595 2581 2598 2599 2587 2580 2581 2593 2579 2577 2565 2563 2560 2546 2543 2528 2512 2510 2526 2512 2494 2494 2511 2442 2477 2478
-1 -1 -1 -1 -1 -1 -1 -1 -1 -1 -1 -1 -1 -1 -1 -1 -1 -1 -1 -1 -1 -1 -1 -1 2638 2661 2675 2678 2688 2690 2681 2687 2683 2694 2692 2701 2691 2681 2664 2679 2649 2658 2659 2663 2660 2658 2659 2655 2658 2644 2644 2644 2625 2610 2576 2597 2581 2591 2590 2594 2591 2578 2579 2577 2563 2582 2564 2563 2581 2579 2582 2594 2581 2584 2582 2580 2577 2567 2559 2562 2563 2560 2559 2561 2543 2529 2507 2496 2512 2509 2479 2458 2474 2474 2440 2460
-1 -1 -1 -1 -1 -1 -1 -1 -1 -1 -1 -1 -1 -1 -1 -1 -1 -1 -1 -1 -1 -1 -1 -1 2624 2654 2661 2672 2674 2687 2652 2673 2683 2688 2691 2695 2688 2678 2665 2647 2646 2632 2638 2641 2642 2646 2639 2625 2641 2605 2658 2630 2611 2577 2576 2577 2561 2590 2576 2570 2577 2556 2558 2562 2559 2560 2582 2579 2578 2565 2578 2578 2580 2563 2579 2564 2566 2563 2550 2549 2546 2559 2560 2547 2528 2529 2509 2493 2511 2492 2495 2476 2460 2460 2441 2427
-1 -1 -1 -1 -1 -1 -1 -1 -1 -1 -1 -1 -1 -1 -1 -1 -1 -1 -1 -1 -1 -1 -1 2604 2640 2641 2644 2658 2658 2663 2673 2661 2674 2680 2674 2681 2681 2674 2643 2644 2645 2621 2624 2641 2625 2642 2655 2639 2608 2624 2627 2626 2624 2556 2559 2563 2547 2572 2556 2559 2559 2560 2542 2544 2543 2545 2546 2556 2565 2564 2559 2564 2564 2563 2565 2560 2550 2549 2547 2543 2535 2543 2545 2546 2525 2527 2509 2495 2476 2491 2478 2478 2461 2447 2407 2440
-1 -1 -1 -1 -1 -1 -1 -1 -1 -1 -1 -1 -1 -1 -1 -1 -1 -1 -1 -1 -1 -1 -1 -1 2610 2627 2638 2644 2653 2654 2656 2656 2654 2660 2666 2667 2657 2657 2627 2629 2630 2631 2614 2614 2627 2626 2623 2641 2625 2621 2610 2610 2610 2571 2557 2556 2541 2555 2542 2555 2556 2557 2560 2540 2529 2541 2541 2544 2548 2548 2558 2545 2561 2561 2562 2548 2546 2546 2544 2533 2518 2529 2498 2512 2527 2526 2508 2495 2493 2475 2449 2457 2475 2442 2393 2422
-1 -1 -1 -1 -1 -1 -1 -1 -1 -1 -1 -1 -1 -1 -1 -1 -1 -1 -1 -1 -1 -1 -1 -1 -1 2620 2624 2641 2639 2640 2636 2623 2630 2640 2657 2643 2647 2661 2644 2619 2612 2613 2612 2611 2611 2610 2612 2624 2590 2608 2607 2606 2596 2593 2557 2543 2542 2541 2541 2541 2542 2543 2557 2529 2527 2527 2544 2543 2544 2544 2545 2544 2544 2547 2547 2548 2548 2545 2532 2530 2516 2518 2480 2509 2509 2513 2512 2494 2492 2479 2461 2443 2440 2423 2406 2408
-1 -1 -1 -1 -1 -1 -1 -1 -1 -1 -1 -1 -1 -1 -1 -1 -1 -1 -1 -1 -1 -1 -1 -1 2575 2606 2607 2607 2627 2610 2622 2623 2629 2637 2642 2646 2647 2660 2630 2608 2609 2610 2609 2597 2607 2609 2603 2605 2591 2621 2590 2590 2592 2593 2576 2529 2541 2525 2524 2541 2524 2525 2526 2543 2526 2510 2529 2530 2530 2530 2543 2531 2530 2530 2543 2530 2531 2531 2510 2515 2513 2510 2478 2478 2495 2495 2493 2492 2478 2476 2473 2441 2427 2426 2406 2418
-1 -1 -1 -1 -1 -1 -1 -1 -1 -1 -1 -1 -1 -1 -1 -1 -1 -1 -1 -1 -1 -1 -1 -1 2574 2589 2589 2593 2604 2607 2610 2620 2620 2623 2632 2633 2639 2659 2628 2589 2594 2595 2596 2595 2593 2604 2589 2594 2593 2603 2607 2587 2589 2590 2572 2562 2537 2527 2524 2538 2524 2525 2521 2526 2524 2526 2523 2513 2513 2526 2527 2529 2514 2528 2530 2529 2528 2510 2514 2512 2501 2499 2496 2464 2464 2478 2475 2479 2478 2459 2462 2459 2442 2426 2409 2406
-1 -1 -1 -1 -1 -1 -1 -1 -1 -1 -1 -1 -1 -1 -1 -1 -1 -1 -1 -1 -1 -1 -1 -1 2554 2573 2576 2586 2590 2593 2602 2606 2606 2608 2611 2612 2613 2625 2624 2610 2577 2593 2579 2590 2578 2576 2590 2593 2580 2593 2590 2573 2575 2576 2556 2545 2524 2523 2527 2524 2536 2522 2523 2510 2522 2524 2509 2513 2513 2527 2512 2513 2514 2527 2527 2525 2527 2514 2527 2514 2511 2481 2482 2479 2447 2475 2449 2461 2475 2461 2445 2427 2442 2425 2391 2375
-1 -1 -1 -1 -1 -1 -1 -1 -1 -1 -1 -1 -1 -1 -1 -1 -1 -1 -1 -1 -1 -1 -1 -1 -1 2540 2572 2572 2573 2573 2576 2588 2600 2587 2603 2570 2598 2599 2604 2605 2579 2577 2588 2587 2589 2576 2576 2576 2579 2586 2572 2590 2570 2558 2559 2541 2545 2523 2507 2513 2507 2522 2508 2509 2493 2508 2510 2492 2510 2510 2513 2496 2509 2525 2526 2513 2511 2513 2526 2513 2509 2497 2480 2478 2462 2461 2440 2448 2459 2458 2444 2442 2439 2404 2390 2371
-1 -1 -1 -1 -1 -1 -1 -1 -1 -1 -1 -1 -1 -1 -1 -1 -1 -1 -1 -1 -1 -1 -1 -1 -1 2552 2556 2569 2559 2568 2573 2586 2586 2589 2609 2588 2556 2569 2590 2591 2574 2541 2559 2575 2569 2575 2573 2572 2570 2572 2572 2587 2559 2558 2559 2541 2542 2514 2522 2504 2505 2507 2504 2492 2491 2493 2493 2492 2507 2496 2496 2509 2510 2506 2511 2498 2496 2494 2494 2512 2496 2495 2480 2475 2458 2448 2441 2444 2445 2425 2441 2428 2405 2391 2370 2364
-1 -1 -1 -1 -1 -1 -1 -1 -1 -1 -1 -1 -1 -1 -1 -1 -1 -1 -1 -1 -1 -1 -1 -1 -1 2538 2542 2552 2555 2554 2570 2573 2572 2585 2595 2572 2569 2579 2555 2536 2560 2539 2545 2567 2561 2555 2561 2559 2572 2556 2571 2569 2573 2552 2555 2556 2538 2528 2507 2508 2521 2505 2502 2490 2492 2491 2489 2493 2507 2493 2495 2496 2496 2511 2493 2493 2497 2492 2493 2480 2493 2492 2479 2441 2444 2441 2427 2428 2430 2424 2411 2427 2421 2408 2378 2371
-1 -1 -1 -1 -1 -1 -1 -1 -1 -1 -1 -1 -1 -1 -1 -1 -1 -1 -1 -1 -1 -1 -1 -1 -1 2521 2525 2538 2538 2539 2537 2556 2559 2571 2578 2578 2565 2570 2538 2522 2571 2525 2541 2546 2553 2544 2544 2544 2552 2571 2552 2557 2556 2538 2538 2541 2542 2524 2520 2507 2503 2507 2489 2488 2488 2490 2469 2475 2464 2493 2476 2493 2478 2479 2497 2480 2479 2474 2478 2479 2479 2493 2478 2442 2450 2427 2444 2414 2425 2413 2394 2407 2410 2407 2394 2378
-1 -1 -1 -1 -1 -1 -1 -1 -1 -1 -1 -1 -1 -1 -1 -1 -1 -1 -1 -1 -1 -1 -1 -1 -1 2517 2518 2525 2525 2535 2541 2539 2539 2542 2554 2554 2567 2556 2538 2521 2557 2540 2527 2536 2545 2541 2541 2543 2570 2551 2538 2551 2540 2556 2553 2524 2525 2521 2508 2506 2493 2490 2475 2474 2476 2475 2473 2476 2463 2462 2476 2473 2474 2478 2475 2476 2480 2466 2476 2462 2458 2459 2429 2428 2428 2449 2430 2410 2411 2410 2378 2394 2391 2390 2393 2377
-1 -1 -1 -1 -1 -1 -1 -1 -1 -1 -1 -1 -1 -1 -1 -1 -1 -1 -1 -1 -1 -1 -1 -1 -1 2503 2504 2522 2518 2521 2534 2540 2539 2548 2554 2575 2553 2545 2539 2540 2510 2505 2526 2525 2527 2533 2538 2545 2544 2556 2539 2539 2552 2553 2535 2539 2524 2525 2522 2503 2489 2490 2488 2487 2473 2473 2476 2459 2455 2445 2445 2445 2459 2460 2461 2462 2477 2472 2491 2462 2462 2458 2425 2410 2414 2429 2415 2413 2424 2390 2378 2380 2394 2390 2360 2374
-1 -1 -1 -1 -1 -1 -1 -1 -1 -1 -1 -1 -1 -1 -1 -1 -1 -1 -1 -1 -1 -1 -1 -1 -1 -1 2489 2504 2508 2505 2520 2520 2536 2525 2537 2551 2561 2536 2539 2540 2501 2507 2509 2510 2511 2524 2519 2524 2535 2534 2539 2552 2536 2538 2539 2522 2522 2502 2518 2508 2491 2491 2488 2474 2473 2459 2455 2454 2453 2441 2423 2445 2445 2443 2441 2459 2459 2463 2459 2477 2462 2459 2444 2411 2395 2408 2407 2410 2413 2393 2376 2373 2390 2387 2356 2359
-1 -1 -1 -1 -1 -1 -1 -1 -1 -1 -1 -1 -1 -1 -1 -1 -1 -1 -1 -1 -1 -1 -1 -1 -1 -1 2483 2484 2491 2501 2504 2506 2519 2522 2534 2537 2544 2536 2536 2537 2501 2502 2502 2509 2509 2507 2510 2507 2524 2521 2520 2536 2538 2521 2521 2518 2519 2519 2504 2504 2487 2487 2474 2472 2469 2459 2456 2455 2440 2439 2438 2439 2442 2458 2442 2445 2445 2446 2460 2445 2443 2431 2445 2411 2391 2394 2396 2407 2393 2376 2375 2361 2376 2373 2352 2342
-1 -1 -1 -1 -1 -1 -1 -1 -1 -1 -1 -1 -1 -1 -1 -1 -1 -1 -1 -1 -1 -1 -1 -1 -1 -1 2483 2484 2488 2500 2503 2505 2505 2520 2520 2521 2520 2544 2533 2523 2505 2488 2489 2506 2493 2499 2504 2506 2510 2510 2509 2518 2522 2518 2521 2518 2504 2505 2505 2504 2503 2488 2486 2473 2459 2458 2442 2441 2424 2422 2424 2428 2425 2444 2427 2428 2441 2446 2459 2457 2458 2442 2428 2427 2408 2388 2393 2390 2376 2362 2355 2345 2373 2372 2339 2338
-1 -1 -1 -1 -1 -1 -1 -1 -1 -1 -1 -1 -1 -1 -1 -1 -1 -1 -1 -1 -1 -1 -1 -1 2420 2469 2470 2474 2486 2487 2500 2491 2501 2502 2503 2504 2517 2541 2519 2506 2504 2480 2489 2490 2492 2498 2490 2490 2492 2500 2501 2504 2517 2503 2504 2501 2504 2487 2488 2488 2490 2484 2474 2472 2456 2454 2444 2427 2424 2422 2411 2424 2407 2411 2425 2440 2440 2442 2443 2445 2444 2426 2428 2424 2408 2389 2374 2374 2356 2342 2345 2359 2359 2353 2358 2321
-1 -1 -1 -1 -1 -1 -1 -1 -1 -1 -1 -1 -1 -1 -1 -1 -1 -1 -1 -1 -1 -1 -1 2419 2435 2452 2453 2468 2469 2473 2485 2486 2487 2488 2503 2517 2503 2516 2527 2511 2503 2484 2479 2476 2485 2475 2484 2491 2486 2490 2489 2487 2484 2502 2488 2484 2485 2486 2486 2485 2471 2472 2470 2457 2454 2453 2443 2439 2438 2421 2419 2410 2408 2410 2411 2426 2426 2428 2429 2440 2428 2427 2425 2411 2410 2394 2375 2360 2321 2328 2338 2339 2346 2358 2342 2338
-1 -1 -1 -1 -1 -1 -1 -1 -1 -1 -1 -1 -1 -1 -1 -1 -1 -1 -1 -1 -1 -1 -1 -1 2402 2449 2453 2454 2469 2471 2471 2474 2473 2500 2500 2503 2502 2483 2499 2510 2498 2489 2470 2469 2471 2472 2471 2470 2477 2472 2476 2475 2468 2470 2483 2470 2471 2484 2483 2472 2471 2457 2469 2456 2454 2440 2439 2425 2424 2424 2407 2405 2394 2391 2392 2406 2409 2411 2425 2426 2427 2409 2406 2391 2377 2374 2343 2340 2319 2322 2324 2324 2338 2344 2341 2341
-1 -1 -1 -1 -1 -1 -1 -1 -1 -1 -1 -1 -1 -1 -1 -1 -1 -1 -1 -1 -1 -1 -1 -1 2400 2423 2450 2453 2453 2466 2457 2466 2486 2486 2486 2483 2482 2437 2469 2485 2484 2472 2464 2469 2468 2459 2464 2473 2468 2469 2458 2459 2467 2466 2452 2469 2453 2455 2470 2469 2455 2454 2451 2450 2436 2425 2422 2423 2420 2407 2403 2393 2390 2379 2377 2395 2406 2408 2425 2411 2422 2424 2409 2392 2390 2376 2360 2343 2326 2305 2308 2310 2324 2324 2323 2327
-1 -1 -1 -1 -1 -1 -1 -1 -1 -1 -1 -1 -1 -1 -1 -1 -1 -1 -1 -1 -1 -1 -1 2385 2387 2422 2436 2439 2452 2452 2452 2453 2472 2469 2469 2431 2430 2468 2451 2433 2416 2465 2458 2451 2454 2458 2457 2457 2459 2467 2455 2456 2455 2453 2450 2451 2452 2453 2450 2453 2452 2450 2437 2440 2436 2422 2421 2422 2407 2406 2405 2385 2376 2389 2376 2372 2360 2392 2377 2391 2394 2408 2410 2393 2376 2357 2356 2340 2326 2304 2288 2294 2290 2307 2307 2307
-1 -1 -1 -1 -1 -1 -1 -1 -1 -1 -1 -1 -1 -1 -1 -1 -1 -1 -1 -1 -1 -1 2350 2399 2402 2418 2419 2422 2432 2437 2448 2439 2469 2466 2452 2415 2417 2399 2435 2451 2416 2421 2451 2441 2438 2437 2456 2442 2443 2447 2439 2439 2442 2441 2437 2438 2449 2435 2436 2450 2449 2438 2436 2435 2415 2415 2408 2407 2389 2404 2391 2384 2375 2376 2375 2357 2358 2375 2343 2353 2361 2394 2391 2390 2372 2342 2337 2305 2290 2285 2274 2274 2276 2283 2303 2304
-1 -1 -1 -1 -1 -1 -1 -1 -1 -1 -1 -1 -1 -1 -1 -1 -1 -1 -1 -1 -1 -1 2365 2388 2398 2415 2419 2422 2432 2432 2434 2453 2452 2466 2452 2452 2421 2400 2418 2448 2420 2413 2434 2438 2435 2437 2438 2437 2441 2426 2433 2435 2438 2425 2433 2421 2424 2432 2418 2419 2436 2435 2421 2419 2416 2402 2401 2391 2387 2389 2390 2374 2375 2369 2361 2346 2348 2375 2360 2360 2342 2388 2356 2377 2355 2323 2309 2306 2291 2271 2271 2260 2272 2269 2276 2289
-1 -1 -1 -1 -1 -1 -1 -1 -1 -1 -1 -1 -1 -1 -1 -1 -1 -1 -1 -1 -1 2351 2368 2371 2401 2402 2416 2418 2419 2418 2431 2451 2439 2452 2449 2415 2397 2400 2396 2418 2434 2399 2414 2434 2424 2423 2434 2437 2423 2440 2420 2422 2421 2422 2421 2419 2407 2433 2419 2418 2419 2418 2418 2416 2402 2400 2388 2420 2391 2405 2387 2374 2374 2355 2355 2346 2348 2372 2389 2360 2374 2360 2305 2342 2321 2341 2322 2292 2277 2270 2257 2256 2255 2252 2255 2275
-1 -1 -1 -1 -1 -1 -1 -1 -1 -1 -1 -1 -1 -1 -1 -1 -1 -1 -1 -1 -1 2354 2370 2372 2380 2388 2391 2402 2401 2405 2417 2422 2437 2436 2435 2432 2414 2400 2389 2415 2417 2399 2403 2431 2407 2417 2417 2420 2415 2410 2419 2413 2408 2407 2408 2407 2402 2407 2419 2432 2418 2404 2415 2416 2402 2386 2391 2405 2406 2370 2391 2373 2371 2360 2354 2356 2358 2375 2354 2357 2371 2360 2325 2308 2338 2324 2308 2306 2276 2271 2256 2251 2242 2238 2240 2269
-1 -1 -1 -1 -1 -1 -1 -1 -1 -1 -1 -1 -1 -1 -1 -1 -1 -1 -1 -1 -1 2337 2358 2366 2367 2381 2384 2385 2398 2401 2400 2420 2422 2435 2435 2415 2418 2414 2388 2396 2401 2417 2398 2403 2417 2407 2404 2403 2390 2401 2405 2405 2401 2405 2404 2391 2399 2404 2414 2415 2399 2415 2398 2401 2402 2385 2382 2390 2391 2389 2374 2369 2356 2357 2343 2353 2343 2341 2358 2357 2357 2329 2306 2325 2324 2324 2292 2272 2272 2257 2242 2240 2237 2235 2221 2255
-1 -1 -1 -1 -1 -1 -1 -1 -1 -1 -1 -1 -1 -1 -1 -1 -1 -1 -1 -1 -1 2320 2337 2353 2368 2380 2381 2385 2385 2398 2401 2417 2419 2432 2431 2380 2401 2401 2400 2383 2386 2414 2396 2397 2400 2386 2386 2390 2403 2400 2385 2388 2387 2388 2391 2388 2417 2390 2398 2400 2401 2386 2401 2384 2385 2383 2381 2387 2374 2386 2386 2374 2355 2355 2340 2340 2341 2358 2338 2343 2340 2329 2304 2322 2321 2307 2288 2269 2258 2258 2254 2237 2223 2222 2221 2221
-1 -1 -1 -1 -1 -1 -1 -1 -1 -1 -1 -1 -1 -1 -1 -1 -1 -1 -1 -1 -1 2307 2334 2338 2354 2366 2367 2381 2382 2384 2403 2405 2414 2418 2417 2384 2384 2379 2380 2378 2383 2386 2400 2382 2383 2400 2386 2386 2383 2381 2386 2388 2388 2385 2374 2374 2387 2403 2387 2387 2385 2401 2398 2384 2381 2385 2382 2382 2381 2374 2372 2371 2350 2339 2341 2353 2339 2355 2338 2340 2326 2322 2308 2319 2308 2307 2286 2274 2257 2252 2240 2226 2220 2217 2208 2218
-1 -1 -1 -1 -1 -1 -1 -1 -1 -1 -1 -1 -1 -1 -1 -1 -1 -1 -1 -1 -1 2331 2333 2333 2347 2349 2364 2367 2368 2380 2386 2388 2388 2401 2400 2383 2366 2384 2369 2380 2380 2380 2383 2379 2369 2397 2380 2369 2370 2369 2374 2389 2389 2367 2371 2374 2384 2373 2386 2383 2380 2381 2381 2384 2381 2367 2368 2371 2368 2367 2357 2355 2337 2351 2338 2335 2341 2335 2324 2337 2322 2326 2323 2309 2305 2290 2289 2272 2255 2238 2238 2224 2201 2203 2204 2191
-1 -1 -1 -1 -1 -1 -1 -1 -1 -1 -1 -1 -1 -1 -1 -1 -1 -1 -1 -1 2317 2319 2319 2333 2334 2349 2350 2363 2366 2366 2386 2397 2388 2401 2400 2364 2366 2381 2366 2368 2366 2366 2379 2383 2369 2380 2383 2366 2356 2357 2366 2375 2388 2358 2356 2371 2370 2350 2364 2369 2369 2370 2367 2367 2367 2367 2351 2366 2357 2354 2355 2347 2335 2337 2324 2336 2337 2324 2323 2309 2304 2308 2289 2288 2290 2288 2274 2254 2240 2235 2224 2206 2188 2189 2188 2183
-1 -1 -1 -1 -1 -1 -1 -1 -1 -1 -1 -1 -1 -1 -1 -1 -1 -1 -1 -1 2300 2313 2315 2320 2333 2346 2349 2353 2367 2382 2383 2384 2385 2398 2397 2363 2362 2363 2367 2350 2363 2362 2380 2365 2362 2366 2366 2349 2352 2355 2370 2365 2368 2354 2358 2354 2357 2353 2353 2355 2356 2364 2380 2366 2364 2350 2347 2352 2352 2340 2353 2352 2333 2325 2313 2317 2322 2324 2323 2320 2303 2290 2287 2288 2287 2285 2252 2234 2220 2222 2207 2192 2203 2195 2194 2182
-1 -1 -1 -1 -1 -1 -1 -1 -1 -1 -1 -1 -1 -1 -1 -1 -1 -1 -1 2231 2300 2300 2314 2319 2332 2332 2347 2352 2366 2368 2369 2370 2371 2384 2383 2350 2349 2349 2350 2349 2349 2349 2366 2348 2349 2350 2349 2366 2335 2345 2332 2356 2351 2338 2355 2350 2354 2350 2365 2347 2349 2350 2356 2366 2363 2350 2350 2348 2351 2337 2339 2338 2319 2316 2303 2304 2309 2321 2321 2320 2306 2273 2274 2270 2271 2273 2254 2238 2223 2238 2208 2191 2204 2201 2174 2162
-1 -1 -1 -1 -1 -1 -1 -1 -1 -1 -1 -1 -1 -1 -1 -1 -1 -1 -1 2234 2286 2297 2294 2300 2318 2329 2333 2346 2348 2349 2350 2364 2353 2380 2366 2331 2332 2332 2346 2350 2347 2344 2345 2349 2348 2346 2349 2363 2348 2350 2339 2330 2334 2337 2337 2341 2354 2351 2336 2351 2336 2336 2335 2355 2349 2349 2347 2349 2334 2336 2347 2337 2335 2318 2302 2302 2307 2308 2306 2307 2289 2275 2256 2253 2239 2240 2251 2253 2223 2220 2237 2217 2204 2200 2187 2168
-1 -1 -1 -1 -1 -1 -1 -1 -1 -1 -1 -1 -1 -1 -1 -1 -1 -1 -1 2262 2268 2280 2283 2286 2299 2312 2332 2334 2348 2347 2336 2350 2351 2363 2366 2328 2330 2332 2332 2346 2330 2333 2331 2345 2349 2332 2345 2335 2349 2334 2349 2339 2336 2331 2324 2336 2336 2340 2337 2334 2348 2330 2332 2335 2346 2329 2333 2347 2333 2333 2322 2336 2321 2304 2285 2288 2288 2287 2287 2286 2289 2257 2254 2220 2220 2219 2237 2239 2218 2184 2206 2202 2203 2190 2186 2183
-1 -1 -1 -1 -1 -1 -1 -1 -1 -1 -1 -1 -1 -1 -1 -1 -1 -1 2197 2248 2266 2267 2263 2299 2298 2298 2311 2330 2333 2334 2346 2337 2348 2349 2350 2328 2316 2329 2329 2317 2332 2346 2346 2331 2346 2327 2317 2332 2346 2317 2329 2315 2322 2325 2321 2306 2335 2322 2330 2337 2334 2334 2335 2321 2329 2332 2330 2318 2314 2300 2301 2301 2284 2267 2268 2285 2282 2274 2273 2273 2286 2272 2240 2236 2219 2206 2205 2217 2204 2170 2184 2182 2186 2186 2183 2170
-1 -1 -1 -1 -1 -1 -1 -1 -1 -1 -1 -1 -1 -1 -1 -1 -1 -1 2200 2247 2252 2260 2264 2268 2285 2297 2313 2316 2316 2317 2319 2332 2333 2334 2349 2336 2315 2315 2316 2312 2317 2332 2332 2332 2332 2328 2316 2318 2332 2332 2317 2314 2305 2307 2324 2320 2315 2320 2322 2323 2331 2317 2316 2321 2315 2316 2332 2320 2313 2313 2302 2287 2281 2270 2253 2254 2237 2268 2255 2252 2255 2251 2239 2205 2205 2189 2185 2171 2203 2187 2170 2168 2172 2172 2166 2169
-1 -1 -1 -1 -1 -1 -1 -1 -1 -1 -1 -1 -1 -1 -1 -1 -1 -1 2228 2233 2246 2250 2267 2268 2278 2280 2299 2302 2313 2314 2317 2319 2319 2330 2346 2332 2319 2311 2311 2312 2315 2316 2331 2315 2315 2314 2314 2317 2329 2315 2300 2312 2301 2302 2304 2306 2304 2306 2323 2321 2314 2317 2317 2304 2305 2312 2312 2306 2298 2299 2299 2288 2288 2283 2250 2233 2247 2253 2254 2254 2241 2237 2220 2188 2189 2186 2186 2171 2151 2171 2151 2136 2150 2158 2152 2152
