R/encontro/arrival.asc
NCOLS 638
NROWS 825
XLLCORNER -2985163.8955
YLLCORNER -3022031.214
CELLSIZE 10000
NODATA_value -1
[rows 460 to 505 of 825, columns 288 to 383 of 638]
-1 -1 -1 -1 -1 -1 -1 -1 -1 -1 -1 -1 -1 -1 -1 -1 -1 -1 2197 2216 2232 2233 2247 2264 2265 2280 2282 2296 2299 2300 2314 2316 2314 2315 2316 2316 2302 2297 2297 2298 2312 2315 2312 2315 2315 2312 2310 2297 2312 2315 2288 2298 2299 2300 2290 2306 2290 2301 2303 2322 2314 2317 2314 2305 2315 2329 2311 2298 2289 2313 2282 2279 2287 2269 2265 2236 2234 2239 2248 2240 2224 2222 2206 2202 2187 2186 2172 2154 2149 2137 2151 2136 2148 2138 2132 2138
-1 -1 -1 -1 -1 -1 -1 -1 -1 -1 -1 -1 -1 -1 -1 -1 -1 -1 2216 2218 2226 2230 2233 2242 2251 2277 2282 2282 2295 2286 2300 2300 2302 2301 2312 2312 2296 2282 2282 2294 2298 2310 2311 2312 2312 2298 2298 2296 2283 2298 2287 2298 2281 2301 2295 2286 2305 2287 2289 2302 2297 2300 2303 2304 2298 2297 2268 2265 2289 2299 2282 2282 2279 2267 2252 2251 2233 2228 2223 2234 2224 2219 2193 2193 2188 2183 2154 2152 2138 2135 2120 2120 2124 2134 2118 2118
-1 -1 -1 -1 -1 -1 -1 -1 -1 -1 -1 -1 -1 -1 -1 -1 -1 2192 2213 2212 2201 2216 2231 2235 2244 2263 2268 2279 2280 2281 2285 2281 2296 2297 2298 2298 2296 2277 2278 2280 2295 2296 2297 2311 2298 2282 2281 2296 2281 2276 2298 2294 2278 2281 2287 2281 2285 2273 2288 2302 2299 2283 2296 2301 2297 2295 2279 2280 2296 2286 2282 2279 2265 2252 2253 2234 2234 2232 2219 2223 2221 2207 2205 2186 2185 2169 2168 2151 2118 2113 2099 2116 2117 2114 2104 2080
-1 -1 -1 -1 -1 -1 -1 -1 -1 -1 -1 -1 -1 -1 -1 -1 -1 -1 2199 2198 2197 2201 2217 2234 2243 2248 2262 2265 2265 2266 2267 2280 2280 2282 2281 2299 2282 2263 2264 2278 2281 2281 2280 2297 2311 2280 2281 2281 2295 2294 2295 2281 2280 2278 2267 2271 2268 2284 2286 2288 2298 2283 2287 2282 2265 2301 2281 2265 2280 2282 2272 2251 2265 2251 2249 2236 2234 2220 2218 2217 2214 2189 2188 2173 2172 2171 2152 2149 2137 2115 2102 2079 2104 2103 2100 2098
-1 -1 -1 -1 -1 -1 -1 -1 -1 -1 -1 -1 -1 -1 -1 -1 -1 -1 -1 -1 -1 -1 2214 2229 2234 2231 2245 2248 2251 2261 2266 2266 2276 2278 2278 2285 2248 2213 2246 2260 2277 2264 2276 2277 2297 2264 2280 2280 2278 2278 2280 2277 2280 2264 2267 2271 2263 2272 2283 2286 2283 2282 2269 2255 2267 2280 2287 2264 2277 2265 2255 2262 2268 2248 2237 2235 2231 2220 2206 2203 2200 2189 2187 2169 2167 2154 2152 2135 2114 2101 2082 2082 2086 2090 2084 2084
-1 -1 -1 -1 -1 -1 -1 -1 -1 -1 -1 -1 -1 -1 -1 -1 -1 -1 -1 -1 -1 -1 2200 2214 2212 2193 2196 2228 2246 2247 2247 2249 2262 2264 2264 2265 2262 2214 2244 2246 2260 2263 2264 2263 2277 2263 2250 2264 2277 2278 2264 2263 2266 2260 2253 2270 2270 2270 2270 2272 2268 2267 2264 2266 2253 2262 2270 2260 2248 2263 2262 2255 2254 2245 2220 2220 2218 2217 2213 2200 2184 2185 2173 2155 2154 2153 2148 2138 2101 2100 2084 2088 2086 2073 2080 2070
-1 -1 -1 -1 -1 -1 -1 -1 -1 -1 -1 -1 -1 -1 -1 -1 -1 -1 -1 -1 -1 -1 2182 2209 2200 2179 2192 2176 2231 2232 2233 2246 2249 2218 2218 2230 2251 2262 2243 2230 2246 2246 2261 2245 2263 2246 2247 2261 2263 2264 2264 2260 2249 2246 2250 2255 2256 2269 2256 2249 2254 2262 2233 2244 2265 2248 2270 2246 2246 2246 2248 2252 2242 2231 2217 2219 2215 2202 2199 2186 2186 2180 2171 2139 2151 2136 2134 2121 2114 2087 2084 2087 2083 2073 2066 2064
-1 -1 -1 -1 -1 -1 -1 -1 -1 -1 -1 -1 -1 -1 -1 -1 -1 -1 2161 2128 2150 2166 2180 2196 2195 2183 2178 2183 2211 2217 2227 2232 2246 2242 2244 2244 2251 2234 2248 2229 2229 2247 2243 2245 2246 2227 2241 2243 2260 2246 2261 2260 2246 2246 2244 2243 2254 2261 2252 2217 2236 2237 2248 2234 2245 2243 2232 2267 2246 2230 2226 2238 2245 2234 2216 2214 2201 2201 2197 2181 2179 2166 2154 2146 2150 2137 2136 2121 2115 2100 2087 2081 2070 2069 2050 2050
-1 -1 -1 -1 -1 -1 -1 -1 -1 -1 -1 -1 -1 -1 -1 -1 -1 -1 2160 2163 2179 2167 2166 2178 2182 2180 2183 2197 2200 2212 2213 2215 2228 2232 2230 2231 2231 2250 2231 2226 2229 2230 2230 2243 2215 2227 2213 2243 2246 2244 2247 2247 2246 2232 2236 2236 2237 2251 2247 2238 2222 2237 2231 2231 2231 2228 2229 2238 2253 2243 2229 2228 2231 2220 2211 2217 2200 2198 2183 2181 2169 2166 2149 2154 2136 2134 2133 2118 2099 2101 2086 2081 2067 2064 2052 2046
-1 -1 -1 -1 -1 -1 -1 -1 -1 -1 -1 -1 -1 -1 -1 -1 -1 -1 2131 2165 2149 2146 2149 2149 2166 2175 2176 2179 2192 2200 2198 2211 2215 2215 2215 2217 2217 2230 2216 2231 2213 2226 2230 2229 2215 2242 2243 2228 2229 2229 2230 2246 2246 2235 2222 2244 2237 2236 2252 2230 2217 2206 2202 2210 2215 2214 2226 2212 2237 2236 2229 2230 2231 2208 2203 2210 2203 2184 2183 2169 2183 2154 2152 2151 2137 2120 2119 2116 2104 2087 2084 2068 2067 2050 2049 2036
-1 -1 -1 -1 -1 -1 -1 -1 -1 -1 -1 -1 -1 -1 -1 -1 -1 2109 2132 2148 2146 2115 2115 2140 2161 2162 2165 2177 2178 2197 2193 2197 2212 2208 2210 2212 2211 2208 2210 2228 2212 2212 2227 2213 2212 2228 2229 2212 2229 2227 2226 2226 2245 2226 2230 2219 2233 2227 2238 2212 2218 2203 2206 2228 2209 2212 2214 2217 2202 2233 2217 2216 2211 2210 2195 2196 2180 2176 2164 2163 2150 2150 2155 2150 2149 2120 2117 2103 2102 2087 2082 2080 2047 2035 2016 2015
-1 -1 -1 -1 -1 -1 -1 -1 -1 -1 -1 -1 -1 -1 -1 -1 -1 2110 2132 2148 2132 2127 2126 2132 2146 2148 2159 2163 2163 2178 2183 2179 2194 2198 2196 2197 2198 2197 2196 2208 2214 2210 2209 2209 2209 2212 2208 2209 2213 2226 2225 2212 2226 2229 2213 2217 2219 2219 2221 2196 2211 2204 2215 2214 2211 2197 2192 2203 2198 2209 2219 2197 2210 2211 2196 2194 2174 2166 2162 2150 2149 2129 2130 2132 2134 2129 2115 2103 2094 2084 2070 2067 2066 2047 2030 2015
-1 -1 -1 -1 -1 -1 -1 -1 -1 -1 -1 -1 -1 -1 -1 -1 -1 -1 2128 2129 2145 2112 2110 2127 2141 2145 2145 2149 2158 2158 2164 2177 2177 2181 2177 2183 2183 2187 2194 2196 2194 2208 2196 2208 2195 2195 2178 2194 2195 2211 2212 2208 2212 2226 2215 2203 2210 2218 2202 2221 2200 2187 2194 2201 2197 2178 2178 2184 2195 2185 2199 2196 2182 2218 2204 2177 2160 2146 2142 2098 2098 2099 2115 2116 2118 2115 2117 2114 2098 2083 2080 2053 2049 2034 2033 1999
-1 -1 -1 -1 -1 -1 -1 -1 -1 -1 -1 -1 -1 -1 -1 -1 -1 -1 2114 2115 2131 2110 2098 2081 2128 2131 2143 2144 2144 2145 2159 2163 2163 2177 2181 2178 2166 2178 2186 2182 2194 2195 2194 2194 2160 2181 2178 2193 2193 2207 2208 2194 2194 2183 2212 2212 2196 2198 2199 2218 2190 2193 2194 2194 2209 2178 2177 2169 2183 2161 2175 2165 2162 2184 2190 2176 2163 2132 2130 2128 2085 2069 2078 2087 2067 2096 2098 2095 2084 2069 2066 2050 2049 2033 2011 2014
-1 -1 -1 -1 -1 -1 -1 -1 -1 -1 -1 -1 -1 -1 -1 -1 -1 2081 2097 2112 2114 2093 2079 2081 2114 2125 2129 2129 2144 2144 2145 2162 2149 2163 2164 2166 2177 2166 2176 2163 2174 2176 2177 2177 2143 2143 2174 2175 2179 2179 2193 2192 2195 2210 2178 2195 2198 2184 2185 2192 2204 2184 2199 2181 2195 2179 2164 2163 2149 2135 2141 2148 2151 2170 2176 2162 2140 2126 2116 2111 2095 2073 2069 2064 2053 2082 2084 2081 2053 2052 2049 2049 2046 2019 2019 2000
-1 -1 -1 -1 -1 -1 -1 -1 -1 -1 -1 -1 -1 -1 -1 -1 2058 2078 2097 2098 2111 2079 2072 2078 2111 2111 2115 2124 2124 2124 2130 2128 2148 2160 2143 2163 2163 2180 2162 2162 2162 2162 2174 2160 2174 2140 2140 2160 2161 2174 2162 2178 2191 2195 2196 2195 2181 2181 2178 2183 2187 2177 2185 2175 2178 2176 2158 2150 2143 2128 2127 2108 2128 2142 2156 2143 2129 2112 2098 2082 2081 2065 2059 2042 2047 2062 2064 2064 2032 2032 2046 2035 2032 2018 1998 1995
-1 -1 -1 -1 -1 -1 -1 -1 -1 -1 -1 -1 -1 -1 -1 -1 -1 2077 2094 2097 2078 2058 2043 2064 2094 2097 2109 2110 2110 2110 2114 2125 2129 2143 2146 2146 2149 2179 2145 2143 2148 2174 2142 2143 2160 2126 2126 2126 2144 2160 2173 2161 2177 2192 2179 2168 2194 2183 2169 2170 2184 2165 2163 2165 2161 2162 2144 2129 2115 2114 2094 2090 2090 2131 2150 2142 2116 2106 2096 2064 2051 2047 2013 2044 2048 2050 2061 2050 2018 2015 2012 2012 2011 1999 1984 1966
-1 -1 -1 -1 -1 -1 -1 -1 -1 -1 -1 -1 -1 -1 -1 -1 -1 2059 2080 2064 2059 2042 2041 2047 2080 2091 2095 2095 2090 2110 2111 2115 2128 2129 2129 2146 2161 2147 2159 2145 2147 2160 2128 2142 2143 2126 2106 2112 2141 2143 2175 2159 2161 2178 2179 2161 2174 2183 2169 2163 2161 2164 2143 2144 2151 2142 2130 2109 2101 2107 2070 2062 2073 2117 2136 2122 2109 2102 2092 2078 2034 2013 2030 2039 2049 2047 2030 2030 2016 2001 1998 1998 1978 1997 1985 1930
-1 -1 -1 -1 -1 -1 -1 -1 -1 -1 -1 -1 -1 -1 -1 -1 -1 2046 2077 2063 2045 2044 2045 2059 2059 2077 2077 2081 2090 2093 2096 2094 2098 2114 2129 2129 2143 2130 2142 2145 2146 2140 2114 2128 2140 2106 2106 2106 2127 2139 2159 2161 2158 2160 2161 2176 2169 2160 2176 2168 2162 2147 2130 2129 2141 2128 2124 2116 2094 2093 2074 2056 2048 2081 2108 2097 2095 2075 2064 2034 2031 2027 2025 2026 2028 2035 2027 2016 1998 1984 1978 1977 1964 1964 1965 1949
-1 -1 -1 -1 -1 -1 -1 -1 -1 -1 -1 -1 -1 -1 -1 -1 -1 2043 2063 2044 -1 -1 2030 2045 2060 2063 2064 2075 2076 2090 2091 2094 2098 2109 2125 2126 2128 2129 2127 2128 2129 2126 2126 2108 2106 2105 2092 2105 2125 2140 2144 2145 2157 2161 2144 2162 2164 2165 2162 2153 2143 2137 2131 2127 2127 2131 2093 2110 2081 2080 2060 2050 2039 2067 2083 2088 2082 2075 2047 2026 2026 2017 2013 2025 2014 2015 2013 1996 1996 1981 1964 1964 1963 1930 1950 1951
-1 -1 -1 -1 -1 -1 -1 -1 -1 -1 -1 -1 -1 -1 -1 -1 2025 2029 2060 -1 -1 -1 2010 2028 2046 2026 2061 2064 2076 2076 2077 2080 2095 2095 2109 2111 2112 2114 2112 2113 2125 2115 2125 2106 2094 2092 2091 2107 2126 2128 2141 2126 2140 2143 2158 2149 2150 2151 2152 2149 2152 2134 2128 2113 2117 2110 2108 2096 2082 2073 2059 2050 2040 2057 2038 2075 2074 2072 2047 2012 2004 1991 2005 2005 2001 1994 1993 1982 1982 1967 1950 1946 1930 1896 1916 1946
-1 -1 -1 -1 -1 -1 -1 -1 -1 -1 -1 -1 -1 -1 -1 -1 -1 2027 2046 -1 -1 -1 -1 2038 2028 2012 2043 2061 2047 2059 2062 2060 2063 2081 2091 2095 2109 2097 2109 2095 2095 2111 2111 2092 2073 2075 2093 2106 2110 2128 2127 2108 2125 2126 2137 2144 2142 2150 2149 2151 2135 2131 2114 2108 2110 2100 2100 2094 2090 2065 2060 2047 2057 2063 2061 2037 2058 2044 2016 1995 1997 1991 1991 1981 1980 1979 1962 1962 1947 1943 1946 1912 1896 1896 1882 1911
-1 -1 -1 -1 -1 -1 -1 -1 -1 -1 -1 -1 -1 -1 -1 -1 -1 2012 2028 -1 -1 -1 -1 2024 2025 2008 2029 2041 2043 2057 2059 2060 2063 2075 2077 2092 2095 2108 2094 2080 2093 2081 2091 2072 2058 2075 2076 2092 2108 2125 2111 2106 2123 2123 2136 2141 2130 2131 2136 2135 2116 2115 2117 2111 2107 2110 2096 2077 2076 2056 2046 2039 2049 2054 2044 2023 2030 2009 1996 2010 1995 1990 1974 1967 1946 1948 1948 1933 1929 1930 1915 1892 1882 1879 1877 1897
-1 -1 -1 -1 -1 -1 -1 -1 -1 -1 -1 -1 -1 -1 -1 -1 -1 2007 2026 -1 -1 -1 -1 -1 1994 2011 2025 2027 2027 2057 2056 2046 2061 2063 2062 2075 2078 2075 2094 2077 2079 2091 2059 2077 2094 2072 2057 2088 2093 2107 2096 2109 2109 2116 2122 2124 2127 2117 2140 2126 2102 2115 2101 2112 2097 2093 2097 2075 2074 2062 2042 2036 2040 2044 2028 2014 2006 2013 1996 1996 1992 1974 1970 1960 1959 1933 1931 1928 1913 1916 1912 1908 1879 1877 1863 1864
-1 -1 -1 -1 -1 -1 -1 -1 -1 -1 -1 -1 -1 -1 -1 -1 -1 -1 -1 -1 -1 -1 -1 -1 2004 2009 2011 2013 2023 2042 2043 2044 2042 2047 2043 2057 2061 2058 2061 2063 2077 2077 2061 2072 2080 2073 2058 2074 2075 2095 2072 2077 2106 2092 2102 2108 2110 2117 2118 2116 2101 2089 2082 2083 2091 2083 2078 2077 2061 2060 2048 2026 2029 2041 2017 2015 2006 2013 1992 1982 1978 1974 1971 1957 1947 1945 1931 1914 1914 1899 1912 1894 1876 1863 1860 1846
-1 -1 -1 -1 -1 -1 -1 -1 -1 -1 -1 -1 -1 -1 -1 -1 -1 -1 -1 -1 -1 -1 -1 1990 1991 1991 1995 2009 2007 2022 2030 2026 2023 2028 2025 2043 2044 2044 2063 2074 2074 2060 2075 2058 2071 2063 2059 2053 2057 2060 2076 2076 2092 2092 2098 2091 2097 2107 2097 2106 2072 2082 2081 2068 2073 2077 2057 2063 2057 2043 2041 2022 2020 2027 2014 2005 2010 2003 1978 1976 1962 1960 1965 1966 1934 1937 1928 1880 1882 1882 1909 1881 1875 1862 1845 1848
-1 -1 -1 -1 -1 -1 -1 -1 -1 -1 -1 -1 -1 -1 -1 -1 -1 -1 -1 -1 -1 -1 -1 1977 1978 1992 1993 1993 1975 1973 2008 2012 1979 2011 2027 2011 2027 2041 2032 2039 2060 2060 2057 2061 2063 2057 2042 2041 2040 2057 2059 2076 2077 2084 2089 2088 2093 2090 2083 2092 2066 2067 2063 2063 2049 2059 2049 2043 2029 2040 2028 2027 2016 2019 2005 1996 1994 1989 1975 1962 1958 1944 1942 1945 1940 1925 1923 1893 1894 1910 1895 1874 1862 1861 1845 1842
-1 -1 -1 -1 -1 -1 -1 -1 -1 -1 -1 -1 -1 -1 -1 1942 -1 -1 -1 -1 -1 -1 -1 -1 1970 1979 1989 1975 1959 1961 1960 1978 1989 1992 2011 2013 2024 2027 2027 2056 2042 2043 2043 2044 2060 2046 2042 2038 2054 2073 2041 2075 2089 2072 2075 2073 2074 2076 2045 2056 2066 2057 2049 2048 2004 2029 2039 2025 2023 2026 2014 2015 2007 2008 1995 1993 1985 1980 1969 1961 1948 1940 1928 1931 1939 1926 1911 1897 1891 1896 1879 1874 1860 1848 1862 1843
-1 -1 -1 -1 -1 -1 -1 -1 -1 -1 -1 -1 -1 -1 -1 1976 1941 -1 -1 -1 -1 -1 -1 1974 1959 -1 -1 -1 -1 -1 1959 1988 1978 1980 2008 1996 2007 2010 2025 2028 2042 2040 2043 2040 2044 2041 2039 2038 2026 2040 2042 2056 2064 2058 2059 2024 2040 2054 2042 2031 2048 2047 2034 2028 2014 2000 2015 2006 2023 2009 1980 2006 2007 2007 1994 1981 1979 1971 1955 1931 1924 1926 1898 1911 1919 1912 1913 1903 1897 1879 1878 1865 1860 1857 1848 1840
-1 -1 -1 -1 -1 -1 -1 -1 -1 -1 -1 -1 -1 -1 -1 1955 1975 -1 -1 -1 -1 -1 1935 1960 -1 -1 -1 -1 -1 -1 1942 1962 1974 1975 1994 1979 1993 1993 2011 2023 2011 2025 2026 2026 2022 2027 2026 2025 2024 2040 2041 2057 2055 2055 2038 2021 2007 2004 2014 2013 2028 2029 2033 2014 1980 1973 2005 1995 1992 2009 1994 1992 1998 1993 1987 1980 1960 1951 1928 1941 1909 1893 1911 1905 1911 1908 1899 1894 1889 1879 1875 1861 1848 1843 1843 1828
-1 -1 -1 -1 -1 -1 -1 -1 -1 -1 -1 -1 -1 -1 -1 1940 -1 -1 -1 -1 -1 1921 1926 1940 -1 -1 -1 -1 -1 -1 1930 1958 1962 1959 1961 1973 1974 1990 1994 2006 2009 2022 2010 2023 2024 2038 2024 2022 2020 2020 2022 2043 2041 2041 2039 2020 1987 1990 2014 1995 1995 2015 2016 1966 1972 1994 1991 1972 1981 1989 1989 1991 1997 1973 1985 1963 1959 1946 1937 1935 1927 1890 1880 1888 1894 1897 1892 1882 1880 1876 1862 1861 1845 1842 1829 1823
-1 -1 -1 -1 -1 -1 -1 -1 -1 -1 -1 -1 -1 -1 -1 -1 -1 -1 -1 -1 1907 1927 1906 -1 -1 -1 -1 -1 -1 -1 -1 1944 1954 1958 1959 1960 1976 1976 1992 1994 2008 2008 2009 2023 2025 2037 2021 2006 2006 2006 2008 2021 2023 2025 2006 1973 1970 1970 2011 1993 1979 2013 1944 1943 1957 1971 1980 1936 1958 1975 1975 1977 1990 1973 1971 1963 1945 1929 1910 1910 1921 1906 1892 1880 1888 1885 1878 1882 1869 1863 1862 1841 1841 1831 1828 1806
-1 -1 -1 -1 -1 -1 -1 -1 -1 -1 -1 -1 -1 -1 -1 -1 -1 -1 -1 -1 1926 1895 -1 -1 -1 -1 -1 -1 -1 -1 -1 -1 1940 1944 1958 1957 1956 1962 1988 1991 2005 2005 1994 2009 2023 2011 2001 2004 2004 2007 2007 1988 1991 2009 1986 1956 1956 1976 1997 1961 1999 1978 1943 1945 1946 1979 1937 1922 1947 1961 1963 1970 1976 1959 1960 1928 1929 1920 1917 1868 1871 1907 1901 1878 1874 1877 1879 1861 1861 1860 1846 1841 1840 1828 1811 1809
-1 -1 -1 -1 -1 -1 -1 -1 -1 -1 -1 -1 -1 -1 -1 -1 -1 -1 -1 -1 1906 -1 -1 -1 -1 -1 -1 -1 -1 -1 1863 1895 1924 1927 1939 1940 1942 1972 1977 1991 1991 1991 2005 2003 1989 1987 1990 1991 2008 1990 1990 1974 1970 2005 1986 1972 1953 1962 1994 1993 1979 1944 1964 1959 1965 1960 1923 1910 1938 1955 1955 1956 1975 1951 1946 1925 1928 1926 1903 1860 1859 1864 1893 1887 1870 1867 1865 1857 1844 1838 1859 1842 1840 1840 1814 1808
-1 -1 -1 -1 -1 -1 -1 -1 -1 -1 -1 -1 -1 -1 -1 -1 -1 -1 -1 -1 1892 -1 -1 -1 -1 -1 -1 -1 -1 1874 1894 1910 1920 1925 1927 1937 1942 1958 1961 1974 1974 1974 1989 1987 1973 1969 1970 1977 1987 2004 1987 1956 1956 1971 1972 1955 1939 1977 1980 1981 1965 1964 1963 1952 1946 1915 1914 1907 1930 1972 1943 1955 1940 1939 1937 1911 1925 1912 1886 1872 1859 1855 1876 1875 1877 1855 1853 1843 1843 1837 1841 1845 1826 1826 1806 1794
-1 -1 -1 -1 -1 -1 -1 -1 -1 -1 -1 -1 -1 -1 -1 -1 -1 -1 -1 -1 -1 -1 -1 -1 -1 -1 -1 -1 -1 1860 1893 1898 1906 1907 1924 1928 1941 1957 1959 1971 1971 1975 1989 1975 1955 1956 1967 1957 1952 1973 1956 1973 1940 1939 1957 1955 1945 1963 1963 1959 1962 1958 1961 1945 1938 1918 1925 1921 1930 1940 1958 1953 1936 1926 1925 1894 1911 1895 1907 1883 1858 1846 1872 1876 1873 1863 1845 1841 1833 1826 1828 1827 1811 1808 1794 1807
-1 -1 -1 -1 -1 -1 -1 -1 -1 -1 -1 -1 -1 -1 -1 -1 -1 -1 -1 -1 -1 -1 -1 -1 -1 -1 -1 -1 -1 1855 1860 1890 1896 1893 1910 1927 1938 1943 1956 1957 1957 1971 1958 1956 1953 1941 1936 1953 1943 1938 1935 1922 1953 1940 1940 1952 1942 1946 1960 1945 1962 1945 1944 1947 1931 1926 1925 1911 1927 1926 1941 1939 1913 1912 1908 1917 1895 1894 1893 1856 1856 1858 1859 1873 1855 1859 1850 1836 1832 1823 1828 1825 1810 1807 1806 1793
-1 -1 -1 -1 -1 -1 -1 -1 -1 -1 -1 -1 -1 -1 -1 -1 -1 -1 -1 -1 -1 -1 -1 -1 -1 -1 -1 -1 -1 1841 1860 1876 1886 1890 1907 1910 1924 1942 1937 1929 1925 1937 1957 1956 1939 1922 1919 1921 1933 1921 1923 1921 1936 1939 1937 1938 1928 1920 1943 1946 1929 1925 1931 1930 1927 1927 1913 1911 1913 1921 1941 1922 1906 1908 1895 1891 1903 1894 1892 1876 1862 1861 1841 1847 1838 1841 1843 1839 1825 1818 1826 1825 1811 1809 1793 1792
-1 -1 -1 -1 -1 -1 -1 -1 -1 -1 -1 -1 -1 -1 -1 -1 -1 -1 -1 -1 -1 -1 -1 -1 -1 -1 -1 -1 -1 -1 1843 1872 1876 1875 1889 1909 1922 1923 1923 1904 1906 1906 1923 1937 1923 1918 1905 1902 1907 1919 1918 1909 1904 1922 1919 1923 1936 1918 1908 1909 1911 1913 1926 1930 1924 1911 1895 1903 1906 1907 1922 1938 1902 1905 1891 1895 1886 1891 1878 1876 1844 1848 1846 1842 1838 1824 1824 1829 1816 1808 1817 1812 1811 1794 1791 1790
-1 -1 -1 -1 -1 -1 -1 -1 -1 -1 -1 -1 -1 -1 -1 -1 -1 -1 -1 -1 -1 -1 -1 -1 -1 -1 -1 -1 -1 -1 1840 1855 1859 1856 1874 1904 1909 1908 1889 1884 1869 1889 1903 1903 1904 1889 1903 1885 1888 1884 1887 1899 1890 1901 1905 1905 1922 1908 1904 1894 1895 1911 1912 1912 1899 1910 1897 1894 1902 1905 1919 1924 1907 1904 1892 1886 1877 1883 1873 1858 1838 1835 1834 1842 1826 1824 1821 1807 1812 1812 1803 1791 1788 1778 1773 1777
-1 -1 -1 -1 -1 -1 -1 -1 -1 -1 -1 -1 -1 -1 -1 -1 -1 -1 -1 -1 -1 -1 -1 -1 -1 -1 -1 -1 -1 1840 1841 1852 1876 1859 1870 1873 1890 1892 1870 1854 1851 1868 1871 1869 1889 1872 1884 1870 1871 1873 1885 1887 1889 1887 1902 1888 1903 1894 1902 1888 1891 1892 1897 1895 1890 1893 1893 1892 1889 1888 1893 1891 1893 1890 1887 1884 1872 1869 1859 1859 1839 1835 1838 1826 1839 1824 1817 1809 1804 1802 1811 1792 1783 1774 1775 1757
-1 -1 -1 -1 -1 -1 -1 -1 -1 -1 -1 -1 -1 -1 -1 -1 -1 -1 -1 -1 -1 -1 -1 -1 -1 -1 -1 -1 -1 1826 1838 1844 1856 1875 1873 1874 1888 1892 1871 1853 1842 1851 1854 1837 1855 1855 1872 1869 1855 1871 1868 1856 1868 1875 1870 1885 1889 1868 1877 1884 1875 1877 1878 1880 1892 1891 1877 1878 1863 1875 1885 1879 1877 1879 1886 1873 1870 1857 1857 1858 1849 1852 1849 1835 1825 1825 1815 1816 1806 1804 1804 1805 1791 1769 1755 1754
-1 -1 -1 -1 -1 -1 -1 -1 -1 -1 -1 -1 -1 -1 -1 -1 -1 -1 -1 -1 -1 -1 -1 -1 -1 -1 -1 -1 -1 -1 1821 1842 1855 1859 1854 1875 1889 1857 1850 1837 1823 1835 1834 1831 1838 1838 1834 1850 1836 1822 1835 1834 1856 1865 1868 1870 1871 1854 1870 1877 1874 1863 1877 1878 1879 1877 1855 1863 1858 1862 1868 1871 1859 1870 1872 1872 1857 1856 1857 1856 1857 1843 1838 1823 1818 1815 1805 1807 1795 1794 1798 1791 1777 1752 1757 1749
-1 -1 -1 -1 -1 -1 -1 -1 -1 -1 -1 -1 -1 -1 -1 -1 -1 -1 -1 -1 -1 -1 -1 -1 -1 -1 -1 -1 -1 -1 1818 1839 1841 1840 1840 1855 1854 1840 -1 -1 1819 1818 1817 1820 1834 1820 1820 1835 1821 1833 1821 1821 1851 1854 1855 1867 1869 1837 1839 1853 1857 1860 1874 1865 1858 1844 1841 1857 1844 1854 1855 1845 1856 1857 1859 1871 1871 1852 1848 1843 1842 1823 1809 1792 1809 1804 1801 1791 1786 1786 1787 1784 1760 1760 1760 1756
-1 -1 -1 -1 -1 -1 -1 -1 -1 -1 -1 -1 -1 -1 -1 -1 -1 -1 -1 -1 -1 -1 -1 -1 -1 -1 -1 -1 -1 1804 1825 1825 1822 1820 1821 1847 1841 -1 -1 -1 -1 1803 1810 1801 1800 1801 1800 1803 1801 1816 1819 1803 1816 1818 1837 1841 1853 1855 1837 1843 1853 1850 1845 1860 1840 1824 1824 1843 1843 1841 1831 1836 1851 1843 1845 1851 1837 1836 1838 1834 1822 1808 1788 1789 1775 1755 1789 1784 1781 1774 1773 1774 1771 1764 1759 1752
-1 -1 -1 -1 -1 -1 -1 -1 -1 -1 -1 -1 -1 -1 -1 -1 -1 -1 -1 -1 -1 -1 -1 -1 -1 -1 -1 -1 1790 1805 1824 1821 -1 -1 -1 1820 1820 -1 -1 -1 -1 -1 1789 1797 1800 1798 1786 1787 1801 1802 1782 1801 1802 1804 1831 1837 1834 1836 1838 1832 1826 1840 1836 1831 1826 1810 1821 1829 1834 1828 1825 1837 1826 1811 1817 1837 1810 1823 1822 1818 1814 1800 1780 1774 1749 1749 1770 1775 1771 1767 1773 -1 1760 1773 1772 1753
