R/encontro/arrival.asc
NCOLS 638
NROWS 825
XLLCORNER -2985163.8955
YLLCORNER -3022031.214
CELLSIZE 10000
NODATA_value -1
[rows 276 to 321 of 825, columns 192 to 287 of 638]
3393 3393 3407 3427 3428 3422 3421 3464 3464 3481 3510 3524 3498 3515 3529 -1 3544 3558 3578 3579 3561 -1 3616 3617 3631 3640 3665 3679 3654 3671 3674 3688 3702 3701 3722 3725 3773 3768 3782 3817 3820 3804 3816 3851 3860 3872 3826 3894 3908 3931 3923 3910 3926 3940 3978 3978 4012 4025 4028 4007 4011 4010 4025 -1 -1 -1 -1 -1 -1 -1 -1 -1 4091 -1 -1 4148 4130 4147 4159 -1 4163 -1 -1 4181 4194 4178 4175 4162 4174 4160 -1 -1 -1 -1 -1 -1
3395 3397 3408 3411 3414 3449 3476 3490 3493 3493 3495 3491 3495 3509 3529 3534 3549 3563 -1 -1 3583 3586 3631 3645 3648 3648 3649 3646 3648 3682 3670 3687 3687 3703 3714 3734 3751 3786 3803 3791 3790 3802 3837 3854 3871 3845 3846 3893 3877 3928 3928 3922 3957 3971 3991 3991 3994 3995 4011 4046 4027 4024 4023 4045 -1 4002 -1 -1 -1 -1 -1 -1 4112 -1 4161 4164 4164 4146 4182 4163 4180 -1 4194 -1 -1 4195 4194 4194 4195 -1 -1 -1 -1 -1 -1 -1
3388 3395 3411 3422 3429 3449 3466 3461 3461 3460 3477 3477 3479 -1 -1 3530 -1 -1 -1 3584 3581 3585 3599 3619 3620 3636 3632 3644 3682 3666 3686 3713 3717 3705 3718 3755 3783 3774 3787 3807 3820 3823 3841 3837 3825 3836 3855 3893 3890 3924 3944 3957 3961 3979 3963 3978 3990 3991 3992 4024 4059 4045 4058 4058 -1 -1 -1 -1 -1 -1 4114 4127 4125 4148 4161 4159 4182 4160 4215 4216 -1 4193 4215 4215 4209 4229 4195 -1 4161 -1 -1 -1 -1 -1 -1 -1
3383 3412 3395 3414 3446 3456 3450 3480 3457 3475 3500 3511 3512 -1 3533 3534 -1 -1 -1 -1 -1 3597 3611 3610 3615 3617 3631 3645 3651 3651 3699 3704 3735 3739 3755 3769 3782 3756 3770 3805 3808 3820 3823 3823 3811 3842 3892 3892 3911 3889 3945 3961 3978 3990 3992 3991 4012 4025 4011 4024 4059 4115 4128 4131 4131 4127 4080 4073 4061 4096 4092 4095 4112 4125 4126 4146 4197 4228 4285 4250 4216 4228 4215 4228 4228 4249 4230 -1 4162 -1 -1 -1 -1 -1 -1 -1
3376 3381 3426 3432 3442 3448 3446 3459 3483 3483 3509 3514 3500 3534 3543 -1 -1 -1 3563 3577 3586 3611 3598 3612 3618 3632 3652 3653 3670 3683 3715 3722 3736 3749 3752 3752 3740 3768 3791 3789 3789 3808 3825 3841 3854 3876 3908 3890 3905 3923 3956 3958 3977 3991 3993 4013 4026 4012 4023 4059 4046 4080 4093 4103 4149 4092 4108 4093 4111 4111 -1 -1 4113 4146 4159 4197 4267 4267 4232 4298 4301 4301 4215 4214 4193 4249 4262 -1 -1 -1 -1 -1 4128 -1 -1 -1
3427 3430 3447 3461 3464 3464 3481 3495 3498 3498 3515 3529 3529 3543 3548 -1 -1 3582 3577 3563 3597 3600 -1 3616 3634 3650 3654 3668 3688 3702 3701 3683 3700 3714 3738 3751 3773 3786 3771 3754 3775 3822 3803 3839 3856 3894 3889 3858 3910 3943 3939 3928 3959 3974 3988 3994 4025 4025 4063 4046 4044 4094 4093 4079 4103 4162 4165 4165 4183 4196 4142 4126 4182 4195 4251 4264 4232 4250 4194 4232 4266 4228 4227 4227 4214 4262 4300 4261 -1 -1 -1 -1 -1 -1 -1 -1
3380 3397 3431 3445 3431 3444 3447 3447 3448 3468 3469 3480 3500 3501 -1 -1 3568 3563 -1 3569 3582 -1 3602 3620 3647 3636 3650 3667 3681 3673 3670 3683 3707 3720 3752 3752 3748 3757 3741 3764 3809 3821 3790 3843 3855 3877 3857 3887 3905 3925 3928 3920 3954 3973 4029 4029 4012 4060 4047 4063 4081 4080 4092 4074 4077 4057 4076 4078 4114 4128 4161 4217 4230 4160 4194 4166 4181 4194 4263 4250 4197 4319 4332 4335 4353 4366 4318 4331 4369 4352 4400 -1 -1 -1 -1 -1
3348 3383 3378 3396 3409 3417 3417 -1 3434 3449 -1 -1 -1 -1 -1 3532 3549 3563 3569 3566 3583 3617 3618 3633 3631 3624 3650 3652 3651 3651 3704 3718 3721 3739 3738 3734 3736 3741 3761 3792 3808 3795 3796 3842 3853 3874 3874 3871 3891 3902 3925 3923 3957 3956 3991 3991 4008 4022 4024 4039 4043 4045 4056 4043 4092 4080 4093 4113 4126 4127 4161 4148 4160 4163 4181 4229 4229 4194 4194 4232 4263 4262 4249 4228 4297 4296 4297 4387 4400 4400 4365 4249 -1 -1 -1 -1
3379 3384 -1 -1 -1 -1 -1 3428 3478 3448 -1 3471 3498 3532 3546 3549 3567 3580 3566 3583 3597 3597 3601 3617 3635 3648 3627 3639 3670 3684 3718 3721 3717 3720 3714 3722 3747 3770 3787 3790 3806 3806 3826 3840 3827 3860 3871 3868 3922 3888 3939 3940 3957 3971 3978 3991 4028 4028 4025 4045 4062 4080 4093 4079 4062 4095 4127 4130 4130 4125 4126 4147 4146 4159 4198 4216 4216 4201 4193 4181 4194 4215 4263 4228 4284 4283 4214 4284 4331 4295 4330 4317 4247 -1 4197 4159
3395 3396 -1 3392 3400 3414 3427 3465 3436 3447 3499 3512 3512 3533 3533 3529 -1 -1 -1 -1 -1 3589 3613 3614 3605 3618 3627 3669 3682 3705 3692 3704 3688 3702 3726 3746 3756 3774 3772 3772 3784 3819 3840 3840 3855 3875 3888 3889 3909 3923 3940 3944 3959 3973 3990 3991 4005 4025 4046 4059 4058 4061 4061 4062 4096 4114 4099 4091 4112 4113 4112 4128 4160 4148 4160 4180 4194 4198 4201 4229 -1 4196 4215 4250 4265 4227 4262 4230 4318 4299 -1 -1 4228 4215 -1 4160
3363 3409 3397 3412 3429 3443 3415 -1 -1 -1 -1 3478 3478 -1 -1 -1 -1 -1 -1 -1 3584 3599 3584 -1 -1 3636 3671 3684 3687 3683 3678 3668 3695 3712 3720 3753 3751 3758 3772 3770 3806 3819 3839 3854 3868 3869 3888 3903 3890 3923 3937 3976 3959 3958 3977 3994 4012 4024 4024 4026 4040 4045 4058 4057 4092 4099 4078 4094 4113 4126 4128 4147 4161 4161 4161 4181 4195 4198 4198 4216 4196 4196 4201 4249 4262 4265 4228 -1 4268 4245 4299 -1 -1 4226 4213 -1
-1 -1 -1 -1 -1 -1 -1 3463 3477 3497 3498 -1 -1 -1 -1 3529 3549 3550 3550 3579 3586 3571 -1 3602 3637 3650 3649 3658 3670 3661 3654 3669 3704 3720 3740 3738 3738 3750 3753 3785 3805 3804 3841 3816 3821 3854 3889 3892 3910 3924 3938 3958 3989 3991 3972 3994 4011 4011 4024 4022 4025 4040 4056 4061 4079 4068 4064 4077 4090 4092 4129 4148 4148 4164 4164 4182 4195 4195 4182 4196 4197 4180 4214 4198 4214 4227 4261 4248 4226 4265 4231 -1 -1 -1 -1 4195
-1 -1 -1 -1 -1 -1 -1 -1 -1 -1 -1 -1 -1 -1 -1 -1 -1 -1 3564 3565 3551 -1 3615 3619 3618 -1 -1 -1 3644 3661 3638 3682 3690 3717 3724 3710 3736 3716 3750 3788 3788 3785 3819 3837 3837 3853 3870 3904 3908 3921 3955 3956 3978 3992 4006 3993 3993 4023 4023 4028 4026 4043 4060 4061 4068 4079 4079 4091 4110 4114 4127 4130 4126 4127 4164 4162 4160 4182 4176 4180 4193 -1 -1 -1 -1 -1 -1 -1 4227 -1 -1 4211 -1 -1 -1 -1
-1 -1 -1 -1 -1 -1 -1 -1 -1 -1 -1 -1 -1 -1 -1 -1 -1 -1 -1 -1 -1 -1 3616 3618 -1 -1 -1 -1 3649 3657 3670 3683 3704 3719 3716 3716 3736 3737 3768 3788 3799 3806 3837 3820 3840 3856 3876 3889 3909 3922 3943 3942 3959 3959 3977 3990 3992 4010 4024 4027 4041 4058 4061 4057 4060 4060 4080 4096 4096 4114 4127 4126 4127 4141 4130 4161 4160 4147 4161 -1 4193 4196 4197 4195 -1 -1 -1 -1 4214 -1 -1 -1 -1 -1 -1 -1
-1 -1 -1 -1 -1 -1 -1 -1 -1 -1 -1 -1 -1 -1 -1 -1 3440 -1 -1 -1 -1 3603 3584 -1 -1 3620 3634 3636 -1 3652 3643 3670 3706 3716 3703 3733 3747 3750 3767 3785 3803 3820 3834 3836 3853 3858 3887 3891 3922 3924 3938 3957 3958 3972 3977 3990 3992 4011 4010 4023 4027 4045 4057 4057 4062 4076 4093 4093 4096 4095 4094 4110 4113 4126 4143 4147 4142 4146 4159 4176 4180 4176 -1 -1 -1 -1 -1 -1 -1 -1 -1 -1 -1 -1 -1 -1
-1 -1 -1 -1 -1 -1 -1 -1 -1 -1 -1 -1 -1 -1 -1 -1 -1 -1 -1 -1 3581 3584 -1 -1 3600 3623 3614 -1 3652 3648 3656 3672 3702 3713 3686 3699 3768 3754 3771 3800 3786 3804 3822 3840 3855 3874 3891 3909 3907 3925 3938 3944 3956 3991 3992 4007 4006 3994 4011 4024 4026 4044 4044 4058 4062 4080 4072 4079 4095 4092 4093 4107 4113 4129 4129 4128 4126 4130 4162 4162 4162 -1 -1 -1 -1 -1 -1 -1 -1 -1 -1 -1 -1 -1 -1 -1
-1 -1 -1 -1 -1 -1 -1 -1 -1 -1 -1 -1 -1 -1 -1 -1 -1 -1 -1 -1 3582 -1 -1 -1 3609 3601 -1 3615 3649 3634 3639 3668 3685 3699 3687 3717 3750 3754 3770 3784 3785 3783 3818 3835 3855 3886 3904 3907 3924 3904 3926 3943 3956 3960 3973 3992 3993 4010 4023 4026 4026 4027 4045 4059 4056 4059 4058 4061 4092 4090 4095 4109 4091 4108 4111 4126 4127 4145 4145 4145 4159 4159 4136 -1 4112 -1 -1 4162 -1 -1 -1 -1 -1 -1 -1 -1
-1 -1 -1 -1 -1 -1 -1 -1 -1 -1 -1 -1 -1 -1 -1 -1 -1 -1 -1 3569 3580 -1 -1 3589 3598 -1 -1 3636 3636 3617 3639 3666 3682 3700 3703 3734 3751 3753 3767 3772 3787 3806 3819 3842 3872 3890 3888 3889 3923 3904 3956 3929 3958 3972 3971 3989 3992 3993 4010 4023 4024 4025 4046 4043 4046 4041 4060 4059 4060 4076 4073 4092 4107 4095 4113 4107 4107 4124 4142 4124 4142 4146 4146 4135 4125 4141 4161 4158 -1 -1 -1 -1 -1 -1 -1 -1
-1 -1 -1 -1 -1 -1 -1 -1 -1 -1 -1 -1 -1 -1 -1 -1 -1 -1 -1 -1 -1 -1 -1 -1 -1 -1 -1 3622 3614 3618 3652 3665 3679 3686 3682 3720 3737 3733 3767 3787 3787 3801 3852 3870 3870 3875 3870 3877 3910 3898 3938 3943 3958 3958 3976 3960 3989 3971 3993 4011 4012 4028 4025 4039 4042 4059 4073 4061 4074 4075 4079 4093 4095 4091 4093 4093 4111 4128 4107 4094 4108 4128 4125 4115 4127 4127 4145 4091 -1 -1 -1 -1 -1 -1 -1 -1
-1 -1 -1 -1 -1 -1 -1 -1 -1 -1 -1 -1 -1 -1 -1 -1 -1 -1 3538 -1 -1 -1 -1 -1 -1 -1 3583 3615 3600 3632 3635 3649 3682 3683 3668 3733 3733 3735 3753 3753 3788 3822 3856 3856 3839 3856 3863 3892 3897 3903 3924 3941 3942 3955 3959 3976 3972 3990 4008 4005 4006 4012 4026 4040 4056 4058 4043 4061 4061 4074 4076 4079 4092 4077 4108 4111 4090 4093 4090 4090 4073 4094 4112 4124 4111 4106 4107 4080 -1 -1 -1 -1 -1 -1 -1 -1
-1 -1 -1 -1 -1 -1 -1 -1 -1 -1 -1 -1 -1 -1 -1 -1 -1 3537 3506 -1 -1 -1 -1 -1 -1 -1 3602 -1 3602 3614 3645 3669 3669 3699 3664 3719 3719 3736 3749 3770 3767 3802 3839 3839 3843 3854 3870 3892 3890 3904 3922 3924 3955 3960 3958 3958 3991 4007 3991 4022 4024 4038 4027 4042 4045 4058 4057 4057 4060 4060 4074 4077 4077 4073 4094 4077 4091 4077 4090 4077 4039 -1 4091 4094 4092 4055 4089 4093 -1 -1 -1 -1 -1 -1 -1 -1
-1 -1 -1 -1 -1 -1 -1 -1 -1 -1 -1 -1 -1 -1 3451 3486 3503 3517 -1 -1 -1 -1 -1 -1 -1 3552 3588 3568 3601 3631 3615 3635 3685 3665 3681 3702 3701 3715 3753 3768 3787 3836 3839 3836 3841 3856 3889 3854 3873 3908 3909 3924 3938 3942 3960 3955 3978 3972 3987 3991 4009 4022 4025 4041 4045 4044 4044 4043 4057 4056 4058 4059 4073 4060 4060 4078 4059 4076 4056 4059 4078 4091 4078 4090 4056 4043 4049 4076 4073 4055 4042 4008 -1 -1 -1 -1
-1 -1 -1 -1 -1 -1 -1 -1 -1 -1 -1 -1 -1 3469 3483 3465 -1 -1 -1 -1 -1 -1 -1 -1 -1 3567 3580 3581 3611 3617 3631 3648 3651 3664 3685 3699 3719 3720 3754 3767 3801 3822 3820 3822 3842 3876 3857 3852 3888 3886 3921 3937 3924 3930 3957 3974 3975 3973 3988 4004 4008 4007 3987 3992 4024 4023 4022 4043 4042 4045 4039 4039 4044 4057 4056 4059 4059 4059 4059 4044 4057 4023 4077 4072 4043 4022 4023 4048 4025 4059 4042 4008 -1 -1 -1 -1
-1 -1 -1 -1 -1 -1 -1 -1 -1 -1 -1 -1 -1 -1 -1 -1 -1 -1 -1 -1 -1 -1 -1 -1 3521 3546 3568 3583 3597 3597 3605 3605 3650 3651 3699 3685 3686 3733 3734 3754 3802 3786 3807 3822 3836 3855 3839 3875 3903 3887 3923 3938 3924 3944 3939 3956 3970 3975 3990 3991 3993 3993 3993 4011 4023 4024 4025 4026 4041 4042 4025 4007 4024 4043 4038 4056 4042 4043 4056 4060 4060 4022 4022 -1 4024 4028 4013 4021 4004 -1 -1 -1 3970 -1 -1 -1
-1 -1 -1 -1 -1 -1 -1 -1 -1 -1 -1 -1 -1 -1 -1 -1 -1 -1 -1 -1 -1 -1 -1 3537 3547 3520 3533 3577 3581 3595 3630 3633 3648 3631 3666 3652 3685 3699 3734 3768 3788 3773 3802 3808 3821 3854 3841 3872 3889 3889 3924 3920 3922 3936 3922 3954 3939 3953 3978 3988 3973 3990 3989 4010 4012 4023 4026 4021 4006 4008 4004 4022 4038 4026 4039 4024 4039 4023 4057 4044 4038 4041 4041 4009 4014 4005 3993 -1 -1 -1 -1 -1 -1 -1 -1 -1
-1 -1 -1 -1 -1 -1 -1 -1 -1 -1 -1 -1 -1 -1 -1 -1 -1 -1 -1 -1 -1 -1 3504 3536 -1 3534 3563 3563 3582 3596 3616 3634 3617 3630 3665 3668 3686 3720 3754 3733 3733 3788 3802 3788 3812 3820 3851 3871 3888 3889 3921 3910 3923 3919 3940 3922 3925 3954 3974 3959 3977 3992 3992 4011 4009 3995 4040 3989 3988 4005 4009 3990 4026 4039 4025 4009 4022 4010 4022 4024 4010 4012 4012 4021 3994 3991 3979 -1 -1 -1 -1 -1 -1 -1 -1 -1
-1 -1 -1 -1 -1 -1 -1 -1 -1 -1 -1 -1 -1 -1 -1 -1 -1 -1 -1 -1 -1 -1 3516 3513 3528 3543 3562 3585 3564 3583 3597 3614 3616 3651 3665 3637 3669 3703 3734 3720 3752 3788 3787 3789 3811 3816 3836 3837 3869 3876 3908 3904 3920 3923 3924 3926 3941 3957 3956 3958 3972 3973 4006 4009 4009 4026 3990 4005 3991 4004 3991 3993 4025 4025 4023 4021 4004 4004 4009 3989 4003 3992 3988 4008 3988 3980 -1 -1 -1 -1 -1 -1 -1 -1 -1 -1
-1 -1 -1 -1 -1 -1 -1 -1 -1 -1 -1 -1 -1 -1 -1 -1 -1 -1 -1 -1 3478 3502 3512 3514 3529 3532 3571 3564 3549 3568 3600 3599 3596 3634 3651 3636 3665 3669 3703 3739 3753 3774 3777 3791 3805 3817 3820 3855 3858 3887 3890 3890 3904 3906 3939 3923 3944 3954 3943 3958 3972 3959 3975 3989 3992 3987 3991 3974 3990 3988 3992 4007 4008 4022 4010 4008 3990 3989 3991 3992 3978 3987 3975 3975 3971 -1 -1 -1 -1 -1 -1 -1 -1 -1 -1 -1
-1 -1 -1 -1 -1 -1 -1 -1 -1 -1 -1 -1 -1 -1 -1 -1 -1 -1 -1 -1 -1 3499 3509 3515 3529 3532 3554 3561 3563 3600 3600 3596 3596 3634 3634 3651 3630 3686 3700 3718 3740 3768 3771 3784 3803 3818 3835 3858 3855 3874 3890 3898 3902 3925 3904 3923 3940 3938 3939 3958 3960 3958 3971 3970 3987 3974 3973 3973 3975 3975 4005 4008 4008 4005 3990 3973 3976 3988 3969 3958 3953 3974 3962 -1 -1 -1 -1 -1 -1 -1 -1 -1 -1 -1 -1 -1
-1 -1 -1 -1 -1 -1 -1 -1 -1 -1 -1 -1 -1 -1 -1 -1 -1 -1 -1 -1 3482 3495 3498 3527 3551 3554 3547 3562 3569 3580 3582 3582 3631 3631 3613 3617 3616 3666 3665 3705 3719 3754 3757 3783 3787 3801 3821 3842 3853 3870 3871 3888 3902 3905 3923 3923 3924 3937 3957 3959 3941 3955 3957 3971 3973 3971 3957 3971 3973 3991 3988 3991 3991 3989 3987 3970 3988 3975 3944 -1 -1 3961 3954 3959 -1 -1 -1 -1 -1 -1 -1 -1 -1 -1 -1 -1
-1 -1 -1 -1 -1 -1 -1 -1 -1 -1 -1 -1 -1 -1 -1 -1 -1 -1 -1 3475 3482 3497 3513 3537 3529 3530 3548 3561 3566 3597 3562 3617 3617 3631 3630 3601 3634 3652 3666 3684 3706 3743 3750 3753 3769 3808 3821 3840 3856 3868 3870 3891 3905 3920 3920 3910 3918 3923 3939 3941 3954 3953 3957 3956 3957 3956 3970 3956 3974 3987 3987 3974 3976 3974 3975 3988 3975 3955 3935 3940 3953 3941 3945 3941 -1 -1 -1 -1 -1 -1 -1 -1 -1 -1 -1 -1
-1 -1 -1 -1 -1 -1 -1 -1 -1 -1 -1 -1 -1 -1 -1 -1 -1 -1 3461 3481 3482 3494 3520 3527 3530 3531 3563 3566 3583 3562 3597 3600 3617 3616 3616 3632 3633 3652 3671 3685 3723 3734 3737 3749 3767 3787 3806 3822 3836 3854 3856 3885 3903 3907 3903 3906 3924 3938 3924 3938 3941 3954 3956 3953 3954 3944 3954 3953 3956 3973 3957 3971 3956 3970 3954 3957 3954 3942 3940 3941 3954 3940 -1 -1 -1 -1 -1 -1 -1 -1 -1 -1 -1 -1 -1 -1
-1 -1 -1 -1 -1 -1 -1 -1 -1 -1 -1 -1 -1 -1 -1 -1 -1 -1 3460 3479 3480 3494 3513 3517 3530 3549 3534 3548 3566 3562 3583 3600 3602 3599 3618 3632 3651 3654 3672 3709 3720 3716 3733 3735 3753 3774 3788 3819 3834 3839 3852 3871 3886 3889 3889 3920 3923 3918 3937 3937 3940 3937 3939 3941 3943 3940 3953 3940 3953 3940 3940 3952 3956 3954 3957 3941 3924 3939 3923 3922 -1 -1 -1 -1 -1 -1 -1 -1 -1 -1 -1 -1 -1 -1 -1 -1
-1 -1 -1 -1 -1 -1 -1 -1 -1 -1 -1 -1 -1 -1 -1 -1 -1 3446 3458 3478 3493 3496 3510 3514 3528 3532 3535 3566 3563 3564 3579 3597 3585 3596 3601 3618 3638 3637 3650 3675 3669 3703 3719 3719 3740 3768 3785 3802 3820 3836 3851 3855 3873 3876 3891 3903 3907 3923 3923 3920 3923 3936 3923 3937 3936 3939 3923 3937 3940 3923 3939 3918 3941 3919 3935 3924 3923 3924 3922 3922 3920 3909 -1 -1 -1 -1 -1 -1 -1 -1 -1 -1 -1 -1 -1 -1
-1 -1 -1 -1 -1 -1 -1 -1 -1 -1 -1 -1 -1 -1 -1 -1 -1 -1 3459 3480 3492 3494 3514 3528 3532 3546 3549 3563 3549 3565 3583 3585 3578 3601 3617 3597 3603 3616 3640 3668 3689 3702 3706 3715 3738 3754 3772 3800 3818 3822 3837 3842 3869 3870 3889 3890 3903 3906 3920 3923 3922 3919 3923 3922 3920 3919 3923 3922 3936 3923 3921 3936 3936 3923 3921 3920 3910 3908 3921 3919 3907 3908 3873 3888 3911 3925 -1 -1 -1 -1 -1 -1 -1 -1 -1 -1
-1 -1 -1 -1 -1 -1 -1 -1 -1 -1 -1 -1 -1 -1 -1 -1 -1 -1 3459 3486 3494 3497 3514 3528 3532 3529 3532 3548 3562 3566 3566 3582 3582 3604 3598 3598 3616 3613 3633 3648 3664 3682 3699 3701 3717 3751 3766 3786 3805 3808 3821 3835 3855 3856 3872 3889 3886 3906 3907 3920 3905 3905 3902 3902 3906 3906 3905 3889 3920 3921 3922 3922 3923 3919 3919 3904 3907 3905 3902 3906 3901 3873 3878 3920 3853 3839 -1 -1 -1 -1 -1 -1 -1 -1 -1 -1
-1 -1 -1 -1 -1 -1 -1 -1 -1 -1 -1 -1 -1 -1 -1 -1 3462 3465 -1 3485 3497 3500 3514 3515 3515 3529 3533 3547 3548 3565 3568 3569 3582 3596 3586 3603 3599 3620 3634 3658 3650 3669 3685 3685 3704 3734 3752 3771 3784 3802 3817 3821 3836 3852 3869 3886 3886 3873 3888 3902 3885 3888 3888 3888 3902 3905 3903 3906 3902 3885 3905 3918 3920 3906 3906 3903 3890 3885 3888 3888 3887 3886 3907 3891 3857 3825 -1 3804 -1 -1 -1 -1 -1 -1 -1 -1
-1 -1 -1 -1 -1 -1 -1 -1 -1 -1 -1 -1 -1 -1 -1 -1 -1 3463 3476 3480 -1 3496 3516 3517 3528 3527 3546 3547 3549 3563 3565 3565 3583 3586 3585 3585 3606 3627 3658 3617 3633 3665 3672 3681 3683 3720 3740 3753 3774 3787 3788 3803 3818 3822 3838 3855 3868 3873 3854 3871 3868 3868 3872 3885 3888 3889 3889 3888 3903 3884 3883 3902 3907 3887 3872 3889 3876 3871 3871 3870 3888 3889 3889 3877 3854 3824 -1 -1 -1 -1 -1 -1 3684 3647 -1 -1
-1 -1 -1 -1 -1 -1 -1 -1 -1 -1 -1 -1 -1 3416 -1 -1 -1 3464 3466 3477 3482 3494 3497 3514 3530 3529 3545 3536 3549 3562 3552 3570 3576 3582 3586 3589 3627 3614 3618 3633 3635 3648 3651 3667 3670 3700 3732 3750 3754 3783 3787 3801 3804 3805 3821 3835 3854 3852 3852 3851 3868 3854 3850 3850 3872 3886 3886 3889 3886 3887 3888 3889 3884 3885 3885 3885 3859 3884 3885 3868 3867 3886 3860 3840 3819 3794 -1 -1 -1 -1 -1 3663 3698 3650 3667 3629
-1 -1 -1 -1 -1 -1 -1 -1 -1 -1 -1 -1 3433 3434 -1 -1 -1 3465 -1 3468 3480 3498 3496 3511 3531 3531 3535 3548 3548 3552 3550 3564 3579 3583 3585 3596 3620 3604 3614 3602 3630 3647 3649 3651 3663 3686 3718 3719 3737 3768 3769 3787 3801 3802 3818 3834 3839 3839 3851 3854 3838 3854 3837 3868 3872 3872 3869 3868 3872 3886 3889 3870 3868 3872 3901 3872 3871 3872 3854 3853 3873 3860 3851 3840 3823 3819 -1 -1 -1 3774 3767 3681 -1 -1 3629 3667
-1 -1 -1 -1 -1 -1 -1 -1 -1 -1 -1 -1 -1 3446 3447 -1 -1 -1 -1 3478 3481 3497 3512 3513 3516 3530 3528 3535 3535 3544 3551 3565 3569 3579 3589 3606 3596 3601 3616 3616 3633 3636 3638 3649 3652 3666 3685 3706 3720 3734 3767 3771 3784 3784 3788 3818 3820 3834 3837 3820 3816 3804 3819 3854 3855 3869 3855 3852 3866 3872 3886 3885 3854 3854 3887 3855 3856 3854 3851 3851 3855 3852 3857 3838 3823 3805 3805 3771 3771 3753 3760 3720 3692 -1 -1 3631
-1 -1 -1 -1 -1 -1 -1 -1 -1 -1 -1 -1 3432 -1 -1 -1 -1 -1 3477 3480 3494 3498 3499 3510 3497 3515 3521 3538 3532 3545 3555 3552 3586 3589 3582 3584 3583 3613 3595 3615 3599 3620 3620 3629 3632 3632 3672 3698 3700 3716 3749 3753 3767 3768 3770 3784 3805 3800 3820 3819 3817 3803 3816 3817 3867 3840 3855 3869 3852 3851 3867 3873 3872 3870 3854 3851 3850 3854 3837 3855 3834 3822 3839 3843 3809 3820 3791 3785 3773 3740 3743 3699 3703 3703 3661 3661
-1 -1 -1 -1 -1 -1 -1 -1 -1 -1 -1 -1 3412 -1 -1 3452 3460 3463 3466 3480 3479 3484 3496 3504 3518 3502 3529 3537 3552 3555 3549 3572 3562 3579 3570 3582 3599 3584 3596 3602 3617 3599 3615 3632 3618 3629 3631 3684 3686 3703 3719 3735 3750 3753 3754 3771 3786 3788 3817 3820 3834 3834 3803 3834 3852 3853 3839 3852 3855 3853 3855 3854 3870 3851 3850 3838 3837 3833 3851 3850 3852 3832 3826 3816 3820 3817 3806 3785 3772 3751 3743 3700 3740 3726 3700 3665
-1 -1 -1 -1 -1 -1 -1 -1 -1 -1 -1 -1 -1 -1 -1 -1 3453 3476 3462 -1 -1 -1 3480 3501 3514 3515 3502 3519 3551 3550 3554 3548 3565 3553 3561 3581 3584 3582 3586 3604 3599 3595 3594 3595 3597 3638 3651 3669 3682 3699 3715 3733 3734 3737 3750 3752 3766 3785 3783 3800 3786 3787 3820 3834 3820 3838 3836 3838 3838 3836 3852 3851 3867 3850 3838 3837 3820 3820 3838 3819 3837 3839 3826 3803 3804 3806 3789 3771 3771 3752 3737 3712 3686 3672 3686 3652
-1 -1 -1 -1 -1 -1 -1 -1 -1 -1 -1 -1 -1 -1 -1 -1 -1 3462 3460 -1 -1 -1 3480 3501 3514 3517 3516 3514 3536 3520 3534 3545 3545 3550 3568 3563 3565 3586 3568 3586 3581 3580 3581 3583 3598 3650 3664 3666 3666 3685 3701 3720 3733 3736 3750 3737 3765 3769 3750 3786 3766 3803 3820 3817 3833 3821 3818 3821 3835 3836 3839 3853 3838 3836 3820 3819 3820 3833 3834 3821 3819 3823 3801 3795 3800 3792 3789 3757 3757 3754 3738 3705 3684 3709 3678 3669
-1 -1 -1 -1 -1 -1 -1 -1 -1 -1 -1 -1 -1 -1 -1 -1 3448 3460 -1 -1 -1 -1 3480 3494 3503 3504 3520 3520 3520 3511 3531 3532 3536 3544 3550 3549 3578 3583 3568 3565 3564 3566 3566 3584 3633 3617 3635 3648 3652 3681 3668 3700 3716 3719 3732 3749 3751 3730 3766 3783 3785 3803 3803 3800 3803 3819 3821 3821 3833 3834 3836 3821 3816 3834 3835 3820 3825 3819 3820 3821 3819 3802 3809 3801 3786 3786 3775 3758 3754 3751 3721 3691 3717 3709 3683 3682
